-240,-0.23545838585430445,-0.523398033449985,-0.8690454210834571,0.2872864087368101,-0.45550982785093924,-0.03620343558852832,-1.0966097663216632
-232,-0.6402833532933818,-0.715902242060967,-0.7586386272774386,-0.4105413528378569,-0.47532639525000325,-0.1253781485396149,-0.9069365242575084
-224,-0.41097685068354517,-0.32664741675721803,-0.5477332593507631,-0.46149833588107997,-0.33519468268195357,0.1605472253515636,-0.7399108389471446
-216,-0.35011146868486975,0.005988533767978135,-0.18961878963037018,-0.5365183672383783,0.052644700022469855,0.10109738402618317,-0.5544839806363476
-208,-0.705395078143248,-0.1270658409682048,-0.21792826442460222,-0.8535841464341339,0.18569904526043535,-0.47924621504390813,-0.5615612763496263
-200,-0.8313721182406696,-0.4696101124458356,-0.5052690950560046,-0.9427588431155851,0.01725790229753192,-1.0411886429381987,-0.8234236765845885
-192,-0.6063120713051013,-0.6819308685369829,-0.8718763601087512,-0.586059921823173,-0.2927305182351421,-0.9973090159731622,-0.9862029197533709
-184,-0.3232175973616831,-0.34929494203610734,-0.7699623547927176,-0.13593973307117363,-0.39464451290748914,-0.1777506464071793,-0.6917847500736807
-176,0.15521193237820266,0.22114031449007077,-0.34532073875845337,0.24199122270010717,-0.4498479300335026,0.5115842605345946,-0.06473062181000257
-168,0.43122906408022665,0.6939079512782053,-0.002776511984305598,0.34956720246812056,-0.4272003799700288,0.4549654119090998,0.3372634180077297
-160,0.6463807838292009,1.2006469766435384,0.41195682491200697,0.6722948227656697,-0.20355575282588645,0.5441401604405096,0.7067016471744613
-152,1.631549341367263,1.7682512962731596,1.0305181570830673,1.6121683057216318,0.26638097337080135,1.4075780815534074,1.407360336674579
-144,2.149612104891562,1.574331581504837,1.1635724793610802,1.848552086862796,0.3527247717770714,2.028970396084771,1.5531539540544874
-136,1.3201454613574173,0.8595181602335515,0.7106214318675939,1.108260176654794,-0.16675353819852323,1.4047472334556053,1.020936499813241
-128,0.5628679028567473,0.4745097459005875,0.4388507870106347,0.5236702097968742,-0.5276988748712478,0.6941802195058423,0.7902145196319655
-120,0.3208221837562427,0.11639533852178773,0.42752699852223686,0.2533150983146819,-0.24601995756665435,0.24689096597782115,0.8369250658554501
-112,-0.4973206618622392,-0.6253120151978555,0.23219186381043586,-0.3510914894648399,-0.18798560871387388,-0.6151314795403222,0.3103694448092577
-104,-1.5490164511677702,-1.2636899159844017,-0.4090170188802564,-1.2145294966395466,-0.5545928448766142,-1.690890305603927,-0.42001412984925324
-96,-1.7669991064448272,-1.4165609155955556,-0.936988109287044,-1.2300996527637194,-0.8192861220993842,-2.0504201831035855,-0.9267531194822102
-88,-1.2560137377721454,-1.4307155815279187,-1.0898590613057137,-0.6186157650134442,-0.6154581082742104,-1.6625808222947454,-1.2197558343983617
-80,-0.6289596174152061,-1.318893359871684,-0.9369880768998263,0.06222631831418015,-0.16109160951439577,-1.0638361297477636,-1.4179219283584616
-72,0.09151571581441353,-0.9905037783507373,-0.5703808273564516,0.506684623693746,0.18852997713925543,-0.19756723174845792,-1.1744607476520483
-64,0.6789366204812071,-0.5333063395012587,-0.40052414341614767,0.6369079479500299,0.22674776543534164,0.6163292105018718,-0.5898707847474977
-56,0.7822661197903672,0.0711003074267501,-0.17829504052361267,0.3835385241421463,0.18994544817242942,0.8994236401979644,-0.018020069352358538
-48,0.5968392593508334,0.672675918015758,0.40771036589257975,-0.01987109922773234,0.5197504570874354,0.7168277127016187,0.49013441032035554
-40,-0.0019054298509888557,0.7533577942761649,0.898879198793152,-0.5280255746429718,0.9627932269634968,0.36862157746634827,0.7732288272440248
-32,-0.5043979904188934,0.5820856770117483,0.9484207725365833,-0.5577504500699944,1.1652057359998043,-0.09848421943641555,0.7095326275580812
-24,-0.4916587882211762,0.30889953253571434,0.601630084614271,-0.4841458713474978,1.0038419127745002,-0.1791661134869841,0.23818041740374254
-16,-0.18733221973808606,0.052699137619422805,0.22936090957987457,-0.3850628426137675,0.37395682343789155,0.07703434316268905,-0.06897704722579094
-8,-0.017475622011643738,-0.14263606171476081,-0.2660542711896274,-0.29164165315719787,-0.40596828162904064,0.28227779183250196,-0.21052426291012682
0,-0.1264669767155471,-0.2119941383869251,-0.32833507100304404,-0.3525069992714437,-0.4824037802181962,0.2369827233325089,-0.2685586362433865
8,-0.35718893636971316,-0.10158736997370267,0.18972767929267306,-0.2930571784731728,0.2593036382758823,-0.03903435439081895,-0.13408875200470544
16,0.1467191399348493,-0.09309460915730389,0.46999114426657035,0.19669617548748744,0.8608792958491636,0.4125011981972253,0.3754811968765509
24,1.3272229114041512,0.04279087581547489,0.1684956364509077,1.0332402014049287,0.7731199561613882,1.5179849436310706,0.38114307872845765
32,2.2755891690133034,0.22397122249662194,-0.4670513379307145,1.7395607543585814,0.33007722809980955,2.2681851522877117,-0.36339524640369847
40,2.3095605407126563,0.20698561297738416,-1.2597157496555447,1.9094174097129835,-0.40879922080638814,2.330465869688584,-0.9805410918801599
48,2.262849982172905,1.309638388671298,-1.3120881532504567,2.0127468145974396,-0.6381056992398513,2.5484486172616085,-0.8276700723501071
56,2.397319728651871,3.0096202963199956,-0.3056874604226093,2.2335604928328623,0.39235791676272747,2.5824199424328453,0.02444411592566806
64,0.4949252804919633,2.12778118472061,0.7035440586074553,0.7006042187966212,1.5261511357743842,0.28369323868930224,0.9614866524057541
72,-3.3565742619499415,-1.1178962833992265,0.5605813877034228,-2.5889528527200873,1.23173287683978,-3.0214340389769085,1.0733089187654727
80,-4.953226776726347,-2.5645087416951946,0.019871066817121922,-4.194098252996073,0.5381515584710628,-4.084453546218401,0.7293492335785219
88,-4.2992786929023055,-2.4314544074050213,0.024117464559325365,-3.8812788995202108,0.637234613966062,-3.8126829415033443,0.44767026959376016
96,-4.735244061084382,-3.1972248384807984,0.29305719183041523,-4.18560540520555,1.1057558742993665,-4.442568034945376,0.43493101341734686
104,-5.498183539146019,-3.842680040606571,0.2364383057999651,-4.838138034570158,1.1652057440585952,-5.1644587733693665,0.22261019027097442
112,-4.2228432035883605,-2.772583143227094,0.24634659390902441,-4.1813589784212875,0.8778648950288207,-4.058975063972001,-0.009527199666251283
120,-2.3246951499775492,-1.23538047889923,0.6200312294849606,-2.9881160122048525,0.7646271395416611,-2.2967123201692976,0.11644981138911147
128,-1.1710853795323584,-0.2983379792158888,0.9484207539861572,-2.161480264056889,0.7165011038866301,-1.1997214365148194,0.4335155248981161
136,0.20333805820046427,0.6089796044423684,1.1833891372314795,-0.9328504776117194,0.6839452023081352,0.06712601247888282,0.8808047027039105
144,1.9726781152025028,1.397397586950093,1.4962084136166425,0.5123464508066933,0.6712059897708366,1.3084950464334633,1.0506613442215191
152,2.892734964616492,1.7640048749627928,1.3305981567647063,1.3403976319746658,0.3428164622285868,1.5109075755407229,0.8114465991184237
160,2.8573481881789267,2.0555921393728798,0.775733147898406,1.5555493646481162,-0.3309482382595819,1.4005007064686354,0.5453378368736339
168,3.037113121302807,3.02802145457132,0.6271085737030397,1.8301509477701063,-0.6692460855378463,1.8039103310549365,0.6146959956542383
176,3.648597077172676,4.034422115164003,1.009286035325969,2.770024436808177,-0.49089661401987444,2.7565229746982385,1.0166900611688705
184,4.596963358958201,4.5510694062866515,1.1649879552599391,4.0736742076263734,-0.4300312580222051,3.843605545763178,1.302615399327673
192,5.8567335107180964,5.093195196533547,1.1692343484405625,5.499054571230612,-0.34227203054929617,5.185473113392409,1.2771369283331715
200,7.239649798218127,6.006174676488711,1.7821338043856647,6.840922154977425,0.5084266906466738,6.530171557401237,1.6621453487482418
208,8.335225215401012,7.273022237545229,2.9640529757274936,7.957729633400447,1.8517097074134945,7.346898958595764,2.668546014966874
216,9.035883883005546,8.47900451969478,4.252132555753507,8.52108745189205,2.967101708569182,7.726245463707339,3.6551300371518973
224,8.936800757414268,8.98149701792109,4.903249741150313,8.436159193398813,3.58283201626135,7.535156733123954,4.11232755780571
232,7.920491838514848,8.350196474277102,4.620155328940277,7.6392483976165195,3.5134738872830686,6.55989646247853,3.9070840061962424
240,6.264389516016702,6.787515304286724,3.9888547758690223,6.0496732793643115,2.8411246754661836,5.015616472178901,3.34797257799626
248,4.524774289434098,4.800192471886027,3.2046832292687193,4.223714305008976,2.208408678275075,3.4458579125067033,2.858219197882541
256,2.976247823541308,2.9742335212509055,2.244993158842743,2.6001677943782493,1.684683994733651,1.962443148047666,2.1150964117511006
264,1.3866727134999441,1.5615922962863646,1.319274432746638,1.023331891856444,0.988271728672637,0.4040083537518603,1.2403346145674705
272,-0.17034656779615437,0.24520334851119532,0.5846444282628116,-0.6157847709450843,0.40368177169814035,-0.6420255079339116,0.5736472569289066
280,-1.5759103659780183,-1.1051570767919818,-0.3382433861774777,-2.23225390770746,-0.26866753652013464,-1.1968904915594696,-0.07039253832991661
288,-3.097542861105182,-2.9112993738141784,-1.8032570475803067,-3.7567173579774975,-1.3656583751670237,-1.978231109930218,-1.0852859963836905
296,-4.279462117444449,-4.4669032581267505,-3.102660352384652,-4.573444746703702,-2.318271044963384,-3.097869555052121,-2.05346892189872
304,-4.160562433881372,-4.532014897827123,-3.276763406241521,-4.213914809447347,-2.2276808304165376,-3.3271760216254758,-2.114334193203055
312,-3.345250518773237,-3.682731676098176,-2.93280370220004,-3.213176087726322,-1.7733142899942926,-2.766649085747626,-1.7618816839457967
320,-2.6714857611132654,-3.0910643469279093,-2.8337206477694097,-2.464391347365907,-1.800208315042724,-2.3589930635711753,-1.6882770932111397
328,-2.484643482706938,-2.7711676946977146,-2.5477953319623476,-2.2322539102923544,-1.805870147629567,-2.421273839816428,-1.5523917925261914
336,-2.5525860507889204,-2.265844156331086,-1.7721165884490848,-2.215268276748795,-1.3345179619557075,-2.6067007083147544,-1.0230052136001724
344,-2.582310967118109,-1.804400262111444,-1.1337386938966987,-2.311520290887055,-0.8631657758256893,-2.7411706234201265,-0.6295039834077448
352,-2.888052998727635,-1.7987384150795978,-1.0247473432982177,-2.5280875528298505,-0.9580024028638471,-3.0483279978824296,-0.7965297000409575
360,-2.8767291780040716,-1.6430364350848239,-0.8563061960778395,-2.3016120474814796,-0.8631657337071013,-2.908196241827318,-0.8630569030704733
368,-2.0911422655910394,-1.1915008537588256,-0.3481516862986974,-1.6830507546920603,-0.5899796768134016,-2.163657983902439,-0.4200141424696244
376,-1.5221224322014453,-1.0740166816749321,-0.3396588362273837,-1.4141110482521857,-0.7386042088901793,-1.6187012059733952,-0.39453560426784484
384,-1.4187929441441829,-1.0159822855337732,-0.41609433375217075,-1.3121970151105142,-0.7357732674320417,-1.571990602730161,-0.7823749773929501
392,-1.2843231258963586,-0.5375527136752998,0.10479938552321598,-1.2244377952402392,-0.21346406541542526,-1.506878935204149,-0.3534869131349976
400,-1.4810737615957088,0.09657873843139994,0.7290225898148124,-1.3291827564594136,0.1531431973565319,-1.5521740403488349,0.6939624169990533
408,-2.0897267361696414,0.33720904990469214,1.2017902518436896,-1.783549242750909,0.5155040046062722,-1.8395148326629651,1.387543767146778
416,-2.5936348263109963,0.434876612470934,1.755239839245985,-2.3667237195690722,1.0434751293769624,-2.1466722793502857,1.6748845454720631
424,-3.0126144852272856,0.1730142494888752,1.4042027417213616,-2.939989957847343,0.6075097566333066,-2.2372625325185087,1.4625637642922265
432,-3.7925396543083894,-0.9395468191797823,0.1458480321046322,-3.6576342678144913,-0.407383741106212,-2.889795186211542,0.5920484182212842
440,-5.031077717458669,-2.7655058098047545,-0.710512533082131,-4.709330071412971,-0.9523405242050467,-4.228831768743519,-0.26006576138748877
448,-6.419655845908442,-4.431516456600497,-1.1068447328624393,-5.749702011409042,-0.9155382694357797,-5.417828292514271,-0.6563979471789518
456,-7.37226854353044,-5.668639038834179,-1.770701157253709,-6.5296271255991325,-1.0797329594613623,-6.102916730097033,-1.2395724536473847
464,-7.72047466720971,-6.019676127539749,-2.4642824523583697,-6.7886585784459035,-1.55108516839928,-6.322314967709815,-1.9147526161976194
472,-7.379345942487478,-5.583710704770765,-2.618568918137012,-6.424882255003347,-1.927600760334515,-6.235971110763269,-1.9260764049901231
480,-6.8060797946805405,-5.210026109032627,-2.9313882223478114,-6.001656025765082,-2.3621507208893777,-5.761787974812219,-2.1822768809504836
488,-6.163455413435142,-4.9722268185410154,-3.4352962837512115,-5.584091793178482,-2.8759670396872,-5.23240135984972,-2.5913482905311436
496,-5.417501601456335,-4.430100952875997,-3.408402342939957,-5.039135098726349,-2.793869690568987,-4.807759861960377,-2.428568984260505
504,-4.729582189572055,-3.914869070596982,-2.8691074476230845,-4.059628370429971,-2.2206034933449343,-4.5657141127534455,-2.0619617354773934
512,-4.312017924750291,-3.814370621007457,-2.734637621164416,-3.332075718527124,-1.9530792634121286,-4.479370285305117,-2.2403112713136424
520,-4.115267311554736,-3.746427956219979,-2.939881090665445,-3.184866644102886,-2.237589143310181,-4.356224205520364,-2.526236551996537
528,-3.721766057794145,-3.2170414261028664,-2.685096108089998,-3.09993831156,-2.2361737008629086,-4.046235869072813,-2.3139157807001234
536,-3.43725620739431,-2.7357809024466726,-2.127400094663704,-2.9569756154152245,-1.8808901694075466,-3.750402131806507,-1.8255778871289514
544,-3.7189350889665276,-2.8801590690164116,-2.0707812168440975,-3.400018345301435,-1.7605750698543612,-3.893364844220917,-1.6911080617346517
552,-3.946826173153412,-3.0754942019035805,-1.8811079560774642,-3.845892132509914,-1.6657384478339412,-3.9188433719310622,-1.3117615488683876
560,-3.728843413568226,-2.907052959194129,-1.3361512184423778,-3.636402209007197,-1.5454232958225853,-3.538081383926202,-0.7059394766750576
568,-3.2957089568899143,-2.9268696128070544,-1.3517214148605075,-3.255640224347496,-1.786053567458079,-3.158734869539412,-0.6266730185334966
576,-2.7125344984701236,-2.527706428993861,-1.4451425678244378,-2.5535660828207876,-1.7520822365088407,-2.80628231101709,-0.5077733881888528
584,-1.9071308357386698,-1.2226411991546537,-0.7274982002293295,-1.7807183469085708,-0.9112918295749879,-2.1792281885314124,0.044260759199011804
592,-1.5107986263790438,-0.11857300716652663,0.261916777402677,-1.3843861367886818,0.0384899113836062,-1.7828959849497876,0.7491658262183278
600,-2.0713256174520094,-0.49650408655662415,0.18972770590188903,-1.7410851187501066,0.08095409346852614,-2.0490047348783107,0.6741457872583968
608,-3.040924026772637,-1.8114776447988468,-0.7600540484373386,-2.6936978294486336,-0.7640826844462605,-2.5500818295828322,-0.27422048616423345
616,-3.4471644964156845,-2.7909843191165287,-1.350305906270325,-2.9428208996095866,-1.0415152450628709,-2.8997034563783863,-0.9437387501367689
624,-2.79746284363338,-2.8490186396875132,-1.2356526952593632,-1.9831308557928262,-0.5234524730236223,-2.483554648296847,-0.8842889428711852
632,-1.6452684856810873,-2.38191289874013,-1.0657960491801732,-0.8252746976409087,-0.16816898748816628,-1.424781523136133,-0.8276700414834162
640,-0.774753204688687,-1.5736783593249757,-0.9638820665199864,-0.20812885459728855,-0.2927305031819283,-0.7977274125105638,-0.7823749766326868
648,-0.5128908594967898,-0.6097418269905697,-0.5590570575705313,-0.035441179477625734,-0.4625871688759119,-0.7283692532738018,-0.6026100506552818
656,-0.6275441205330785,0.13055003699342155,-0.17121771850522302,-0.04534958193028916,-0.3451029742882237,-0.9633376430573886,-0.4865413010997621
664,-0.698317614411774,-0.076108832076028,0.029779364201393897,-0.20246697441796124,-0.06625497532976281,-1.1883977073269605,-0.41152127704099195
672,-0.7464437896511523,-0.7895067786648754,-0.1613093642532543,-0.41195680988218586,-0.16250704147003492,-1.3228675313527862,-0.5374983002605674
680,-0.6303750174397854,-1.344371865078035,-0.7034351541960444,-0.42469607700639095,-0.757005325022915,-1.1770739161016146,-1.008850510110801
688,-0.3175557083633013,-1.3740967592075344,-1.1832801745838983,-0.20954430403898425,-1.2736526521820475,-0.8486844515091676,-1.4986038478018258
696,-0.21564173589064342,-1.222641252829245,-1.2583001942331407,-0.281733307572231,-1.3670738340359845,-0.8515153339708709,-1.7505578630701812
704,-0.4477791005871267,-1.3613574910189612,-1.150724320597888,-0.5563349641356591,-1.2807300371502408,-1.0355267340209178,-1.7052628160096133
712,-0.5157217638540774,-1.7732598829599246,-1.2101742619739222,-0.36949261563305247,-1.4902199142768957,-0.9590912263086021,-1.5778702854162758
720,0.2160772742349742,-1.4632715004404169,-1.1337386987623839,0.35806003672595677,-1.4944663188614689,-0.42545818760289367,-1.4660480000499747
728,1.1913375433598714,-0.7937531896356608,-1.0162545502466533,1.1110911187211416,-1.3090394774285183,0.40683935481464273,-1.2990222856975517
736,2.135457456293203,0.12488814449782872,-0.45997401454385056,1.793348671409361,-0.7527589399010832,1.367944882741106,-0.660644397227272
744,2.724293894486815,0.9416156233912646,0.44168169805823887,2.191096328538105,-0.0252062876941272,2.033216810400715,0.25799700745865345
752,2.340700872879902,1.1482744693487095,0.9838075190197718,1.7480536076230002,0.3668794664473888,1.7840936853487488,0.7335956568655728
760,0.993171481634936,0.2692662911486676,0.5535040153556005,0.7289137232411222,0.11917184527197282,0.6672861965861481,0.36415738329946323
768,-0.3600198930331174,-0.9749336166006152,0.23360733545182094,-0.24351563726901312,-0.003974200605036196,-0.5118020513918093,-0.04208304909068146
776,-0.903561169214348,-1.626050737983251,0.35533797750293394,-0.6766501181236999,0.5636301019946859,-0.7934809509062414,0.038598857428205985
784,-0.9587645399642984,-1.5170594215966193,0.12744692524710882,-0.829521067557474,0.6485584194843589,-0.6618420195296474,-0.18079933745777776
792,-0.9318705670699312,-1.1362974747980321,-0.662386502748943,-1.0701513203384372,-0.2969769009241317,-0.7425239529618566,-0.7243406156156932
800,-1.1555152153493937,-0.7895067415640252,-0.9808676761912775,-1.183389133909715,-0.9933891869040452,-0.8401915435057887,-0.8276701124920108
808,-1.27299938925792,-0.7300569081453835,-0.8265812633269624,-1.114030986381008,-0.7853147704709832,-0.7099680907650027,-0.6365813492173024
816,-1.4230394282522996,-1.3330480285409956,-0.9737903538687827,-1.2159449555085067,-0.5376071751445205,-0.7142146013302836,-0.871549752989734
824,-1.7500134479646308,-1.9898271134278183,-1.41117122151788,-1.347583855562251,-0.7584208453211532,-0.9902315776344836,-1.1574750759432701
832,-1.329618260235156,-1.8709274639245386,-1.67444906845759,-0.9597444403185578,-1.191555308385678,-0.6604265755618481,-1.1249192096409935
840,-0.7138878638962833,-1.320308753053893,-1.7381452932322239,-0.4006330133349968,-1.5114520215889913,-0.27258719848337337,-1.238156950531098
848,-0.7761686719205444,-1.1419593146834028,-1.8301509611741342,-0.2477620490000609,-1.5864720471682885,-0.6675039909405744,-1.5637155617039002
856,-0.8058935797347844,-1.1546985728365018,-1.7112513066531165,-0.3171201898384507,-1.2807300500747176,-0.8741629158133524,-1.4674634485793545
864,-0.2595213646803114,-0.966440779301726,-1.371537975721306,-0.12178502425995856,-1.0627473184672218,-0.21313741797905905,-1.0060195431078154
872,0.315160273774593,-0.4823493243749234,-0.9440654565461765,0.4118479297524156,-0.8886442171699211,0.7295669714629276,-0.6323349314041471
880,0.6718592589291243,-0.046383887769148695,-0.6241687739054488,0.9185869131512129,-0.5701630484412191,1.056541064920802,-0.5658077411470552
888,0.8233147987590013,0.041375335598337684,-0.5236702165105841,1.0530567945008933,-0.44560152909819334,0.8385583492788362,-0.6167647404599138
896,0.6676129124286689,-0.45970178632361,-0.8718763258969014,0.6354925486857136,-1.1604148782965154,0.45354994041976765,-0.8899508326298308
904,0.2684498166539697,-1.1476212144775235,-1.4819448598466076,0.12875351982316935,-1.7987928441616023,0.348805040325765,-1.3188388766647794
912,0.05188248157384268,-1.6104805636127573,-1.7239905827484288,0.2278365724291682,-1.7350965772683808,0.2511374374655672,-1.6543058308376535
920,-0.010398244494031069,-2.0634316898695246,-2.172695200720706,0.2773780601107903,-1.7818071303342353,-0.02204870548994049,-1.9345692503478036
928,-0.437870806852119,-2.687654884429751,-2.87335390192888,-0.26757863054002273,-2.2729759553280697,-0.28391102376851585,-2.349302551815845
936,-0.44494820018320835,-2.7187952380364226,-2.6440474237995217,-0.29447264555297836,-1.9162769859870155,0.043063011301134324,-1.9685405995433616
944,0.3915958039907028,-1.886497620961028,-1.6744490296841603,0.6085985458369716,-0.8858133336438486,0.8343118788554591,-1.086701446889755
