-240,-1.2093212670841065,-1.0364341148867817,-0.38972663476162567,-1.7175030283520722,-0.42472329262248315,-0.7791357070835296,0.1988647893589713
-232,-1.3909735800937206,-1.4245093738244017,-1.0965190480630367,-1.7059433023025694,-1.0505978699787195,-1.1028069314775448,-0.820039264380168
-224,-0.48766642230334306,-0.7540473494706026,-0.7315631695569326,-0.604470050856198,-0.598118600091,0.23976826132872184,-0.4980193627213603
-216,0.9275697788339611,0.45146296597034713,-2.3109080974200883E-08,0.8157202382282025,0.4422533392715149,1.0291298427124382,0.0452860124927736
-208,1.2033509215810794,0.8577034666574809,0.1866064243250604,1.3738880509531108,0.6734471428770941,0.4627051122568468,0.16088290347448192
-200,0.6154581156897022,0.4597199328393832,0.0710095007027135,0.8735186962253885,0.4108770666541633,0.4395857515161513,0.6414356965557997
-192,0.28683270507188513,0.028708712665207407,-0.001651382387612162,0.2592038007473552,0.15160978047839008,0.6938988220205893,0.4630862221995114
-184,-0.3175738708221867,-0.7424876943790102,-0.6258745754526541,-0.3187806664014256,-0.5006869338289066,-0.11693070618770099,-0.7126992657616897
-176,-0.6495020447005512,-1.1850586524881404,-1.1113814822033103,-0.6688740509852169,-0.9894966428669592,-0.2606011400538269,-1.213068648872576
-168,0.38921846158720635,-0.2404669179297954,-0.4524792268285496,0.054432115643779595,-0.7550001238974241,1.0803227713502157,0.028772177740985574
-160,1.2694062600560456,0.7404551977707902,0.2708269385586837,0.9940697590619221,-0.32894299060597537,1.6351878036072844,0.9106112668365787
-152,0.4453655704173633,0.4035728772276598,0.16183564204026712,0.6637928981620533,-0.3008694626227188,0.5683936997975187,0.3458379632469279
-144,-0.5157399506413893,-0.32468753026272984,0.06440396726322496,-0.03474260148875437,-0.07628124532027128,-0.44060195382043127,0.13611214655714154
-136,-0.7320712706135526,-0.5195508306784614,0.12880795302326642,-0.38153326449977176,0.15821529369487455,-0.7147317511258107,0.5126277257452954
-128,-1.1680366402908124,-0.8729470061963841,-0.16348700655876702,-0.8505263533511441,0.20115128278241057,-1.3422577070966086,-0.06040253956894307
-120,-1.6188645086800444,-1.3584539840823449,-0.47064451203978325,-1.164289302332497,0.41913398332047835,-1.946664281571523,-0.8398558432338659
-112,-1.3034501789553923,-1.2081779493667153,-0.4557819719948284,-1.0008022504084277,0.5050059442882573,-1.4925336609202209,-1.0644440837750284
-104,-0.29940864432862374,-0.5707437318200482,-0.3831210807443429,-0.28410155122806285,0.21601373483955638,-0.27381212675036537,-0.8960029332601761
-96,0.5461000276135874,0.15586525767413897,-0.4095432820897072,0.5267280277151328,-0.23481412574430546,0.456099586090544,-0.3956334924959879
-88,1.513811087788461,1.3035771601761763,0.28568945447794897,1.5439806114814,0.05913226300980136,1.2322501662313505,0.5159304916667633
-80,2.3097782666511804,2.451289163793236,1.2203728627113304,2.1599468855739956,0.6916123432936248,1.973721557579962,1.118685691607195
-72,1.6442704576139267,2.0698193974943058,1.1361522886956676,1.3920532728344093,0.544639171889195,1.4733522362024585,0.6315273821162871
-64,0.4040809317386195,0.8114647354193771,0.6258745659552106,0.08911121272287523,0.16316946395314635,0.42802607123450037,0.23354384031542474
-56,0.5444486170679654,0.6215555717343052,0.8207379045108188,-6.351505334540029E-05,0.2771149773846616,0.5832561582408764,0.8775836297962476
-48,0.8648171324842358,0.6628401426482442,0.7596366868009826,0.34507574787834194,0.18628883586971318,1.0027077444334391,0.9964832973431108
-40,-0.13427025263944847,-0.18101708433375907,-0.24770762864841417,-0.30887233741554143,-0.6212380264677626,-0.13839867908930617,-0.07196224699199419
-32,-1.159779738525659,-0.9769842530849759,-0.8289948163056001,-1.2551154108520173,-0.9300468119318447,-1.5206072178188255,-0.3989362683515629
-24,-1.5329925266022866,-1.0876269979341013,-0.5218373787667835,-1.638236529511082,-0.4428885137942031,-1.6560206833967572,-0.36921138002540593
-16,-1.3959276999718762,-0.7028544532960694,0.06935814071460289,-1.3938317349514897,0.2622524891389813,-1.0582196239122759,-0.587194094755056
-8,-1.20932122858944,-0.5955145302477665,-0.12880798575942537,-0.9760315105209859,0.26060110360602323,-1.0681279488180802,-0.963709638109465
0,-1.2109726715983054,-0.8828553930129649,-0.7150493477549634,-0.8653887757833625,-0.39169562666680363,-1.5883139471485932,-1.5449968300241248
8,-0.6412451677706652,-0.29165986519402415,-0.4045890901892723,-0.6540116443411333,-0.25958489986893907,-1.0549168572812289,-1.2791239852188054
16,1.0266528031328221,1.4621100959473807,0.7976185423509651,0.359938147249239,0.7758329678667989,0.7021558039681816,0.061799875805120245
24,2.9785887956646544,2.9136766675832404,1.2088131682380978,2.5315082702007925,1.370331240852019,2.9331757445502413,0.7884088727498884
32,4.383916662849022,4.036617838003205,1.6084481083443425,4.166378524768482,1.626295733255345,4.3731826426454505,1.1979521315531199
40,5.435848327728856,6.180114404410939,3.23175868067904,4.769133734110837,2.840063064881078,5.146030447462865,2.9021804914042186
48,7.500078506876915,8.62911702885596,4.724609885317011,6.359416647408254,3.6723606174354586,6.974112629508361,4.83264854757777
56,7.592555908684109,6.687089379678985,3.623136720616684,6.5823534827256385,1.9004254789388446,6.99062641937927,4.555215988608397
64,0.6435316702821753,-0.7144141419152744,-0.12880794353946876,0.1848914411205512,-1.541058949116385,0.22160306836277152,1.1649244382786448
72,-8.995597326752796,-7.914448916932548,-4.088827041690766,-8.735885416918297,-4.284007903775235,-9.016239665830748,-3.2756473919301676
80,-13.517086947848508,-11.530980051116467,-6.773977540835957,-12.162507443828677,-5.894107437791516,-13.010937745222353,-6.44795629653684
88,-13.480756567770635,-13.03704239234956,-7.967928280125989,-11.667092183079475,-6.6421844138467065,-12.850753464718988,-7.722824772430973
96,-12.565889660514646,-12.407864889593952,-6.536178276877537,-11.061034220942867,-5.367315895910011,-11.975519934607734,-6.715480471705344
104,-10.333218473122342,-8.837572596810293,-3.3539611247091843,-9.396439032458561,-2.5566601563968283,-10.132575192649066,-4.320973541642174
112,-7.008982216386678,-4.525808672662895,-0.6605536617106681,-6.6832149407584165,-0.0052717039463938895,-7.1452214026298275,-2.2435323399638296
120,-4.249519389900533,-1.5995560407488445,0.900004315009211,-4.315130200509952,1.485928121367436,-4.6400716727251545,-1.0264622131464902
128,-1.7542780517794927,0.4547657428902914,2.092303610048614,-1.692732195687163,2.357858913230809,-2.499877873658042,0.30455332563255255
136,0.5857332412003374,2.3934907410976103,3.0071704167217668,0.8256284960787819,2.836760311909429,-0.1945457715991436,1.6074953735038475
144,2.1875758120728714,4.053131721183765,3.6924948615564417,2.0641665876375677,3.2132758777929755,1.22234185782326,2.753555955931599
152,3.0429927871013285,5.252036550549631,4.227543260854406,2.4340766147597814,3.8969488858276016,2.0546393945895054,3.747689172393563
160,4.028869067560951,5.742497663037515,4.5429576345729625,3.1639884418429256,4.420437664271166,3.748959473706098,3.7774140954890965
168,5.58117013116241,6.383234659100678,4.571031200873491,4.691518702936587,4.2222715612132475,5.519243183030641,3.448788629346714
176,6.884112259393537,7.303055611374227,4.49341616597395,6.11336041817735,3.447772413260226,5.996493227042994,3.513192665309478
184,7.620629526961308,7.781957023180064,4.308461109926794,6.767308567333353,3.112541435497911,6.140163653635933,3.447137270777763
192,7.924484213302422,7.709296128559076,4.468645362224389,7.269329192287429,3.4725431884492273,6.5711749715546315,3.0309884714392514
200,8.514028281259995,8.232784853606814,5.149015595822598,7.764744446118235,4.164473133905356,7.122737199218172,3.559431386436079
208,9.461922746438246,9.558846304616155,6.293424818084844,8.222177950303742,5.242826950460016,7.872465574997902,5.052282628859137
216,10.381743643187232,10.663622265040274,7.198383339056438,8.937227216231955,6.094941118588811,8.481826375610442,6.067883860620059
224,10.616240239323496,10.96747685665258,7.728477586013003,9.61759749577541,6.413658240311964,8.450450044452815,6.624400319388278
232,10.051466904867153,10.490226841023388,7.832514778441399,9.284017876936838,6.443383140346175,7.923658532018844,6.969539581432992
240,9.08375581648651,9.476277067882071,7.246273414317122,8.185847478867558,5.654021609874762,7.68090498444689,6.563299046508666
248,8.241549925544323,8.277372254126947,6.242231935037526,7.128961622974264,4.537685917724511,7.624757891404869,5.768983381967514
256,7.343196947059351,7.3542485272395846,5.624614228757146,6.30492092464324,4.207409100463757,6.914662812055249,5.278522242870414
264,6.522459034518007,6.974430147360587,5.834340036222405,5.360329278959678,4.826678107304996,5.636491468060255,5.329715159090556
272,5.8668595276800275,6.789475188348372,6.139846118207981,4.884730643541603,5.163560514416777,5.301260572609119,5.329715179668351
280,4.696028267630401,5.574056467996574,5.078006096846072,3.8641752544722285,4.303189341101673,4.820707782720907,4.693932271020098
288,3.021524792202773,3.6700105459357664,3.4926773969138596,2.107102551535046,2.6485025316285777,2.982717251998712,3.764203001823508
296,2.334548975139747,2.710556450855983,2.9939593601316865,1.6843482893601665,1.8673978353349068,2.201612639612769,3.442183121097284
304,2.484824935349571,2.5404639210169897,2.7825822483802787,2.2755437203215596,1.740241301147056,3.0917085579190506,3.0375940133936896
312,2.484824911223881,1.9773419178108054,2.103863350467095,2.273892348093209,1.454551850878822,3.0718919850967756,1.9542860297738633
320,2.504641517396374,1.9542224830964874,2.01138583016019,2.2606813479146672,1.4495976664289667,2.2263833637120753,1.5381372522549102
328,2.953818079725507,2.3852337598595974,2.6273521038979943,2.8138949690939317,1.8822602927138958,2.5962933679503624,2.228415831868902
336,3.2213422733430668,2.4347752971103884,2.7247837925118286,2.7247201978559894,1.7749203320579001,3.560701713825646,2.7353907221648504
344,3.1437271978201218,2.2399119770038354,2.1187258215054814,2.450590525791322,0.8831729208948192,3.613545953135785,2.6693353833350946
352,3.4195083366645567,2.396793505422524,1.7901003548309151,2.946005717533958,0.7692274266219401,3.314645495415824,2.410068070195316
360,3.6176744572845574,2.697345355593841,2.4721220005712996,3.4595861364797353,1.7451954089623665,3.51776571657795,2.291168384908975
368,3.047946900593273,2.771657634683417,3.132675621610803,2.5827012009673074,2.456941958284859,3.157763984204431,2.7007116483244697
376,1.3007825814569605,1.8287173599864428,2.8123071358194607,1.0436112118727994,2.164646974222346,1.3412414343666026,2.7337393137479657
384,-0.3192252379060883,0.4795365267716378,1.8792750982178763,-0.12061457824466852,1.2646426710508247,0.011877311277629967,1.7412575305381541
392,-0.5900522574045503,-0.02578703369331244,1.106427375179453,-0.8984165208571122,0.6437221915757917,0.8425234823791315,1.0509789019632036
400,-0.07812316438708568,0.27476491794781593,1.3888140510112696,-1.0239216409514453,0.5925292865315198,1.9720701903186655,1.691715974483516
408,0.20261204537454516,0.7454093517087429,2.0411106947154467,-0.3352945146352157,1.0466599400008556,1.5311506707835327,2.350618195975875
416,-0.03353581619841267,0.6958678398254045,1.862761303557308,0.029661318103035374,1.1589540741082303,0.3603193644338696,1.9229097046476582
424,-0.44803320818440817,0.4514629863707465,1.1609230119080007,-0.43933168967892383,0.7477594428992534,0.12747414567040435,1.1434564421383238
432,-0.6841811618252551,0.028708656608457856,0.5333970720801273,-1.1576837919543297,-0.2067406002445755,0.9217899185997663,0.8462073252478365
440,-1.070604986268959,-0.754047411913564,0.04458738947389519,-1.730714097537182,-1.0935338528574383,0.8590373527872698,0.43666406626721
448,-1.4884052406791808,-1.047993809537409,0.09578028547103373,-1.7323654227559155,-0.8639914642323505,-0.1912429560071382,0.4135446482280016
456,-1.298496070607897,-0.5591840795667725,0.7398200797415152,-1.1279588890818009,0.29197741950770006,-0.7163831169679488,0.7223535005699148
464,-1.1746422070805194,-0.6285421575313846,0.6853243890849555,-1.1296103258818497,0.633813931241686,-0.2490413673494982,0.25666317160858765
472,-1.498313527090318,-1.3964358570170166,0.036330424733596614,-1.7191544000482388,-0.2282086061416091,-0.08555438389981204,-0.4583860758705668
480,-1.5148273481827088,-1.4327662949255864,-0.11394552305859307,-1.2617210532118979,-0.7814222576553783,-0.6817040651245213,-0.11489823874045187
488,-0.3885833375128638,-0.15459498836089164,0.898352985000818,0.06599186404502426,-0.11756586732390586,-0.1796832776768307,1.23097981311954
496,0.6864676221168081,0.7338496843769108,1.7620268664066934,0.577920868365101,0.5595016283812102,1.1001393317548565,1.8601571219826571
504,0.3892185465593041,0.21201231683375887,1.473034626800881,0.17993732372592158,0.5760154819368444,0.5320632673881867,1.3399711759836028
512,-0.7816127697244676,-0.8894608776688896,0.7744991681282661,-0.19822964170476887,0.4670241295390736,-1.1209721909665362,0.5506095655071428
520,-1.7460211345809942,-1.830749793442123,0.11724830325351698,-1.1461240818703569,0.027755935045279782,-1.3273952257693247,-0.029026266596801912
528,-2.3107944450890407,-2.461578576358192,-0.6671591719114415,-2.2954874545226596,-0.7599542503391865,-1.0185864199048422,-0.6895799206317349
536,-2.0052884110000555,-2.552404699424084,-1.0717482950483816,-1.9453939743230846,-1.2652778084980045,-1.1639081530900661,-1.224628343700598
544,-1.1862018875395646,-1.7729514078220057,-0.9561513682329286,-0.6028187357489662,-0.9630745115925318,-0.8352827486810661,-0.9983887557663534
552,-0.7948239235268844,-1.0810214462229504,-0.38972664629228604,-0.27914742567327416,-0.3239888966274568,-0.1532611336299787,-0.2420547888938327
560,-1.093724379827689,-1.2544167664638912,-0.061101208000883867,-0.9512607807450464,-0.3735304038985306,-0.1648208190560776,0.2583145812672353
568,-1.1118896325756789,-1.213132177810474,0.1469731974337017,-0.6556629864123716,-0.32068606648908,-0.38445484871556457,0.5373984503767866
576,-0.3472988352507028,-0.4617524235935767,0.7034896405911819,0.5382876336683718,0.23748170969250434,-0.09381134704355802,1.1351995132317694
584,-0.19537147992860301,-0.2982654137120688,0.6110121206390662,0.4342504323702375,0.43564782215234554,-0.20280265296389755,1.0856580054285108
592,-1.0243662218580318,-0.9555162363668609,-0.15357867100927644,-0.7398836590595297,-0.04655634014161064,-1.0598709902865981,-0.23544924942292159
600,-0.8162919051208342,-0.7887264889470496,-0.11229411038423412,-0.8373153281599393,-0.02839110956796796,-0.8468424282531376,-0.5558178118488071
608,0.08866659846607128,0.12118616999696694,0.7332145294495229,-0.13712844315356817,0.5892265576855602,0.47426478189481086,0.8016199172771237
616,-0.13096747713866247,0.2202692377575481,1.3194558909128762,-0.29235850142199016,1.035100208452115,0.15224489602413813,1.6900645790164515
624,-0.9120721462909342,-0.22560449975505176,1.2814740456517915,-0.9198844790349516,1.163908218999049,-1.3868451195021907,1.3812557593151762
632,-1.0970271118667538,-0.40065118229023483,0.9941332261709177,-0.7052044878294176,1.2018900161861503,-1.675837275555063,0.7405187490604299
640,-0.6792269908574037,-0.31643063825428935,0.7827560814240804,-0.21474346510329076,1.1011556104344107,-0.9773017961272604,0.5192332425096752
648,-0.5306024032307196,-0.18266848281653586,0.9099126266104071,-0.3897901848913768,1.007026701933626,-0.7791357207429274,0.7107938007748388
656,-0.4645470228905862,0.07164465971018173,1.2055103977043662,-0.5879562357952305,1.0747334605335317,-0.5495933324726291,1.3019893273520162
664,-0.2647295912434331,0.21861785399853764,1.0750510777268327,-0.1718074694521478,1.0813389677185934,-0.5182170222475849,1.4440083959081893
672,-0.2614267878916675,-0.4237705832995446,0.24770760070191436,-0.19162409407369857,0.7444566583513342,-0.8699618516141896,0.3838197948486159
680,0.03086815998231088,-0.6599184826575902,-0.0941289019849384,-0.1437339593857636,0.6007861847487779,-0.26390383200167294,-0.005906857959516668
688,0.46022805653430593,-0.13808117365471373,0.29064362580058994,0.38636026628342723,0.8501452288621072,0.32729163976051856,0.6480411975320439
696,-0.2977572644722989,-0.6367990986781786,-0.13211072010462313,0.029661436957535543,0.282069120678928,-0.6651902117462812,0.32932411536792666
704,-1.5181301190712293,-1.8604747734813785,-1.284776824973387,-1.2864917352686438,-0.9300468160119246,-1.776571747652449,-1.0082970380974121
712,-1.3579458919636935,-1.528546485892964,-1.2979878838695997,-1.2914458611782214,-0.9217899036030845,-1.3967534412148888,-1.3121516880725987
720,-0.11115086724087904,-0.035695297930102864,-0.232845172156399,-0.12226593699101575,0.13674731795495249,-0.4406019733338565,-0.22223814458146204
728,0.6881190202447952,0.695867840357589,0.6836730056807349,0.5102141567748105,1.041705772048716,-0.16482083856950305,0.6695091878183375
736,0.2769243901001881,0.3358661037265929,0.9181695698859385,0.03131275649963729,1.4066616975644355,-0.11693068117503705,0.6860230862548496
744,-0.8889527589410219,-0.8019375634540021,0.5267914850674161,-0.8389666500081726,1.3455604578576463,-0.9013381323917005,-0.005906885455707405
752,-1.8203333789011937,-1.7762541311687272,-0.2625700833664819,-1.4119969437055748,0.7708787963667632,-1.9400587548730353,-0.8134337123142275
760,-1.706387940330274,-1.6078129792347167,-0.5878927167095652,-1.516034102961148,0.23417895370514405,-1.6774886041442987,-0.7704977154213208
768,-1.1168437494381227,-0.9241400054372816,-0.381469740979237,-1.342638855806855,0.14335285778065288,-0.7444566453059951,-0.14132038544822517
776,-1.0904216204698276,-0.97863561804014,-0.8207378744492275,-1.1692434337413133,-0.27940149788127255,-0.7973009617828617,-0.3196698961704426
784,-1.7262045156360764,-1.8951537988929847,-1.8231280469591469,-1.1246560786342443,-1.2223417936882253,-1.7039107611409683,-1.4128861356895048
792,-1.4768455314821818,-2.141210028656073,-2.03780794716116,-0.7448378053695075,-1.6896834968292447,-1.4248268822747054,-1.6094008494891743
800,-0.520694124447557,-1.1768016962627896,-1.3029420771891929,0.013147554131763226,-1.1728003002539442,-0.27546353623161746,-0.45673474834570066
808,0.05398758263378369,-0.5096425706991455,-0.6638564155692911,0.15681794737448573,-0.6063755502849272,0.20343778492548495,0.030423561145207025
816,0.5328889495587392,-0.3263389340673504,-0.7216548709055555,0.4474615828021542,-0.20013505403266288,0.6889447429432322,-0.44847782671233255
824,1.4791320244143729,0.1674249345852886,-0.6473425228094116,2.029487517877267,0.15491254338414684,1.5724352205874947,-0.6780202148052366
832,2.5872108206534996,0.9600893221590875,-0.10073442087805526,3.637935633897345,0.7873926516963449,2.0843643606145745,-0.19746741178981114
840,3.038038612408187,1.4472475445491606,0.5779844282515648,3.829496246445311,1.074733429666841,2.3370261268328623,0.539049824556479
848,3.0132678386383427,1.567798677988814,0.86532530538574,3.2729797953050657,0.8782187611028393,2.9562951154024404,1.0509789672444811
856,2.9125333821516994,1.268898116847698,0.5928468890010544,2.9394001645810426,0.6767499221031704,3.552444775871958,0.7388673140343294
864,2.3196864973603586,0.5934820144809104,-0.23284513667744378,2.4175627782340454,0.1994998782682111,2.929872960179717,-0.16939394199204091
872,1.7433534787196807,0.1410027949733067,-0.7877102242816828,2.184717664488287,-0.26949317776512755,1.988583975932101,-0.35930305689354974
880,1.8506934141856182,0.3540313250757071,-0.7034896229472243,2.6718759576588758,0.01949904410120759,2.0695018141834076,-0.11654961167838106
888,1.7334451992269397,0.1393513631403117,-0.7695450084318063,2.374626835978729,-0.005271754681299733,1.8762899683072023,-0.16278838957131123
896,0.4552739043703011,-0.7854236572121196,-1.3425752686015964,0.7661786607087965,-0.7104127320696364,0.4907786248067582,-0.5326984189996574
904,-0.7750071953067851,-1.322123537481431,-1.6910173371911819,-0.5235522805470905,-1.174451685254718,-0.8088606766564939,-0.9372875245745149
912,-0.936842936735887,-1.209829400180951,-1.8528529328017773,-0.9760315204550929,-1.113350448208851,-1.1573025905578342,-1.3947209331442365
920,-0.9863844095923744,-1.5615742259996603,-2.2607448117486832,-1.2039225157418527,-1.4667466584961493,-1.2283121746838526,-1.8042641816585705
928,-0.6907866443524432,-1.2990041263606193,-1.833036342594814,-0.4558455246081062,-1.0918824728237186,-0.8501453016758401,-1.4161888865324168
936,0.6583941251776372,0.18393876649876018,-0.5499108994768542,1.1113179562811228,0.14665560684961731,0.5716964795557784,-0.3510461652398983
944,1.626105238216154,1.057520943717697,-0.028073504082721905,1.4283837073724788,0.41583121420590435,1.5245451119765914,0.05519434449436886
