-240,6.576144454155897,1.4125510335798601,-1.0311733200276565,1.859791516486941,0.32784140517129823,6.475510727149737,0.6954210653940625
-232,4.103168287529396,2.2591984991171947,-0.8637570994325591,1.4914758680709475,-0.628822529149941,6.217211349691888,1.513368695618619
-224,3.022137982439774,2.6083808438333653,-0.7298242011618863,1.8693579931197495,-1.0545379314324586,4.112550884920027,1.6281683826794355
-216,4.23710112876459,2.7805803993454976,-0.34715860348876615,2.9360381634584787,-0.609689233671449,3.7011853409461706,1.317252584216765
-208,4.548016864025784,2.4313980669613224,-0.07450936720842409,2.3859564613165527,0.045625531942205595,4.653065880231895,0.32232213704118057
-200,3.4335034647536524,1.1638183793947297,-0.4619582586919282,2.2663735030540106,-0.01655763031949424,3.361569714364386,-0.8352411803974712
-192,2.0606908730036073,-0.1563776998881953,-0.6532910171925864,2.7207889112419092,-0.006991041157226753,0.7594439401945954,-1.5144724921380182
-184,1.6732419517177806,-0.4672935466511815,-0.15582580901978837,2.1754904761910434,0.08867541876490606,0.5394113037330086,-0.5099754563139981
-176,1.0466270995195415,-0.778209306062533,0.1359566605652357,1.0848938414248928,-0.12657401175176441,0.4341783276129148,-0.06991009603919017
-168,-1.4502656851704936,-1.175224831925622,-0.10320933611781925,-1.1249998358303108,-0.2892068809871649,-1.8187651290738616,-0.40474239746676827
-160,-3.6218928115476965,-0.998241915804795,-0.4954414540995654,-4.10022468993376,-0.18397385194225724,-2.1631642919952734,-0.1225265370835045
-152,-3.200960647067751,-0.486426837505175,-0.7106908954067319,-4.741189565381099,-0.14570732778358197,-0.18286998988937045,-0.06991007651353079
-144,-1.3928658413831683,-0.22812752273496964,-1.0455232030003079,-1.928597587706714,-0.06439088340305202,-0.14460344671886874,-0.591291852908046
-136,-1.301982652148928,-0.9408420396459828,-1.3420890748145096,0.046913256162199234,-0.4948895101284792,-2.029231391669268,-1.1365902571289228
-128,-3.918458530239623,-2.978536246171523,-2.002187161471704,-2.9139613506608995,-0.987571480498706,-3.368560629751069,-1.3518396907285921
-120,-5.36302099005376,-3.5860178265275944,-1.7965043848602775,-5.994419048315492,-1.3558870842112156,-3.478577067704985,-1.2131234303077272
-112,-2.0768804166179433,-1.1273915937432246,-0.22757560617490538,-3.2009606132733412,-0.13614061787052578,-2.3257970959738645,-0.1464431561747027
-104,0.7548445785512023,1.4077677228129828,0.8438879648515016,1.1853433726676577,1.0453392903985013,-2.1009811456624017,0.5901880599854799
-96,-1.029333636303005,1.2499182162416074,1.0782705613607124,0.50132866794693,1.040555977062458,-3.1437448567120394,0.8437039987319976
-88,-3.043110961168609,-0.017661587965109245,0.968254233880922,-2.9378780350089073,0.13172526293945575,-2.7467292070151643,0.9872034984969333
-80,-2.287346551782731,0.17367121883586478,0.5712387470691526,-2.870911579450657,-0.5762060100029888,-0.9338511255043571,1.216802895227225
-72,-0.613184844763747,1.0681520453617173,0.7769214394119437,0.5300285674888507,-0.494889612895108,0.6111612457890725,1.3985690275696292
-64,-0.6227513260210541,1.0011856052184607,0.7003883438219441,0.9748773556844936,-0.360956670948618,0.46287818296518446,0.9967701729555029
-56,-1.5076654744915048,-0.9408420982229615,-0.595891224274743,-1.737264848731715,-0.88712174320885,-1.2734668322441116,-0.6678249998813598
-48,-0.8667004829178755,-2.2036384868408394,-1.2320726841332428,-0.5940514923683533,-0.470972973250584,-1.4647997623650402,-1.8397382552728099
-40,2.4720562761871823,-0.6490596579264267,0.2316229956259144,4.629333288762076,1.0692558663277156,1.2616924617034369,-0.7347914795897686
-32,4.050551641979489,1.202084946201556,1.169153600041841,4.127084828913212,1.3227717814379092,2.61537196042525,1.0733032752253335
-24,3.9979352019628416,1.8621830801314,1.2935199425494004,1.3049263802581814,0.614840526993458,3.050654019696011,1.1354864493051955
-16,3.916618682562674,2.4457480393409408,1.5231192786473808,2.4481397592302026,0.3756745868320491,4.10298414212165,1.2359361346979036
-8,4.342334217414143,2.727963877115547,1.6044357086405827,5.762979976319033,0.8635730876609561,5.322730793442273,1.408135708708029
0,4.39495075403142,2.4744479147327043,1.604435787770887,7.939390535241572,1.2175387606143317,4.260833656400521,0.6810711495360898
8,3.7348526062280816,1.9721994076111897,1.1691536771168125,8.589921811788246,1.844153602535908,1.543908359082687,0.06880617671367031
16,2.0559076125923768,0.9198690755416288,0.4564390466486743,4.768049737759706,1.8298037221324222,0.1328291933321507,-0.7395747996056428
24,0.7213613291910851,-0.02244481960168253,0.3033728544410089,-1.7133482784546663,0.9305396444443363,1.1612425193941556,-0.012510174663060487
32,1.1853432766994367,-0.3764106364283386,0.5521055111953054,-1.1680497853406544,0.29914144499706646,3.505069224405985,0.3701553115082673
40,2.108523953953062,-0.6586263056656728,0.4086058742369201,5.566864011873459,0.012142244558435385,4.490433077794803,0.13577270626389384
48,2.840371869109196,0.1593213394600452,0.2603229331914878,8.76690488462818,-0.02134098013769103,3.0554371994354366,-0.06990998607889716
56,3.720502678038113,2.440964719325067,1.0208708223953484,6.021279307531899,0.7152901743625139,1.7495910190539903,1.6473016334544444
64,3.38567031700589,4.1390431112058925,1.4800694216270027,1.9841577536587047,1.5667210673068497,2.285322795061281,2.020400564376492
72,2.2615902848956755,4.215576220155553,1.3270031446368686,0.8648609706553915,1.9876531629331546,3.4763694235200275,1.3076859446988498
80,2.7064389621033595,3.9142270601831317,0.9252043825127083,2.9216882589048354,1.7054373642098686,3.2132869141092355,0.5040883017550729
88,3.5817864186449135,3.3210954768706697,0.8630211873656873,5.203331801141131,1.227105437642067,2.6966884119994443,0.7958707564389359
96,2.840372015037809,2.130048915724064,1.1069705431159356,4.332767428252205,0.5909238883766,2.5292722412461623,1.5420685648443846
104,0.8122443976745359,0.34587086478263024,0.8678045736660375,-0.4505518651727978,-0.31312343276622157,1.7687243592359658,1.7764512430530646
112,-1.6081152092121953,-1.8975059559830623,-0.447608299671971,-5.874836038669636,-1.0449713679618478,-0.5559688370566154,0.7432542953551289
120,-2.7369785993619367,-3.4233850549204914,-1.3468724112730446,-5.716986639489388,-1.4419868799514417,-1.8952985098412565,-0.2660261796940543
128,-0.9719337555196939,-1.873589454045821,-0.4763082259332154,1.539309033802871,-0.32747345293232255,-0.43638592401138987,-0.06034340565179337
136,1.1470767694972557,0.9007358463476125,0.7721381712932167,5.437714293342213,1.4088715006169967,0.44374478369239784,0.547138109961302
144,0.6352616233716593,1.8813164732381895,1.030437326261314,1.113593510769564,1.8919867585050014,-1.9861813851234453,0.5136549530911508
152,-0.1922526139993253,1.1016352263820257,0.5521055158198037,-2.2203802165800126,1.3036385979750427,-3.406827281340364,0.2362223700756104
160,-0.16833611052058448,0.5659034930228868,0.38947259828408787,0.06604659480267533,0.6148405136337963,-0.8716679935588129,0.2457890435065134
168,0.056479993940822606,0.628086661450584,0.5521053945551816,3.753985861509012,0.25609159876718435,2.4575223885970656,0.4658217179917531
176,0.09952988898485342,0.9437857172414852,1.0974038666020336,4.705866439332221,0.5383073913244733,3.1798036441957915,1.1498363744121638
184,0.5108953348165793,1.6182338569501036,1.8005518724534175,1.749775047189203,0.9066229934954831,1.390842204898675,2.2547832333361755
192,1.4675592511536588,3.096279438179905,2.5993661624959983,1.2427431553088382,1.3036385404257302,0.04194603852473136,2.436549340500756
200,3.050837882495528,4.63172490224835,3.144664676677168,5.796463130106187,1.6289042727305338,2.2183562059064132,2.3073997031551454
208,4.3614675108373,5.157890293085133,3.1781478427963155,6.62876097935027,2.064186320696965,5.007031581959929,1.9199508584304572
216,3.964452006555205,5.052657099099785,3.2785976797698027,3.0891044245197854,2.485118452805423,4.02645120684759,1.857767736761576
224,3.0556212903768687,4.440392212601334,3.4699303832903143,3.9692351121840805,2.8008175389124794,1.6587079572503702,2.0682337280530834
232,0.9796606521826203,2.6466474435255134,3.307297472948261,5.136365165227447,2.90605056024989,-0.7281683381024343,1.4655355252621978
240,-1.2063163720683963,0.608953389608417,2.116250909232493,1.8645747049615313,2.284218993640705,-2.4884299929562554,0.3605886683935196
248,-1.2063163545980689,0.4893704025712189,0.7290882474745298,0.2765127854614421,0.9066230171318076,-1.1060506311746745,-0.505192100329804
256,-0.6610178542903941,0.819419413785245,-0.44760829761663873,1.529742202111359,-0.10265739009140021,0.3385118897856072,-1.5575224051662084
264,-1.9716474564266775,-0.5486100316245299,-1.9543539572022945,-0.10136945982431624,-1.159770949173037,-2.1918641375847145,-2.389820047849369
272,-3.8467086883810215,-2.710670460934506,-3.0880007023085665,-2.8182949400667487,-2.59955010541396,-4.564390592099186,-2.7581355770560725
280,-4.44940702733769,-3.873016922658097,-3.384566482146634,-3.0431110928284713,-3.4461977564450597,-4.334791287858858,-2.7677021985898267
288,-4.368090554182504,-4.045216520304547,-3.236283575528023,-2.4834626704968255,-3.489247570817288,-4.090841992740922,-2.0932541996714926
296,-4.038041470518004,-3.490351348107468,-3.2793334489910615,-3.038327685460962,-3.5179474806358715,-3.665126556031584,-1.8014716509561643
304,-2.5695622980950366,-2.3758380700999613,-2.7579515282094325,-2.5456458903078376,-2.9056826033864165,-1.1682338206695309,-1.7823384078886537
312,-0.16833600826778863,-0.9456254048791742,-1.4186221827365044,1.1614268178056022,-1.2697873881546193,1.7256745155752495,-0.9739574536641648
320,1.065760295314403,-0.26639408954179583,-0.04580946561117063,5.098098514665819,-0.17440719135718266,1.4147588275867051,-0.5434586481248034
328,0.08039648817056683,-1.0556418109754353,0.21727308182327454,4.040985060406143,-0.4231397407203517,-0.8812345061599418,-0.7156581774314457
336,-2.392579686677266,-1.9931724955493326,0.0881235585486224,-1.1202167454978516,-1.1884709036951042,-1.1778004052073001,-0.6630416814069849
344,-3.612325935152703,-2.9689696595784207,-0.5337079386930886,-3.4209932312369347,-1.6189696434638234,-0.4698690515930519,-0.6534750105452475
352,-2.105580480586471,-4.270032465477678,-1.8252043820304957,0.7165781077125982,-2.111651585059394,0.2715453109074021,-1.4283727883739248
360,-0.6466680864163673,-5.264962854076286,-2.958851063421455,3.9309687226496894,-2.494317168345186,1.2999589437277945,-2.581152783741369
368,-1.3450326083391035,-4.9540472087358935,-3.1071339592495706,-0.6323179805587078,-2.537367043349723,0.5824611283818986,-3.0068682302135366
376,-1.6033318398683394,-2.9259197856015486,-2.408769315034546,-3.7701756293917534,-2.1642680338112057,-0.4076859612679929,-2.121954123877404
384,0.24302940262328418,-0.9073589033291575,-1.1364062534995991,1.0944604167136647,-1.8246524164784177,0.8264104841321473,-0.5386753193737657
392,0.9940106636135583,-1.1130416090316104,-0.7872240156607223,4.050551688105895,-1.6763695499387914,1.567824969952556,0.03532304604900932
400,-0.46968523041402,-2.7728535101529137,-1.4760220393696577,1.5106090905851326,-2.408217382881622,0.3528618426395666,-0.7013082060794931
408,-0.9671505428949465,-3.432951559814123,-1.8586875183473213,0.678311574304927,-2.2073179946258783,-0.3502860969273421,-1.3183564125938187
416,0.32434583467181854,-2.112755448673543,-1.122056328906463,1.4627759931930184,-1.2793540215065373,1.0799262810607166,-1.222690063145812
424,1.24752650319028,-0.8212591471540833,-0.6963408772959632,2.180273798262251,-0.8871217103235288,2.615371779555983,-0.6199917817384557
432,-0.3788020514564426,-1.4096075029406374,-1.2990391843949771,3.2565205706090756,-1.432420195216209,0.8598935824253203,-0.7682746600962445
440,-4.004558269972036,-3.5668844868594523,-2.2078698342888368,-0.24486924630814635,-2.1212182230358096,-3.3876939848342054,-1.6005723140837342
448,-6.439267857973549,-5.116679995244157,-2.5666188267442545,-8.285629122164742,-2.4560505830403665,-5.980253183201391,-2.1889205609376616
456,-5.563920389613833,-4.150449514408801,-2.107420167907954,-8.92659402176224,-2.293417667559983,-3.746442890965654,-1.3661896148078954
464,-2.3495296544397855,-1.6583400142801539,-1.4521054413456187,-1.0484669555363983,-1.8103023988814824,0.7307441351979733,-0.5386754098083991
472,-0.8475674130121339,-0.8738756118347222,-1.7917211933026898,3.5052531693002282,-2.054251765422227,1.3908422192860033,-0.7156581820559439
480,-2.603045758126743,-2.7585035768246144,-2.686201810698453,0.5013287131642472,-2.465617251846772,-2.2875305769535204,-1.5049058819085914
488,-6.018335682189274,-5.3223627374287625,-3.4515329505507135,-5.487387376355714,-2.3029842926905713,-5.4445214781030735,-2.5620195684208475
496,-7.525081242605134,-6.838675120800969,-4.269480497020466,-8.481745160602289,-2.666516653462178,-5.57845429827111,-3.1695010352197945
504,-7.2380821608619605,-6.939124800027681,-4.7430291765367,-7.0036996004396475,-3.704496942243147,-4.9518394399068715,-2.8298854019581796
512,-6.267068370287394,-5.67154507186827,-4.1833808004500375,-5.004272088665386,-3.919746283866682,-3.5168436129308187,-1.7632051694456399
520,-5.779169704004214,-4.480498574950808,-3.159750411598215,-5.511303903470779,-3.412714441828133,-1.933564883960653,-1.3709729163257764
528,-6.410567997482948,-4.432665348072742,-2.7962181664390657,-6.544500817255726,-3.317048081075797,-3.3350774949757427,-1.9210546791000136
536,-6.697567169660755,-4.920563903367963,-3.1071339546250734,-5.903536018369527,-3.9388796029814985,-5.468437978498815,-2.2224037948827844
544,-6.023119176908419,-5.217129734075512,-3.040167379857533,-4.793805848678638,-3.8814798033838245,-3.8277593507611782,-2.184137210605632
552,-6.4536176967565515,-6.025510829604116,-2.7627349098852845,-6.03268574614977,-3.312264759518423,-2.851962297720049,-2.3946032342686263
560,-7.123282498978968,-6.499059403784552,-2.5283522897397495,-7.113715805627148,-2.666516624173688,-5.444521290040141,-2.5094029840170857
568,-5.181254926051165,-5.322362731262764,-1.8395542886394718,-3.803658879265703,-1.4993866703001195,-6.3724853237917936,-2.007154410611097
576,-2.249080089284033,-3.342068478998676,-1.4664554147529032,0.08517998534029872,-0.7149222714515202,-3.937775723458286,-1.2944398320401067
584,-0.7949509164738406,-2.6580537609182873,-2.389636041137048,0.3578290263640474,-1.9203187736339216,-1.2447669178010299,-1.2322567160233893
592,0.7165782013488072,-2.2658217020273526,-3.016250883058624,0.7787611379191793,-3.159198549840431,1.9409238577126195,-0.7300081020245818
600,2.3237733896080646,-0.9982420021287646,-2.284402994107979,2.663389146584888,-2.876982654002681,4.519133024609374,0.2218724244153154
608,0.6543950308657781,-1.7827063922422004,-2.188736591735158,0.042129905316335974,-2.896115960785502,2.601022071286602,0.6236712857092724
616,-2.249079914580764,-4.131316244621966,-3.1119172489492906,-3.521442854969666,-3.474897688358469,-0.5751020914284557,0.4227719005365271
624,-2.191680273757531,-5.092763513860241,-3.714615561186635,-0.8858339927833656,-3.3457479384833997,-0.09198695377740686,-0.03642690320071859
632,-0.6036180860365414,-4.107399583910283,-3.4897995219820377,3.5722198108660774,-2.7334831038820973,1.9744072139500308,-0.3808258585335405
640,1.333626308693336,-2.3280048463048924,-2.791434834091196,4.347117558892431,-1.4563367999200798,3.1702367698561287,-0.7921912735352782
648,3.270870566743597,-0.6825429365750336,-2.289186318748352,2.8068887080098013,-0.8775551309240911,4.036017690674063,-0.830457750421304
656,3.5817864181310815,-0.46251018347332346,-1.9256540941425278,2.084607348616781,-1.2363041614031602,4.504783030134929,-0.7921912745629445
664,1.6684585762079267,-2.4188878849860216,-1.9782705516295034,2.735138993067988,-2.0207684708447924,4.174734097537375,-0.9165575127623758
672,-0.5223016658061694,-3.88258360585183,-2.093070196042169,2.7590555345703818,-2.4560505845818654,2.9023711490457194,-1.0457072025189666
680,-1.3306824299123938,-3.8012671311551443,-1.6290882511029827,0.9748771963962191,-2.063818380276151,1.0990593941284426,-0.5195420501007639
688,-0.41706857561511745,-2.4093211807251294,-0.6054578596819934,0.45827882377238127,-0.23180707522349303,1.0990596284363563,0.5327882054076587
696,1.3575429992073416,-1.3235077149079084,-0.11755922885330052,2.6825224081503944,0.6818069861485406,2.9406376418605724,0.38450533835419926
704,2.553372934322301,-1.4861404808628467,-1.2894725114779066,4.471483841281513,-0.36095664217396206,4.877881950780315,-1.370972973875089
712,3.2565207084349366,-1.5483236456937122,-3.0927840259212718,5.021565505399786,-2.0877350075886802,5.8010627272037345,-2.141087310423269
720,3.5961363000760675,-1.18957478632108,-3.1836670548395705,4.6484667692205015,-2.5708502957928405,4.648282614168501,-1.4570726565720233
728,1.7641250207150656,-1.5052737819935034,-1.944787296617221,1.6684585601605217,-1.843785699111081,2.4718722582100554,-0.06991000971522193
736,-0.876267402988688,-2.4475876971763073,-1.0455231947789776,-1.5937654137097559,-1.078454568507817,0.39112819003964,0.6141045778515483
744,-1.0054170357097996,-2.2084217976077167,-0.3519419594729611,0.30999584675862796,-0.6910057207001303,0.23327888334935806,1.0637366387904161
752,1.7593417330706798,0.17845460410854835,1.2648199977901635,6.088245784671142,0.34697462100565263,3.7920682568211777,2.412632718840391
760,4.337550791548639,2.96712983115045,3.163797876068862,8.609055013749106,2.2316024981300773,7.116475528091269,3.7615288769930055
768,5.3372645967637515,4.4069090156521975,4.11089516984452,6.643110824299271,3.527882055950101,6.57596033495364,3.7902287909222547
776,5.332481237696558,4.756091242186745,3.642129837063484,5.385097773167594,3.307849411267185,5.700613031534364,3.1779638391669938
784,5.165065335678011,4.97134072408673,2.9246319019944655,6.035629418646467,2.982583609081074,6.575960374518794,3.2018805003925093
792,5.241598344430209,4.760874662913917,2.6615493345205286,5.925612908242078,2.7960341387386345,6.652493601650078,3.464962939408161
800,5.126798576183756,3.139329268994794,1.456152794828307,5.169848629369818,1.8011037917605128,4.88266539360231,2.7378985086945082
808,4.16056814416255,0.32195422154127457,-0.5719746118633754,3.787469015296163,0.37089122982018813,2.4718722289215673,1.2024529778277526
816,2.787755313993924,-1.4000408670195537,-1.1316230007958663,2.094174173628461,-0.317906799027079,1.2664758598219497,0.944153654836217
824,3.1608542901332894,-1.1608747978860254,-0.05059273629906329,2.2520234417812577,-0.16962387904880555,2.5675386657212083,2.082583717903028
832,3.6965861005674006,-0.7542926854298352,0.5234055371475788,3.0412713106850098,0.06475882485153187,3.428536194586627,1.8960343020269026
840,3.3665369691164178,-0.3524938092347168,0.4325225231304408,1.6493253443261668,0.41872440942560635,2.385772664406255,1.503802071001865
848,3.7683358329795404,1.1255518136155698,1.0974038907521917,1.0274937730924831,1.2892885433821208,2.2805395921993643,2.5991822220681513
856,5.61469725942343,2.699263946743637,1.9153514454432758,4.088818201987908,1.8632869062357302,3.5146358526195702,3.7184789403284904
864,6.7244272831857055,2.718397227834801,1.5518191997702935,8.054189984397642,1.5428044590061474,4.528699621479138,3.058380888098115
872,6.590494551910805,1.5082173439765485,0.4803556739612032,9.603985381794386,1.1840555338628727,5.786712481464884,1.7955845369900572
880,6.628760979468848,0.3889207171785102,-0.265842165788067,8.513388636040277,0.9879394224610185,6.418110931148895,1.1594030226652434
888,6.705293981541216,-0.51034339390873,-0.6628577312163073,5.078965372309602,0.519174148256962,5.337080702106579,0.953720374512103
896,5.652963742475453,-0.79734241604726,-1.2942558623237697,2.7064387944751775,-0.3322567441735409,4.49043325044274,0.7289042849518576
904,4.222751289981589,-0.500776704035166,-1.8873874744108883,5.380314372993749,-0.7005723427477186,4.557399644341013,0.5901880707759757
912,3.165637682599636,-0.7016761313422287,-1.791721119310717,6.336978361781301,-0.509239543140409,3.481152794919217,0.5854047564122659
920,1.7258584924457248,-1.180008053285532,-1.375572295913804,0.5300285962635073,-0.3705233032728697,0.721177421174252,0.9250204292390327
928,1.15664344960799,-1.3952574134070612,-1.2894726353116943,-2.2012468465957147,-0.3609566853359461,-1.110833763641451,1.2120196158041692
936,2.3572566112211915,-0.7064595520693999,-1.4616720813773674,2.792538642112551,0.021708876882687005,0.30981193063904144,0.6141045850452125
944,4.141434682715952,0.5085036605398912,-1.0407399487550755,5.064615256056701,0.7918233295571582,3.572035824865181,0.29362228939640755
