-240,0.5910140384731337,0.14437815086737746,0.018782235623528844,0.43373330874336374,0.019217760008255466,0.3296960906960436,-0.13463316528562286
-232,0.48060722353179575,0.0651117158378221,0.21270191937310728,0.3572977751820951,0.09848420689791867,0.27873906310138974,0.004083084612149028
-224,0.7721944307700804,0.12456156704662569,0.1617449022700872,0.36295971937559457,-0.15771625218459717,0.4273637212298262,0.2064955922799825
-216,0.7764408548173954,0.2774325284925603,0.18722338770959213,0.39126914642529015,-0.2766159254080927,0.6042977165448329,0.23622050815301376
-208,0.7410540266819239,0.33405139962184927,0.31178496011899826,0.30917177404301915,-0.007676218055902172,0.6552546772363138,0.23905145903841668
-200,0.74246956112106,0.39350125083065285,0.35991099638224006,0.537062730961823,0.22587668016740076,0.5915584860653197,0.17110879729199255
-192,0.5910140404498183,0.29017179500855483,0.2579970134179483,0.7791085242640279,0.3051431072902175,0.3282806234641858,-0.027057295299633608
-184,0.34896831450694393,0.12173057982063556,0.13768187585159603,0.590850722062251,0.36317746678668456,-0.05814318967693635,-0.2308852709595879
-176,0.22299127167257432,0.02264754165963996,0.16599133072692906,0.4450570865880752,0.4155499511215619,-0.194028506175362,-0.21389961810534003
-168,0.17628071936698303,0.09483662912595785,0.10795697001404059,0.5413091682377192,0.5217103485538503,0.01263032381655301,-0.23513168421116315
-160,0.262624584220268,0.19391966363768928,-0.015189115548714062,0.36154423009610065,0.3221287724607313,0.25467606846190505,-0.41489663512520547
-152,0.15504865538989748,0.1712721193522168,-0.005280798853753736,0.11808305881695227,0.07866759585973963,0.25184517094698794,-0.18559017569832562
-144,-0.08558163312344208,0.1896732677201181,0.13485094610151352,0.04164753650758104,0.14802571495459807,0.10322058975719964,0.28010014104810393
-136,-0.40264734648039413,-0.08775925822848421,0.21694832319741714,-0.11688526315114563,0.1480257126738081,0.0607564572414479,0.19234089228782214
-128,-0.4394496774280464,-0.28734084572555313,0.04567621171100175,-0.40422615186666583,-0.044478487270172215,0.06358734000725685,0.2432978651435166
-120,-0.3262118951796174,-0.32838951070534195,-0.19353859725421418,-0.45659860381432554,-0.1548853192414088,-0.02275646737012041,0.1852635246536327
-112,-0.2271288036481362,-0.31423478410396505,-0.2713895525835933,-0.3391144385728019,-0.13506870470601876,-0.1558108235558776,-0.10349278932720937
-104,-0.02188538858196213,-0.11889967767396002,-0.10011742771654338,-0.05885092752694698,-0.0784498136578306,0.08623494997948088,-0.109154671179116
-96,0.23856152967203353,0.012739239865840878,-0.06189968686088851,0.26812307819653924,-0.14639248042199263,0.3254496940182086,-0.0497048588957948
-88,0.4933464807725777,0.12031513265972987,-0.14682802031609096,0.39410006598784403,-0.22282796760719828,0.41462441335550654,-0.07235239512247606
-80,0.5627045796444314,0.1825959151391425,-0.16947557205214422,0.3176645912709567,-0.2511374125991081,0.379237615934674,-0.14737243119340673
-72,0.5343951343484163,0.13730081060266755,-0.16239819103732028,0.35305139751084386,-0.03740112921530077,0.4443493753004952,-0.18275922390060673
-64,0.6065842242475769,0.21373626722528766,-0.1001174412492306,0.4422261350944618,0.1267936464159324,0.4655814464240564,-0.018564449941952953
-56,0.35887661173916324,0.2788480217254236,0.013120335525302399,0.3148336697317182,0.1253781633705977,0.18814889994834436,0.1300601090481461
-48,0.007839559982391784,0.1670257076211683,0.14334377047592656,-0.007893991772103023,-0.024661880945626005,-0.06380516960281203,0.20791108140742381
-40,-0.36159867678697266,0.10049850231086262,0.1716532168363103,-0.28391107542548494,-0.24830646733965386,-0.16288815515358543,0.281515619835964
-32,-0.6121372493039493,-0.1019139887832305,0.06973920406969596,-0.6349481165385696,-0.24972194171798637,-0.38936375842387316,0.2206503208580441
-24,-1.0113003665180744,-0.6199768006602769,-0.2996989921016073,-1.0836527831676992,-0.3601287568113771,-0.9272430773350755,0.004083094039414299
-16,-1.4033861579124924,-0.8294666227438672,-0.47097111316734047,-1.3554234407970818,-0.6163292171103145,-1.358962083507324,-0.14171053368007558
-8,-1.1514320988529703,-0.33688235530275945,-0.13975064568747914,-1.072328976737087,-0.20301136295523164,-1.2924349011569705,-0.02281087201258266
0,-0.9617588178633333,0.24204573760999237,0.36132647669062695,-0.8062202718161529,0.3759167185535704,-1.2966812877993292,0.16827783606700847
8,-1.2391913941413675,0.13588529729885238,0.27781361715759917,-1.0525124012792317,0.19190533097184248,-1.598176848529319,0.1300601050947768
16,-1.3835695275636255,-0.1344698286283428,-0.1411661320779725,-1.1119622467100345,-0.2893551598409749,-1.3504692595890686,0.06494839879533554
24,-0.6829108500756683,0.021232070626465895,-0.3492405051760247,-0.5202948907784988,-0.5045069236852215,-0.706429465546666,-0.11623204398309599
32,-0.43661870647169176,-0.08351284786590969,-0.513435272140256,-0.18058160713506824,-0.7989250983826498,-0.5563894067854391,-0.39932646835734575
40,-0.9674206943933968,-0.7218907463716655,-0.8644723675361424,-0.5641745121175862,-1.1315610665459555,-0.9711227012590582,-0.6526959529862955
48,-1.7190363695216326,-1.0177244240333276,-1.0130969304796107,-1.271910544315257,-1.066449332116771,-1.5910994872813415,-0.7362088052207957
56,-2.4310189113722678,-1.2272142958381396,-0.8644723646471419,-2.165073438929145,-0.995675725719103,-2.478600517833486,-0.7333778636106051
64,-3.546410818711462,-1.8995635254451873,-0.8658878405460011,-3.2507404941053752,-1.2179048584139611,-3.7128921278943907,-0.7475325914284036
72,-4.8585534596719215,-2.8889785079428782,-1.0626384502443456,-4.374625389731754,-1.382099613974243,-4.818375903130559,-0.7687646634642804
80,-5.536564616746677,-3.6929666658854647,-1.1928618830662323,-5.038481740225428,-1.3325580856945585,-5.435521706488433,-0.8862488448233863
88,-5.965452695449633,-4.413441966575813,-1.654305782151559,-5.518326825995927,-1.5307241735725523,-5.82477647462038,-1.4481912763669404
96,-6.114077226005883,-4.641332980514367,-1.8963515102231705,-5.672613274896723,-1.9114861734375195,-5.796467071899111,-1.6548501834495566
104,-5.761624666875351,-4.096376193158058,-1.5750393317646845,-5.307421501860419,-1.888838613034464,-5.353424300046365,-1.3420308701155979
112,-5.119000358767282,-3.3447605235037186,-1.1503977123852618,-4.769542087612196,-1.6114060702080168,-4.821206803990635,-1.0844149317890637
120,-4.564135282541651,-2.6752422344424946,-0.8658878379611061,-4.143903404076583,-1.2433833417247284,-4.28191191536408,-0.8834178975872472
128,-3.7304222412653005,-1.8118042617837433,-0.37047259849927483,-3.2323393721946365,-0.6970111234771492,-3.501986846485682,-0.5847532755784469
136,-2.5428411327243965,-0.8422059129800769,-0.005280800526333355,-2.0957153374723965,-0.2313207936541907,-2.2974200995355334,-0.42763589647140937
144,-1.4189563430787255,-0.1118222943783462,0.23676491735775002,-0.9505983876003014,0.02487965143948001,-1.3533001528465112,-0.35261587302084996
152,-0.7876557440875649,0.16136380083262475,0.4278536585848222,-0.17775062264602565,0.24144686898289736,-0.8876098768501958,-0.24928641704669918
160,-0.44228061021918186,0.2816789394633456,0.43634648630439393,0.020415474811285514,0.1989827030155592,-0.5931916653560227,-0.07518334783251104
168,-0.2200514311482611,0.37368462732415564,0.34009439401106334,0.1732864897797588,0.17067326653859882,-0.3568078192883705,0.22772767693623092
176,-0.01056157226792629,0.7162288658063581,0.4745642297449441,0.53706277414478,0.2725872636437881,-0.14307158288883653,0.42589377348122637
184,0.26545540874990653,0.7502002066390194,0.31744682326842694,0.8597903628153744,0.13104003838013442,-0.08220633089519022,0.15270767553330775
192,0.3475528217302392,0.40765594686944356,0.04850712686402841,1.0905123451253869,0.05885096611908309,-0.1756274338337936,-0.1034927925203153
200,0.4140800417896533,0.3114038862030676,0.0966331880639075,1.2575380401671208,0.15368759528597795,-0.14024060311342748,-0.002994292601358256
208,0.46928340128770674,0.1514555118112491,-0.0746389386277745,1.343881826105072,-0.09402001098827623,0.1442692462220386,-0.06669050353919889
216,0.637724593211568,0.03255586458875971,-0.3492405215977125,1.287262988123265,-0.6290684465254589,0.33818894320019904,-0.17426639678924571
224,0.7339767160674843,0.08351284747992993,-0.12276498948807245,1.1697787898863128,-0.5271544586954816,0.48115161380012716,0.04937820997983917
232,0.6532947795942217,0.06086531277377526,-0.04916043539810774,1.0508791581731947,-0.3374812228654861,0.4726588207485629,0.12156726581920248
240,0.47777626686839175,0.05944982607917672,-0.016604576090254338,1.0084149964633313,-0.44505709102684327,0.4245327058740925,0.09467329581383606
248,0.6108306338498886,0.22364456248082212,0.26648983323078124,1.22639762786812,-0.15771626951860113,0.39339237872458527,0.21640391019136412
256,0.950543947295641,0.418979766528638,0.37406571674945777,1.4840136495195142,0.1409483692159927,0.594389434213774,0.32822618415371607
264,1.2562859285757348,0.4939997501413991,0.3542490981086457,1.76144613167695,0.17491968161480595,0.94259554177546,0.2192348364442353
272,1.9710993816260267,0.7133979257166942,0.5297676369875342,2.5626033505942414,0.40281069190409513,1.6262686118729175,0.39050697514807814
280,2.9449440918313092,1.204566736265526,0.910529639437397,3.488322001880434,0.7297847347284316,2.4189329282607264,0.7783463152777551
288,3.697975182037339,1.5754204343366933,1.1808848023133898,4.188980790822995,1.0539278514519492,3.1450700413149146,0.9864207041892843
296,4.370324570387367,1.947689576223609,1.3054463567805819,4.796218234455007,1.0638361456431147,3.7551385849959913,1.1506154868149405
304,5.053997458629838,2.2732481732555136,1.217687089165769,5.492630487591547,0.7977273967789604,4.28877144975345,1.2072343539908608
312,5.9188509146380275,2.4784916242061175,1.0775553583513995,6.156486862261594,0.724122853028577,5.1125762862455995,1.1392916875308028
320,7.138987897083841,2.821035914082122,1.3535724033834051,7.031248726804556,0.835945148886513,6.293080073376324,1.3388732517638149
328,8.578523004319361,3.579728923545014,1.7145177914499308,8.276864226620933,1.0256184088928824,7.627870222129617,1.7182197878941359
336,10.054860409355053,4.370977824398872,2.0514001407816984,9.553619865953833,1.2874807487629372,8.83951434218785,1.9914058946611088
344,11.490149087829629,5.065974601940654,2.474626319994639,10.782249605262672,1.7744031442355614,9.964814573824635,2.2391135187255244
352,12.768320285930084,5.864300830438851,2.8766203633095815,11.942936797016644,2.3703168855930326,11.0561436463317,2.6991419470817815
360,13.669976206996381,6.369624368349322,3.026660427544704,12.874317512313837,2.7312622733554517,12.00026346347185,2.968081643182075
368,14.18379240993007,6.547973875447617,3.1710385640080156,13.36407075451579,2.8048668253166795,12.523988130591587,2.876075938899578
376,14.345156269648017,6.594684468655376,3.3012619790397406,13.634426122054672,3.014356658956272,12.790096936779596,2.8010559561991326
384,14.75564319755023,6.809836162403342,3.48527337924184,13.828345659529585,3.318683176653771,13.043466369862692,3.2851473925755097
392,15.057138676627932,7.183520852262081,3.851880655242379,14.129841143320924,3.3144367623378272,13.339300070332254,3.658832001238124
400,15.340233155437037,7.262787261746788,3.9792731496471814,14.442660520517004,3.36822469550619,13.567191082294123,3.6276916455027157
408,15.582278877426543,7.080191377433399,3.7980926947045366,14.752648938008624,3.3130212818773885,13.697414478319265,3.337519861401015
416,15.640313299720763,6.908919233407714,3.400345028756739,14.945153186153298,3.0596518249220237,13.819144953112446,2.9978065440018935
424,15.82573998073815,6.705091261244971,3.2064253603644803,15.178706069627493,3.076637453904003,14.133379952786154,2.9326948682650382
432,16.077694121449955,6.77586485806332,3.523491090295172,15.325915096611299,3.3512390348972567,14.389580271828164,3.224282085234693
440,16.366450498380598,7.2104147983951785,3.718826262563982,15.481617063529544,3.4007805794465757,14.730709048552406,3.566826335424951
448,16.607080751313614,7.387348856051778,3.568786206691756,15.606178636395109,2.9393366761037747,15.189322021080756,3.6036285900421654
456,17.16194566970858,7.521818585804951,3.7358119291029697,16.21058522006921,2.9421676044853826,15.863086677473651,3.6984652573742793
464,18.224965188962233,8.02006481066814,4.089679939803935,17.19292287020893,3.461645873862916,16.78031274447659,4.052333270508087
472,19.24976696051786,8.565021549975807,4.282184144613601,18.135627243685384,3.8254221533622514,17.72160159370144,4.437341668723469
480,20.191056154902263,9.148196151477155,4.68417818367107,19.08823983669515,4.1792902099831215,18.70110844440021,4.779885930773835
488,21.235674312610175,9.795066862497215,5.089003273664595,19.8568411885499,4.606762760176996,19.819331172467724,4.945496136992233
496,21.95473414333172,10.31312964001036,4.981427343465751,20.30129958257617,4.5133416078212765,20.47752569113482,4.803948948069166
504,22.066556446640238,10.280573714559598,4.780430309872144,20.44284663814905,4.131164161099509,20.498757857899506,4.677971891398004
512,22.007106812106482,10.208384629678175,4.913484719884545,20.360749324002953,4.145318887700886,20.409583010990023,4.877553460952859
520,21.871221453945626,10.249433370684295,5.1059888955001,20.274405538369106,4.308098143794145,20.500173255035087,4.929925923240099
528,21.740997926090827,10.069668455958789,4.948871504380902,20.108795281821273,4.165135533255019,20.58085531421485,4.995037663599338
536,21.33475747195715,9.865840356680017,4.9134847121298595,19.579408607710285,4.248648343218878,20.235480194335313,5.098367152264811
544,20.43310162144329,9.731370563216776,4.9007454361866,18.70181602157734,4.250063822158791,19.383365857199976,5.006361458169842
552,19.48756632612349,9.18075194874752,4.667192552256247,17.83271619550053,3.9556456295191484,18.292036900404995,4.61569117445329
560,18.64252954653612,8.624471465806993,4.471857422258079,17.143381260124908,3.8707173106610018,17.441338127207015,4.35949071172151
568,17.991412442031333,8.38667206735799,4.314740026425249,16.58002342293083,3.7688033082339687,16.919028892347026,4.335427670401858
576,16.977934304630647,7.8983341827579245,3.8858519411840278,15.637318955181719,3.424843628064756,15.959338872098426,3.9674049258009876
584,15.512920713932305,7.033480766131375,3.396098610487426,14.339330980305679,2.9789698708106522,14.6839984641637,3.4663278105693567
592,14.423007268312404,6.482862178119284,3.152637416400378,13.422105169359426,2.7071992379658547,13.855947415281548,3.246929644725432
600,13.950239555649986,6.378117152581831,3.0705400612000586,13.035681231535113,2.5486663692752187,13.476600921269814,3.130860917065496
608,13.784629235696194,6.36679343236508,3.0096747530989787,12.877148391734485,2.7086147172098727,13.060452088099584,3.0048838946061838
616,13.592125182026878,6.225246209230163,2.8893596153805734,12.500632897873219,2.731262291601773,12.707999477879357,2.772746508318223
624,13.320354482126858,6.065297884407515,2.6713769385120374,11.941521325983468,2.4410904903181216,12.574945056463005,2.3948154550811833
632,12.73576449200488,5.936489926876276,2.576540311017722,11.36967060496238,2.162242481932395,12.243724670635425,2.658093269481623
640,12.175237490592329,5.840237798394412,2.797353935578554,10.838868728191175,2.276895746313843,11.847392458842956,2.8732450114302863
648,11.824200529611,5.780787925442076,2.978534371362563,10.670427348786378,2.494878436106855,11.509094557281891,2.8109642286467684
656,11.633111774699188,5.80626642563069,2.8440644982237266,10.612393023045602,2.507617685745004,11.336407015360363,2.676494417089262
664,11.372664764909487,5.803435534197879,2.8072622606364117,10.377424635998965,2.408534643782692,11.009432966149811,2.668001564433052
672,11.095232479660254,5.7609714111093915,2.9190845405288175,10.105653966509475,2.589715088689861,10.77163366531862,2.8704140717967808
680,10.646527669949561,5.44673660393436,2.8384026169800305,9.55220449892468,2.4538297242948457,10.42908946789064,2.9822363513850805
688,10.001072581103028,4.939997558650127,2.553892710016606,8.947797969533381,2.184890065599508,9.833175644272677,2.615629108988181
696,9.238132954942092,4.454490571108821,2.1292510859235487,8.476445678943183,1.8480076995419459,9.36890089708955,2.1881565238221947
704,8.684683401751649,4.235092492543126,1.7881223286620493,8.118331359298772,1.6951367035800557,8.897548615470459,1.8512741699288466
712,7.892019059058729,3.8458376380452655,1.4908731827041606,7.5224174464258935,1.5861453531336271,8.127531871041706,1.3303804144649245
720,7.1672973022379525,3.4325197934695004,1.1299278124277965,6.756647099739344,1.3837328524602173,7.234368942824179,0.9666040919346842
728,6.857308956819297,3.2074597177959787,1.0676470296442788,6.516016853040488,1.252093943283313,6.941366234294238,0.9156471411266263
736,6.477962433461398,2.983815144174375,1.2275953827487243,6.167810746239066,1.2945581150286523,6.693658609925717,0.9666041164151633
744,5.589045930051447,2.321374204348966,1.0067817480003625,5.264739466506516,0.9859851824069981,6.215228950484909,0.9198935472317259
752,4.926605026718678,1.8769159933941046,0.7194409091581168,4.508877471791145,0.37450125329839756,5.898163280462966,0.8632746499493785
760,4.7128687212872356,2.052434503991198,0.7378420506836478,4.266831747977008,0.18907440319844468,5.855699025696872,1.0869192469870927
768,4.50054796413172,2.310050455394261,0.981303210710899,4.0983905590942,0.3801631231381436,5.395670676255948,1.1888332228049094
776,4.026364759452864,2.2605089400390534,1.0025353269941015,3.839359140763384,0.5556816749415088,4.779940381336203,1.0034063731611145
784,3.3851559099096526,1.9207955998320312,0.9331771856995541,3.312803537507352,0.609469606437292,4.236398964506257,0.89158408931534
792,2.610892771844119,1.3899935956406908,0.6033722102361349,2.6588553960553516,0.6986443513194378,3.4111789169909916,0.7203119690098699
800,1.6880049055538706,0.7671858897517482,0.2990456838716329,1.9525348431017002,0.3688393586740669,2.4925374823506905,0.37352130359135194
808,0.9094952102428892,0.3439597149483355,-0.023681933688967788,1.234890482044856,0.04469624803265567,1.859821476188475,0.19658729565597405
816,0.3588765930366855,0.345375194040301,0.030105991572656126,0.732397900493684,-0.017584528668755855,1.4167786587199287,0.16403143497964653
824,0.05171915303968355,0.41614880423928535,0.0032120341876613113,0.33465026450026136,-0.27520044069017857,0.9157015485060367,-0.036965577174533554
832,-0.2837476665665813,0.3071574595708581,-0.03217476125648654,0.051555889239023045,-0.3884382197455015,0.550509809985687,0.008329523864729953
840,-0.597982469788245,0.4147332912395756,0.19288526697660352,-0.092822355029628,-0.19451851896602468,0.34243537408988367,0.3268107097753831
848,-0.9886528292270241,0.37651554445386726,0.14051281989462894,-0.45235228605182437,-0.2851087488701896,-0.038326590042707484,0.2956703481099201
856,-1.6610021106840303,-0.16136379224749675,-0.4582318836001435,-1.0978074439302719,-0.7224896160631293,-0.6667962162528822,-0.20399130065011642
864,-2.371569068374308,-0.8492832280040444,-0.9097674735931439,-1.7305234599759103,-0.940472320453198,-1.5528817430805286,-0.8154752384257186
872,-3.0014541628807065,-1.2781712860278378,-0.9862029574331912,-2.1863055500425577,-0.8796070382010711,-2.3696091094549914,-1.01505680326694
880,-3.648324799394963,-1.6405321547068554,-1.216924910092934,-2.619440028920559,-0.913578345278041,-3.0037406479276045,-1.1240481605557389
888,-4.4211726729148415,-1.9958156382656274,-1.5608846343574185,-3.048328058814609,-1.2603689837832373,-3.670428003285379,-1.3802486064096724
896,-4.848645148146752,-2.14444020774736,-1.6189189749993556,-3.392287676794283,-1.488260020529691,-4.129040953309934,-1.3491082018653582
904,-5.338398560799742,-2.4275346201094488,-1.65430579705272,-3.8877028612130484,-1.5830966454391109,-4.614547944500504,-1.548689786169321
912,-5.996593072928571,-2.7898954734311467,-1.8722884728568874,-4.492109519545007,-1.8817612668397012,-5.233109198668549,-1.8133830583743524
920,-6.316489719532819,-2.833775092945603,-1.6967699561776879,-4.7129231804464276,-1.7727699054454804,-5.649257996410506,-1.7496868307107187
928,-6.000839556580532,-2.3751621862560564,-1.1121799505463388,-4.351977778391056,-1.0678648104484734,-5.575653451595754,-1.330707085732622
936,-5.843722025572882,-2.2647553080608094,-0.9536471026869173,-4.267049523395028,-0.9079164564317121,-5.424197928795775,-1.1778360766942026
944,-6.292426756976447,-2.706382624997964,-1.5099276301788762,-4.697353010637513,-1.3905924266406013,-5.7384327362749135,-1.6010622353800328
