-240,-5.098823149688543,-2.595928189559625,-1.5999054147217138,-2.269811576769615,-1.2974639464742865,-4.9837819275159685,-2.3181621516123414
-232,-3.850376768969,-1.330142204864667,-0.022007869771466737,0.27043005211565374,0.26309403082212546,-3.657307627861602,-1.3211390720680356
-224,-0.3824701588600877,0.6205552395146631,1.2957966977443836,1.8743367692670572,1.6675962196089902,-0.14605224250744156,-0.6102182054892182
-216,-0.5645351717248561,-0.5585330102879263,-0.7329287810537677,-0.2237466038921132,-0.3697987659476123,-1.8800054837663012,-1.9627017611637716
-208,-2.0817444743588567,-1.659593305765436,-1.3484821489367347,-0.8132907548704399,-1.1067290897122943,-3.9867587660152743,-2.4655482405796647
-200,-0.20040488895028824,0.7419319402139922,1.3218059295501845,1.5795647403440225,1.4595218557291307,0.4521616638924639,-0.09870191570371403
-192,3.111445951275528,3.212815384165599,3.896726705850317,2.455211234672998,4.121140186245052,4.2321798528831165,2.4155302932485934
-184,2.9640598660334945,2.4932248543661375,3.125117348292126,1.744290315940117,3.1154472739793935,1.2151011235367224,2.3548418795689936
-176,1.5422179615125058,1.2621180431630752,1.139740890608384,1.5015368260658137,0.9219962400742445,-0.8309638921816187,1.2017629891633983
-168,1.4295111456885932,1.3748248766821167,0.9056571375292083,1.1113973496696699,0.39314054095974316,1.7092779089983265,1.3751583984121678
-160,0.8486366784200072,1.2187689754825373,1.0010245049085755,0.6172207048377739,0.3584614894711053,2.0300591948728726,1.94736301805824
-152,-1.7696327101439242,-0.9746817995149354,-1.1664170755359988,-0.5098489863583102,-1.2974639557875123,-0.978349698026879,0.05735380481928559
-144,-2.8013349147513513,-2.708635156257795,-2.961058678320394,-2.3131603846111553,-2.8753613936356626,-1.827986945648893,-1.6765994662418962
-136,-1.5355490101501343,-2.457211891404138,-2.5969285538706632,-1.6889371923887384,-2.8406824045456376,-0.06802422298978139,-1.3211390068754558
-128,-1.2841258114203808,-1.867667781404004,-1.677933203271375,-0.2931048521557105,-1.8003103243760195,-1.082387045276566,-1.0350367063656454
-120,-1.9516977937892082,-1.7549609404343824,-0.5335240161332947,-0.7092536674597515,-0.7859476985982978,-4.428916988213761,-1.3037995155900717
-112,-0.7466002944856884,-0.3938075054723479,1.03570360203202,-0.12837920764174587,0.4538288941033755,-2.4695497427780464,0.3174468604847791
-104,1.4121715920045974,1.1320714380305552,1.0270338335719247,1.8309880061290014,0.471168496216146,3.3565334032576253,1.2451118035241961
-96,2.61726915743202,2.0337272200446863,0.9056571477737565,2.2037879688880198,0.046349894756881005,4.6916774983804395,1.58323276694864
-88,1.9236878668889408,2.69262943115945,2.1714430635508437,1.6749321608087766,1.5722288382597838,1.8046452503006623,1.57456302922219
-80,0.5105158006772397,2.597261949227406,3.3331917233478565,1.3021322651049845,3.626963505091576,-0.6488986641813357,1.2017630590125918
-72,1.1087296940386293,2.3631783600610037,3.047089552291884,1.1720857707998502,3.861047182733623,-0.2240801577169731,1.2537816008552904
-64,2.071073781698942,1.834322477475955,1.1310711146977086,0.9553415397397029,1.3901637387820158,0.9723476941983861,0.3694654544815418
-56,1.4728599404916167,-0.15972374121730123,-1.8253193741950848,-0.04168163293686056,-1.913017319013866,-0.23274991406987455,-1.191092494875193
-48,-0.14838648680597546,-1.3128027713212822,-2.5882588226634713,-0.3537931093731178,-2.2858172761849485,-1.2557822962004974,-2.283483170904219
-40,-0.6772421123459937,-0.36779820661132134,-1.2791240608606198,0.5738718709192024,-0.6385616068370067,1.2324406399678152,-0.6362274670973422
-32,-1.0327024543657901,-0.454495870723174,-0.43815663292144347,-0.28443502874758336,-0.274431451653632,1.5965709693085115,0.9156607082113624
-24,-1.8650001445785163,-1.989044551952527,-1.4178403161752682,-3.483578797967102,-1.6442545349351492,-1.0910567317802746,-0.8616414703428747
-16,-2.3158280337229367,-3.1768024798769217,-2.8310121616635184,-4.558629886784519,-2.2684777187756624,-1.9406939197976425,-2.387520336546004
-8,-2.60193030629307,-3.6796489481169448,-3.3772075094569187,-3.544267252624894,-2.0604033623463835,-2.2267962147195175,-2.5522458748891954
0,-2.2204605983570223,-3.2288211260277495,-2.8223425003055196,-1.9577000276901977,-1.9216870800233803,-3.215149499726696,-1.9106831597164273
8,0.2590926317498088,-1.174086434050248,-0.585542662284122,0.5305230053356638,-1.2541150594703283,-0.622889359732373,0.5948793729767206
16,2.903371361084283,1.0973923157614016,1.5472198666718147,2.2991553558251607,-0.4564965529940448,3.3218542530487936,3.2391581749543548
24,3.7356690382584934,2.111755085894122,1.7032757399317167,3.512922675742839,0.497177743854431,3.8940589900415095,3.334525584243238
32,3.44089693017304,3.256164262787654,1.8159826228108547,3.5302622070750944,2.083744982758967,3.807361324998335,2.164107131771743
40,2.2791482983157034,3.88905721415694,2.6309407230180044,0.8859835280320393,2.6646193960108433,4.544291469017759,1.8693350469693542
48,1.0307018673047426,2.987401501992001,2.622270887502685,-0.5792070949235214,2.1791126025267515,2.6022635872762363,2.5629163822159167
56,-0.035679445601999794,1.1147319365006232,2.032726752356841,1.3974997414490926,1.6242474089734826,-0.882982376282318,3.256497661583125
64,-2.5499117160215974,-2.9947374167207337,0.4288200631451148,0.6345601989171256,-0.690580187795254,-4.463595845987304,1.409837468527257
72,-7.517688029445708,-9.028894985309586,-4.2008354461107125,-5.061476467714574,-5.146840299909504,-9.153939646919474,-3.566608593799174
80,-12.520143126137553,-14.395480451389,-9.333337095781014,-11.008936135635638,-9.421035047119053,-13.618869376619564,-8.985212639905512
88,-14.886989445425568,-16.640950081153555,-11.431420586286826,-14.702256797418855,-10.548104751353653,-14.945343685587153,-11.906923891045153
96,-13.907306016422806,-16.17278238873069,-10.824536944023116,-13.852619657830262,-9.108923520391377,-12.994646289636597,-11.482105419971049
104,-10.690822563134132,-13.658550438686058,-8.301634827843651,-8.815485263780618,-7.210244629030617,-9.127930310805544,-8.950533510185778
112,-7.795120474882424,-9.48839256282036,-4.53028635515903,-5.35624829174664,-4.9387659239224515,-6.206219096918806,-5.300561861135066
120,-6.009148506447674,-5.838420917494939,-2.3281657614100437,-4.914090412274862,-2.415863811468276,-5.001121511002287,-2.9337155530229215
128,-3.243493025191128,-3.705658239527391,-2.518900646111713,-2.6339418018021834,-1.5835661976240005,-3.1284518328208755,-2.8036691835150123
136,-0.3911397652700541,-2.535239783330606,-2.9263796156558852,0.313778886034225,-1.930356882942411,-0.7442661349375087,-3.0030737975612283
144,1.1173994978889823,-1.1480771873432856,-2.0073844531837564,1.120067083670829,-1.8436592337317195,0.6428965132038755,-1.858664614148438
152,3.380208645947278,1.8343225668829224,-0.030677645682142388,3.200811115487551,-0.5345244533024154,1.657259191135661,-0.3501251386478544
160,6.007147862575948,4.296536276833369,1.5212105789866586,6.625368842317794,1.043373067433444,3.3998822995748084,0.5688700554892421
168,5.617008307948708,2.883364232973411,0.7149222546901841,7.024178118839001,0.32378239700427414,3.1051101430605814,-0.09870192501693947
176,4.151817805133759,1.2621179584127211,0.8536385500517027,5.056141217633222,0.7746103168823397,2.2641428212921784,0.17873059399425956
184,5.911780438385904,4.556629224465443,4.40824282520379,5.593666733636593,4.3552238238402285,4.882412406365171,3.9153998978435993
192,6.015817618928849,6.281912761525467,4.893749719270719,5.264215496762728,4.424582098180858,5.177184465090528,4.296869649551809
200,2.998738705180586,3.5335968162577887,1.5212105463903687,2.2471368586859453,1.060712591315118,1.2411104093592331,0.3954747458919881
208,3.796357373706997,4.157819847361399,2.6656197586741586,3.4175552292010525,2.4738845122404967,1.6399196700479552,1.7132792817428708
216,7.8104592906311145,8.01586605493839,6.757749398955358,7.596382798089717,6.10651669328889,6.520998346368566,6.516329958103596
224,8.954868372529747,8.536051946477249,6.931144913443579,7.856475637688374,5.516972542310564,8.68843980015327,7.530692535452544
232,8.252617320977151,7.660405519203499,4.89374977701272,6.330596783592438,3.800358800718991,7.4746726143460425,6.24756718520075
240,8.885510298423469,7.91182893400009,4.729024200485302,7.56170367768321,4.346554119641391,7.041184225800231,5.146506811492144
248,8.95486833062023,6.6373732562821655,4.624986932398035,8.870838336109257,5.170181874687282,7.79545389370133,3.4645721493288875
256,6.197882641106844,3.039420068049087,2.613601173990621,6.4172945333859674,3.835037893185822,5.185854186053172,1.626581496559083
264,3.631631701253355,0.23041569420064847,-0.18673344909285094,3.0967738567135084,0.843968473876325,1.1457430335979626,0.46483292058110215
272,3.4929155958816414,0.23041573424751982,-0.8543055245939354,2.411862300171589,-0.5692035550824727,2.8450172084670236,0.2047398490831257
280,4.880078154616058,2.189782972232654,0.6889129511725443,3.998429715096092,1.1300706756659422,6.243565798486369,1.019697935320437
288,5.98113860655576,3.230154935055628,1.850661730178847,6.530001383668815,2.343837950880138,4.032775195996061,2.1554373642429705
296,4.880078260786831,1.8343225575696969,1.4258431035738728,7.102206078752016,1.3121358096026459,0.9289987783234277,1.9473629584535952
304,2.4698830032721166,-0.42848654205982484,0.5155176210861939,3.8163645457691304,-0.21374307150164495,1.8913429498027718,0.9763491218909623
312,2.964059761725366,0.031011032656981574,0.8102897068199058,1.9090158729097593,-0.5345244309506738,3.295845108787314,0.6642375113442542
320,5.538980324752629,2.8140061951887154,2.0153872498955865,4.111136683656905,0.2717637881063497,5.445947150449053,2.2074559731408954
328,5.712375735864043,2.8833643149297967,1.9720383936252739,4.726689984484647,0.5231870864876188,6.590356352488294,2.3895209999755025
336,2.8166737435385585,-0.5325236965257386,0.14271761641766012,1.6922717256686437,-0.4131477209381188,4.3882357522200515,0.031344561837613916
344,1.4208413483574984,-2.2231281522948008,-0.273431079677091,0.6865787891885986,-0.74259884791592,2.550245175818698,-0.7055855682119732
352,2.3658459139987826,-0.055686533666000654,1.9286895494621537,2.8193413553974382,0.6532336292215263,3.4779102976720493,1.6699304273352022
360,3.813696964643896,2.3458386899616857,3.3592010790195603,5.281555035545563,1.953698524775414,2.654282367537515,3.135120994411409
368,4.567966706119478,1.938359664538159,2.951722098299517,5.741052740647528,1.953698568547575,1.3104684909160893,2.103418788872659
376,3.6142922965809707,-0.4198167633551816,0.5762059639852781,3.2701692128768904,-0.014338436966332191,2.515566083351867,-0.636227452196181
384,1.7849715435877442,-2.1364305533755283,-1.9727053737554414,1.1807554675481065,-2.6932963425866685,2.7496498476069138,-2.3961900835856795
392,1.6462552985176442,-1.8243190173346264,-2.2501378936979624,2.1864485120615704,-2.8233428145400605,0.5128500859539671,-1.9193529328331351
400,2.3224970465525985,-1.6769328985649807,-1.6432542560908654,3.5042529715440027,-2.2424685065276346,-0.4668334697086649,-0.9309995407238603
408,2.8080039778724317,-2.283816547347949,-1.6345844773862221,2.810671589731311,-2.9100404712013326,0.8769801908459227,-1.6592599479481582
416,2.270478473976255,-2.2491375200736976,-1.2617845444295268,1.8569972938141577,-2.5805893982402406,2.6456126335363543,-1.5292134219780569
424,0.29377167392522097,-2.1624398298848133,-0.5421938805196149,1.0246997488877525,-1.3928313306174602,1.2757894384961292,-0.39347410295158647
432,-1.7176142008975148,-2.7779932592350707,-0.21274272094552338,-1.0040256609925282,-1.4708592774919593,-1.4378474180300072,0.031344534829258974
440,-1.457521148957312,-2.500560736498581,-0.23875199838613081,-1.4288442047097933,-2.337835810577068,-0.08536389215777707,-0.35012520197778946
448,-0.35646087024360923,-2.6045978974837527,-0.5855426585588315,0.7906160367867693,-2.9793985816291895,2.550245182337956,-0.6362274326384068
456,-0.8506375243887303,-4.035109465225385,-1.1750869185018997,1.0073601467749822,-2.8320126863769617,0.3828035264562528,-1.0870553236454725
464,-1.9603675613179803,-4.459927876694844,-1.521877436182247,-1.610909388006593,-2.62393820608178,-2.7729913939435322,-1.6332505913451314
472,-2.45454426202923,-3.9050629001397357,-1.9293564858201597,-2.6512814039149535,-3.0574264297834954,-2.9290472690660794,-2.283483088947833
480,-2.7926651379093523,-4.1044676278073045,-2.49289140313004,-1.4808628396847499,-3.5429335008017144,-2.2267961346257765,-2.5609156126156454
488,-2.3071582978591327,-4.572634920692787,-1.8166495284352162,-1.0647140430071604,-2.927380080764684,-3.041754205961926,-1.633250587619841
496,-0.7986189322546127,-3.8530443433958745,-0.6895799247834543,-1.6022395627358206,-3.187473066580984,-2.4955588488553007,0.4561630822718144
504,-0.15705618541687702,-2.8560212154227957,-0.3861380733836154,-1.203430360720421,-4.227844897156151,0.3654639969866438,1.366488597355783
512,-0.7899491218850017,-3.2028118606943354,-0.5508636219713551,-0.3277839148202195,-3.7943566566906295,1.813314984301822,-0.18539968505501775
520,-1.0153630478307607,-3.3068489928085074,-1.0883891640517573,-0.30177464203622456,-2.9100404488495912,0.04468256116916369,-2.023390115238726
528,0.07702752482146025,-2.2838164989191756,-1.2791239835608466,0.20974170735392453,-2.8493521236456356,-0.9870195326108768,-1.8586645750328898
536,2.279148261062801,-0.5238538954693536,-0.34278923201446343,2.4812204906931865,-1.9130173246018014,1.2497801563989086,-0.08136243093758833
544,1.9496970642358062,-0.9053237039882399,-0.49884505032633353,3.5042528877249715,-1.635584821423086,1.3711569260161085,0.1960700983181594
552,-0.27843288984149706,-3.4715745860997305,-2.250137870414899,1.8569972826382868,-2.623938131575975,-0.8829824004967048,-1.5899017909541726
560,0.7185902958735817,-3.003407252236055,-1.079719374171243,1.943694984934364,-2.008384676148685,0.9636779117684529,-0.35012520197778924
568,2.695296960882843,-0.7926167968947152,0.49817815028990714,2.611267028770481,-1.375491763894948,3.824700793931977,2.4502094658091664
576,-0.044349194504320434,-3.0987746093708735,-2.7789936309966903,-0.7699419544794811,-4.678672836591991,-1.2297730681199868,-0.03801362309604889
584,-3.7463394263759255,-7.390309003396675,-6.628369974187361,-3.934406703875328,-8.129239906986745,-6.735074886371596,-4.6243199510499835
592,-1.9083489971235394,-6.315257981634484,-5.223867817065464,-0.8913186775305519,-6.499323840682896,-1.7499589894611671,-4.364227063953877
600,2.643278359435499,-1.425509643955872,-1.1057287056285598,3.2354900999209626,-1.9476963984421813,5.471956404606598,-0.3761344896629453
608,4.628654974512756,1.669596930750861,1.1310710560243862,3.6342995375609735,0.6272243052147903,5.281221582303539,2.2334651974961157
616,4.3078736355528235,2.6752898309093256,2.336168597237422,2.671955288781856,1.121400934214202,2.342170844535129,3.6292977575212717
624,3.2675015861168504,1.3054668398287435,1.9026803502526421,2.5158995477697603,0.40181032897761243,1.6832685365628166,3.3345256065949798
632,1.2301064841449263,-2.257807311816858,-0.9236635623786309,1.2847927132836334,-1.8349894652716245,1.1370731422032876,0.3781351959332826
640,-0.7292607324197886,-4.902086102618622,-2.501561075663911,-0.9346675058611881,-2.7019660337469897,-0.34545678949843217,-2.1274273674935102
648,-0.6772421868517993,-4.3645604748565425,-1.0450403077814439,-1.402834849969412,-1.0547104174844346,-0.39747540398429193,-1.5032041938975458
656,-0.4084794567897916,-3.1941421453196273,0.038680523419036494,-1.2641186179378279,-1.115398819056841,-0.6749079686302979,-0.8182926056906585
664,-2.203121070750058,-4.4512581277925225,-1.7039425282094343,-1.9750394733407743,-3.187473007907661,-3.215149532322986,-2.1794458897784352
672,-2.8273441800847654,-5.3615836177307825,-2.8830308869767647,-1.9056813927152407,-3.560273022820743,-4.281530873169407,-2.638943546451628
680,-1.032702551223338,-3.7229977894860973,-1.0190310610744813,-0.7265931261488453,-1.5748964245072923,-1.5592241485316594,-0.549529854208231
688,0.4151485105976458,-1.0527097706038222,1.2524477222647805,0.32244856974396596,0.41914983702680225,0.4608315226908487,1.2364419987425208
696,0.5625344505533574,-0.350458563520358,0.9316663833048482,0.7472671283623922,0.28910337066134595,-0.9610103939373333,0.9763491032645104
704,0.5105158230289816,-1.9456957552868588,-0.7069194337639672,0.6432300064927683,-1.089389588182362,-2.4088612620432217,0.040014266036450585
712,0.2070740228518842,-4.199835022195028,-1.2444449460420473,-0.16305826099302886,-1.9737056982345305,-0.7182568630848366,-0.19406944885849958
720,-0.6685723634436727,-5.12750001459454,-2.2588076984796386,-1.307467490971948,-3.0227474677018256,1.4231754222240012,-1.4771948717534542
728,0.2504229163751008,-3.029416484041856,-2.1114216393146377,-0.6052164310374508,-2.8840311835161767,2.272812681953208,-1.8846738720312715
736,3.1808039145544176,0.2390854756992599,1.165750189469411,3.0620948583102576,0.020340662951079613,3.5039195127140452,0.4388235388323662
744,2.9207108719274406,-0.8012865150633907,1.6946058885839121,4.189164475931858,0.8873173189707673,3.3131845767896344,0.45616301894187944
752,-0.8853165367618203,-5.231537226802454,-1.9120169377240994,0.03634624129447783,-1.9737057224489174,-0.5101823855836229,-3.0724318819120526
760,-1.0240328228101134,-4.63332321981971,-2.5969285538706632,-1.9923790083983195,-2.814672965986224,-1.7846380893785785,-2.977064494974911
768,1.611576218158007,-0.8272957850534185,-0.1693939298677901,-0.08503041842665815,-1.869668514897617,1.3278081069986987,-0.038013587705791246
776,1.0740506900474434,-1.8069794925216298,-0.46416596810405064,0.3918067286005952,-2.606598678474816,2.7409799869458844,0.248088761232793
784,-0.6078839963302018,-4.650662924377965,-2.1981192698988776,-0.7526024399110331,-3.1874730060450167,0.8509709003667993,-1.2344413939863443
792,-1.0327025605365634,-5.179518525703594,-2.8223425003055196,-0.9346675188997041,-3.594952072446736,-0.9783499513466198,-1.6852692747488618
800,-1.223437434062362,-4.66800240914409,-2.7703238709184985,-1.4721930572548163,-3.594952046369704,0.3741338054936094,-1.0870553487911823
808,-1.5962374368682501,-3.835704737557814,-1.69527292645608,-2.200453356445695,-1.5142080778829177,1.7266173760693233,-0.9223297620192172
816,-2.2724791252985597,-3.3415280349839187,-0.7676077990147927,-2.477885919229055,0.029010341072884693,-1.455186960538132,-2.292152841575444
824,-2.610600021667779,-3.775016409559891,-1.5565564764950135,-2.67729070650127,-0.9073243685639829,-3.735335526307327,-3.0377527363598347
832,-3.4342278847470875,-5.387592968745873,-3.385877313307272,-3.5009184093930967,-2.658617261295708,-3.197810027999087,-3.089771371334791
840,-3.9890929991379385,-6.055164993024216,-3.0477563908610206,-3.6656439402857077,-2.77132425034562,-3.926070521836384,-2.3961901078000665
848,-1.622246702201664,-3.6969885492983923,0.2380851635422846,-2.599262709335352,-0.014338414614590511,-3.475242469710513,0.5515305427834389
856,0.6058833030983808,-1.5295468654770112,2.1454338401269455,-1.6195790540212052,1.650256641710607,0.6168872087549135,3.065762883983552
864,-0.1397166186943648,-2.4138630602795343,0.6368943655576844,-0.995355835721756,0.18506613237640024,2.619603248993651,1.4878654079511757
872,-0.7639397094026206,-3.532263015611814,-0.9410030639085627,-0.05902114378001788,-1.1500778928972208,0.3914733554523151,-0.8529715249314904
880,-0.6338933492079379,-4.208504774822638,-1.8253192102823117,-0.14571890288677347,-1.4275103876940336,-1.3858287159998257,-1.5985715696588159
888,-0.7205908680334687,-4.815388426399574,-2.4408726489457946,-1.0040256293275607,-1.2887941249288044,0.2267477500538988,-1.581232082098723
896,0.31111120339483056,-3.21148153136556,-2.206789063504682,-0.9606768363871827,-0.7339290710739219,2.862356782640116,-1.11306469142437
904,0.6492321407422426,-1.9630352456409195,-2.0940820921498995,-1.3334767991462007,-1.4015011698580704,2.454877630556719,-1.2171018542721868
912,-0.00966999772936078,-2.9167094866100416,-1.8946774138424256,-1.1080629477062478,-2.6932963202349267,0.9723475479807417,-0.5061809057369828
920,2.5912597533315425,-1.2347747983697512,1.1830896937933104,2.9753970461181156,-0.7165895704753122,3.1051102753083866,3.074432670138776
928,4.897417753003537,1.0106948341887734,2.873694122554018,4.839396925105786,1.3988335444950142,4.6483287464182546,4.76503702905029
936,2.019055205397308,-0.9400027638587817,0.30744326558823776,0.3744672252080192,-0.4911756314910376,2.9403846736352612,1.4531862949952479
944,-0.8766467841342094,-2.838681618897961,-1.8773379020679453,-2.5212347419717562,-2.476552135740908,2.1687754194538753,-1.0697157923132181
