-240,-2.0914143981192814,-1.8650844970353775,-0.11711819830373879,-1.7531729960215094,0.4809430517097444,-1.759472492346893,-0.498620062175727
-232,-2.1365390342968387,-1.9185655013596816,-0.7739313300612681,-1.94369901360407,-0.2845033135289282,-1.694292569493286,-1.0902532515106542
-224,-2.012864240881079,-1.8901537556936607,-1.0781043191769257,-1.89356059341435,-0.5920188817522722,-1.306555466237888,-1.2105854620485532
-216,-1.4245736410666987,-1.285150247773603,-0.934374269426035,-1.1732387961310518,-0.38645142003327637,-0.8670088362718648,-0.9983328731732307
-208,-0.6006324456605899,-0.6132955262791348,-0.872536857637462,-0.1972109767244969,-0.5168113310901628,-0.37732364518345235,-0.9231252189211205
-200,0.1815267621545576,-0.053416697085732205,-0.8274122719084147,0.5114116627132596,-0.5519082121709854,0.38310886010099476,-0.6858034331465452
-192,0.6210734590860406,0.25577021751335316,-0.9159901578521373,0.6551419031272012,-0.6755828994832953,0.7959151245287656,-0.47856469399212026
-184,0.4121634038967928,-0.045060303804496625,-0.8959347772808178,0.10696195996779864,-0.9062196001120468,0.7290638759456037,-0.34820484882350095
-176,0.17149905445428779,-0.03837517036454778,-0.2508205988818126,-0.03676815513276309,-0.36472480331890217,0.613745513871878,0.1464941361513372
-168,0.1213606759160067,0.34769055222448547,0.6249302225161526,-0.02506922385668297,0.5193824977152207,0.22935109708434015,0.6027536440616519
-160,-0.8011860565814958,-0.02166233784186844,0.6132312986008869,-0.882436044631566,0.5009984425143912,-0.9422164339713741,0.5509439726481844
-152,-1.966068456351646,-0.8088353280533899,0.23217941137018622,-1.8267093428563355,0.016327118022890545,-1.913230208685212,0.31529343558390766
-144,-1.768857314305741,-0.8740153106911744,0.3157434084550223,-1.455685144475039,0.13665927129006156,-1.583988013514166,0.5292173347490269
-136,-0.8195702020869526,-0.5096762053551113,0.38927975187873926,-0.6735259413277251,0.3188288393978502,-0.7065659234778434,0.45400972071209905
-128,-0.5471515081222134,-0.738641583306354,-0.33438467980812175,-0.7019377376217885,-0.09899119791109551,-0.6397147025426195,-0.33650588989948316
-120,-0.5872621622637424,-1.111337108135334,-1.022952053216014,-0.6334152180663519,-0.7090085158754652,-0.7984862779375025,-0.9816200395733584
-112,0.21662364018333502,-0.5146900665660606,-0.8775507339291048,0.39107959975071577,-0.6856105727134091,0.05888047174268339,-0.8328761253799408
-104,1.2695302088728553,0.7421127262631422,-0.18731196549228243,1.5058234910013724,0.1466869865306777,1.2705587118767387,-0.448481625828122
-96,1.7892983900288173,1.54599855743535,0.3942935746698273,1.6228131639034904,0.7533617092294753,1.6549531362046235,-0.20113214204800806
-88,1.625512922363937,1.4490642543326266,0.5213109102096681,1.3236539561070144,0.6263444675849033,1.5513337517262495,0.14482291239599485
-80,1.0422361282851,0.6468497122654326,0.16867074746020527,0.9108477728277354,-0.027126175908163002,0.9480016284222623,0.19329000793335277
-72,0.10631909461707519,-0.2539703570188914,-0.12547458709667306,0.05849476119950475,-0.14578705748493095,-0.05978046279604291,0.032847108065639945
-64,-0.5454801714412032,-0.22388731291218966,0.3224285266347459,-0.4763148890478508,0.40573540374125683,-0.6530848889921528,0.2952381007932645
-56,-0.4000787447941205,0.36607461712004613,0.957515049936376,-0.2908027558358761,0.7984863209906722,-0.6380433845329437,0.7698817003494176
-48,0.10966173548379127,0.6652338353293822,1.1998506780710343,0.15877162473857986,0.8335831588042679,-0.07649320627081914,0.9152830496181812
-40,0.02944025072071491,0.14212312551424167,0.6316153897081288,-0.17548445390539122,0.22523717805950358,0.007070827079493383,0.51751835499929
-32,-0.6741687766965945,-0.9274962803657902,-0.24580673820945942,-0.7687888903348284,-0.5569220213176369,-0.708237155850725,-0.2412428683614268
-24,-0.7042517816653066,-0.8756865854336224,-0.49984134735057933,-0.396093372148535,-0.6204306428580509,-0.8051713625447301,-0.5170041010391392
-16,0.5007413268241205,0.39950028306306534,0.21713787800631584,0.6434429118874115,0.15002955091673525,0.4048355064381594,0.1615356822619843
-8,1.2177205670821771,1.0496282921525697,0.46782992114558936,0.6517993387411428,0.4274620854462373,1.2555171612777898,0.3654318266894333
0,0.8934921765694803,0.5482442342400881,0.02828320213166302,0.02172663517855628,-0.012084622616233442,1.06666250389494,-0.19778959866720172
8,0.7414056742917726,0.6117528320822702,0.2054389133372719,0.180498327987408,0.1299741663957105,1.0298943130629168,-0.26965462479937186
16,1.344737883591619,1.7549085900035575,1.2215773434385977,0.8790935085563326,0.990683512418661,1.7686002457978773,0.78659450701948
24,2.205447180243252,2.894721736501387,1.9084735178665722,1.5593044935303562,1.4887250759625896,2.3502057647752035,1.7693073009801095
32,2.4761946339357,3.274102378612429,1.856663830654283,1.8384082984935364,1.301541662083609,2.360233422745092,1.9063523023892495
40,2.019935114535333,3.018396465465136,1.9385565810036722,1.62615577712227,1.2079499671727667,2.141295737054362,1.8495287460666001
48,1.2193917793474676,2.3899950781169035,1.6393973974440257,1.0662768120230957,0.9656143074404652,1.4443718294325638,1.501902474869005
56,-0.13768776212029146,0.7120297187809815,-0.1522150820775427,-0.19052593089619424,-0.4098493743263205,-0.17175614306974207,0.08131421473398608
64,-2.1515805531186123,-1.9035240053384808,-2.278083603079944,-2.1910484855350685,-2.1245828763796735,-2.372832396420701,-1.952633905489484
72,-4.300847030927508,-4.191506653913645,-3.232384626958192,-4.291847789171562,-2.811479152422795,-4.274749275369431,-2.778246377612895
80,-5.958757088686219,-5.503461764588524,-3.1571770563680235,-5.747532977604334,-2.4872507723229584,-5.309271822430618,-2.464045640581785
88,-6.60052865673896,-5.824347518184208,-3.0335023024493175,-6.469526002772215,-2.179735245571521,-5.568320186679238,-2.397194488586873
96,-6.00889544119235,-5.150821636309219,-2.853003998132521,-6.411031128978488,-2.1580085703296947,-5.177240659611387,-2.323658169579516
104,-4.740393699672457,-3.9842679499475024,-1.925443437457969,-5.6522700341627266,-1.8204099294540512,-4.159430967334856,-1.5866235539565707
112,-3.71255625463311,-2.7625620356856726,-0.7288067748526718,-4.641145391843735,-1.1184722123265378,-3.0146039921213785,-0.4033570512300625
120,-3.064099531596573,-1.6962852017320447,0.23050812136751286,-3.8105190568935883,-0.45497393097117395,-2.175621301232663,0.48242148343366614
128,-2.138210244587276,-0.30577999288501073,1.4822970707594407,-2.695775143919552,0.48261432232295476,-1.1444412880370858,1.5253003864334183
136,-0.5220822047604464,1.5008739814010332,2.9413247020350655,-1.0930172885674037,1.5773028981724306,0.4750292621366509,2.9158055857652543
144,1.0489212583139387,2.7844172632865485,3.4711206063310556,0.3760380724909349,1.8229811108007388,1.9691538613866164,3.639469968798926
152,1.8227239868519918,3.177168106568754,3.0449441073391585,1.3219827140394025,1.4502856340863512,2.552430722610447,3.37540768445284
160,2.2522430362264467,3.690251172597039,2.548573858932392,2.0072076243173216,1.50543784331513,2.9150985381233685,2.770404221595329
168,2.5981980617657867,4.108071239528776,1.8717053645567496,2.1459238484046104,1.2681160544885102,3.2510258110794226,1.9464629917190626
176,2.4310700254060804,4.021164670338003,1.1029164185946028,2.137567466074831,0.9438877058067855,3.2125863993645702,1.1776740996165345
184,2.4143572497950645,3.8623930172057364,0.9441448031640695,2.6322665007800503,1.2397043063090398,2.9752645965344495,1.0489855304470865
192,2.4945786720809835,4.039548677783304,0.992611958306072,2.8411764660237346,1.5338496130384485,2.6393372977257776,1.125864377754556
200,2.7502845879212594,4.5325764124320544,1.1363420419885228,2.8545467422393007,1.6892787044776385,2.806465277173821,1.3364457157651946
208,3.570883185548346,5.35818890412446,1.9636258041146062,3.372643664272103,2.42798459986993,3.6755310583089758,2.2238955357637638
216,4.317945465963399,6.033386126630168,2.79425209777238,3.7620519709957208,3.002904988459351,4.556295796752361,3.0846048762212215
224,4.204298419924496,6.175444940058472,3.096753794192384,3.4361522177698656,3.0948254355575537,4.619804389029049,3.385435333087061
232,3.8098762751495645,6.222240827998373,3.3708438049100753,3.0149897257689533,3.1215659028904863,4.293904753217163,3.666210462343539
240,4.2143261383966895,6.618334246977154,3.69674346747224,3.237269911932327,2.9427388923465374,4.730108878581306,4.0556187566794435
248,5.120160049502499,7.310244275075732,4.102864546036701,3.872356422128116,3.0613997884654025,5.940115793165338,4.513549588523992
256,5.629900518110827,7.711351551854356,4.2733351349333475,4.236695489941978,3.2953790525825513,6.389690300309899,4.727473436881537
264,5.718478374611292,7.821656081980859,3.944092913191556,4.392124621955415,3.1232371507031265,6.1791089125688785,4.582072038959585
272,5.835467953259078,7.504112734962549,3.3541310126025765,4.494072775856226,2.9093133192215945,5.96852762321143,3.7464319013259395
280,5.8053849454178525,6.9108083089459695,2.9981483290933477,4.335301084304099,2.849147195999439,5.569091688140714,2.9859993793450097
288,5.133530259829798,6.2239120671934725,2.772525481058006,3.70021455848902,2.748870364058007,4.912278465180896,2.9341896923122524
296,4.032156549642714,5.431725190636513,2.4132001909726846,2.643965390584224,2.2357873283706406,4.223710929835084,2.9375322464649827
304,3.087883177271201,4.863489908736763,2.010421625448112,1.9303286773695563,1.9015313037658208,3.546842493089235,2.4378194413920373
312,3.203201533958966,5.064043576210268,2.199276312633285,2.2645848070006336,2.3945589766555413,3.73235456202873,2.40105129723835
320,3.301807046095401,4.91362836626915,2.6672348078336827,2.630595202698434,2.7906523818103555,3.775807851830546,2.7319647411196955
328,2.302381429127292,4.133140503573021,2.770854149403894,1.5927301180014684,2.52826138549209,2.8482472904378664,2.721937100564417
336,1.361450639095043,3.651811731977525,2.9012140504069843,0.3509688904928438,2.3109949766981916,2.2031330646423974,2.9809855364463296
344,1.264516397392286,3.615043525167149,3.1953593481597915,0.38773701561613205,2.4346697006350433,2.487250814298937,3.7013073416290405
352,1.302955809825267,3.1136594259622923,2.8611032804672747,0.7336920463619021,2.2959534688278747,2.4087005917110647,3.5776325807085856
360,1.1207862842665766,2.3866525171419557,2.0505324138796244,0.6200450145060317,1.824652390570084,1.8371227201112352,2.640044356319118
368,1.3530941894407396,2.308102323458745,1.7112624549943056,1.074633275321836,1.6424828355681356,2.0360050525195197,2.421106635081039
376,1.936371049407845,2.747649048576762,1.8182243943435368,2.087429097769878,1.7828703667136452,2.340178099264969,2.576535670326693
384,1.6321980401845964,2.1092199948206343,1.296784931263844,1.9136159785982638,1.1661679562426364,1.7034203337161935,2.100220823316965
392,0.7882015410468909,0.6485210175283311,0.2789752423984238,0.8205986460731256,0.27203298915968216,0.7574756431554733,0.9654214861453194
400,0.6010180989813767,0.001735594907328566,0.013241703237947976,0.5615501074988719,0.5511368092035559,0.7942438185477388,0.4423107874611661
408,0.9269177638774567,0.061901643623678185,0.48955652780616765,0.7437197601662622,1.3767492978439166,1.0332368977360968,0.5709993483721382
416,0.7430768987652437,0.24239989049021432,0.9274319605875941,0.2807750550821168,1.624098767261465,0.7975863728800009,0.9253107858640492
424,0.5090977046655987,0.47637914814420906,1.2399614309551985,0.22729407391744857,1.7143478722926975,0.8510673152657438,1.500231205512519
432,0.7781738247290823,0.7070158480548328,1.6109856264639821,0.845667761823886,1.9583548367493016,1.1101157622786444,2.0266844710961784
440,0.6026894326103408,0.2758255506882081,1.5491482460935206,0.6651695108281122,2.000136817877109,0.9246036646140181,1.978217349885734
448,0.4238623992658191,-0.0016070254927333216,1.191494272940682,0.1754844766507231,1.7427596493768291,0.9429877993475517,1.7759924182621718
456,0.8249696552187229,0.3242926492776107,0.940802259962795,0.4612733669392596,1.1845520780498622,1.6114998882337785,1.6790581765594148
464,1.5419488803960852,0.9175971625467709,0.8020859926082775,1.1916229071111144,0.8686800617880029,2.378617553349388,1.6857433103584272
472,2.7736824844049783,1.736524498716784,1.213220909583115,2.3046955491128753,1.2313478690424484,3.3763719323791204,2.0835080354977693
480,3.865028563911048,2.5621369281115633,1.4288160603310462,3.4946471497319838,1.450285623673491,4.290562173570881,2.168743283985885
488,3.8366167320696376,2.5504380183793307,0.9107191659461797,3.869013849483583,0.7717457978232685,4.058254236080947,1.6356049162008572
496,3.6878728512691836,2.2863757500115978,0.8990202694993201,3.832245717538077,0.8486246977336321,3.817589838164784,1.550369573817472
504,4.022128873540087,2.433448354094751,1.5140513923015713,4.079595160743945,1.739417072962124,4.126776704828809,2.116933632320945
512,3.9569489311174846,2.4685452391252793,1.75137319315684,4.11469199855754,2.1321679648975183,4.001430650494571,2.021670641123807
520,3.3920561884693026,1.998915487494703,1.4639129873720769,3.7754222504428636,2.142195621969746,3.276095045859942,1.5570546582451674
528,2.820478326384672,1.3053341956051332,1.1914942919710814,3.526401368402242,2.309323717036438,2.5841850245835833,1.209428383995528
536,2.544717059236804,0.8056213754514939,1.186480455535556,3.5213875908532337,2.556673158267453,2.390316501142418,0.9654214839909343
544,3.418796665676498,1.318704442377438,1.8015115684635445,4.173186927826676,2.9327112374286943,3.2811089435158998,1.3782276728357066
552,4.822672116268941,2.4351196936482733,2.229359325501408,5.196010416862146,2.9561091313989643,4.721752487274924,1.924736357590078
560,5.3992638038376395,2.6557286158411224,1.7914839101345925,5.510211059459393,2.4497112036579947,5.15795664603203,1.5035737476365998
568,5.319042354801442,2.2546213570157057,1.4154458430019983,5.597117702258311,2.135510537362518,4.855454883544226,0.9319958956057656
576,5.919031940828714,2.456846318262058,1.3786776277536144,6.474539844538465,2.108770079365254,5.1947248092161145,0.9854768218336223
584,7.291153121225196,3.456271921047134,1.2433039836716715,8.099024283032492,1.8513929024269669,6.535091651733048,1.2344976078245902
592,8.569682484988094,4.691348114217511,1.4622416715167865,9.362512136232095,1.614071097083397,7.9105552861033726,1.5654111057450861
600,9.019256924269534,5.32643460179226,2.190919916120473,9.566408409743097,2.127154082501785,8.391884059673721,2.1486878996443926
608,8.248796672685424,4.783268450903495,2.5669579848688544,8.548598608490606,2.64859358741245,7.49774911736619,2.7135806902276354
616,6.943526827406562,3.646797835039696,2.3028956746701503,7.569228505127074,2.6051402974311024,5.926745535082512,2.6550858315146004
624,6.417073482649264,2.973271937724943,2.0204493078343613,7.515747656816132,2.551659332962916,5.099461865774504,2.130303862935366
632,6.5474332901161505,2.889707932202102,2.0120929181437672,7.704602168059885,2.8090364885368873,5.081077735888337,1.9447917552169443
640,6.4271011576746995,2.7894311273700114,2.0104216525574543,7.306837463028134,3.012932691312256,4.795288819926715,1.9381066264448288
648,5.676696344650765,2.490271924241369,2.015435467449132,6.838879023662205,3.0179465550366538,3.9128528473151287,1.864570250705341
656,5.043281098964095,2.055739034302153,2.0171067540406957,6.367577953303825,2.9744932487178897,3.394755933002203,1.7659647877606897
664,4.809301846516529,2.08080821935229,1.9235150695427126,5.882906494163279,2.7739395512625293,3.7206555869468274,1.7826775400325365
672,5.400935068167229,2.789431119291068,1.9602832004110269,6.25894469774024,2.79900879501965,4.564652199010201,1.6372761886093883
680,6.784755138906479,4.066289234164139,2.4182140441046913,7.617695677145091,3.3705866590791342,5.659340738414667,1.7057986575367836
688,7.896156636326535,4.987164684378847,2.5970410144334584,8.932993237125979,3.4725347864092013,6.598600217259459,1.6991135330734373
696,8.474419638493798,5.114182003401738,2.38144589259019,9.332429135572156,2.8157216169499373,7.093299217494524,1.4768332311118828
704,8.497817384529649,4.7932961612967455,1.8700340607301074,9.073380736135249,2.11044134782408,6.919486122200677,1.4183384603695586
712,8.133478403250248,4.67463525727847,1.5190652237101987,8.745809751793237,1.6775797322682473,6.590243928645414,1.6690304823240494
720,8.243783009677875,4.8835453271893465,1.7012347781735502,8.926308037079634,1.6775797211372598,6.670465294737798,2.0968782587513757
728,8.166903991276348,4.779925901777663,2.078944150928107,8.897896356224688,2.127154107456742,6.677150486166604,2.4277917462590124
736,7.155779372835123,3.6935937254930433,2.0421759819989957,7.890114240590024,2.259185270096441,5.582461864356919,2.220552999025644
744,5.561378028357714,2.2863757302630705,1.7831275234960422,6.512979254278462,2.0569603336255136,3.9412645825682895,1.8445149234550435
752,4.423236068990686,1.6579743168826893,1.6828506755762571,5.318013893704486,1.874790818479683,2.9919773692729525,1.8779405157899178
760,3.9753329877545704,1.8117320623052016,1.694549685128316,4.672899712073902,2.0552890666029437,2.6510362282837296,1.7609509132643677
768,4.448305380610927,2.3782961475589515,1.936885275202178,5.139186897882165,2.6836905162488023,2.9652369586721528,1.553712148436857
776,5.275589057279748,3.2791162584947133,2.501778037778418,6.029979295911231,3.328804663229697,3.8911262151609955,1.6322623257826498
784,5.935744879813907,3.7520885615850403,2.620438924023019,6.339166147674097,3.28869397102737,4.648216141337755,1.5988367093904805
792,6.530720538382896,3.762116185264305,1.9251863356676218,6.9174292096255385,2.6853617540076438,5.238178165803856,1.104137758885798
800,7.0137205963904234,3.701950126853223,1.0327226813879136,7.804878970378528,1.990109145365124,5.544022440433888,0.5576290854419461
808,7.3479767010665435,3.6050158519370332,0.5898333875750701,8.149162774137379,1.3700641520162555,5.560735231305128,0.21668789705625807
816,7.825962757289519,3.95264219638371,0.5279960156426149,8.523529434212392,1.2397043057704438,5.828140097990478,0.4272692587651294
824,8.096710223908273,4.47241035545723,1.041079061024712,8.976446496766407,1.7511160895159332,6.169081207022995,1.1409059263786527
832,7.05884510097098,3.8974899218052594,1.6544389437342035,7.83496199635249,2.3260364696673492,5.420347675563726,1.6623453842519162
840,4.904564829993788,2.13763173312584,1.574217446583415,5.356453367896496,2.0820295637381983,3.5769254853111683,1.5169439626317323
848,3.271723995884609,0.6401646402254486,1.3268680148675993,3.9592630308159404,1.7093340855875543,1.9825241227010217,1.3113765314331862
856,3.1162949342477417,0.8524172319732839,1.7797849404386503,4.405494863341758,2.1405243502793434,1.8304376293999156,1.797719072139683
864,3.814890126845315,1.9404207210611473,2.3847884544627993,5.346425630393905,2.6686489538007354,2.4270846059785813,2.2757052782719285
872,4.505128873558758,2.508655986264417,2.3597191708495595,5.623858163128088,2.6887042848212066,2.938496437659132,2.1737570990570947
880,4.812644390435932,2.4100504559952416,1.9235150444082239,5.642242251362815,2.5800711026862335,3.399769828324242,1.5136014161988807
888,4.7591634563086656,1.9805314078775123,1.2800721534984436,5.578733708636977,2.115455186952586,3.374700611855995,0.6144526275815622
896,4.698997354450825,1.913680218719464,0.8421967129971393,5.543636746587191,1.6525105667871058,3.1540915866117425,0.3019232652922601
904,5.22879324617957,2.816171550358523,0.9675427335793488,6.148640162586838,1.6625382103944286,3.543499948451701,0.6579059574190282
912,5.825440315576311,3.2072512174613825,0.8488818882680581,6.785398033341402,1.4519569041609652,4.1083925722496595,0.49913430356863325
920,5.482827841496721,2.423420732031274,0.3274423494258335,6.355878932800309,1.0859465002046909,3.6554757283656967,-0.32647816532319957
928,4.3831254588345105,1.5142442380476036,0.22382301252345657,5.099076244279231,1.1828807876881233,2.5223476549850448,-0.43678266708363606
936,2.915741362105762,0.8290192484165143,0.5380236685856056,3.655089985506749,1.2246627451176997,1.3089981814009157,-0.018962589739040945
944,1.605457582366863,0.44963867865689167,0.522982150661492,2.7175017331102804,1.060877286249891,0.3797663407774844,0.08298548839924154
