-240,-0.4460620463615674,0.45907051903787316,0.29841382442848785,-0.7842204414224355,-0.19596524692447206,-1.4657526356115766,0.630817354285676
-232,-0.9526102250263209,-0.03656735504971824,0.3139999019257344,-0.9712536126542619,0.10952229005773213,-1.4361389751514682,-0.14381170869775142
-224,-0.5676336827959186,0.028894253248991125,0.19554554471422503,-1.1255559376283977,0.204597481799311,-0.49785589887185017,-0.49138167511443176
-216,0.11036156047080876,0.14111415749494644,-0.1598174269653232,-0.3041686825035664,0.19992170050778876,0.9251547562942076,-0.11731535542109137
-208,-0.17953989449357213,-0.48544693955235574,-0.9141845653604719,0.4611086911532317,-0.47495630756986484,0.8394312357969503,-0.3807203678692739
-200,-0.5489303327729815,-0.9109474218731423,-0.9095087246317335,0.3021304499399802,-0.8022643835537376,-0.12846542576725567,-0.4290372934659287
-192,-0.19824314188266878,-0.31867572070198386,-0.019542589687074924,-0.15454220177417394,-0.05724893833607994,-0.1253481823741719,0.27077845615385504
-184,0.4002629735779948,0.6897447384707144,0.865747782885513,-0.3368995091720914,1.0150744978116315,-0.0006594348154709921,1.1872410054866778
-176,0.8117359034079564,1.2976025209899789,1.429964436335665,0.10886285889349631,1.5356502266232068,0.2643042176627041,1.5488384381683618
-168,1.0237068227116362,1.0653696817860274,1.1914971518678816,1.299640792390604,1.2114594447633367,1.0436090721508087,1.218413157132595
-160,0.8008256770200326,0.0475975645958811,0.2267177837579642,1.257558253625136,0.4009823026771472,0.9002170047063505,0.23493041170884946
-152,0.2677811762203712,-0.5680532968549149,-0.284506185741752,-0.1498663320802571,0.3869548233526992,0.19416679341471596,-0.5817810862342038
-144,0.1914092568147769,0.3032095245662803,0.47765390952934744,-0.4195058125625836,1.6104634202752737,0.3702897307243241,0.007373421102788067
-136,0.17894041249745865,1.1370657482405826,1.2990412296165446,-0.06881856424420062,2.0624602751270285,0.09597436229834394,1.071903823022453
-128,-0.3961866006139237,0.5775247920327072,0.723914275440092,-0.8325373802459644,0.5848983001662621,-1.068307066901346,0.8568157691543946
-120,-0.9604033414618972,-0.5633775050153791,-0.6772758794003453,-1.244010287138183,-1.0952830311802826,-1.2226094452852618,-0.34954819462504394
-112,-1.0180718758519394,-0.9748504026990158,-1.595297042644272,-0.389892220413417,-1.350894985123246,-0.6350135644165317,-1.183404406746761
-104,-0.9183208681610816,-0.7582036607489054,-1.1292726900509027,-0.455353753369176,-0.8022644140257744,-1.1368858442547618,-0.9651990592569859
-96,-1.2269255783837112,-0.6740387419404505,-0.2907406423907397,-2.073190718303236,-0.20843404854745218,-1.6449926875615377,-0.41500979806831817
-88,-1.4217518295516403,-1.1805869555978188,-0.1831965931049689,-2.121507632514734,-0.040104251783164006,-0.9233562964736747,-0.2716177043375422
-80,-0.8793555729561254,-1.8601407230338254,-0.8300196239491323,-0.11869409856166727,-0.48898380196290264,-0.3217330173160249,-0.832717224060459
-72,-0.41488990492880495,-2.0565256015071607,-1.4394359314748206,0.3909712997212839,-1.1841237500322823,-0.6583927493082,-1.423430309478795
-64,-0.24500146830195263,-0.9452368726659254,-0.9780875436749148,-0.14830771030000076,-1.1108691200626852,-0.9498527498727436,-1.2332799156150536
-56,-0.01900305092180193,0.3515264148354631,-0.13332108842239568,0.25693076405297527,-0.5482109581332012,-0.500973057043686,-0.7501108652510409
-48,-0.31825615486247644,0.2813890130229316,-0.14267271864666636,0.2865444029147708,-0.4718391206002794,-0.388753222113245,-0.9028546240312743
-40,-0.6782949351244376,-0.5742877257107246,-0.5619386912435423,0.1680900078643573,-0.9861803565982509,-0.8126950729429052,-0.8015449989133084
-32,0.6028822378779446,0.17228632856260162,0.12696674191163568,0.7665961954868243,-0.5419765393231177,0.2440423031201525,0.6916030701201543
-24,2.446717543677204,2.05820409225923,1.5780323848591964,1.3697781535179425,0.976109312272525,2.8001622411977043,1.9494011066177834
-16,2.357876721689077,2.5850141503064923,1.782210244987942,1.4882324568173855,1.1475564026585303,3.1789044084843625,1.4475288108738207
-8,0.3410358247745627,1.3038369982327072,0.38725456923194834,0.3566818943016988,-0.7679749988953203,0.5869364468904027,0.035428378412253644
0,-0.7702529209769791,0.41542942462651594,-0.5105045795144459,-0.7016141435570931,-2.2128061620887234,-1.221050795711828,-0.14069447618753794
8,0.5717100134005089,1.0638110956681013,0.4184267585493411,0.4392882072356307,-0.8833121016634471,-0.3840773976250977,0.8069402026906035
16,2.362552582844127,2.1299001639040767,1.1603249998871064,1.6550037628981498,0.9480543107618611,1.5517158823066883,1.3649224760067185
24,2.895597103065526,2.5678694311049655,0.6537768620749744,1.817099164292384,0.8140138720348153,2.9045890291755128,0.8505812875585199
32,2.6275162170725648,2.4899389269208743,-0.10994189700100498,2.0758282898014846,-1.048524664410662,3.155525256911021,0.23181316982262454
40,2.6773917363214417,2.987135452423615,-0.3499678415902339,2.5465285492579586,-2.1348756701269336,3.672983641872246,0.30974364638096724
48,3.428641630151506,4.0719278316716245,-0.5167390828760619,2.813050762907173,-1.7857471011843058,4.583211746276095,0.5528867985335215
56,0.8304392370228737,1.5002218050465255,-2.2171822768622365,-0.3976853185992558,-2.778581485036333,1.6312049777989983,-1.4187544736054924
64,-6.7303764802068065,-5.541576892717089,-5.552607085501056,-8.041107216661565,-5.827222087796433,-6.408103901181329,-4.977060446353079
72,-12.69517579812528,-10.769153906800367,-7.776743122269444,-13.59443365196498,-7.926669402790152,-12.602018913861077,-6.44838805641583
80,-12.882208961822815,-11.367659938044355,-7.549186116594793,-12.821363282588756,-7.83159420301199,-12.449275185552878,-5.196824352837319
88,-10.469481148282929,-10.055310610549766,-5.459090477868257,-8.153327172140727,-5.782022349169364,-9.162167280410115,-3.3950715660469317
96,-7.749707196239471,-7.404115487092928,-2.388629345984787,-4.085355834261085,-2.5666105659000817,-6.501620556698755,-1.6166978727321017
104,-4.482861305259378,-4.257282501938224,-0.3811400489899345,-2.8057372145605886,-0.6791342334981194,-4.3756768859169455,-1.077418907749158
112,-1.2160153017671544,-1.9302781400823754,0.09891175312555944,-1.70535879967253,-1.0002077925586454,-0.6038413685694171,-1.2800382157480188
120,0.8413494928782622,-0.6615698915956969,-0.17540351149457906,0.621645493704951,-2.222157841704483,2.94667152139578,-1.1444391195783865
128,1.336987416357343,-0.1472286437102819,-1.3770916395681425,1.7360513832294535,-3.9444215758643293,2.7705486785160023,-1.4639541323690348
136,1.919907437410454,0.3858159079877277,-2.528904203521917,1.5240805345807187,-4.940373164768249,1.8774653033594066,-1.914392349869657
144,3.791797647611686,1.8976672679417685,-2.2109477808674862,2.6696586514289455,-3.899221896841904,4.011201927333735,-1.3408239571990999
152,5.448599790215699,3.7617645045241734,-1.5391870719366996,4.705202913602416,-2.3281432564854105,6.70759673081757,-0.41968562774675783
160,6.552095515970639,5.6071583542493055,-1.50178041625945,6.160944418877028,-1.5550728616600107,7.836030360018268,-0.22797668309256053
168,7.63844641905307,7.70037119518144,-0.9843219514346988,7.535638202860786,-0.7103064472601137,8.057352835207842,0.10400721788174554
176,7.608832909278862,8.643330098795495,0.005395232053439833,7.596424052805713,0.2809693583431382,6.777734201443329,0.446901420586925
184,6.517806009758931,8.319139268716137,0.6381907299959458,5.763498924002889,0.8825926838785588,5.468502076154344,0.6121139731209856
192,6.271545755355752,8.912969626660168,1.395675078968138,5.164992816243949,1.8894546461728698,6.299241117881922,1.4210324341571323
200,6.835762456523106,9.76085326469655,2.2061520939758856,5.687126999072144,2.762275982219903,7.302985654285784,2.6118102476078056
208,6.92304458507146,9.700067559744943,2.7314035826480993,5.334881332734327,2.994508822930714,6.813582229815171,3.1838200077826646
216,6.803031638058593,9.49121371908443,3.5699356505671442,5.203958061722557,3.2251831076607784,5.833216770981133,3.2508402117427404
224,7.057085067832273,10.13024378501606,4.734217076585687,5.724533680031137,4.09332873206666,5.099111598194314,3.4441077991057902
232,7.255028442514283,10.613412830524638,5.320254325293578,5.380080950310391,5.059666750252298,4.851292627748479,3.652961479369534
240,6.528716434884817,9.647074768974946,5.345192017276791,4.158130902503986,5.469581058302004,4.857527073012309,3.8633738574262004
248,4.946727462827697,7.86246661750427,5.156600275163056,3.001642528126078,5.0986319426559845,3.927037010869284,3.978710991503508
256,3.4379932848203776,6.5875238822314275,5.047497614477614,2.184931006408139,4.256982733642838,2.109698149595368,3.780767527079675
264,2.9579415079866287,6.3630841119132775,4.94930520663384,1.9230846507328276,3.9125299779706295,1.2399939477778557,3.632699614051043
272,3.30239416604786,6.213457517164889,4.710837878132288,2.62134182176898,4.429988411486199,1.2275250760022178,3.4004667393521903
280,3.321097506862214,5.373366895441672,4.213641481214848,2.827078280740239,4.389464528823887,1.4613165441858638,2.761436719630901
288,2.950148389207049,5.265822868591356,4.026608225431489,1.7111136976085353,3.571194473728086,1.9787749639722738,2.5993414029556297
296,2.6368678837963087,5.809777628427553,4.718631025207333,0.8008856019109819,3.544698151258321,1.5860052822011244,3.3318879581479126
304,2.6181645624036918,5.931349231878436,5.112959214739741,0.7089276679613611,4.118266472269362,1.2742832587676105,4.0052073434407385
312,2.9906723142288425,5.901735597034932,4.745127322730209,1.2762615947743474,4.163466182266109,1.8338242221749237,4.321605095927997
320,3.958568932931282,7.039520713475723,5.024118446998537,2.588611043822228,4.361409598135598,2.3434896090727184,4.547603525530448
328,5.105705663355756,8.311346276010429,5.52443215042971,3.871346751876761,4.93186074858507,2.988754061668107,4.525783014824243
336,5.528088916682333,8.104051140342273,5.164393376027755,4.268792264163494,5.001998184553074,3.6994800951038855,3.659195958286551
344,4.825155898555148,7.165768115128434,4.916574349828136,3.8417331480075805,5.07992866328799,2.91238210157732,3.331887974388506
352,4.125340155297658,7.200057530258887,5.83615407156424,2.5293837794929397,6.125755787513949,1.6997838253050714,4.161068351306634
360,3.935189772316787,7.885845687874656,6.624810623582987,1.5349908525521831,7.1123557477004615,2.045795099956267,4.6380028638187
368,3.997534203859064,7.700371244070643,6.1930756916452205,2.298709591704138,6.643214239279258,2.5149366524112358,4.488376353789272
376,3.5891784171323478,6.473745386509825,5.240765197152657,3.374150180498536,5.000439578678552,2.0707329079676215,4.592803185465993
384,2.5760821693012605,5.039824398973428,4.572121588463349,2.858250453147326,3.5821047453217814,1.5704191837752812,4.849973762026355
392,1.4367383791772887,3.9487976765931427,4.08115954505877,1.1266350381997183,2.9758055949633566,0.7521491057417369,4.022352054773113
400,0.47975205299714146,3.364318942343663,3.5730528536098927,-0.9042333973090299,2.841765105170532,-0.7378818156679025,2.716237134201163
408,0.03243103200954518,3.1087070297556076,3.585521658916306,-1.9110952358734752,2.9119025505145464,-1.3348293188917502,2.36399131533573
416,-0.6408883201323814,2.4572081531598426,3.449922690997118,-1.7318551348668805,2.458347206653555,-1.097920672612244,2.560376150947299
424,-2.213525526515347,0.6336348124666262,2.157835216598719,-2.3428300643402538,0.988578184717878,-2.7360194151321147,2.142668768486641
432,-3.8485070845770637,-1.3738545674054707,0.29373794954427884,-4.158610480638701,-0.2146684951507128,-5.451117552230867,0.5887348264030783
440,-3.706673608775682,-1.779093007602976,-0.3826986205415575,-3.93261206057969,0.1671909145244565,-5.430855585952823,-0.23265245149206704
448,-2.0763678830712644,-0.3342618008780912,0.8626305481987256,-2.060721672401669,1.9892056848380526,-3.4405110406406805,0.28948178072761804
456,-0.8528592362549148,1.3303333530162262,2.7532240864897264,-1.2424517033642601,3.437154010556438,-2.2699951894497605,1.3820671749493636
464,-0.9292311426010648,1.4893115483539927,3.0353324417614065,-1.167638443242968,2.8230618199425312,-2.192064710547415,1.6735271961076459
472,-1.0461268179253866,1.4815184615533104,2.4118885690203076,-0.7904548840074054,1.3049759596405917,-1.9567145060622284,1.6719685949211296
480,-0.6019230950800841,2.1330172956221665,2.8046582198171337,-1.1629626868983332,1.3984925279276268,-1.6777234636665723,2.5962241521956795
488,-1.4451309452952235,1.5999728145791003,3.1584626222890626,-2.459725895373339,2.325865269660331,-2.962017757001888,2.6133688951720946
496,-3.0224439647811794,0.046038963576793386,2.20615211122105,-2.7652134085806575,2.5861531328104026,-4.508158725131765,1.3212814026913864
504,-2.2182013429669136,0.46686355761906734,2.2825239634877046,-0.9026747962899427,2.650056067928221,-3.390635499123777,0.9440978591941303
512,0.45481431848701964,2.8686811414224485,3.8193131202353707,1.40406756412782,2.798124003559738,-0.9030944378523348,2.211247574135519
520,0.847583940988382,3.6230482369558303,4.160648663823678,0.934926024564866,2.2588450735694083,-0.43551147771015597,2.8814497292621337
528,-1.6399571028704676,1.573476449582426,2.5381359745238803,-2.724689602600726,1.008840092898136,-2.631592584794826,2.064738241364807
536,-3.2297391083184865,0.27047870325547585,1.7011625565131256,-4.764909691438917,1.0259848283402553,-4.565827279110974,1.3618052473473672
544,-1.8316661546790811,1.6046486531312651,3.0259808152205703,-2.3849126319034726,2.841765069173343,-3.3937527440237187,2.173840963998897
552,-0.8544178429665807,2.6863238305085266,4.098304284016893,-0.09999076109588848,3.780048161860984,-1.7852674995580409,2.505824778077668
560,-1.5760541605532123,1.6373794548529017,3.058711614598203,-1.184783151059338,2.640704491281159,-2.563013726908168,1.3010194789402527
568,-2.0015545760699154,0.6803930722492558,1.8445546135770003,-2.7168965229994804,1.8925718316355957,-4.010962189918152,0.6510792309893237
576,-1.9875270870345982,0.6601311829884504,1.7853274661129976,-2.961598229291064,1.9065993012491746,-4.394380233930736,0.869284598068266
584,-2.4847236301173603,0.6086970560233348,1.6762247940423987,-3.37151260581914,1.1241772021959853,-3.926797257547967,1.026704181169217
592,-1.9392102418037556,1.2866922602791566,2.0424980863722726,-2.2181413805719177,0.7360833879421781,-2.4087113428316744,1.7015822299320635
600,-0.5878956000173304,2.4135670294484495,2.84829928409131,0.07145628693063591,1.869192642725637,-1.7509781020076074,2.730264585565006
608,-1.401489859590163,1.6934894310856234,2.1422491020997128,-1.014894731845079,1.622932375932729,-3.6150753466265924,2.0398004906140947
616,-2.900872438514965,0.1395555464301314,0.6849490157300372,-3.6660898223184466,-0.11335884910414953,-4.615702726030618,0.8895465199776843
624,-2.3070420797337925,0.20813436982646077,0.5945496802880728,-2.989653213221705,-0.3876741530700503,-3.066444689638158,0.6713411920770754
632,-0.9214380459220841,1.113686608554685,1.2522828948258211,-1.167638433866956,0.316817380352688,-1.486014429103122,0.45313578146665123
640,-0.8528593100910057,1.4752840986644384,1.5094535576120054,-1.7661446226614246,0.5833397081883278,-1.760329766052492,0.19440661828607506
648,-1.6539846066395172,1.3739744378841428,1.5390671328508656,-2.754303173486437,0.7516695037806146,-2.8887631415985937,0.7929127257101578
656,-2.6374673115454983,0.9999080838679023,1.5515360414608343,-2.660786488501544,1.4125200310269612,-3.8909492427378565,1.2449095741996188
664,-2.969451208836371,0.4995943417606829,1.465812486473249,-2.032666797299733,1.6026704476610174,-4.082658250847561,0.9472150763008962
672,-2.649936204417162,0.17696219541022948,1.2382554344208263,-1.250244799875811,1.09300503112833,-3.8286048818505214,0.594969234665149
680,-3.1050502432247846,-0.8470444032083636,0.6880662492448227,-2.341271628405941,0.5069677640032743,-4.450490056128984,0.09309695298520254
688,-4.004368112869271,-1.8461132803762796,0.04747762364901236,-4.7758199335651454,-0.2021996895094423,-5.653736807824521,-0.6020429577475593
696,-3.1502499384878,-0.6771559796409563,0.11449786394113258,-4.2568028580104365,-0.4453427485715962,-5.245381067810434,-0.16095642538784707
704,-1.4201931541941761,0.8471642788773274,0.4355714218296566,-1.455981178313828,-0.6884858799629819,-3.649364679549516,0.6651067360978038
712,-1.6711293559782237,0.35464365186625335,0.12696674743678504,-1.0242463274115925,-1.1217793536500469,-3.0539758138442314,0.39546724339317657
720,-2.799562817582716,-0.4776539004688753,0.3280273735484587,-2.0887767358609794,-0.6370517504864346,-3.2363331652759166,0.4656046688131657
728,-2.757480326032164,0.17384491049480905,1.6481698255152049,-2.6124696370758365,1.125735858299141,-3.4981796063399035,1.573776182221923
736,-2.7496873010127003,0.4263396667527446,2.0986080184037967,-3.2125344093093706,1.6930698023572912,-4.129416578606273,1.8340640373354131
744,-3.614715646195741,-0.63819074337093,0.6833904014840756,-4.116527981888711,0.22330081759080264,-4.7248054371121215,0.5513282249727529
752,-3.954492555614061,-1.486074406521632,-0.7910543876791065,-4.164844895765351,-1.2729645023700382,-4.737274368157549,-0.6877665222785856
760,-2.8650243647699223,-0.5883152410323599,-0.49959439163514024,-2.807295876021465,-1.0532005478337396,-4.0140794031740565,-0.4103340127585052
768,-1.399931255055072,1.534511169278632,1.2631932288704493,-1.4403951878795467,0.33240351645000654,-2.8170671756013057,1.2152959278035287
776,-0.8263628799645362,2.4151257485048263,2.319930603426648,-1.7131518754229114,0.9839023381291317,-1.750978160440251,2.0585038014586976
784,-0.8622108989603684,1.7683026478428618,1.9162506733344045,-2.160472838145293,1.083653405759493,-1.9068391589301352,1.5846864402538858
792,-0.7016741034406574,1.5532145318587274,1.8429960349933687,-1.0787976940863588,1.7741174611972133,-2.6284753234868625,1.3072539171720745
800,-0.6642674338668204,2.0488524273772017,2.4851432637848414,0.13380064246024936,2.5082226122182916,-2.039320991280372,1.9681044273406856
808,-1.1879602667707359,1.922605031417069,2.664383324943386,-0.025177593730139208,2.519132916460598,-0.6848891015802866,2.40295651544114
816,-1.588523016088258,1.7293374306597167,2.243558775604596,-1.2673894817407214,2.0686947275902963,-1.0573967958099382,2.1192895986635616
824,-0.6440055404202941,2.3044644236796463,1.7868860681366587,-2.2274930179956263,1.3330308658842804,-1.7042198129249413,1.9696630325454927
832,1.1702161092720056,2.876474165772197,1.5172465727531714,-0.8995576458198304,1.0415708787140394,0.18949094481682519,2.2439783520822694
840,1.6268887773941796,2.067555712605203,1.3941164526673049,0.9396018495552996,1.064950065949711,1.531453954369835,2.0787657178429657
848,-0.3650144266999781,0.17540352608020063,1.1743524777046956,-0.2184451263439787,0.9605231905740815,-0.5087660952900224,1.8496501011035
856,-2.065457620351296,-0.3810201130659294,1.6450525881495575,-1.9812326843986354,1.2862726399222637,-2.436766371130943,2.2455369844105384
864,-1.851928089982801,0.8440471166872007,2.393185267384287,-1.9033021899254143,1.7133316934598142,-2.1078998135047,2.8097537075110623
872,-1.0960023889097554,1.4971045499334275,2.079904770344984,-1.9297986533702098,0.935585430112499,-1.9115149172839145,2.4575078985239265
880,-0.5037306614522801,1.1744723655766418,1.1026564224678683,-1.4668914550978143,-0.022959592353710544,-1.3722359489523954,1.622093092749988
888,-0.14836767102070836,0.7442960833797398,0.65845268806998,-0.0173844369442273,-0.1663516060535313,-0.08326574490311374,1.2168545120797378
896,-1.1474364869096931,-0.18619394862610666,-0.08188697451672466,-0.42574021931779477,-0.6308172690579884,-0.7441162083590963,0.3409159172361743
904,-2.0654575935626913,-1.1509732800691221,-0.6663656002723565,-1.7053587949845233,-1.1093104328177774,-2.086079177226912,-0.12199119079210893
912,-1.0133961074524334,-0.4059578676675043,0.24542105642880666,-1.3593474265732122,0.0643226493764975,-1.0761000810379389,0.637051798544933
920,-0.2668219550658427,0.3577608307992577,1.3582683745691153,-1.2066036681278367,1.1553494146185486,-0.5524072620306127,1.3586880747766557
928,-1.6072264037826696,-0.3810201058664918,0.6459837962028893,-2.051370103288903,0.3448723587581798,-2.25596768434128,0.7632991260266967
936,-2.467578918450129,-1.0060226219861599,-0.6975377515834166,-1.8191372876924086,-1.0532005327651492,-2.3354567657695715,-0.25759022216680455
944,-1.2845941241589098,-0.36543403288982224,-1.115245211563599,-1.007101638514674,-1.4350598351184718,-0.7503507420253218,-0.42592005660256754
