-240,-1.5975317699146037,-1.5263952279603612,-1.7216191373340253,-1.5075210818298297,-1.0439288089524819,-1.819718732788999,-1.159124106242698
-232,-1.1724335229697551,-1.4115441401479074,-1.3845237094363558,-1.250970581680462,-0.8634485157439289,-1.8271765848321295,-0.6430399617298858
-224,-0.6772313547883771,-1.2355385419502058,-1.2577400250596087,-0.5737965602005582,-0.6919176213695944,-1.4020783362850073,-0.3984220222538417
-216,-0.27898143701458694,-0.6612829958559366,-0.8147429333394274,0.0571387016065754,-0.19969866549899687,-0.7651768121668088,-0.0628181839280132
-208,-0.016464647956383312,0.023348857638656313,-0.42544242353282546,-0.10842580467807673,0.10607379269412552,-0.0193904484471967,0.0788812800021679
-200,-0.2566078429112657,0.024840411800210127,-0.5656502789843172,-0.8571953900016663,-0.30709189133421266,-0.26102520381250705,-0.4043883392024968
-192,-0.6742482230720485,-0.03929722741726903,-0.5492429733091487,-1.006352661271495,-0.4622154638503979,-1.0127779133217314,-0.6012759074827577
-184,-0.3088129078360806,0.35000327678136933,0.025012503086140142,-0.09798481002314441,0.030003553387347726,-0.8442301809467295,-0.003155244688439551
-176,0.18788081514776206,0.5245172533617223,0.3054282095027522,0.4285403136025291,0.24777315744346018,-0.3445532929192307,0.5860159777727277
-168,-0.19247027451435933,0.35149484312021595,0.24427374542326458,-0.10395116238208532,0.11949794261883474,-0.6458509888059351,0.5099457552898413
-160,-0.5593971147504694,0.1307420937284345,0.34420909678349304,-0.30978815897843187,0.1403799517969142,-0.8412470463463055,0.4383502694769671
-152,-0.45051230703433554,-0.11685901255376883,0.2338327123137226,0.09890271868091469,0.11651478334336955,-0.26251676678657526,0.34139805608194074
-144,-0.5534308626939681,-0.7671846886796339,-0.26136944753582375,-0.26354942478184096,-0.24295426878039755,-0.007457890337513344,0.2101396383999596
-136,-1.4334588032107993,-1.5487688098863892,-0.6760266564040759,-1.4389087347832952,-0.6412041876757807,-1.0694576392891586,-0.18363556337317108
-128,-1.7079081282672854,-1.696434503120761,-0.683484534243841,-1.8103103647247336,-0.7858867314085672,-1.9420277058116857,-0.6072422213870892
-120,-0.7995403383860812,-0.9939037226541071,-0.5522261433198591,-0.9168582696365961,-0.9693502117721771,-1.3603143286640933,-0.720601707770866
-112,-0.3505769885207526,-0.40025777009225644,-0.38815311380685896,-0.3828752056824165,-0.8813473879181718,-0.5876796463484405,-0.6669051152822698
-104,-0.7055713063779205,-0.5747718192556851,-0.08088915016135471,-0.7065465600839129,-0.5651339594247027,-0.47133696960505633,-0.08966649082744295
-96,-1.1440936574224012,-0.7298953949764216,0.4396697582601517,-1.0988301224544383,-0.08186435415983388,-0.7428032590817382,0.3339401740762593
-88,-0.8979841661882163,-0.2630330973094511,0.6276078991856926,-0.8601785130657073,0.19258500694784875,-0.8666037530988778,0.28471826906782033
-80,0.02828254329458186,0.20382915148811948,0.40536355060841833,0.213753845108206,0.3223518110238587,-0.12529208439011744,-0.2388237234824349
-72,1.4855490504240971,1.0241941756779145,0.7006949867476996,1.8977394424520615,0.905556758035304,1.3319744200155297,-0.14783781213490213
-64,2.197029257284106,1.6327558074907587,1.218270758646051,2.4287393492137332,1.4350650776285494,2.2448169763690675,0.6934092568034865
-56,1.5810097192712218,1.0674497159898921,0.7693073068760068,1.3518238604450843,0.6803292822280732,1.8376176695349389,0.5949654315649919
-48,0.8039003754322742,0.20532074698837857,-0.11817847350666198,0.4330149884247111,-0.10722114278867904,0.957589681750984,-0.09414116981554076
-40,0.9739396090937408,-0.009465783033319951,-0.32103231419232187,0.6806161046410218,0.18960183934055155,0.869586887058391,-0.173194580895532
-32,1.5079226557433452,0.5647898082451155,-0.08238070464336346,1.2638210697581795,0.383506312596591,1.4960474540149007,-0.06132656423339584
-24,1.4885321773335987,0.806424535891061,-0.033158800275834614,1.1907339269176709,0.24180690698923418,1.6392384080156197,0.02518463640098639
-16,0.4071419634313203,0.44993865425868684,-0.15845091062281325,0.39423415065427986,0.1448546299838744,0.9456571015299005,0.15345988951999345
-8,-0.6101105973136826,-0.21977750348147557,-0.41798460289429173,-0.42016458735054807,-0.21163120694501633,0.08203651972355383,-0.25821419388080463
0,-0.692147118959967,-0.6031117378383553,-0.4284256148537986,-0.6975970936336725,-0.39360307370265535,-0.3952667911847431,-0.504323691524091
8,-0.5474645883658388,-0.45097126258957787,-0.2971671608001659,-0.5275577553436223,-0.2578699946576057,-0.4295729389113766,-0.12546423741911322
16,0.12374320477123989,0.30376449772106706,0.004130526274023658,0.24209371642375205,0.09861588216794236,0.5384577732252817,0.3309570338678715
24,1.8599338010261628,1.5343120565978428,0.7409674193774797,2.0603209123557713,0.5610034325898828,2.592353426320579,1.0215551940565566
32,2.7862004941657523,2.3278287109187854,1.4091920417027097,3.173034210845742,1.2187870256510325,3.7125245353547474,1.8493780462553526
40,2.0941107511347825,2.6186854432347,1.4166498809276384,2.178155163769835,1.3142476795969964,3.2083729462277506,1.9761617814242298
48,1.6048748242746615,2.849879183596181,1.0273494012438138,1.3294502238814645,1.144208384247927,2.5431314801336615,1.549571950835961
56,1.308051932353536,2.2368427502211707,0.8990741285770472,1.3369081544360903,1.2307195930539132,1.783920982672322,1.3362770696702924
64,-0.39681572271734356,0.806424529321732,0.8498522625038996,0.2868409321895307,1.3515370239321118,-0.18197186499513598,0.9022294290185072
72,-3.511219566597044,-1.5487688257489154,-0.5939901544657793,-2.9095994301319035,0.01956255008012817,-3.5156369337471576,-0.8429106947333485
80,-7.332628911270201,-5.4417736839543105,-3.2146834681246577,-6.839893628346269,-2.343088676260956,-7.187888969176559,-3.0310479009121867
88,-9.962271663499731,-8.611365731685394,-4.924025786801791,-9.277123424148295,-3.9301220470711264,-9.185104979302293,-4.08260666498278
96,-10.448524357539949,-9.112534116833443,-5.502756016530756,-9.821547514001777,-4.589397211277949,-9.341720008882143,-4.370480219917519
104,-11.177903399561636,-9.164739212842399,-5.971109867718369,-10.237696340481687,-5.021953313150025,-9.944315454331779,-4.953685129756174
112,-12.139967886560022,-9.36610145546416,-6.1605396294601205,-10.98646582726534,-5.309826856067698,-10.819868610270563,-5.292272208913286
120,-11.491133762032069,-8.59346687248958,-5.665337455029868,-10.507670963797764,-4.902627470722074,-10.187441746714295,-5.101350872821311
128,-9.71467060047896,-7.097419441226991,-4.761444319301493,-8.514929821087716,-3.7213018548276637,-8.32148429703328,-4.422685280035505
136,-7.768168131719945,-5.2821753645135505,-3.587576651426511,-6.267129725820522,-2.307290911884028,-6.433153234342093,-3.5068595938883687
144,-5.885803384535365,-3.540018474382737,-2.616562778091658,-4.833728265051167,-1.3944483906203207,-4.677572118498945,-2.6327979680770084
152,-4.0511689284328,-2.1483810798775766,-1.8886752793360488,-3.612130197780355,-0.8127350371864043,-2.9950780621779862,-1.9914217112944868
160,-2.8295708731790525,-1.2459795707336037,-1.4173383263946562,-2.3636838388317285,-0.4502828591145003,-1.9703675944318062,-1.596154924756342
168,-2.586444501964586,-0.9953953684658137,-1.1324479259285578,-2.005706399673022,-0.29814244763628317,-1.7988367120745365,-1.309772977018475
176,-2.67593885626647,-0.9834627629287788,-1.2204506985097507,-2.359209126676529,-0.3503474922122002,-1.6660867250093858,-1.2143123318850257
184,-2.2314501631176107,-0.8223729183276497,-1.5500882577006239,-2.20408557851493,-0.6934092332130628,-1.1455279103209894,-1.5230678410397964
192,-1.4304756210227958,-0.09746855481337471,-1.615717494501321,-1.4418918620132528,-0.8515159451364984,-0.5488987754109088,-1.7572447885847762
200,-0.4713943269476605,1.1092137889836422,-0.6178553483955025,-0.20537805877089782,0.04491932492940456,-0.049221891549325665,-0.9353882397152945
208,0.5070773288915729,2.5545477873535565,1.0392819886751365,1.251888431534726,1.3575032739056547,0.6503257241941267,0.5188951925786691
216,1.2066249356622831,3.330165568378665,2.004329566211371,2.075236614839758,1.973522809515126,1.2215980520491958,1.4511282113192001
224,1.4691418237411058,3.368946473284436,2.0803997744340057,2.21544441421161,1.9451829886712548,1.522895781743911,1.5078079270320657
232,1.5839928860773813,2.9274409684122267,1.5837060503285711,2.278090511765284,1.5737813225183936,1.7719883772955145,0.9260945756811066
240,1.6794535445097163,2.490410182905454,1.0392820021342504,2.2437843359988308,1.2008881573222507,1.6660867466401028,0.3995694081530874
248,1.5064311057477082,2.335286572735798,1.0467398708410451,1.8365849883066807,1.12780108562277,1.3677721744583498,0.305600281129996
256,1.0977401739314527,2.2129775957074216,1.0750797431179573,1.374197397026717,1.0666466194603246,1.1649183062135524,0.6352378736481975
264,0.778543593853442,2.0220563019155176,0.8901247170848527,1.1668688299256085,0.9667112507955213,1.054541906522166,0.5487266598751573
272,0.49961951305986546,1.6983850468550958,0.7394758568840939,1.0087621175214905,1.2650258032692872,0.6935812846947742,0.3548222020009613
280,0.4235493255065826,1.4269187661909288,0.5962849105742964,0.8133660803300179,1.4529639313766243,0.3012976848310039,0.172850326591035
288,0.4861953408635287,1.2613542030255,0.39641417068105006,0.7149222589369839,1.3515370027820761,0.5205588653202978,0.06694865411623553
296,0.18937233934676567,1.2225733106174779,0.6082174774964948,0.4747790750378022,1.3351297277103682,0.8934520723358276,0.3786873577965303
304,-0.17009668185308627,1.2449469103287625,0.978127461946681,0.2018213046235523,1.557374027097787,1.28424412220396,0.7843951388293796
312,0.36686954554247386,1.731199618949685,1.3495291476473028,0.686582410694204,1.9019272958226598,1.897280489244768,0.9559260162195952
320,1.4870406558584626,2.4904101140076125,1.7791020481040698,1.8649248701972438,2.252446897839396,2.449162428898196,1.2378332913784669
328,2.2029955442702107,2.6574662963869753,1.7940177871199359,2.8568207040010063,1.986947034907006,2.6922887427512037,1.3661085228667573
336,2.546057292160857,2.474002854638202,1.6836413933569672,3.368430182023466,1.5976465021878647,3.1308111708651314,1.2825804642032657
344,3.059158401093865,2.8036404064586096,2.1281301006058495,3.77562952763266,2.045118344678082,3.8050020827401076,1.3228528790477878
352,3.591649768123753,3.1899577273476516,2.5547199047565745,3.9695339518590718,2.82670242598818,4.5343811362981805,1.5987938683421483
360,3.8138941423374324,2.930424088912626,2.42495309250896,3.9083794642261362,2.8356519270475684,4.696962521922204,1.7255775293256748
368,3.2515712299802466,2.2815899720755954,1.9804644224328658,3.3042925094786586,2.2181407172661167,4.0421620979104,1.3586506873270618
376,2.228352287234207,1.925104080348887,1.7776105066004904,2.497351730869416,1.8348065876980473,3.0950134281189206,1.02304675606926
384,1.9374955542773826,2.277115212493046,2.0177536757587387,2.3347702867623394,2.318076149861707,2.884701663287737,1.2825804744578269
392,1.9106472914405257,2.51576688805575,2.402579437999856,2.442163570599926,2.9549776747810435,2.9354150923349525,1.3646169340960546
400,1.048518228866129,1.702859746993228,2.219116031981825,1.5904754623031208,2.74168278544377,2.5804207861743946,1.0573528972265642
408,0.4966363513809871,1.0391098946653388,1.8193745044475258,0.8968941280980363,2.0973233592914498,2.534182071365335,1.042437264441557
416,1.5541615069060413,1.7341827197420983,1.9774812573892098,1.5755597402713726,2.1793599153866547,3.326207198923634,1.3840073809409754
424,2.3730348702227406,2.148840035642347,2.2355233120205873,2.239309587151528,2.506014322352074,3.791577926085842,1.510791082141614
432,1.7674563044329337,1.6163485268110866,1.9774812243823368,1.9827591070306019,2.215157674476073,3.506687506232211,1.1080664217693934
440,1.6675208987555694,1.859474874472106,1.9193098941021352,2.255716955956346,1.9973880029641673,3.5051959831547994,1.1065748690498878
448,3.3559812290842035,3.2317217747049947,2.6800120016444406,3.965059303794891,2.8774159218502784,4.69994564466579,2.010467946455438
456,4.883351843153966,4.292230010513337,3.3542028747443524,5.182182620135439,3.5859129758439234,5.966290945808094,2.748796500912672
464,4.546256270891284,4.077443537853098,2.9470035344226675,4.621351301195553,3.2473259876960547,5.975240399279904,2.3624790971859917
472,3.7169419023446335,3.461424019387973,2.4234614473381635,3.8516997103791173,2.8818906090099814,5.342813510247456,1.8508697045648073
480,3.791520577876206,3.243654377197707,2.545770435262011,4.069469315556823,3.086236108806233,5.386069129070929,1.8598190772819365
488,4.042104799050846,3.1019549771983144,2.8903237536574204,4.233542313184542,3.5307247646220747,5.799234758461675,2.071622407170147
496,3.9093548163118386,2.89164322534556,3.0066663828132256,3.7189497938140854,3.911075797563647,5.718689860996381,2.2148134007470683
504,3.6692116213569568,2.7051966304099686,3.1856551829069177,3.508638024977212,4.1094549879419375,5.585939822658417,2.52207738345965
512,3.7795880393142838,2.4307472364556406,3.0931777023364426,3.739831748835256,3.749985927646567,5.706757350794733,2.557875147516122
520,3.6781610655355688,2.153314765582803,2.660621541821088,3.817393585084341,3.0772866373889394,5.624720771306306,2.3117656139818674
528,4.071936284453046,2.5530561811180523,2.9365624873733287,4.099300797113562,3.3606854782457476,6.075175726285546,2.4325830225884375
536,4.931082127025741,3.6762105117562,3.764385419685896,4.6273175659100305,4.422685310836168,7.201313126471736,2.990431239774545
544,5.220447301815322,4.381724394136861,4.380404901298687,4.888342762512296,5.044671055240705,7.475762548465884,3.1947767554333235
552,5.035492141992223,4.456302963277345,4.571326273762313,5.473039238529571,5.211727228487098,6.938796297837331,3.1067738751792247
560,5.098138261176615,4.183345204399478,4.134295417755424,5.998072862951738,5.059586826462306,6.792622228303265,2.6667599161367366
568,5.286076374543018,3.607598118403905,3.1170428063785183,5.854881841495225,4.33468249691627,7.316164269883148,1.594319146733525
576,6.27797227083552,3.862657152196412,2.718792888604726,6.432120539494491,4.039351089297492,8.63322292732936,1.278105712632092
584,7.926160175103702,4.7083787954943155,3.2408433487843733,7.892370307323502,4.4987554269279695,10.136728355480777,1.8896505513079807
592,8.4452274708806,4.876926550301171,3.454138214888654,8.320451780679159,4.574825705009811,10.446975429211893,2.149184198555521
600,8.06636790301407,4.381724383401615,3.212503468015403,7.907285975358572,3.954331451957634,9.823498068157063,2.193931364009852
608,8.011179860031138,4.138597983185963,3.090194485058609,8.110139808193082,3.694797774427087,9.735495174283622,2.375903291653956
616,7.896328669512829,4.017780633222673,3.242334889326587,7.993797175672499,3.76788486487319,9.863770529147118,2.3207150834764305
624,7.396651859035461,3.917845275132887,3.3676270027178883,7.224145774725698,3.906601109602806,9.640034506878544,2.2267459950681756
632,7.141592779097426,4.3847075080679305,3.758419075819014,6.96908668693651,4.280985816302527,9.456571188985658,2.2789510476554695
640,6.922331679523039,4.683022056055325,3.773334765965481,6.864676680141631,4.242204995355987,8.871874581421574,2.3222066512573254
648,6.313770038096543,4.15053052671494,3.066329348490345,6.174078462591488,3.4471967093233613,7.765127636572369,1.9403639999029558
656,5.815584745889757,3.5315279034517157,2.6621131414872634,5.777320139997501,2.79687098096332,7.344504187344224,1.5719455523097492
664,5.735039823909649,3.682176724396727,2.948495090506951,5.807151550413212,3.0757950869126183,7.365386169924531,1.7300523012457458
672,4.820705658917194,3.348064494709815,2.9708686519238556,4.9256320770450905,3.0325394823493985,5.93795107497323,1.86876853507989
680,3.2993015619202826,2.272640500818531,2.2325401708508337,3.536977882673416,2.300177262305621,4.242032875617347,1.407872556444532
688,2.874203195285461,1.6670620137004457,1.5762482168718341,3.2192728960127037,1.8213824147005726,4.264406462830882,0.9887406447142781
696,3.214281871865562,1.840084449898813,1.6791667044347616,3.440025629061277,2.1182053689502114,4.746184480286415,1.1766787641693293
704,3.1755010235201144,1.9057136416755707,1.9431750532624827,3.1446941929219956,2.32255083445777,4.598518816694137,1.2199344057451118
712,2.65494216444869,1.2628457951609804,1.2615263023228065,2.5376241966662967,1.7423290593797656,3.690150963042372,0.5740834004357396
720,2.2552006018245585,0.32464649247866756,0.4292287597597581,2.154289982978768,0.9100314796439274,2.5446231153703507,-0.4327282284635274
728,2.408832643572411,0.267966752090762,0.375532055913021,2.410840475437215,0.8100961012052442,2.376075319224788,-0.5162562959395331
736,2.6430094808808424,0.7378121590422044,0.7528999887030908,2.3601270186706347,1.175531401700279,2.7847662329353313,0.07291495135690272
744,1.579518191547211,0.5364498699544578,1.1720319622811741,1.0654418670423658,1.4604218225152756,1.8689406144042169,0.46818176289054353
752,-0.44305449488786175,-0.20187865437999894,1.4166498775628584,-0.2650410151548185,1.9988795861269046,-0.1595983849738237,0.49055529274262155
760,-2.270231049276759,-1.0610244753219755,0.943821389687218,-1.2479874969108034,1.6841577217290966,-2.2522748228042357,-0.11800636727026993
768,-3.3173151035955666,-2.0887181585834877,0.039928252516797026,-2.4233467839997207,0.3506917097383136,-3.7140161375845633,-0.7071775999859999
776,-3.299416381874984,-2.3855411474422743,-0.2718104103054755,-2.957329795719721,-0.17732503935016813,-4.069010463453108,-0.902573610579701
784,-3.080155067275239,-2.1453979199612023,0.03247037259407285,-2.7917652327145204,0.29699503280980416,-3.6588279364570493,-0.4864248074930101
792,-3.493320710605783,-2.212518698906386,0.22339173207926838,-3.016992684808075,0.6147000870865369,-3.6170638927849392,-0.1597703998866801
800,-3.626070679565222,-2.2811309895528264,0.5142483554404561,-3.374970175560049,0.8876578919497079,-3.827375646720649,-0.21794172231573217
808,-3.4813881135608082,-2.34228550859036,0.126439500738758,-3.4301584069705684,0.7489416246280087,-3.9601256228903288,-0.9234556383441754
816,-3.83638249887377,-2.7837910301262334,-0.8326417782749884,-3.6553858210901957,-0.08932227141557395,-4.08541769334065,-1.754261621137707
824,-3.758820600296172,-2.753959569399075,-0.7655210089434563,-3.7955936715746335,-0.33244864279026803,-3.885546990780421,-1.254584763393213
832,-3.4127757589835785,-2.466085998601812,-0.20916440472240966,-3.4674477045192407,-0.1340694610642637,-3.9541593266110264,-0.7549079316055801
840,-4.136188521870313,-3.000069126166323,-0.5194115568047912,-3.8134925575284444,-0.4264176977109672,-4.834187252707379,-1.5424582885256282
848,-5.386126526470417,-3.6563610982510353,-0.960917052544031,-4.9276974346947835,-0.6755103725752031,-5.730622463168636,-2.386688486296249
856,-5.833598325699199,-3.4296420219764907,-0.8818637142073427,-5.527309608869902,-0.44133343961092936,-6.018496004804487,-2.306143559669541
864,-6.103572998044902,-3.5236111475575354,-1.042953538780029,-5.9389836760877195,-0.7456142651310037,-6.558445316328796,-2.365806485770457
872,-6.685286289150306,-4.244040722648301,-1.409880445831023,-6.487882456946364,-1.130440037786911,-7.607020959578533,-2.4881154221010364
880,-6.919463286045369,-4.693004154069448,-1.3069619145259768,-6.574393662387573,-1.0961338528874887,-8.239447754717643,-2.1942755891529364
888,-6.944819985107019,-4.810838376963009,-1.2115012341424694,-6.552020107059317,-1.1229821569028229,-7.888928234096495,-1.9243009232163328
896,-7.073095216915765,-4.891383276511264,-1.4829674864463611,-6.787688606362436,-1.4645523312443833,-7.0118834728835715,-1.9809807020588486
904,-6.919463245347574,-4.849619303499497,-1.4307624735954978,-6.9860677385781305,-1.4526197486198862,-6.692686854350949,-1.8676211764193251
912,-6.976143079949273,-5.067388898422641,-1.3129282072802724,-6.951761597260599,-1.1319315858598187,-7.425049014790083,-1.751278489581606
920,-7.077569990918792,-4.9062990272237395,-1.0742765900403928,-6.392421758457144,-0.545743515784332,-7.921742673843136,-1.4261156226777165
928,-6.239306109135462,-3.7115493298217803,-0.4731727618819627,-5.445273101003188,0.02105411081101127,-7.022324464013498,-0.5207309715628526
936,-5.025165858978177,-2.918032592663201,-0.16441722052145633,-4.775556987485826,-0.15047671803025978,-5.678417327743705,0.04755821464178076
944,-4.534438515111274,-3.249161717712238,-0.9161698640169341,-4.441444663585121,-1.0648108468112916,-5.723164559051555,-0.3581495852979182
