-240,-1.6464158707675998,-1.6622239595379926,-1.6219791011904263,-0.9803669768096371,-0.8065435184202983,-1.299822737893544,-1.5808121202989407
-232,-1.211428975150456,-0.9155537246355868,-0.8170823075747558,-0.9067274864554292,-0.08556143503639677,-0.8271599328543383,-0.5721222553809036
-224,-1.4939991617389552,-0.7751248653090124,-0.1474765780021886,-1.1584717801436848,0.6508335071383263,-1.042940848707756,-0.2998273764212477
-216,-1.4922867206624888,-0.675797209087034,0.04946623615220052,-0.8502134405649623,0.7176228490678447,-0.9487507370250171,-0.30667753404418546
-208,-0.45448346646875837,0.017784118892913103,-0.053286527027884584,0.21156534157757068,0.2792109088567133,0.07021439284199472,0.03925684446792633
-200,0.2048469998105187,0.37570638702748954,-0.3495570200319415,0.6739528746771336,-0.5410987897249819,0.6730307758859193,0.4108793870081591
-192,-0.1993140796197671,-0.03359225589042609,-0.5995888787145741,0.028322960406626758,-0.8116811976218835,0.22434356060774133,0.9332060299084962
-184,-0.7490415108537858,-0.2425229795354948,-0.2724925084472945,-0.36556279538986436,-0.0872740431530412,-0.2483192482947283,1.6610383170905383
-176,-0.894607899818439,0.17020072306153441,-0.032735935317711434,-0.48886616039819536,0.38196377027408335,-0.1370037442103295,1.6456255116495535
-168,-1.0024984041962983,0.012646532777594276,-0.5533500519658087,-0.7971245408171377,-0.24996593545022064,-0.1250159428910424,0.7773643546549341
-160,-0.9716725282208304,-0.4942672202418447,-1.0636889349389733,-0.39981373509167517,-0.8596324671028004,-0.30312075965453167,0.059807368111066725
-152,-0.5897746090648971,-0.2801989923458607,-0.9146974572287435,0.3382937725198236,-0.5034227682682636,-0.2568820020765885,-0.06007078820653819
-144,-0.4031070970204027,-0.007904063899632493,-0.5053988455848704,0.14820114707844875,-0.17975151618095317,-0.14727900989516374,0.22078675144871165
-136,-0.7370536326371481,-0.5096801524346823,-0.4420345300368095,-0.5950440053331885,-0.4777346219007787,-0.31339599848048266,-0.22276280946314986
-128,-0.894607948569151,-0.6826474261306515,-0.3581198078473183,-0.6327201014796782,-0.49143499491164955,-0.253456847471559,-0.6697374068745411
-120,-0.4561960159005828,-0.13463251489406536,0.20188286938728445,-0.24397198956350094,0.06514264085636977,0.1335786738046444,-0.5258834678166727
-112,-0.060597839079804254,0.46647135808653495,0.8954642293771331,0.04202325909565664,0.549793302956243,0.5343145053596695,-0.0891840328857771
-104,0.16032070354518746,0.6925274288778857,0.9605410010867875,0.2526664411098982,0.5086921609280115,0.4127237306233827,-0.010406935260280173
-96,0.4446034496835834,0.651426299543236,0.7601729848644107,0.6071635476487769,0.3871013403844517,0.3185336708187604,-0.18166155080113794
-88,0.5970200696731908,0.44078319718581904,0.6557077081256669,0.6551149245652266,0.39052646665887863,0.3459343502451891,-0.25358864680597704
-80,0.0883937464338879,-0.11408193293403454,0.3217610952436415,-0.19944585886662708,0.3305873114187607,0.133578564713427,-0.9129190483295913
-72,-0.48017175614494173,-0.7973879516294541,-0.2673548266702003,-1.0248931878991958,0.1507699301383207,-0.332234011324439,-1.4557962330855991
-64,-0.5829245581416322,-1.1553102236272943,-1.1356158975692219,-1.2509493184791558,-0.19173932909003247,-0.6456299535753267,-1.976410391309776
-56,-0.39111929036613224,-0.9480920685464049,-1.591153314437962,-0.9820794506318662,-0.7877055190057839,-1.0378031776006282,-2.3822838875331547
-48,0.14833288787663387,-0.3572635364923046,-1.0054623377770326,-0.3638502314248088,-0.852782317022426,-0.9196373942924582,-1.9404469823848611
-40,1.6707866798099298,1.0710002357407284,1.35271395063638,1.2836194640947094,0.8169505542245008,0.8648360271045741,0.15057231120743972
-32,1.8266284288334378,0.951121979714119,1.4058030350850181,1.1671662451195237,0.9248409760020962,0.9727263914851041,0.6369355604519524
-24,1.6485236146454578,0.7456163985323929,1.0256177545839114,0.8708957107233531,0.7638616127166318,0.536027036578963,1.044521597092873
-16,1.3556781320179063,0.4339328885276544,1.0221926647345454,0.8280820733489934,0.6045948338163316,0.09247749995047598,1.4469699977639725
-8,0.7220359237728412,-0.2716362293657527,0.5426795804715676,0.2372536134091536,-0.11981230979857871,-0.5925410902525623,1.6541881499014233
0,0.1380576063708137,-1.0320068716804753,-0.41120878081319445,-0.6173070704976603,-0.9743730766735863,-1.1131552790149208,1.4863586126201398
8,0.7562868989798874,-0.2733487578255724,0.49472837077926013,-0.1943081774574628,0.2963363588394037,-0.2209184527864143,2.4488097142573206
16,2.0235712610163916,1.1343645056654814,2.3614039785473664,0.8691831460224373,2.4250317298137656,0.890524143117842,4.142518208195001
24,0.872739963976406,0.07601078816911533,0.8526505230159157,-0.24910969065691546,0.9488166579295655,-0.561715241135978,2.2330288758531474
32,-1.1840283097053639,-2.1365993474906437,-2.99030378606641,-1.9856318090914098,-2.7126077117941443,-2.786313120901924,-1.4797718377477878
40,-0.2832287618888635,-0.8915780761897392,-3.1512831265402204,-0.9512537321303985,-2.5927294958718945,-1.8529752348775193,-0.9745706661700752
48,2.5664484638009646,3.025015745506554,0.2806600174191783,1.497687848176938,0.5926070267941307,0.993276987794401,2.419696440143688
56,2.89354489183324,2.995902370028234,1.8014012707745817,1.29731975947237,1.4899813068671557,1.5584172872014548,2.9522983220539416
64,-1.0744253005991624,-2.477396068693,-0.2622172655741144,-2.7511400345780133,-0.7894180664139935,-2.387289783957167,0.14029702473456554
72,-7.551276079199472,-8.913145689628065,-3.110181926746994,-8.625174458832937,-3.575731189771144,-8.7785131984018,-3.1306666998300567
80,-12.096374346787089,-12.828026948647052,-4.8484167110631295,-12.603419921365333,-5.452682188136286,-12.95198891461886,-5.213123180403781
88,-13.192404168524403,-15.268405587896206,-5.699552233558207,-13.987157426031565,-6.303817622328191,-13.813399788526443,-5.927255109292151
96,-14.26788334189034,-18.03588069141873,-6.833257949264529,-15.088324837563496,-7.139540424925988,-15.152611156057025,-7.122612515505111
104,-14.531615506620598,-18.17288453080262,-6.8349705961977785,-14.613949423303856,-6.980273547604439,-15.794816134272864,-7.480534741879643
112,-10.411228725104698,-12.816039137209692,-3.4646790301584685,-10.149340781617596,-3.6938968731863433,-11.72923076146434,-4.454465090832253
120,-6.422708081511348,-8.435345259840899,-1.3650971113758101,-6.835563388220608,-1.9710751489186904,-8.00786729628912,-2.8189832715057594
128,-8.003388324538408,-10.528076935456916,-4.872392272493553,-8.661137973721667,-5.486932984345433,-9.807753579420416,-6.7150264231228105
136,-9.890614423571822,-12.242336036005932,-7.456625021152124,-10.176741550818923,-7.538563723606035,-11.730943279806086,-8.770082115914748
144,-6.736103938954392,-7.491732152467213,-3.793488051222262,-6.936603545307662,-3.6202573116376993,-8.559307160689116,-4.8397881110594145
152,-1.7012173813915437,-1.4515807784435755,0.7704483015075367,-2.372667307188029,0.556643398399027,-3.3343279653592326,-0.14056054932213016
160,1.186136038498095,0.5726491619973437,2.472719448230319,0.5540746296884215,1.6269849876732565,0.047951327125627836,2.0086853092382433
168,1.5971472225694119,0.9682474843344001,3.820493541396128,1.3367084254707937,2.7213021477601234,0.6285046295520249,3.674993000860908
176,1.4344552557664263,2.014613289212682,5.78135926599799,0.9119968542233037,4.468099620550559,0.26201968048570934,5.469741721056464
184,2.102348382925263,2.593454091693827,6.0485165689604,0.6054510197408516,4.183816875148023,0.5154764963789773,6.233537587331004
192,3.1076131828292035,2.2149812542928022,4.779519577099385,0.8777458766247132,2.1732872902413023,1.0463659132973198,5.625583458674146
200,3.7686561589878407,2.566053303360147,3.9626349319419965,1.3795220525431158,1.1611723627007133,1.6834331238244333,4.80356113541896
208,4.934900230746664,4.559457356235806,4.094501052387871,2.258058361164299,1.3581152254218498,3.019219403713234,4.979953445614458
216,6.376864386108642,6.58539992079832,4.596277188569841,3.482529179280639,1.7828267401920987,4.671826702088881,5.606745381258491
224,7.496869798158881,7.450235838380067,4.757256498505472,4.397028904921194,2.39934345338306,5.507549475988145,5.779712602340485
232,8.178463252889244,8.229444481397058,4.957624403980947,5.145411755114877,3.2676045272255214,5.742168310127533,6.007481290078798
240,8.558648622245425,9.27409779865574,5.959464124889454,6.0342233989596465,4.464674514328312,6.12749129889669,6.945956804530459
248,8.606599823107414,9.662845836250076,7.057206383839968,6.359607175827476,5.4802145685112595,6.5984415988396234,8.040273961305957
256,8.303479117290932,9.359725124914647,7.39286554210659,5.950308549650373,5.915201369386452,6.680643794776873,8.680766394689096
264,8.205863956966976,9.16620745285567,7.993969365968548,5.81501735940731,6.201196674706815,6.447737453408105,9.365784929334719
272,8.469596194363392,9.409389042616565,9.0214971804466,6.131838578967851,6.72181074334006,6.697769264627779,10.365912024465946
280,8.58091167563614,9.48816608505258,9.364006550237889,5.885231880225232,6.939304185261754,7.009452650088244,10.52004130058705
288,8.623725368935842,9.310061293308324,9.064310906124135,5.729390081163257,6.826276073060713,7.011165206510736,10.220345655921403
296,8.863481826535438,8.991527638190263,8.685838038920789,5.98627200953358,6.829701207429596,7.12590585876139,10.016552620308236
304,8.580911714452744,8.410974411557428,8.004244638828016,5.594098934519889,6.5026048108553285,6.826210238379117,9.20823063511058
312,7.925006346669186,7.845834030469937,7.30895072223171,4.775501665608834,5.928901752331431,6.213118658637216,7.968346975128195
320,8.017483929524175,7.717393060029968,7.115433013379743,4.5819840014603495,5.975140567306439,6.213118608414783,7.670363944282105
328,8.187025998024751,7.323507315823267,7.009255115094914,4.698437139674921,6.161808007052706,6.40492379506174,7.603574574021984
336,7.806840711084872,6.534023485122582,6.6616082208165635,4.621372550641028,5.920339029455683,6.269632627262402,7.660088616785046
344,7.486594499544319,6.136712670382837,6.6753084720426346,4.4638182805163,6.033367111486473,5.951099029909338,8.499236472439222
352,7.406104722239811,5.775365385065051,6.990417184483291,4.419291989401986,6.365601098407255,5.796969798859648,9.418873827610826
360,6.852952363781447,4.908816862678029,6.719834758557824,3.9877303412921745,5.940889626684804,5.043449432825257,8.906822501169648
368,5.5411416894746575,3.8025118692619735,5.454262860225477,2.915676285370349,4.630791480469907,3.625460922781726,7.865594271000859
376,4.056363960390195,2.602016724242784,3.89070799764235,1.9104114356119066,3.132313333119195,2.3924274310922473,7.185713255507313
384,3.035686207505373,1.7919822293497334,2.8186539474234387,1.3658216959051255,1.9575064891820153,1.7519350006525445,6.978495119006884
392,2.2975786150860316,1.1788905745501304,1.9606681368742687,0.7698555600750708,1.106370912417274,1.3837374778710316,6.588034604278952
400,1.7118877821017309,0.5777868283213823,0.9554033312674147,0.14306348995265786,0.5138298274360149,1.0840419224283855,5.613595603269164
408,1.4121921563844733,0.13594988030925442,0.2549717829324808,0.10710003650822436,0.380251187544602,0.6233669496145791,4.397687572600268
416,1.1210593022936763,-0.14662035208651758,0.018640398993338272,-0.012778225589228845,0.48985413575840303,0.07192695055224195,3.746920024751485
424,0.5816071439191262,-0.6004450867007373,-0.30845593999989923,-0.6207322201356364,0.2072839920337377,-0.6113790900350071,3.6390295143027824
432,0.5679068095408958,-0.4754292246905941,-0.18344010852793782,-0.6378577109585463,0.26893563986050983,-0.5531525099818069,4.180194266628676
440,1.2649131085288488,0.47845914395276684,0.7670232359415444,-0.32617419598675423,1.1080834263438628,0.12159078970112783,4.95597778668261
448,1.4806940107688609,1.1326518789683766,1.398952846555967,-0.6669710227849929,1.6852116157413088,0.21235575947241903,5.307049716540664
456,1.1261968808664327,1.1463522223608897,1.339013699226343,-1.163609429910878,1.6663735765903642,-0.20379307896521445,5.0176294519860525
464,1.0799581023164848,1.2336920864618288,1.3972402505810104,-0.9307030905657233,1.618422282090214,-0.2894203612564972,4.6905330925727045
472,1.583446812029691,1.4083718661738938,1.3081878618835159,-0.488866172907812,1.6235599349848107,0.212355677975945,4.548391611332114
480,1.6536612018645656,1.0572998042290023,0.784148750863863,-0.37241295319676726,1.1423343586870747,0.42984917122385985,4.183619230094118
488,0.913841074730596,-0.10723185919911545,-0.09781278006145207,-0.9512536609359618,-0.13008767445655764,-0.3305214661238089,3.2091803676099415
496,-0.38940676595354096,-1.5012446431635909,-1.0551262690923606,-2.2596392023455856,-1.142202662337653,-1.5978058943876967,1.92134548174633
504,-1.0744253377600836,-2.319841850814318,-1.4387366230699525,-3.07652380795051,-1.3545583654531161,-2.320500547991462,1.5069091848300278
512,-0.7627419442051611,-2.074947642450772,-1.0962273570348968,-2.4737074723695427,-1.0206118296524058,-2.1595211175587905,1.3750430395488844
520,-0.08628597808869101,-1.304301737762584,-0.6715158352739792,-1.8606159531521111,-0.7260538697072925,-1.8855136555017225,1.0753475002951542
528,-0.1565003923909046,-1.1792858387754854,-0.5602003155525592,-2.009607439508693,-0.5154106286403008,-2.1680837966508784,0.8441536958485925
536,-0.7935677147687107,-1.5235076993137797,-0.7177545439172447,-2.583310408441657,-0.6404265290991193,-2.5208683815366415,0.4810938222823778
544,-1.0435995436490204,-2.045834380662792,-1.2024052678293424,-2.6843507172997985,-1.1798786626384015,-2.537993884133308,0.0032933080552995067
552,-0.6394385622720546,-1.934518842728842,-1.262344333478528,-2.004469730136855,-1.2175546747129073,-2.3547513697717375,0.05980739478598504
560,-0.04860995718386779,-1.2923138970747976,-0.8307826012967316,-1.3896656103453406,-1.0137616251184054,-2.2982373235133404,0.2618878014944676
568,0.2151221851026682,-1.3710910072099112,-1.163016701539924,-1.6790859383678614,-1.1850163125895594,-2.025942511884858,0.20366126872025989
576,0.23567269807584137,-1.7889524237779015,-1.7024688531077712,-2.160311453221304,-1.767282057380178,-1.519028727959307,-0.11829744497312342
584,0.33157534005804945,-1.6142726606226825,-1.7863835322494632,-1.9599436178364762,-1.9488120265411184,-1.308385544105416,-0.27756429727543885
592,0.6826473256574851,-0.9309666209552591,-1.568890230141134,-1.8143771153654469,-1.4675864747107195,-1.3357862720985922,-0.2964022253115517
600,0.7991005782982564,-0.7049103845954509,-1.1510288411678862,-1.6088714799140595,-0.8253815270330606,-1.548142004096553,-0.09774686448481215
608,0.7888252044420299,-0.793962921200768,-0.7485804101425696,-1.4907058529760986,-0.4400585573962612,-1.368324623000078,0.28072584579643023
616,0.8607522209740092,-0.9463795384309006,-0.6954914408559927,-1.5557826243178232,-0.445196206611559,-1.1354183244951428,0.3372399205693945
624,0.6072953079472467,-0.692922666612288,-0.6920663607567688,-1.8657534765353807,-0.47944715146438804,-1.313523146409651,0.056382222888250066
632,0.8059507101661009,-0.06270557378771698,-0.1526142323685054,-1.7612882143298685,-0.19002682215411218,-1.4111382638697725,0.013568659467801645
640,1.239225000977969,0.3380302936404742,0.04775368580055163,-1.1225083417843775,-0.07871123878081872,-1.0206776257013543,0.21393661847707782
648,1.3882164722494246,-0.4822794525881439,-0.8239324390746701,-0.891314511950652,-0.9007336006686446,-0.6747432545478413,0.198523603132082
656,1.3214271628817034,-1.5902970105211505,-1.93195002239484,-1.1995729685310852,-1.9522371268764869,-0.6439174650359017,-0.1902243917823853
664,1.1227717652619735,-1.886567558162799,-2.461126909749574,-1.4341918677940662,-2.1919935456594746,-0.8579857977919088,-0.3700417691995622
672,0.8624647549527777,-1.5320704530956395,-2.3241232168017856,-1.6054464003667301,-1.8118082555921897,-1.2261832766057978,-0.2381757079904016
680,1.3077267823282697,-0.6826474436073223,-1.3222834946055249,-1.3211637351729137,-0.9469723691005199,-0.9778640814132608,0.36121555558580054
688,2.3078540204002644,0.4493458422443926,0.06316663473420023,-0.31589895752873304,0.22440948267268324,0.039388629453078375,1.3699054626318121
696,3.063087039438749,0.9048832523064271,0.5409671138239721,0.4324838415226933,0.5891818819392439,0.9282001682538588,2.0497864317661896
704,2.912382843232902,0.13252476820012873,-0.15090169121510374,0.19101481333530668,-0.2962046383905728,0.42128647759853943,2.09945024092879
712,2.1691377364445734,-0.6244207583261693,-0.472860437102354,-0.3861133262076383,-0.8253815316321843,-0.6524802591060864,1.9093576219261879
720,2.3951938030047293,-0.1106568771181844,0.07515445941703619,-0.2080084873683547,-0.05987325757883433,-0.5874034520751615,2.2912554809255816
728,3.647065234320117,0.9254337726381995,0.7841486934667977,0.6996410679556818,0.7689991751004713,0.642204931736389,2.798169238912075
736,4.537589483154126,1.5059869523599725,0.5752180169167566,1.4634368393043051,0.6936471985983826,1.426551195822041,2.637189828531581
744,4.433124144603158,1.3501453186824905,-0.07212457537707684,1.5165258463036981,0.09254336351456223,0.7603706942565199,1.8305804635922565
752,4.212205576407038,1.4220722029436685,-0.447172223403697,1.2510811154008026,-0.10268695731731314,0.2945580036084876,1.577123518555592
760,4.356059559248565,1.576201496173513,-0.3255814249359313,1.4548741193719965,0.20899653429092954,0.6062414928251858,1.7449531744942703
768,4.4022982452641415,1.4237847797862706,-0.3666825634688285,1.3880846933704953,0.3203120641304217,0.9487507549969791,2.354619687014496
776,4.621504218221165,1.293631136106063,-0.36839512357061954,1.3161578070857018,0.0702802698355228,1.1388434398590328,2.7519305004664876
784,5.138693268751377,1.625865274062071,-0.2348164524051653,1.7340191587140634,-0.4023825543360379,1.6782955800210537,2.7416551435350365
792,5.7466472875811565,2.1721675944747183,0.2532592633029786,2.1827063123639823,-0.5462364777568853,2.3136502900510205,2.8015943642666774
800,5.690133220350756,2.3228716722071336,0.7961364900029961,2.035427383349717,-0.14207547982307359,2.1269827754310167,2.9060596222409947
808,4.494775790222353,1.5402379167130864,0.48102801726867433,1.2545061759997411,-0.1386504159127659,0.8922367137056366,2.161101917454095
816,3.136726435418934,0.6069001022510496,-0.5927386550482187,0.09682468509572194,-0.7260538194848604,-0.48293816135508166,1.323666774960551
824,2.694889543332152,0.5863495725370654,-0.7845439103141021,-0.2388343561691888,-0.8527822364457768,-0.7278322808635539,1.27914057601268
832,2.730852926318008,0.7028027488323806,-0.592738739304167,0.25951665980920025,-0.5154106538434995,-0.6336421478408806,1.270577793716252
840,2.5441853197155284,0.14108749383535174,-0.9283977739463398,0.4119332455813263,-0.37669435682629593,-0.842572865415106,1.2585898989427686
848,2.0749476006624246,-0.2887616754851791,-1.253781624584117,0.06428636583620741,-0.36984421042522075,-0.9042245566576069,1.2363268854724487
856,2.0937857001538744,-0.0010539064606603001,-0.8701711545246401,0.043735768423120984,0.08398068571022767,-0.6833059750320458,1.150699485075666
864,2.3164166584681696,0.11368670182237134,-0.8085195087214825,0.4085081916051259,0.08398063383211087,-0.6901562329158824,0.9674570713429254
872,2.145161946345712,-0.4771418215853764,-1.4044857245762918,0.5044108227334015,-0.9195716068898623,-0.9932769070903911,0.3166893559020689
880,2.08351037615215,-0.49084212101026614,-1.4027731554602185,0.4187834852526329,-1.57376433215533,-0.774071016917598,0.10775861956341848
888,2.5493230224646273,0.3859816915289293,-0.3290065109220331,0.5455119126995517,-1.2055668377044195,0.09761517547276152,1.1095984221523647
896,3.2737301784051906,1.3415825040082299,0.9057394891750887,0.8914463050090353,-0.30990506291163095,0.7569455390995947,1.9470335802829275
904,3.1966655119220517,1.273080690096133,0.8629258389231824,0.9582357122461109,-0.42635820112620093,0.2003679627522564,1.2808530454197498
912,2.4876712846789935,0.5041473363114891,-0.03787361617498142,0.7184790960687285,-1.1970041273382879,-0.9093621845329704,-0.020682310772190828
920,2.379780909076601,0.6634141382074085,-0.34613197065486506,0.6242890401273707,-1.298044323977808,-1.070341494652564,-0.1474107965359993
928,2.3814934437912285,0.9768101812710901,-0.20056557433161404,0.44104656182293156,-0.9880734721281814,-0.6901562480010086,-0.041232735810116806
936,1.6519486338522809,0.058885222472470106,-0.47628547746514865,-0.2953483623232258,-0.9623852648682969,-0.9607385203157393,-0.6286363522296619
944,1.0354319063120532,-0.6946351474251844,-0.668090755542686,-0.8125373953767653,-0.9726605265059022,-1.4727899396592168,-0.9625827840901733
