-240,1.3257194767160523,1.399826541221807,1.217314379864443,1.8775357749952364,0.9734763040924512,0.5525198822127794,-0.012077593220207437
-232,1.59857892251982,1.6681129133371309,0.9962829061400462,2.2067963065215808,0.9643301249482514,0.18057740923089688,0.1434066102336951
-224,0.5604934466283193,0.9669097951870794,0.15788794577197313,1.365352669115148,-0.06308481493997842,-0.73708406638036,-0.7209024427746777
-216,-0.33430268624931286,0.10869817976743022,-0.189664900321781,0.7693299875671044,-0.4929527879794169,-0.8483619210849556,-0.9754696334519333
-208,-0.46539721090664615,-0.21903803960332827,-0.06161909102007964,0.21903805027220666,-0.18960623348656094,-0.5678807225893939,-0.5776131184281982
-200,-0.7733167986419375,-0.35470555541959714,-0.1393612153443963,-0.7748411495745531,-0.06156046037339396,-0.9169579054010896,-0.20414624601249867
-192,-0.8159987479574277,0.10412515143746558,-0.0021692871581369733,-0.9745316287456982,-0.014305436059467363,-0.9032386982544239,0.21505127699190743
-184,-0.19253773120682993,0.6864285713104198,0.52678176267537,-0.3785089519463753,0.37440493911983413,-0.26453417366400445,0.727234377959524
-176,0.31202363671887684,0.5934429917097191,0.7874463988013017,-0.07211371042646783,0.650313106829195,0.2202106718468344,1.140334469106423
-168,0.37604651328676963,0.184915982274967,0.5801341502359635,-0.08125981277237472,0.30580895578619377,0.378743525156759,0.8705236561287788
-160,0.14282033501140948,0.11631999861382841,0.4337961421374136,0.10166272932280941,-0.09204752599648904,0.24307588996745097,0.42083908158369426
-152,-0.14070966300678142,0.32668091734006843,0.33318873075414074,0.06660256381142654,0.08782620347614273,-0.20508430905117392,0.4208391469195549
-144,-0.4150934461834863,0.5080790680251377,0.3316643923987094,-0.08735723742492477,0.5847658589923169,-0.5221501047504924,0.4101686107525361
-136,0.01934755223843377,0.7321592539939352,0.7142773450541979,0.1595882328190949,0.9963415986838631,-0.07703855002042294,0.5123004579219089
-128,0.8851809046299702,1.1315401217830148,0.9749419821626237,0.43702069958412154,0.9536596438009058,0.7339181370422281,0.4802889049317709
-120,1.0482869516563744,1.1071504308690179,0.6700710775244066,0.2754391525334356,0.20520153179424663,1.012874966233792,0.06109145545067671
-112,0.8989002121547882,0.7961820660447121,0.5725124160478108,0.06050515962750464,-0.13015642618588869,1.0143993029517329,-0.2590230277669399
-104,1.5680918370830932,1.299219164389578,1.2432283876827486,0.8607912481347585,0.7615909910086133,1.749138255135197,0.18761285680361187
-96,2.3150255548959033,2.0446284726161332,1.8133369934566428,1.9019254587042769,1.511573431709512,2.35125827111008,1.0321052388767522
-88,1.7159542334805264,1.6940269262316563,1.2493258252714723,1.6244929089184952,0.985671120975245,1.540301658225736,0.9604606178045172
-80,0.48732439795743626,0.6666119362362238,0.31184778647183964,0.7693300188431678,0.2753218803381574,0.3208180133092735,0.32175608764663133
-72,0.010201443178816919,0.003517709105627674,0.025269077846737913,0.5422011969370145,0.28294365726480636,-0.09533079237451215,0.16779624547302363
-64,-0.18644021698356386,-0.5589691087704337,-0.10277665351042785,0.4202528299727587,0.3362960782302002,-0.44440793981641796,-0.016650568986735014
-56,-1.0355057981769007,-1.2891349173446176,-0.7506273308814527,-0.47149457084684204,-0.30393282516165876,-1.2507915351782328,-0.7209024678282786
-48,-1.8418893183779135,-1.967472729113328,-1.6515208915228674,-1.562932450837587,-1.4136629615889094,-2.0647969320290485,-1.437349138521634
-40,-1.5415914813694263,-1.906498456879228,-1.9960250332321736,-1.6132361644710513,-1.8938346629992242,-1.4992613188878319,-1.2224151054971926
-32,-0.18796463361102855,-1.0635305104284398,-1.1332403492003,-0.37850895866008494,-1.0539152712662743,0.002227895465677329,-0.481578764849715
-24,0.02544493464373601,-0.9065219206406425,-0.8497103821306738,0.13367415049498332,-0.5280129628244942,0.46258292675950435,-0.4632865242968649
-16,-0.8983138825993167,-1.7616848125172078,-1.752128311912337,-0.5385661768527822,-1.2444596243479047,-0.36666588967040914,-1.2071714974429686
-8,-1.309889577914877,-1.967472711264684,-2.128643922608531,-0.6391735874173098,-1.3862246077189686,-0.8514106415168077,-1.3382660247202864
0,-0.5461879536471721,-0.9019488490809352,-1.15000825287146,0.11843062398777333,-0.22619082381285974,-0.1151473459016942,-0.5699913528002328
8,-0.21387864650555372,-0.2662930144650496,-0.5326446448897569,0.07574866844981978,0.06496099026799715,0.15618772355686886,-0.08219790590308215
16,-0.651368426110214,-0.2586712578432799,-0.8862949200572852,-0.4928356109223217,-0.7886775337783136,-0.40325037339609354,-0.6660256706814289
24,0.037639808183691864,0.6224056888475624,-0.6683122348843341,0.2769635270774012,-0.7094111397094074,0.424474163791787,-0.9053493047216538
32,2.3104524602475847,2.7793673519312785,0.4993433929217736,2.3256960440984438,0.5969606667051655,2.829905659709811,0.013836469781519652
40,4.2387610015507375,4.791515379495422,1.8072395691315912,4.089374237354541,1.9643067720449279,4.5082199939621885,1.0366783150214312
48,4.545156287119132,5.230529497619263,1.9627238018965696,4.435402675827025,2.4246618288836026,4.39846644486322,0.9604606541568003
56,3.08025158940486,3.5552637993042384,0.7386670294182338,2.997936350486336,1.7082151578627491,2.558570492656829,-0.19195144124713281
64,0.04068851748060996,0.561431516500368,-0.6683122265331342,0.1001383894936374,0.7920780865977799,-0.47032200805811375,-1.1370512430547461
72,-3.527825501442762,-3.0543374389674534,-2.0143172479126776,-3.633005912304682,-0.36490701699498723,-3.7781713731706583,-2.0684318919166205
80,-7.436270549742223,-7.042049017575013,-3.861834965910786,-7.570413715054148,-2.7764358936808216,-6.675969432249021,-3.6324196344938993
88,-10.320349324220635,-10.119720807763501,-5.27643599092885,-10.481930941979408,-4.982176979529788,-8.450318117951149,-4.385450824937724
96,-10.555099964645688,-10.695926781696535,-5.0569289456218485,-11.020028094486323,-5.218451906074332,-8.421355336810057,-3.4418752899272187
104,-8.672522078679963,-9.209681142647442,-3.7231187532425247,-9.023123631582909,-4.155976771854892,-7.087545140009506,-2.518116501667746
112,-6.010999029658147,-6.744799881512244,-2.0737671672176825,-6.10703337321645,-2.89228689772591,-5.220210813137049,-1.7727071128766716
120,-3.4424615957705744,-4.133580537117697,-0.4564269167242773,-3.5872753128056702,-1.9349922130446466,-3.0342863734972125,-0.789498365029932
128,-1.788536943098498,-2.3333177928350683,0.5847072244156546,-2.258038096029125,-1.3404939065318136,-1.1440866876799778,0.032128736697962276
136,-0.561431448059574,-1.1397481948729302,1.3880420985268722,-1.226050102921078,-0.7673366705517797,0.1394198175932227,0.8918646334883829
144,0.8028658561200687,0.14375837753737059,2.3560071991833715,0.02087191043898713,0.1381299855566992,1.4244506887316908,1.9665346279841105
152,1.8805845458302974,1.6467719913246968,3.3803734913443164,1.0924931723854343,0.971951882061269,2.7582609336744515,2.917731863777968
160,1.6854670830354377,2.76412380168046,3.848350329367113,1.0117024037725624,1.3301751439665095,3.0189255575192067,3.5671068652582614
168,0.5574446312220338,2.7839404130110474,3.5800638807809935,-0.2565605974270442,0.9643301709617282,2.2796136336629425,3.628081114567496
176,-0.7321592034017845,2.162003704158563,2.7797778264972886,-1.4973851604259631,0.22806687682035623,1.4381699204407101,3.0549237949117094
184,-1.0385544486879192,1.7229896281182218,2.409359606721345,-1.5507376162698991,0.003986785662244287,1.416828916062518,2.7271875465573725
192,-0.3739359057992573,1.9638376437436194,2.3880186473741336,-0.843437123083252,0.5253159943794861,1.6713961566832263,2.803405228054382
200,0.2480007270736805,2.569006479218514,2.351434177730866,-0.08278414801657456,0.9582327166706044,1.785722776523156,2.612860931138668
208,0.7037828266494678,2.997350089995164,2.1624141803620636,0.533055037442698,1.0725592823096077,1.962547834524895,1.8262939996708796
216,1.0681035096047793,2.7595507625430606,1.900225198675744,0.778476165237561,1.118289953203193,2.3588800660491214,0.972655420932393
224,1.360779595231465,2.2077344664241036,1.7432166639076179,0.8516451526663096,1.1243873593521039,2.485401461507091,0.9574118616753786
232,1.3257194200588898,1.5766516257508871,1.5816351558291997,0.8973758117699661,0.8881124075902083,2.041814313252047,0.6327243938487868
240,1.295232372120689,0.8358153088470182,0.8453718331954988,0.8440234063607293,0.22349382016181168,1.5967027391995927,-0.3642034556902469
248,1.6976619277555653,0.40899604805198037,0.39263855213722904,1.1519430193133706,0.057339199258932626,1.9137685244189726,-0.7742548434351926
256,2.357707436255549,0.6605145415497459,0.7310453075112571,1.6885157851588894,0.5923876090641255,2.686616264787503,-0.3001805787948562
264,2.6747732201649392,1.0629441530230381,1.0801224069746995,1.8287564324670091,0.8774419773688081,3.287211967951802,0.3339509554553724
272,2.5040455018300083,0.8510589203399718,0.80726294299479,1.5345560071748992,0.13355693855934622,3.3283695076810353,0.282122920005129
280,2.1397247941485924,0.22302482711719665,0.26459277722282315,1.1565161087217206,-1.2246429802675118,2.9914871854731224,-0.05323513622442143
288,2.3394151880064964,-0.0742243882000996,0.031366524932904774,1.3866936055374957,-2.0112098878279445,2.7430173778561664,0.0306043636277378
296,2.4674610118818596,0.26113368309435986,0.45818583911012406,1.8668652782917308,-1.7520696229709978,2.6850919265958195,0.603761653153703
304,1.5284585579285044,0.044675236226186285,0.8392744237716075,1.310475837417255,-1.1484252363821255,2.1165076685110495,0.9482657755406251
312,0.12452805286630737,-0.584883105781304,0.5252574125300096,-0.12394172835556594,-1.0950728835363255,0.8619638744581085,0.32785348659058455
320,-0.5400905327608503,-1.1641378635170594,-0.067716479975343,-1.1132478430514507,-1.3145798635074675,-0.24014441086418617,-0.2895100382066134
328,-0.4455805525800886,-1.2327338519269193,-0.3085646061313327,-1.1208696722140379,-1.1728149276236206,-0.44288361423341066,-0.02579679267066868
336,0.09404094253972936,-1.1031636896961243,-0.012839783370394146,-0.44710492332633617,-0.7277034102283284,-0.017588739117272347,0.4985812362015797
344,0.5574446654455807,-0.9644474054695389,0.26764149683593,0.1351985412501022,-0.22009332629199355,0.4458151069278445,0.5443117950908333
352,0.44921553723155155,-0.6504304173165532,0.7935438468699625,0.08489483989781504,0.29208973422961426,0.27966037565812374,0.7028447160291044
360,0.36080307225654984,-0.08032173539936234,1.7249244146760707,0.08032178160177919,1.132009101727708,0.17295553913105322,1.3949016625674122
368,0.5650665633827557,0.4242395930628305,2.1913769094309665,0.6671982337346747,1.7783354495857482,-0.04655144526131187,1.550385871588782
376,-0.16509933918336747,-0.23275727131234752,1.5023686749733105,0.4507399068945362,1.0939002621254474,-1.1593302349833137,0.5290682687473724
384,-1.3922047168142393,-1.3089515227802406,0.37129754857778113,-0.7702680300363823,0.13508119667775575,-2.5571634760307536,-0.5867592546701531
392,-1.2001359868961585,-0.8379259872504541,0.45971011393093314,-0.9577637227820524,0.50549942955362,-2.234000191489268,-0.35810609408107147
400,0.03611552206419856,0.6163082558438117,1.308775656152003,0.5071410283144002,1.2752984758538897,-0.8590324092735098,0.463521043180361
408,0.734269826936702,1.4135456998987612,1.6593771887815607,1.7449169119824715,1.6060834156564998,-0.3834338198689111,0.5366900740026027
416,0.9324359628399451,1.5873220880670966,2.0907695108201176,2.2723436015181777,2.104547383655759,-0.5815998961675095,0.8872916339782476
424,1.0742009773233236,2.018714472330282,3.147147219240766,2.3363664676061324,2.8987360861552314,-0.5785512032454938,1.698248197574135
432,0.680917477202133,1.8845713007644083,3.9413359490863247,1.6976619597181166,3.546586761070022,-0.7248892223152287,2.3354284376825514
440,0.1351985546460318,1.5964682552576173,4.311754073560337,1.197673617666139,4.185291329545181,-0.738608398677078,2.7287119541786438
448,0.14434466386939743,1.738233205387628,4.339192469841276,1.089444504680768,4.33315368975408,-0.38343377221794545,2.923829313647869
456,0.20836748705510874,1.8434137564502024,3.8590208236143826,0.7723786976827666,3.86974994490586,-0.20051125321137317,3.1326658632338615
464,0.27391478074171377,1.690978271299414,3.4992731360754807,0.5162871607901273,3.685302977013266,0.03881244583721415,3.3308319912771505
472,-0.12241738184417406,1.0812363775284837,2.7797778058649123,0.4431181853150575,3.6167071151814008,-0.01758871733865177,2.5610329346606924
480,-1.1025773751992647,-0.08337047220611618,1.587732521204604,-0.14833144694314845,2.9475153964249037,-0.729462281102511,1.332403100611341
488,-2.383035206545337,-1.124504671149453,0.7645810778462978,-1.2733051008714127,2.4597219184154384,-2.0617481410213676,0.47114282321824136
496,-3.232100681465558,-1.5558969823805737,0.6731197679901868,-1.902863553081996,2.314908311879443,-3.12117459296248,0.22114871916560347
504,-3.204662337093059,-1.606200658024264,0.5679393412131226,-1.556835046981163,2.0268052395178113,-3.0662977381759733,0.24096530347760212
512,-2.9775334778521296,-1.696137612986292,0.07557281244007658,-1.1284914265433208,1.8423583762608433,-2.701977115316553,-0.01817501296028692
520,-2.886072230548146,-1.8790601131617264,0.31489646056271764,-0.8297179409901871,2.5831947547343446,-2.6455759501756995,0.013836441452938393
528,-2.75345336606164,-1.47205752182818,1.368225503734936,-0.22607349954539158,3.5694520296253396,-2.608991457116321,0.3735841117981925
536,-2.41352226741971,-0.4858001079142646,1.9535775782126343,0.21446497461877487,3.731033682130396,-2.56478513915183,0.5336413599569618
544,-1.969935099351033,0.43186137015322773,2.476431234014661,0.26476865173620606,3.91548058796211,-2.261438662767259,1.1067986383479933
552,-1.3236087907927576,1.177270743551893,3.421531022231101,0.5025679615034148,4.822471508247713,-1.3041439572898694,2.33847719053671
560,-1.162027217378479,1.1879412284654682,3.823960661377979,0.5925048514570804,5.188316570823211,-0.9962242845688344,3.047302048606129
568,-2.0232875098364893,0.38917942837019265,3.4032388157380473,-0.15595321519109784,4.4337611270096975,-1.6989518159076207,2.8247462512637136
576,-2.4729721520099215,-0.05745646700779427,2.9367863157431837,-0.5644802811192637,3.7721911981160225,-1.808705316864376,2.355245037714457
584,-2.133041005389527,0.22607357358514338,2.956602941811185,-0.05229709598464866,3.9520650318967827,-1.5236509844207302,2.608287890527527
592,-2.09950530170034,-0.12300368962732271,2.627342315965403,-0.046199633014827005,3.7645694572141593,-1.5922469476132406,2.1997608809290257
600,-2.8083301055688334,-1.1351751039908382,1.523709635466766,-1.1757463879776224,2.5328909944324103,-1.7766937835241208,1.2851481570256844
608,-3.4714243415418777,-1.42937553894414,0.5222087122392873,-2.1650525403357825,1.6609601754685726,-1.7309631769839018,0.7500997537704513
616,-3.2641120409043496,-1.2327337453263045,0.4109308131587071,-2.142187199894644,1.8728454597325817,-1.2751812252734849,0.9071082125590294
624,-2.808330092468911,-1.3257194333288593,0.5694636595911727,-1.648296334731156,2.32100572867204,-1.102929125517128,0.9818015612680729
632,-3.101006114233479,-1.8973523930143423,0.4871485097206251,-1.41507010372861,2.2707020122548425,-1.3925565265729987,0.9635093953847781
640,-3.596421405849372,-2.377524071827291,0.4429422272896724,-1.6635398690983185,2.0115616994194334,-1.442860273938761,1.022959142262061
648,-3.424169422518573,-2.1092376671259108,0.6136700085042294,-1.5476889212191447,1.6609601671173733,-1.2309749593811832,1.2516123331447118
656,-2.995825719387475,-1.7190028725354123,0.5862315758710077,-1.1467836238664282,1.3530404768751927,-1.4321897169756166,1.3034403790748936
664,-2.338828915108188,-1.6305903739918615,0.5740366987285732,-0.5522854444228384,1.191458997616603,-1.2401210812132235,1.3232569628956452
672,-1.3373279756695562,-1.129077693911951,1.0953659726179272,0.3882413324935397,1.5542553296078083,-0.41087217455759767,1.782087759650923
680,-0.6955747453846975,-0.18855088211703078,1.6548041622528362,0.8501207879472865,2.3210056643186743,0.04033679319884155,2.2180531558691707
688,-0.774841158284742,0.3708871914198211,1.639560585310927,0.3165967245212268,2.474965500433568,-0.22490085095217535,2.077812492841146
696,-0.7672193319058882,0.5736264206613915,1.6410849089289459,-0.19101335663137473,2.229544390323599,-0.2508149188663732,2.009216542912306
704,-0.7809384976240505,0.47911638971843257,1.5511480120978216,-0.24589008876986154,1.900283888927074,-0.15020756086528225,1.9482423872675119
712,-1.4928121111676138,-0.780000491450373,0.8621397611015142,-0.6772824823667412,1.1792641206379166,-0.8148260847590577,1.204357353043022
720,-2.087310422920416,-2.2128937666824786,-0.08143567762456498,-1.1833681652317687,0.5756196970417654,-1.273656866285676,0.43455834211254135
728,-1.5065313396016522,-2.02234946550929,-0.12106893238054932,-1.1086748196339569,0.8118946948171367,-0.6654394582442985,0.5290682749698349
736,-1.072090199536826,-0.8516451786772136,0.45208834715672536,-0.7961821166179692,1.4368800491044202,0.03576373834153534,1.2043573384693604
744,-1.07209030973992,-0.273914757659399,0.9185408520640604,-0.6132595077131834,1.7966277389358085,0.08301874529806509,1.5671537038653667
752,-0.7672193301046484,-0.10471145709817586,0.9261626208032577,0.15501504892755708,1.6289487459451994,0.2689900196150313,1.5077038921434702
760,-0.2047325880443862,-0.24037895997827194,0.6365353086631073,0.8364015911168099,1.3103586412015247,0.4305715671569641,1.0458244879431682
768,0.12910109511493925,-0.1504421250442782,0.8682371512030203,1.209868502996024,1.5344387412020841,0.7781243590497909,0.9604606440043614
776,0.4126310492483923,0.4516779130367234,1.5435261421617275,1.7494899933671204,2.228020025277077,1.3985367193944067,1.6448958417808528
784,0.738842908812597,1.0934311899900535,2.043514502062348,1.9537534632059537,2.5816703667629595,1.849745667009716,2.2332966828676284
792,0.5117141145800295,0.8678267678452158,1.8941277810644022,1.4278511487054595,2.249361010332885,1.6896883931423499,2.1799443262556006
800,-0.10869817535250437,0.05077277959677899,1.5023687021556495,0.935484712778111,2.0710115923608443,0.9976313799581895,1.77903908801628
808,-0.2824746223067392,0.2336952416186903,1.7599845757662302,1.0528599402268155,2.7081917473197694,0.9336085638136857,2.182992978895356
816,0.4720808879888774,1.0919069294154087,2.450517229471333,1.8821088822522303,3.6654864038361987,1.8070637275191666,3.0335828375294884
824,1.2281607530148266,1.5979926217778806,2.569416834411485,2.722028187361945,4.077062147130224,2.5341807727592545,3.0427289012306256
832,1.2266363864945635,1.1787951536293975,1.953577618003648,2.406486811401324,3.490185676002442,2.086020612876646,2.059520340057773
840,0.3973874452878941,0.4928355644427913,1.4124317791246805,1.1336508393476599,2.484111620464368,1.102811860772431,1.431486167252972
848,-0.7565488959532721,0.10869817796619069,0.9444548864097082,-0.15595322272355358,1.7569945290470566,0.4153279794076187,0.844609729202491
856,-1.244342368886517,0.02638305314924377,0.5420253541909431,-0.7885603357613437,1.6365705153393921,-0.17764596156744442,0.25316015966016175
864,-1.0126403825749606,-0.06507821183963462,0.29812861043748873,-0.6041134366433397,1.7707137131051094,-0.16545104332400487,0.05194532264745149
872,-0.8708755023657818,-0.2647686065162831,0.47038067433280834,-0.19863511505438328,1.7295561165549644,-0.04502699915902249,0.16627189974888645
880,-0.9242279008975591,-0.4385450939165268,0.7630567232797133,-0.2169274150481289,1.532914353558197,-0.2477662331493146,0.30651257849681784
888,-0.584296743305981,-0.025444927281327894,1.1883515911908946,0.1428203804013795,1.5344387975317488,-0.17459717809221853,0.9558875636022071
896,0.3257428453392835,1.4150700466053932,2.077050384074223,1.310475870658307,1.7890059469442494,0.8573907906172236,2.122018769704631
904,1.5284585867483327,2.8860721997570304,3.2675711936486644,2.2967333279657134,2.337773627430729,2.1866279887263804,3.1098005676599563
912,2.2159425242790602,3.5049601416729406,4.16846477262997,2.5284351629731714,3.26305679007042,3.078375394294702,3.63875160455729
920,1.8028424074235645,2.8738774152965436,3.8742643517590833,1.9156445942926184,3.570976429386654,3.087521579661364,3.3780869384652874
928,0.7083558237033684,1.8053047774975224,2.627342315801654,1.023897192163025,2.8423349296930756,2.253699562473765,2.468047247313134
936,0.11690625235980005,1.341901002519482,1.929187954599487,0.5955536314935774,2.218873915071217,1.5250580837400614,1.9772051199388927
944,-0.1163199408167214,1.206233536646665,1.8255318008419934,0.5269576196676076,2.1822893941745045,1.1150067231774528,1.7668441728840716
