-240,1.7927015596622988,1.8333827746589186,1.588992387538294,1.841446338794553,1.2270448080465928,1.6177298856013416,1.4441527035738624
-232,1.3134999365083404,1.6126978165450532,1.4092917902642612,1.141559687762202,1.0158177459729723,1.3229578888512676,1.273910027231787
-224,0.7397190457848194,0.8292662118711361,0.7172867504788654,0.7853110621233917,0.3616444483347288,0.7838559883184261,0.8530322825340751
-216,0.39923362316680966,0.24129837514975927,0.1230136878866623,0.7427504190302394,-0.20267849876643076,0.4480996258179096,0.4983600002772116
-208,0.09185098366929129,-0.19061360558351656,-0.3451537503698072,0.43852041244923573,-0.5888772012887304,0.005153385004015561,0.11531398130150951
-200,-0.41414809276486664,-0.7454786568137632,-0.9126293281861745,-0.5120012319249498,-0.9451258023744906,-0.5434064029331706,-0.4568906356352611
-192,-0.582814460945921,-0.7218338814922253,-1.0009033104495986,-1.2008536071288627,-0.9199046448941206,-0.656901573325944,-0.5971832235793131
-184,-0.1304102619471665,-0.1795793697172841,-0.4570725199772969,-0.7263809238671214,-0.5478928590753488,-0.24232906702958007,-0.1983739497674095
-176,0.26839897528915957,0.06475041858148521,-0.22220065311847864,-0.11792097471237596,-0.12228615687495753,0.09185102439348732,-0.04074184048165374
-168,0.37085989220523746,0.06790305556195388,-0.2395401885146862,-0.09427612877965386,0.06371976194212901,-0.07523904104515194,-0.23305299024950787
-160,0.5347972315951037,0.23184044524323896,-0.015702564464686618,-0.024918042058190218,0.2954389405130715,-0.11937600838580541,-0.40014306855733167
-152,0.7208031832624777,0.38001466001273254,0.27749314647610795,0.313991087977286,0.5350397936609032,0.37085991464164497,-0.13689744178127577
-144,0.5127287539360408,0.22553521750976796,0.2822221034707929,0.39438345628445365,0.5697188414242507,0.4812023313846311,-0.021825974572684224
-136,0.2636700242210728,0.2412984215465563,0.30271429261127536,0.12325620556159035,0.623313779310955,0.09973267357067002,0.044379499721360474
-128,0.09185107222960136,0.11676901020760931,0.3263591417612938,-0.3165374424673253,0.4483421097372794,-0.26912654537082353,0.10900866162110044
-120,-0.20292100867816612,-0.4491302846781128,-0.045652689776949945,-0.6002752126643918,-0.045046401333871326,-0.19661577662674493,-0.08014986251148741
-112,-0.35582420025411593,-0.7880393298785691,-0.46495411242846835,-0.3512164492524796,-0.5069085200792632,-0.1493261690883267,-0.29452953464188775
-104,-0.1524787722871854,-0.4932672923196341,-0.5752965847121458,0.08857714001844802,-0.6298615733044339,-0.2328711371230601,-0.25196888697678815
-96,0.049290335834859714,-0.24263217401124174,-0.42239346340871775,0.07911917980161166,-0.5573507984644259,-0.04371258149483623,0.04122685224234632
-88,0.09342733602580057,-0.15751087952769935,-0.427122393479714,-0.04698651768527669,-0.6014877878181584,0.31568866385264177,0.06014272543256507
-80,0.1801250290933187,-0.02352356317394466,-0.2631850198849097,0.05705065828572207,-0.5683850378866171,0.35982565489968865,0.08694016889154485
-72,0.1880066235764669,0.026918716904531383,-0.033042100876882245,0.4196045900584304,-0.3886844316380216,0.10130892602166716,0.03649789270769049
-64,0.12968274935350568,0.14199016853463597,-0.10240025211360058,0.6497474757081764,-0.12386247265588982,0.25105946436133614,-0.0864551337631224
-56,-0.016915163520228794,0.1877034726533128,0.022129109272590132,0.5189128063254425,0.1031277880359155,0.3976573382888535,0.023887332763288412
-48,0.08712205258230651,0.2633669119054724,0.515517662507254,0.2871936241985408,0.46725797581558043,0.41026791161043447,0.47471516416570925
-40,-0.04844154551677355,0.43203325096153083,0.810289682794389,0.28719356967383747,0.6201611380972021,0.2747042852330145,0.5424969848896658
-32,-0.27858441897466063,0.35321720249924826,0.6274364395653245,0.43379149253812255,0.6627218011714571,-0.051594178856617455,0.12004294845607734
-24,-0.41414806076123584,0.31853814914796535,0.5517730370580736,0.32660162201398707,0.7021298262492555,-0.41887706406805286,0.033345248107309856
-16,-0.5103036659554795,0.4194226864451816,0.874918905484093,-0.14787111458713778,0.7888274869744805,-0.27858448797719665,0.44634138714600263
-8,-0.47562459126844275,0.5203072494807673,0.9363954107609248,-0.2787056757671223,0.6658744447558493,0.11864846006322362,0.6638736950715521
0,-0.3605531533541796,0.4872045075078006,0.8181713384061637,0.25724348855706336,0.43100259753947073,0.24948319159057356,0.7080107182915601
8,-0.491387847797958,0.35952249491730565,0.706252527651149,0.26039612875482815,0.32854172295623735,-0.05317049396022425,0.6749079769959192
16,-1.033642308265492,0.0032739038220965092,0.379954038669805,-0.3969298178864111,0.25603094185096803,-0.5560169967438481,0.3832885637175995
24,-1.1849691691593482,0.00957919370018308,0.05680819428884076,-0.33230058927010825,0.09209354048581792,-0.3700110603162983,-0.015520691637184053
32,-0.7152253910768906,0.06790303236355516,-0.13865564495220872,0.044440135932885545,-0.06553858403976145,0.2494831008289552,-0.09118413325998316
40,-1.1881217697335709,-0.6445940971648046,-0.7486919371502384,-0.6428359258607347,-0.5967588171076318,-0.1776998924299869,-0.48053544482307414
48,-2.1244565524369268,-1.5099944609406213,-1.511631381300675,-1.1850903467047258,-1.377037833060522,-1.202308650623512,-1.2671197220370483
56,-2.4570603500921404,-1.8410218827022633,-1.918322251797035,-0.937607909910954,-1.7868813295308115,-1.8722451590717988,-1.695879075103081
64,-3.243644550091006,-2.29815503463175,-1.968764530859523,-1.424691267923771,-1.8562394756875884,-2.767595613446946,-1.7352871201619815
72,-4.47790412942169,-2.9208018764449677,-1.8410824972719375,-2.769293209303405,-1.708065261934083,-3.9293443651062314,-1.4862283904470133
80,-5.45837582798896,-3.3747823822500918,-1.6724161494106475,-3.8238520469203916,-1.5598910723949648,-4.507854192843334,-1.3522410403963152
88,-6.0226988639890955,-3.611230566413824,-1.5273946200503956,-4.790136961878596,-1.45112490116039,-4.85779753385333,-1.073232224992626
96,-6.047919965251449,-3.1682843398237663,-0.684062741892217,-5.267762250117176,-0.752814641769428,-4.687554855648609,-0.17000017342502854
104,-5.187248579467406,-1.9387538155306354,0.6510812814340934,-4.31724062166014,0.5224292223712989,-3.4800928010559673,1.0358855003634324
112,-4.24776118433663,-1.2041881238468568,1.1838778534812944,-3.518045733871682,1.0032071978817667,-2.6115398129995375,1.1966702661027653
120,-4.304508836926904,-1.5667420137947146,0.6368943858969879,-3.942076158898694,0.456223725556181,-2.54533434327744,0.4463414067884426
128,-4.154758233733318,-1.5683183024826268,0.34369865531375365,-3.749764944107591,0.29228631690978146,-2.0945064209440694,0.2351143460694728
136,-2.953601479855971,-0.6903074055167658,0.971074468853486,-2.2428018976706308,0.8629146041804472,-0.9958106244529984,0.6544157859927916
144,-1.438756821156069,0.2807064344324952,1.5180579183193346,-0.39377716786742634,1.1513813643918167,0.15648018747854664,1.2297730177276207
152,-0.6947332659436688,0.5013913671466541,1.1255539850156,0.43852042751972936,0.6863666034166835,0.5505604729694603,0.9996301493496748
160,-0.6206461521243296,0.21765361235874314,0.5801468178030702,0.6197973981473616,0.14411212144406518,0.6025790271733503,0.4274255586592676
168,-0.7278360475401775,0.12465063754104456,0.5281282243143011,0.8152611909916139,0.06529607111913774,0.5284919414630198,0.49678367602971085
176,-0.6474435745862187,0.19716136683091212,0.6211311788122346,1.177815067223631,0.2654888507603971,0.610460710047477,0.6260420003371849
184,-0.3006529933219391,0.2775537930494107,0.5612309798337782,1.392194707519733,0.43100259008889,0.9745908019855821,0.364372701872583
192,-0.0011519014027775796,0.7677896679867502,0.8118660536080184,1.9171097138701194,0.7273509908415431,1.294584123515426,0.4148149882163201
200,0.0098823630804576,1.094088143590916,0.9899903274812064,2.2575950773914792,0.766759003727482,1.2835497665772588,0.6323473261135232
208,-0.04844153010761814,1.048374858606685,0.9521586141203874,1.9139570183009953,0.6154321502842063,1.3119235419036512,0.747418761657147
216,0.4071152108767028,1.619003122848283,1.4140207548788586,2.087352399186759,1.0583784275043469,1.9345705085140943,1.4078973422308907
224,1.0802044282712933,2.4497243626616334,2.107602075901586,2.754136272347891,1.7188570106180605,2.539877854385315,1.9879835348550252
232,0.7397190244490658,2.340958212085486,2.039820254669635,2.6138436651000614,1.5959039375811186,2.1063894464510606,1.6900588215387373
240,0.2053461102052375,2.1202732524476384,1.8632722698230217,2.314342630584236,1.468221940907773,1.620882582186453,1.6143953914304716
248,0.3282992421694987,2.437113828624932,2.274692116448512,2.2954267729725033,1.8071309519032916,1.8935861241371994,2.2512291789028818
256,-0.04213625089740862,2.355145126249043,2.236860400886385,1.7311037921743997,1.5360037419892898,1.8068884837317396,2.3663005937880772
264,-0.970589443858895,1.6521058675305524,1.7245560007078664,1.012301304358077,0.795132787689775,1.0203042144763408,1.8287750903152293
272,-1.277972104692167,1.401470769711256,1.570076545166386,1.3449051060772446,0.8897120334155905,0.7665165208241015,1.850843564418333
280,-1.1896981337739454,1.554373968229793,1.7387429052195345,1.5403689226278887,1.1702972147222996,1.204733743514683,2.2197027505095397
288,-1.0226080053440338,1.7309219203954507,1.9893779879683378,0.8783140725006799,0.9732570597003182,1.5310322636530003,2.4624562089728728
296,-0.5954249987079125,2.0052017804977678,2.0792282916006295,0.9981143973064381,1.0126651056058757,1.750140908187241,2.6169356844954557
304,-0.04528892919473323,2.4970140291273704,2.3361686389971443,2.0148415974230613,1.4256612546351195,2.1126947917005077,2.5396959248904163
312,0.2873148246036545,2.8201598719843517,2.5174455850717274,2.708422957222674,1.8969813120922632,2.473672338774414,2.405708661368051
320,0.3834704062608365,2.8769074095986213,2.665619758863028,2.8833945612651077,2.1097846508312683,2.7274600090589236,2.396250704876505
328,0.47016815707035425,3.039268469952464,2.8736941953013826,2.695812398632923,2.332045949617778,2.9386871241332653,2.522356413369933
336,0.6545976661275943,3.367143326360811,3.2693507141088474,2.8077311797549465,2.724549875640265,3.2035090404438904,3.00313433604901
344,0.8484851999169255,3.5925572335107874,3.657125762722396,3.1088085512181265,3.0145930115758746,3.4100071116565505,3.430317398395154
352,1.1432572615209162,3.7974789860638825,4.037019201443641,3.2396431193406965,3.3077887257339653,3.6433026368267374,3.7723790947999136
360,1.6807828198571308,4.221509403470981,4.4106072654517785,3.8307636414713158,3.662461019505363,4.0909778862813875,4.201138479361583
368,2.2356478196106386,4.508399829105636,4.524102441093825,4.5542950796784005,3.667189991231878,4.4992450789932725,4.2137490110276445
376,3.031690054840141,4.743271696641781,4.379080889889827,5.117041741478276,3.530050036204341,5.350458518784311,4.116017152027752
384,3.960143187350326,5.107401906265194,4.5162208359428,5.98086570091285,3.7948719757133644,6.357727737517677,4.3634995624058295
392,4.853917321880588,5.665419626987532,4.881927346953979,6.973948038163613,4.091220391028515,7.309825729845756,4.568421328844098
400,5.476564168435084,5.8939861433476315,4.894537912147652,7.344383535125141,4.138510033957191,7.820553792230263,4.502215838294241
408,5.813896934430186,5.57556928136106,4.413759921905355,7.432657556165451,3.742853394924448,7.8615380931267875,4.109711814736881
416,6.223740464089423,5.246118199425404,3.909337145504313,7.848806292053075,3.285720290069084,8.04439145776645,3.6163233063750315
424,7.071801210512645,5.444734605374401,3.86362386644668,8.76622526997609,3.2841439124821985,9.050084382223968,3.7802607156987564
432,8.313942277478377,6.27230327441585,4.323909640286143,10.169151087102668,3.82166945930388,10.43882319070008,4.253157098080727
440,9.207716470258633,6.790912927558214,4.51937349527501,11.140164930946552,4.111712562727866,11.145015180547288,4.164883074500447
448,9.477267284636625,6.765691762288601,4.349130781680032,10.75869517593638,3.9840305369295232,11.651014197038137,4.065574824028497
456,10.166119708946638,6.92805284685683,4.643902823980245,11.083417383511062,4.1873760228077845,12.51483831242691,4.475418366048927
464,10.741477034321719,7.065192829654712,4.968624980416851,12.134823633931006,4.381263493097849,12.872663170196954,4.644084702734346
472,10.795071864175004,7.104600806811732,4.826756106494188,12.193147497486091,4.081762437923597,12.923105385082847,4.503792142391308
480,11.149744085811234,7.285877775746051,4.489423367422776,11.955122948604657,3.548965908039909,13.645060548317861,4.4549262045094595
488,12.02302598057093,7.489223210316905,4.416912596985384,12.46585111428131,3.5379316401700454,14.44425531808235,4.585760864748299
496,12.229524153382416,7.255927620970127,4.246669900831537,13.074310953032,3.466997190762859,14.330760312618338,4.45807880000374
504,12.117605281498777,7.134550996300586,4.205685568778038,13.146821818633624,3.400791731539306,14.403271046988147,4.475418331505326
512,12.656707226904434,7.4277466825189995,4.412183637112065,13.309182904556508,3.5064052209205983,14.932914915507645,4.440739304739069
520,13.33452524771015,7.525478617548679,4.347554471148372,13.884540149837846,3.7160559438455563,15.317537255344222,4.108135535192864
528,13.76013205303335,7.717789808125397,4.141056378091964,14.318028457527925,3.7570403024840813,15.604427718909108,4.008827285228908
536,14.174704424711269,8.152854394004844,4.464202241268711,14.603342628679606,3.906790776477827,16.121461171246548,4.2799545425556955
544,14.548292567458498,8.40033685958495,4.691192485704704,15.063628338342477,4.147967956582462,16.35160404690574,4.568421316144245
552,14.724840530122702,8.408218468291933,4.621834348691821,15.137715405426354,3.876840701964977,16.39101217730766,4.623592534252292
560,14.819419769075262,8.315215501771473,4.407454643372471,14.458321078322262,3.5584238152560235,16.52972832941483,4.317786259980466
568,14.72484065051731,8.157583365392696,4.353859758147826,14.068969743560775,3.397639074408403,16.40362262159873,4.098677608842302
576,14.658635020777059,8.215907258411441,4.454744334899253,14.313299461248358,3.5174394833718563,16.195548170936537,4.068727484884691
584,14.715382596829551,8.252162660901938,4.347554456585875,14.91703048185609,3.59310289722431,16.247566834020503,4.041930057173528
592,14.579818942512457,8.059851438490922,3.910913477541058,14.811416954205907,3.1722251311908436,16.186090271509666,3.805481886556305
600,14.264554824862445,7.7083318463845805,3.6618547435928064,13.775774077323463,2.6630733967791276,15.680091180174346,3.5107097929486852
608,14.021801258027033,7.56173402376447,3.4884594060558745,13.449475494363206,2.592138949065254,15.271823993558392,3.285295847360487
616,13.8200321834326,7.388338655578557,3.151126697125447,13.670160477199452,2.401404061230954,14.989662521870457,3.239582548491083
624,13.504767979254256,6.986376754268742,2.7838438163166273,13.307606579970344,2.075105553453827,14.685432534931893,3.0346607566531087
632,13.389696574020947,6.737318048598829,2.588380011280516,12.465851112587996,1.805554634090383,14.422186879538835,2.8313153815175687
640,13.30457519283974,6.617517564452245,2.560006237647437,12.065465496918124,1.7913677520997877,14.247215218262397,2.650038431548364
648,13.088619129745275,6.324321815919887,2.205333979774292,12.15846837995822,1.761417672845659,13.887813976809538,2.3316215241809823
656,13.023989943969811,5.728472426032217,1.7009112096385102,12.399645590373172,1.5123589206096177,13.766437294736663,1.786214432151584
664,13.006650422628109,5.332815828824325,1.603179265803599,12.396492871097651,1.4729509016277489,13.57412622252258,1.625429640843214
672,12.606264883326691,5.112130876129064,1.6599268337281854,11.821135712513977,1.4808324839190374,13.047634887352745,1.5718346999085455
680,12.013568092827926,4.736966443677935,1.3493915426877001,10.903716801646185,1.244384345305445,12.372969324036239,1.149380659580335
688,11.762933018037698,4.289291184910059,0.9726508095261311,10.539586589144138,0.9448833014763944,12.076620966293753,0.5866339840646182
696,11.603724653083647,4.103285309103143,0.6889129817563961,10.416633505777982,0.6863666308483668,11.969431102881536,0.39117015108882963
704,11.152896752255362,3.871566077362148,0.45404113707998817,10.27318828932003,0.49405543976365657,11.610029941861084,0.4621046221704334
712,10.836056234836057,3.7754105156860684,0.5060597273514612,10.254272362282434,0.5444977266153882,11.222254920001893,0.5093942501979485
720,10.73674796252036,3.9267373322151027,0.7976791494350124,10.099792995978587,0.7525720919345641,11.15604943995058,0.7458424172592121
728,10.115677435302754,3.540538625459519,0.48083858240161315,9.325819329169768,0.49405543417572145,10.61064233285069,0.514123222601789
736,9.349585293720546,2.67671462843338,-0.1922505389820863,8.85292293239463,-0.12859143100522613,9.999029667976385,-0.07384460023441514
744,9.166732060651364,2.6231197337261767,-0.11816346986623083,8.936467915838518,0.07948294921511113,9.89656881913152,0.058566414054248866
752,9.232937560514447,2.9793683112748757,0.47295699486105197,8.781988517869705,0.5870583778364462,9.778344699533307,0.5645655008176201
760,8.87511268360996,2.6467644756894333,0.334240730487175,8.35638174624345,0.44834212057448786,9.166732107640826,0.3328462805911588
768,8.296602769683187,2.102933714172797,-0.3120509733452455,7.810974567177722,-0.04189378518116235,8.62605395889027,-0.19837396907118657
776,7.708634974786659,1.6316136871953004,-0.7786420060751529,7.10635896439996,-0.3729212396237607,8.238278916711314,-0.6917625008007655
784,7.041851093497621,1.0215774043104966,-1.1664170350462617,6.447456783595513,-0.7291698112458616,7.647158479415714,-1.076384832848098
792,6.47910446048408,0.6164628333392574,-1.565226340523133,6.121158288687571,-0.9908391305382227,7.041851080035776,-1.445244021648606
800,6.114974213607764,0.7126184353162045,-1.6582292506562455,6.190516376086359,-1.1232500865768933,6.707671029760235,-1.6879975095755981
808,6.3135907524818915,1.043645912957202,-1.3902546538469884,6.713855128123106,-0.7275935054554806,6.721857924620016,-1.438938759371534
816,6.762842282327214,1.5654081878402117,-0.8558817819360045,7.1914803552330575,-0.45488993217842993,7.1364303386307775,-0.7753075231908707
824,6.553191554322314,1.7860931837149747,-0.5863308351408768,6.480559499152784,-0.5746903265793843,7.254654469235532,-0.6097937991022023
832,5.62631470017083,1.3384179449282017,-0.9047477174472143,5.180094510720638,-0.8647334200128186,6.4917150477755,-0.9014132252497059
840,4.972141342927942,0.8182319539918249,-1.3398123644552862,4.78443793010722,-1.0160602905585636,5.738233505253242,-1.2482038730612166
848,4.765643335891874,0.6085812141337285,-1.434391647095343,4.96256221651093,-0.9782285719484719,5.659417497261161,-1.369580581211127
856,4.125656968165007,0.5124256280739302,-1.1806039393885983,4.56532930657007,-0.7512382823010006,5.173910487032906,-1.191456314788519
864,3.3595648370813436,0.48089921373509276,-0.7092839132577597,3.9426824214080196,-0.44227936224347614,4.141420118608415,-0.8446656561398004
872,2.7416469275404314,0.41154108755941804,-0.5737202775671139,3.6100785939504836,-0.2074075050365468,3.545570778842834,-0.5546225510225014
880,2.416924736898888,0.18139820275632867,-0.6730285072113041,3.1324532967373413,-0.3477000846833616,3.3769043869553856,-0.4285168371104694
888,2.071710414689529,0.050563530156297776,-0.5737202917909494,2.494043185694756,-0.6424721364661323,3.124692911887868,-0.45531429208398283
896,1.8131937149365052,0.017460806471119875,-0.49490419693186993,2.5239933159176298,-0.6235562964648633,2.6454913493545433,-0.5104856106055367
904,1.6161535666877784,-0.28361655669482216,-0.8180500501180653,2.7557126038766424,-0.5794192818807556,2.2088503887668463,-0.7390521184990665
912,1.4301477001940872,-0.4743514154041249,-1.0529219173155466,2.326953186972679,-0.7622725740465878,2.3838220263368908,-0.9329396317993012
920,1.6382220756731458,-0.24578484553531113,-0.7061312838972031,1.9643993603547552,-0.5857245651549184,2.9560265457387884,-0.672846634553133
928,1.805312123670654,-0.09603435714839836,-0.6131282979036338,2.325376909291308,-0.4076002807831846,2.8535656979099127,-0.6602360492090246
936,1.2930077709049195,-0.49641992472815544,-1.3114386285831046,2.0479443310987917,-0.8458175432666409,2.194663444631634,-1.2418985855537692
944,0.7791270474948877,-1.160051150748936,-1.8253193050883454,1.5151477792020236,-1.3628509097530712,1.7469882373404977,-1.836171675746987
