-240,0.08462794676462593,-0.3402289246611633,-0.5319296323375612,-0.1617129624127075,0.21009810055440556,0.01876536660574917,0.05016355705962147
-232,0.052739173206842405,-0.21107928902833054,-0.41075222396434247,-0.23186833514880542,0.43650858404623744,-0.1295175982472855,0.10915777097093028
-224,-0.017416171782265375,-0.22064592323663695,-0.4075633600538648,-0.3434791588129773,0.2674979559886151,-0.28736708666322286,-0.05506949716311027
-216,0.1643499453164223,-0.30834012592555565,-0.5941128149813096,-0.4806009537081715,-0.21083399592828775,0.03949305447432776,-0.3101798837936948
-208,0.5868765133195066,-0.027718699724140778,-0.5446851873205469,-0.17765739706372088,-0.26663939011876925,0.6979967355530519,-0.06463614421724538
-200,0.9520032063627228,0.36610791803881926,-0.14926409272758656,0.2847301709003725,0.021954220694108465,0.9945624885005199,0.5348732119622113
-192,0.6650040388094127,0.16201959856045536,-0.22898607689205472,0.08064183617829215,-0.1741618847130253,0.5656581642443788,0.5619787047267171
-184,-0.1959934316503063,-0.48532295195430264,-0.7216679712149765,-0.5029230947704256,-0.4850776319636591,-0.17256742272489792,-0.051880623832358176
-176,-0.2581765978513936,-0.5506949764137031,-0.4585854133325905,-0.4455232696523718,0.03789859214364484,-0.02747343482563285,0.011896966959026246
-168,0.2743663063666443,-0.07714636215427935,0.1951348941203348,0.05353637766932934,0.6071136195663853,0.3663532135960384,0.4918233801196571
-160,0.6841373324038498,0.5303352115219616,0.5618560802649333,0.45533521515568404,0.7904742117822958,0.5640637459913573,0.5651676004948497
-152,0.827636922774696,0.739206856325809,0.5427228217824276,0.7646565345617442,0.8112019279116974,0.688430061950871,0.4599345382220653
-144,0.3684382668501185,0.14766964450755227,0.04525755674542845,0.47606297307684836,0.22604250317648591,0.07297628362367463,0.0597301777369885
-136,-0.13062143939111642,-0.2908013064206753,-0.4904742358758005,0.02164757619327826,-0.37187244571172273,-0.43565000081805383,-0.32931318184135233
-128,0.41627147060569475,0.20188060006296385,-0.12056421476665795,0.5175183587481134,-0.0386344888877489,0.15907603877108262,0.11713002392220127
-120,1.1210138214032381,0.7790678263132179,0.6798446060584031,0.9416393573362151,0.37113651180035434,0.8654128926041166,0.7724447451749279
-112,0.4928045646541948,0.3326246746734217,0.23021256121964084,0.07585852044436063,-0.2793949132440999,0.4588306970782348,0.23830744137313933
-104,-0.17048245425328645,-0.07874081346390001,-0.039247728765643045,-0.4471177219896589,-0.4930498434657234,-0.00834016298346562,-0.17465248659819654
-96,0.28074404634831757,0.5701962143946914,0.7882665110032288,0.39952981839603713,0.5305805171252773,0.3854865244895247,0.49979558185889195
-88,0.37641041771987177,0.6435404018845629,0.831316393201431,0.5350572190170895,0.7410465560319882,0.49231398514711583,0.58748977033176
-80,-0.7604251638924413,-0.6495502875717629,-0.41234666876541043,-0.5810506641074265,-0.4117334331694585,-0.5536385749118398,-0.6625510660435746
-72,-1.366312274783455,-1.311242752060439,-0.9656172870575168,-1.021116040996173,-0.8374488633702439,-1.2408421171662767,-1.105805352060116
-64,-0.7859361844514452,-0.5411283535097258,-0.17158625588466583,-0.3578290873455012,0.05862634955097573,-0.6732215807895869,-0.3803352457392965
-56,-0.47023709765927757,-0.12179066192039235,0.316312313112772,-0.12344644339236431,0.34881435395288446,-0.24431727657293864,0.08843008310235144
-48,-0.6217088251976598,-0.35139000161520456,0.09946851418489487,-0.39290678184924116,-0.15183973714221832,-0.6477104884652201,-0.05825835216714661
-40,-0.4877759258993208,-0.09149630558796432,-0.004170084446273335,-0.22708502832131539,-0.24272278781278703,-0.7641046263218242,-0.1013082388185695
-32,-0.6185200102726088,-0.029313149663539963,0.10265739607953271,-0.28607931399798664,-0.06255110147039401,-0.6588715849449207,-0.33569090469525426
-24,-0.8608748717225301,-0.4103842614289412,-0.19390839934480816,-0.522056371408369,-0.47072765718615234,-0.7210547655333364,-0.8921503781626752
-16,-0.38732620984790167,-0.08192965425188616,-0.17158626444855163,-0.02778004650043026,-0.4946443151573921,-0.2682338489053209,-0.7008176311376239
-8,0.06868357925447727,0.6260015914574018,0.2796402330700535,0.506357303717619,0.23560912967729536,0.10486505341334863,-0.13160262067137732
0,-0.1832379193154716,0.4474243276499733,0.40241208555922897,0.09499180564618964,0.580008196683187,-0.16778415340722716,-0.14116926241590325
8,-0.3123875426163092,0.05838104189232728,0.43748974734892576,-0.24621829451131796,0.5752248389862153,-0.3607113431780135,-0.2511855650604245
16,-0.1306214183239574,0.28000814285191866,0.7085445028598809,0.0009198920928092246,0.8686017501180302,0.14472604515302706,0.010302525583512896
24,0.311038420493628,0.8906786021909073,1.0545379588303048,0.700878956102355,0.9977513771869776,0.7314799170871943,0.13466886843362813
32,1.3904742408744746,1.6910874255851345,1.2857317241430803,1.7340759651177131,1.1300899053336662,1.570155264297541,0.20163531782588112
40,2.667620472214742,2.976205893091455,1.8326245933757952,3.089349793028136,1.4728944379602458,2.742068504445274,0.9749386268746105
48,3.3325018715228687,3.948814169573742,2.66970547523175,3.7398812288630867,2.17444796098691,3.4771052716937243,2.1165575165133577
56,2.4443988536610535,3.6315206768605486,2.6968109873506374,2.6253678472325612,2.3594029788207838,2.6974242603444187,2.277595961672295
64,0.33814387797492473,2.0370808712788957,2.0335240403797967,0.13485279926992333,1.661038335804703,0.43331967806073035,1.6286589439190886
72,-2.385159315529858,-0.3418233691196755,0.9764103972008011,-2.672955699614146,0.6246524661331443,-2.5785771522911434,0.6799672813896686
80,-5.821177065510806,-3.3967700832112513,-0.8237121637538402,-5.584402791477221,-0.9442763159777824,-5.869500918654768,-1.011733379758479
88,-8.63217455196787,-6.110506668028107,-2.657317925768284,-8.143478724384183,-2.447833067977144,-8.353638183987584,-2.759239448456769
96,-9.757849059195305,-7.395625152319644,-3.459321145149431,-9.210158975737272,-2.897465121379793,-9.136508112343458,-3.4815206997735544
104,-9.721176917663888,-7.690596525551574,-3.6968927167283554,-9.141598092677004,-2.90543729520076,-8.79529801150084,-3.875347312740739
112,-8.813940628816294,-6.965126420772256,-3.6331151209699173,-8.389022444263697,-3.0856089835984846,-7.676001259841344,-3.805191953193025
120,-6.863940777588111,-5.126737210626205,-2.676451258242762,-6.58252214863699,-2.43029424487543,-5.6797626102647865,-2.9808665936060117
128,-4.4148811814099345,-2.8403105576754046,-1.2829107840526535,-4.174917995679389,-1.0813981576317924,-3.4698690376602697,-2.01782491176688
136,-2.8730578901794606,-1.365453713781848,-0.5303351854811613,-2.615555857882154,-0.4563777379026254,-2.2134504140306115,-1.6813981047346456
144,-2.2177431166870307,-0.8185608734950673,-0.29914142359394025,-1.9395133989190345,-0.3973834928187725,-1.8770235953514927,-1.5203596926323082
152,-1.9546605406492075,-0.32906784599434546,-0.17477515456452006,-1.7162917867026215,-0.2331561570300349,-1.8180293137854866,-1.1743662462534366
160,-1.6134504449449205,0.05359770029546115,0.2254292682656453,-1.5807644770300358,-0.06573999518319401,-1.7016352428984691,-0.7486507951567704
168,-1.253107019164043,0.27203597759483744,0.47416188545478927,-1.446831493634338,-0.04022894721975583,-1.1148813899761272,-0.2543744675083882
176,-0.8098527829893177,0.6371626889647687,0.6352002847112981,-1.2618764167096528,0.2037203273448554,-0.6811937801309332,0.14264106452069794
184,-0.22309891448070493,1.0533114541272586,0.8568273933783869,-0.6416393644402872,0.4014308569997308,-0.19807846229572817,0.2877350579008499
192,0.6905151059559549,1.4790268963174833,1.0593212983718387,0.2050081810837396,0.5050694953673293,0.8143907903399641,0.4647178628624382
200,1.894317156314903,2.394235356416879,1.7704414576621417,1.3609770460138277,1.332583758772526,2.2461977374767117,1.1742435997890541
208,2.8350366578691846,3.5294765216602255,2.787694021407268,2.198057975827541,2.429558310964063,3.1853227801851527,1.867824905661489
216,2.844603320167036,3.6825427446978805,2.95032692284288,2.2363245282470383,2.305192057007082,2.8951348129505075,1.770564110042193
224,2.3646768886796896,3.395543555221022,2.5278003413088554,2.013102981116158,1.6546605543738224,2.2382255569759133,1.5856090766220468
232,2.646892764477948,3.810097945977586,2.943949152716329,2.3351797917898947,2.1872034745206883,2.2764921278934045,1.8518805420907276
240,3.133196946908741,4.400040644826244,3.42546998121826,2.713062036219263,3.0147177651590416,2.68626311573568,1.9682746350725704
248,2.9099753184209467,4.041291744860794,2.961487979757428,2.4292517183603812,2.6336466530510854,2.6639409671372065,1.4516761029891794
256,2.675592693650913,3.8403923208080077,2.4353228304222245,2.266618853749479,2.1457480364384423,2.4168028050257924,1.158299192885031
264,3.238429937073607,4.199141205015909,2.65694999184285,2.6237733671482846,2.368969626560029,2.778740639810695,1.4676205261645856
272,3.409034986809805,4.274079912155209,2.4464839382062546,2.7943784285313678,2.4359361072961048,3.0210955291788832,1.0721994620590585
280,3.1762467934811784,3.9775141280351973,2.232828996166469,2.6556621812988874,2.383319588834263,2.6368355197612945,0.6831561382777601
288,2.932297480379081,3.749509244617059,2.641005633239142,2.253863336618868,2.7883072902310952,2.337080827541156,1.2826655093583779
296,2.4683154873108575,3.2855271993091315,2.637816718801738,1.742048176448499,2.616107806655604,2.1856090357736293,1.5393703219494819
304,2.3614880305926533,2.891700603469718,2.1929679837021867,1.5379598477211394,2.1170481372390775,2.097914865284921,1.2109156962744334
312,2.693131504591907,2.8917005548268473,2.210506848253106,1.7978535601910404,1.936876433940191,2.368969597502107,1.2045379797578069
320,2.552820820437134,2.7673343183401933,2.2392067400875293,1.7005927296310908,1.6100162816695889,2.39288621693586,1.1885935605217883
328,2.2339328466119968,2.3336466562552953,1.9442353757620396,1.5427431701349017,1.2401062276751247,2.5300079845978973,1.1646769517072526
336,2.259443882414718,2.3288633759758506,2.1706458388718226,1.8409034249189158,1.458544486819064,2.812223894137866,1.0929271639724096
344,2.0553555555714116,1.9812754615021422,2.090923866868072,1.6926205277205784,1.4920277315546828,2.4263694460852077,0.6975061399458679
352,1.1529025802311383,0.6738348150811927,1.1230988626151774,0.5876737494683704,1.0408012372903543,1.5159442946973578,0.042191317125456616
360,0.3859771166711545,-0.1744071887748417,0.4917007157501657,-0.029374466637506928,0.6182747258089157,0.7952575164424647,-0.3277187322445089
368,0.138838960725738,-0.3067456713616586,0.3992231884208743,0.1045584636620985,0.31692559598137277,0.5210138324493332,-0.4807849515140532
376,0.1866721029926147,-0.4454619232186379,0.1935404606235965,0.04237531989839192,-0.027473434884921242,0.5465249081597616,-0.6689288455904003
384,-0.11786592482967147,-0.7962386947517158,-0.01692561801954458,-0.26535158793447716,-0.03544563611032263,0.49550279767427907,-0.8538838497220572
392,-0.5372035837049614,-1.198037536348736,-0.0679476659886612,-0.6065616863792076,-0.024284536376345183,0.18777594995988767,-0.8746115727025676
400,-0.6201144696322822,-1.3861814677636253,0.026124294323535323,-0.770788935843977,-0.008340160816143572,0.0554374307196395,-0.8475060852476707
408,-0.4144316909655229,-1.2665984802125936,0.37690106054700423,-0.7038225268732651,0.26112020350366844,0.24358133267476195,-0.41700734376617504
416,-0.447914928678756,-1.1868764283934279,0.43589530974152224,-0.799488906123594,0.39824201192980196,0.21009812973090558,-0.2639411109656913
424,-0.9023303104898869,-1.69550276507486,-0.1843417558875049,-1.2810097298297496,-0.009934567936113987,-0.21880619264118023,-0.673712146594448
432,-1.1590350996159429,-2.1403514797923635,-0.5494684869543732,-1.5727922249351531,-0.36071135676824134,-0.5105886942551371,-1.0914553894433265
440,-0.8353638417432522,-1.8964021999181429,-0.4968519518785936,-1.207665514764166,-0.3240392017058839,-0.292150421922814,-1.145666331467799
448,-0.8353638064600429,-1.8692966722129831,-0.7982010974636866,-1.1502656995802196,-0.5073998175581189,-0.32403922476908675,-1.603270566570189
456,-1.0585853931560758,-2.1212181933915906,-1.2239165261229719,-1.3671095039889836,-0.7991822838888664,-0.5313164278548652,-2.1597300578504925
464,-1.053802074510423,-2.2184790487868087,-1.241455369949288,-1.4356703988674149,-0.8629598719398078,-0.5313164187771465,-2.0720358829085637
472,-0.7333196524586646,-2.0462795117726698,-0.9751839318850419,-1.3830538843449611,-0.617416170900844,-0.383033515926645,-1.3720767944063048
480,-0.16729351378167004,-1.437203539369066,-0.4059688946994716,-0.8999386165228492,-0.268233849820998,0.1526982838882481,-0.7343008731327991
488,0.12130007664915951,-1.0098936398745006,-0.356541268922764,-0.5236508341935964,-0.09922323255387164,0.4109975368271985,-0.7056009395066136
496,0.21856089607605775,-0.9748159940136311,-0.595707261495154,-0.24302941621351207,-0.13270645228294448,0.16545379142730654,-1.1392885877180157
504,0.298282885550135,-1.1071544678652845,-0.579762866923126,0.11093622299815352,-0.17894519959056834,0.14313164556927638,-1.1966884369862276
512,0.32219953290215664,-1.0561324219515005,-0.5717906463433434,0.005703207484185331,-0.4308667291617836,0.31373671414602317,-1.0244889105913066
520,0.34452163713970174,-0.963654900616929,-0.5973017054398326,-0.16171296652337278,-0.6110384019732373,0.4476696286880794,-0.9910056480428057
528,0.5549877132136772,-0.9859770600058988,-0.5526573530914614,0.10296404746440957,-0.547260808098854,0.5784137099783684,-1.1456663439710721
536,0.6044153230615573,-0.9174161272750928,-0.6435404712454499,0.2337080939853222,-0.44681109975493133,0.7458298995721984,-1.41034333432253
544,0.5773098875038083,-0.7165166965424753,-0.512796365976281,0.09339736255789931,-0.3065003839137807,0.6581356970545571,-1.352943512801308
552,0.6697874076394356,-0.29877346671070276,-0.06316434391745421,0.20022486706258538,-0.0003679547949665216,0.8622239889572091,-0.831561712256635
560,1.0189697139893987,0.1891251079388999,0.29399019226128814,0.42982421035422996,0.33286995150208126,1.3644725354725973,-0.09652491743247338
568,1.2533523680479213,0.2146361559023381,0.09627963862753264,0.4282297306125088,0.09051512602048024,1.662632766106454,-0.06782501155327746
576,1.5116515982069354,-0.024529843521160496,-0.38843006063598534,0.3564799538394397,-0.3591169225863923,1.9910873986326105,-0.629067846999613
584,1.5068682384546308,-0.17121829660354101,-0.6594848418385978,0.25921909947188726,-0.6508993897735283,1.9815207526061416,-1.2142272480984997
592,1.2756745137346728,-0.1552739071698445,-0.619623873050133,0.3229967262315919,-0.5616107645496449,1.7917823816997938,-1.1265330234860338
600,1.360179843949228,-0.018152090693658366,-0.45539657117438276,0.5462183322820067,-0.4531888287748307,1.6578494270787525,-1.0468110585046697
608,1.583401395019496,0.2656581845170728,-0.3342191203242906,0.6275347018141753,-0.36868354583292495,1.724815931793707,-1.3322158074624022
616,1.9230170979911418,0.7918233576598788,-0.008953390246097433,0.9559893583192114,-0.05457889562049447,2.1425591386742657,-1.2014717349072772
624,2.530498624052178,1.4248159803272242,0.4103842830165205,1.4119991260118765,0.46201960392013025,2.998773343584424,-0.5860179481874725
632,3.246402150631004,2.0546196798220024,0.8950939879322031,1.970053079049741,0.8191741027603306,3.8757152185502775,0.16815208268181386
640,3.9702778027304824,2.646156818333396,1.3303760430922975,2.411712884468173,1.0168846509131995,4.360424931344736,0.5492231987291575
648,4.129721772600917,2.7545787714072607,0.9971381027109847,2.64928444388638,0.6198691493715466,4.3986915312081605,0.12510220647833165
656,3.6753064231612753,2.1439083283396547,0.20789042375421865,2.478679369828746,0.025143121771850407,4.137203387810687,-0.573262445786746
664,3.3101797147030654,1.7054373830635916,-0.024897778652127743,2.1183359765906347,-0.07530661226372935,3.741782297328391,-0.6402289213844888
672,3.637039876393942,2.3432133117020393,1.0242436251065352,2.512162576026879,0.8383073838514944,3.958626140103363,0.16017987597552558
680,4.2142270992186415,3.185077508092981,1.933074313537881,3.0734053907486105,1.5717497282224246,4.613940926099066,0.9015943957089217
688,4.040433153200478,2.968233696490553,1.2809484236528659,2.9330947041959496,0.7888797613290637,4.524652261310031,0.42964019250885566
696,3.605151113284099,2.15825832195771,0.31631231927876985,2.505784837415428,-0.34636141813033233,4.17228099736068,-0.318152071830712
704,3.6976285998492937,2.0944806928001176,0.16643498978263832,2.6158011907581527,-0.4356500063582291,4.039942522995193,-0.3245298609690895
712,3.9304168127035806,2.2714634838882106,0.34022892569541735,2.9713612578143924,-0.1087898491205732,4.127636724827723,-0.19219132374468154
720,3.745461770890826,2.0801307205917765,0.3784954805128031,3.0845664474918824,0.26112016479490513,3.9761649522433022,-0.40106294354198235
728,3.632256561002566,2.2874079091189494,0.9668437869713751,3.1531273935823503,1.3293948837289968,4.052698085171843,0.0740801281930598
736,4.134505089191238,2.768928699254673,1.5185199368260898,3.4943375086410184,1.7917824037353296,4.476819102086661,0.5444398821388379
744,4.584137136599167,2.9538837283928765,1.406909179275116,3.7542312212821973,1.2815616602764834,4.843540230339392,0.36586264590712175
752,4.713286769149001,3.0862222366713508,1.3271871832924855,3.8722197421086144,1.2018397016323947,5.13372828355545,0.38340143458201315
760,4.517170651581149,3.142027614419172,1.4531478861611984,3.841925401705013,1.1205232420081481,5.111406096419491,0.5619787136331581
768,4.611242639811614,3.1228943728931595,1.2793539560718623,3.9519417464838513,0.7809075808282657,5.113000546016334,0.5874897482369349
776,4.949263843687155,3.296688313772993,1.3670481594458919,4.380846047446223,0.9084627716600315,5.248527932250059,0.6879394339721989
784,5.197996445290027,3.4752655866581397,1.625347436877556,4.730028362017517,1.512755435009534,5.3011444539661765,0.5683564573829416
792,4.9046195750935855,3.2903105325133897,1.1502043605180148,4.5323178714139605,1.4123057033718416,4.892967855088434,-0.08058053245199773
800,4.721258957186017,3.1069499764370763,0.8408830227852396,4.269235214361778,1.1747342049285017,4.778168193205443,-0.44730167680483385
808,4.954047138867759,3.413082427821995,1.2506540938684836,4.2708296798874485,1.5988552084836565,5.095461654403536,0.023058064123837912
816,4.644725862452406,3.3700325374024622,1.316026101200112,4.171974463103409,1.6132051495194535,4.897751165684036,0.3116516514716686
824,4.167988355165294,2.840678488873571,0.8201553487901558,3.818008802310752,0.8207685694849458,4.373180470570171,0.13147999064965551
832,4.234954828193871,2.7545787590752644,0.7053556398057915,3.6282704295203487,0.6055191877824244,4.149958933030843,0.23671295820586352
840,4.370482208775431,3.0766556043470983,1.0146769621235727,3.5613039415906105,1.0631234074698201,4.165903316298541,0.5045788695032779
848,4.569787186828207,3.258421741142724,1.416475798239705,3.671320308464275,1.581316358320066,4.452902456618694,0.6225674417130092
856,4.954047124480433,3.6905149217731235,1.6253473926879054,3.9344029182438085,1.930498672891359,4.826001356539476,0.48704005205373013
864,5.027391365580229,3.826042309034514,1.2777595146963485,3.910486331181542,1.9113654246855167,4.746279382480393,0.22236305022666564
872,4.826491992396924,3.5071543749458067,0.9381438593399092,3.656970389180748,1.547833115297224,4.610752008749942,0.27657398779791714
880,4.936508404830459,3.4401878928395107,0.8919051074077868,3.9057029993475068,1.2353229088581943,4.910506710732913,0.47269006288889553
888,5.312796167976607,3.792559079885167,1.049754617918549,4.344173948562956,1.3644725225674796,5.2995500035129455,0.715044920741985
896,5.378168160407075,3.926492056772311,1.4196646921237828,4.5705844341101205,1.69292713608181,5.286794455038513,1.016394045259919
904,5.038552477474923,3.7941535137244604,1.4818478269810489,4.342579530138658,1.5191331902349239,5.042845152726912,1.0371217480296588
912,4.504415153976197,3.3508992700135147,0.9556826706234591,3.8514920331728755,1.3150449329303697,4.5868354239142874,0.5157399628999801
920,4.048405352199267,3.0096891689996186,0.7707276796801865,3.4241821477230827,1.5653719711129792,4.180253260074782,0.21279639340970077
928,4.00694993295757,3.2663939077700275,1.228331914953854,3.357215698159553,2.0771871722187223,4.143581157937237,0.619378570437589
936,4.003761021260611,3.370032533291797,1.3526982149845408,3.4417209853834017,2.0118151037409495,4.405069298936825,0.931888746560463
944,3.5094846624396836,2.743417709011825,0.6352002816282993,3.0144111047293847,1.2512673328899893,3.9745705060720145,0.282951756896802
