-240,0.06799328940952183,-0.08381293678726179,-0.2349987471599484,-0.4742780759637387,-0.39697912226102866,0.228670926588006,0.41416363074895746
-232,1.443865047884382,1.4452920062317516,0.5537483631791498,1.8855113771365877,0.8369503557175559,0.43029333646400897,0.9158003420663964
-224,1.5051583002166469,1.37109490640608,0.30373649007252584,1.825831048497147,0.7788831240402566,0.7980528052343132,0.44481020146890893
-216,0.3583296376991889,0.5904126792866233,-0.0349892452092631,0.4580243111643041,0.3078930782210845,0.0835027581610602,-0.09069911785730304
-208,-0.3771891276117194,0.2436220077647827,-0.028537352044595173,-0.41459786358800904,0.41757566504486965,-0.71653525258726,-0.2245764257269703
-200,0.07767121362531552,0.20491046008648953,-0.08983055049010381,-0.09522782114196118,0.677265414025148,-0.3681316279168099,-0.6858886743367572
-192,0.7922212681491494,0.42911469937037283,-0.3833929000285741,1.033858048494685,0.7337197330988586,0.6206250015266361,-1.0230014361974265
-184,1.25514645344696,0.8694581576624693,-0.15596278321017915,1.729052307087534,0.5514530247220628,1.1948457732330175,-0.5278166265348517
-176,2.006795060396033,1.7775657677786396,0.7908563825546736,2.201655463557124,0.7079120044978021,1.893266104634898,0.6496586347721878
-168,2.9068377535050463,2.7840651958207863,1.5505698935157075,3.0968591478621588,1.3902025006724823,2.5642656726772652,1.4835692467717776
-160,2.6358571495121086,2.7550315818880997,1.531214165852834,2.558123958625285,1.428913992904593,2.0110136044806466,1.078711259537019
-152,0.608341581153155,0.8775230810805915,0.3214792755027569,0.34350262283745714,0.1917585138504755,0.21254111908389536,-0.3600667421914275
-144,-1.5111139150859523,-1.4983962360096426,-1.1479453196439209,-1.0839844602884892,-0.7873202684820227,-1.534316026587339,-1.4278593605354235
-136,-2.5353561311573696,-2.8920107482064505,-1.4495725151491292,-1.3759338648220087,-0.614731439964076,-2.142409371475361,-1.2536575416159645
-128,-2.246632711412069,-2.6339339774988306,-0.818897471671561,-1.3969025378363717,-0.22761627558572123,-1.8956235292465935,-0.3649056265880362
-120,-1.1691621657334312,-1.5338817621666225,-0.3414553975376546,-0.642027997733335,-0.3147171837459312,-0.8746073206616753,0.27706030222432326
-112,-0.0916916751544354,-0.45157229327904963,-0.24951556443581646,0.23382006304368563,-0.2953614479393994,0.1480219003299589,0.4399712990522916
-104,0.5389833428525435,0.4258887038394568,-0.11402528868964838,0.5386732251438345,0.15465995986581046,0.535137018445406,-0.010050121921386414
-96,0.5954377206645523,0.6759005388268311,-0.20919107365853448,0.31930791981158396,-0.029219734407494945,0.2802863020070017,-0.41813400921566773
-88,-0.03685041838900338,0.21781432438701792,-0.5817893857606201,-0.4516963992061259,-1.0341061918008314,-0.35684072092335445,-0.7133092587090673
-80,-0.5610688281227203,-0.3467286310503546,-0.8414791690482225,-1.03075615303301,-1.3776708511579019,-0.13747549234941114,-0.5100738691742503
-72,-0.6852682699950842,-0.41447374657169683,-0.5704985002525593,-1.3581910099107808,-0.8744211542904908,0.07543780667330806,-0.029405860153688568
-64,-0.615910151596839,0.06619421220076319,0.12146975431917811,-1.680787016525998,-0.21793838948917726,-0.7487948721004835,0.31899778011100016
-56,0.11960862393695912,0.9888186619445438,1.2457166913903468,-0.3500786552302314,0.7353326779305404,-0.1890908610109035,0.7593412810273484
-48,1.5906461802026344,1.771113849143382,1.8667139277821794,1.7048576425274489,1.2676160107358403,1.8351987970656378,1.0319348485650555
-40,1.3938627316548164,0.5517011092565888,0.6376233752650308,1.2451583467197336,0.14820805283959712,1.5545403379913627,0.14157000707199197
-32,-0.5320352022344502,-1.445167871921828,-0.7317965241792164,-1.0420469543321829,-1.2760531584697246,-0.7665376732982228,-0.49233107074881943
-24,-1.996620876597964,-1.622595653797572,-0.3866188087515627,-2.274363572900859,-0.7244140876053912,-1.9069143804473292,0.40125973699264517
-16,-1.8208060515094853,-1.072569565364361,0.11985682750750504,-1.8759575671981181,-0.0921259930820501,-1.2972080032266209,1.1319395555299918
-8,-0.34170355449875467,-0.7273918651844073,-0.08499168913831445,0.06768312803694494,-0.5389213741678673,0.00930569368232982,0.32706267199410705
0,1.4164444236601297,0.41621084511946466,-0.09305653943678589,1.6258216227849598,-0.6147314115479081,1.2754947890949055,-0.6342732556004322
8,1.7035548665189253,1.0985013314177927,0.11663086576410535,0.3064041873690062,-0.4243997636389438,1.3561438136202593,-0.6487900950547728
16,0.5938246853862871,0.3645955060870253,-0.18338339651846491,-1.1743113577419186,-1.1873392630268507,0.6286899242516811,-0.8036361043549715
24,1.3970886802297477,0.8194558029671155,-0.20435213918709394,1.0403099607189776,-0.9760388899494579,2.251347606565157,-0.4842662152522682
32,4.671437716661339,3.621201733870295,0.9537674492101771,4.900170618844801,1.1127699224248344,5.943458409630068,0.7157908285066676
40,8.555493125981902,7.243954400516952,2.1844710286886624,8.197101412950772,2.9435020817413733,9.33071598839115,1.7690666500205752
48,11.88145736231067,9.42147716897838,2.645783128286836,11.166597213122945,3.485463335990157,11.18080384314247,2.486842680495893
56,10.368482331450435,7.4762235039608536,2.258668066830457,9.622975574463126,2.737040606922133,9.195225655639376,2.6142679900264167
64,1.7906557391589244,0.5387973049072436,0.16663323206850317,1.2338675779951922,0.2820853740510018,1.8545545935164303,1.0045141921127105
72,-7.6372112601608935,-6.885748688731352,-3.102876843034901,-7.711718460714881,-3.2358236220500367,-6.763596624702429,-2.0359528029740717
80,-12.09387453152983,-10.448821213869428,-5.469118250463963,-11.828042954419724,-5.861754749523402,-12.057396412982014,-4.331223094845876
88,-13.293931434247545,-11.04401075579426,-6.275608164946379,-13.216818651700919,-6.619855298152548,-13.792962678863079,-5.424823361047427
96,-14.018159505859526,-11.124659718635737,-6.0997933604769505,-14.131378152209448,-5.766589040793014,-13.955873733389728,-5.597412216595387
104,-14.316560676724574,-10.73270561510767,-5.185233794992427,-13.658775086532978,-4.193933655822748,-13.770380878737715,-5.07480678218875
112,-13.132633610793484,-9.361672763727698,-4.044857062719271,-12.078054925076971,-3.090655458821168,-13.154222596223484,-4.034434737820904
120,-10.458312960658121,-7.490616271135687,-3.056100413349852,-10.111832499197535,-2.8454825281563743,-10.862178239584873,-3.1005194138315684
128,-7.300098528102545,-5.563105396226662,-2.3125167760818077,-7.732687297815288,-2.758381600243463,-7.62008890826155,-2.474683240369255
136,-4.983859506037505,-3.5791401753871837,-1.3011783924293647,-5.211599842966774,-1.7744639390589725,-5.457082910639816,-1.3585012469887203
144,-2.936988065682339,-1.3112905465519598,0.029529964534669058,-2.414692792821549,-0.2243903379267572,-3.463439881501716,-0.050374606980780494
152,0.134125487995543,1.0355951354667305,0.8102121838570066,0.38221423549174444,0.6611356125854643,-0.40200422310365325,0.5125553772879736
160,2.5584341641815387,2.3759813339970943,0.5618133023647796,2.1355232599462934,0.3804771734371599,1.7851963784339075,0.30931992381677853
168,3.0342632129135314,2.8550363008086177,0.40212828304771736,2.4645711514092508,-0.01954189873232158,2.3932898267637097,0.3738390966543466
176,3.1084602325155086,3.451838779941282,1.2392647961464476,2.2694006312325294,0.567582823216168,2.7723400370552733,1.1141968480709532
184,3.96817852096209,4.290588343219435,2.3828675201385954,2.8903977711133533,1.6031158284579068,3.2997845010582045,1.9287516634464799
192,4.808540999442872,4.755126509042408,2.676429857894752,3.930769816520816,1.9563584480707887,3.4530175461205572,2.4190975218304906
200,5.5956751533412445,5.3164435384298585,2.4586775587315213,4.571122780748793,1.6805388543334976,3.9014259943661935,2.7255636453961745
208,6.924770533592042,6.550373045690958,2.5296486389418416,5.29696371246376,1.7418321693892567,5.548278315076085,2.6255589105348793
216,8.113536679020987,7.645586355660969,2.965153168653653,6.284107339723381,2.446704283756517,7.056414482851839,2.314253813338888
224,7.78610168474065,7.6617161775464355,3.631313934082529,6.18410259845112,3.0870572757075823,6.525744114111114,2.4707128939573693
232,6.708631182725878,7.281052947570845,4.184565898490828,5.3340622671415,3.283840783513506,5.301492352078605,3.235265312533099
240,6.3586145830748855,7.135884761123888,4.313604366494101,5.043725872242389,3.4128791541394254,5.004704121193698,3.570765108769771
248,6.542494257422221,6.734252779816205,3.7893858806951517,5.621172634974683,3.285453789509259,5.022446883232574,2.9384770286277826
256,6.4682972078446515,6.113255506691279,2.808694183853103,6.034095489315037,2.5709037119406064,4.6998509665441315,2.130374156491755
264,5.886011484997059,5.334186289032958,1.844132194192231,5.245348292687819,1.369233744488846,4.503067393069137,1.8029391951325866
272,5.021454197276314,4.205100405708037,1.068288929440574,4.079163924512689,0.19982339187203677,3.8481976593876244,1.6980955296117748
280,4.156897125795671,3.4760335423985302,0.8360198788438157,3.8243131337417484,0.27402044924672475,2.401354696641614,1.4900211278075923
288,3.6084839972685727,3.395384556685503,1.2924931373627127,3.7936665553979467,1.4982721433576611,2.099727492126402,1.41259810539739
296,3.142332831687546,3.003430445706854,1.437661305789659,2.6484508384052456,1.8999041350615036,2.765888128123097,1.207749684569501
304,2.2906794865850584,1.7356283534818027,0.7182722923634085,1.3661318661808324,1.1014790979075733,2.4239364328306023,0.6544975728822835
312,1.9196941506764003,1.258186305684832,0.4005152955917849,1.604852823803804,0.6159721759009661,1.444857652057529,0.33674052430313456
320,2.303583312766336,2.0437074695282305,1.0134476336895464,2.806522865588102,0.7885610447906639,1.617446546937624,0.8045047194445387
328,2.8229628010238117,2.617928288537136,1.3699161679165734,3.0887943244204337,0.7321067248506069,2.365869177935216,1.304528483331257
336,2.674568711918294,1.8065993905480628,0.8279549363660681,2.57102786451045,0.3240228294126679,2.4158715043876695,0.9399949683339636
344,2.2987443931960576,0.7420327152343791,0.2037317723648915,1.959708449758975,-0.0034120674903151777,2.317479786957898,0.5012644916066434
352,2.182609828652177,0.6533189029607764,0.30212350937409554,1.9113190625935845,0.02884752533943396,2.5336190487636334,0.4931996227683559
360,2.4052010622868485,1.3210925092597448,0.6343973629269907,2.5210254280319786,0.4127366709687843,2.533619067130181,0.38835593212349234
368,2.619727369904358,1.9082171619005093,0.8198900294085306,2.6645806237308842,0.8595321362634892,2.049725107801995,0.07059888510376665
376,2.6326312054421788,2.022738731018067,0.8247290544998241,1.9984199690211009,1.1547074127869024,1.8190690179776958,-0.014889023991464946
384,2.5584341778698136,2.0033829905332627,0.8440847263699781,1.648403392934735,1.1643853418542367,2.0029487248996607,0.017370575769056425
392,2.2035785739198452,1.5969121161655042,0.6924646540356663,2.156492029991474,0.7853350220564651,2.0852106407164785,0.33996651827462665
400,1.314826682110006,0.8775230497188449,0.2827678447812527,2.435537504382124,0.29498920456401323,1.3400139537888152,0.2948030614908884
408,0.9260985616374642,0.5775088302337942,-0.1914482818173383,1.983903116051754,0.15627292652942634,0.7803100007444556,-0.36329271121213796
416,1.3857977902166858,0.6355761007234206,-0.38823185130713866,1.475814489391174,0.39015498883982247,0.949672887618245,-1.127845125802674
424,0.9954566711989737,-0.06445715298512998,-0.9656786199305906,0.6725505283352304,0.0014268681940111324,0.5319111230641543,-2.092407057764865
432,0.15186825246018587,-1.108055078006334,-1.9060458216636258,0.017680778712940833,-1.2470194904770107,0.106084473037922,-2.38596935307004
440,0.6180194636110434,-0.672550537032017,-2.0754086986610627,1.124184881665199,-2.2502929300922827,0.702886974175789,-1.9698205546597571
448,1.9422758168645842,0.7807442797197955,-1.5882888425654713,2.4516672425785084,-2.434172699564471,1.6513191019259854,-1.4197944677859704
456,2.382619335454403,1.6469144476427702,-0.9753564413976797,2.003258891363689,-2.0018941028333517,1.9126218309116174,-0.8988019633098557
464,2.026150780781596,1.8227292351318063,-0.18983529696044432,1.5113000638902931,-0.6647338080011659,1.746484905781228,-0.5971747672848392
472,1.8954994443584106,1.8469239364249865,0.4537436607192156,1.9580954496543819,0.9434070920368428,1.6271243694443287,-0.7278261239805354
480,1.8696917744956516,1.2952848485802602,0.21018370364880948,2.4565062531151796,1.4079452758798232,1.304528456221273,-0.9681601288373547
488,1.485802549508955,0.4855689938398403,-0.530174018138743,2.7532945680357046,0.5191933847630598,0.8464421369535229,-1.6149650205373234
496,0.9841657962603414,-0.3080171511203637,-1.3382769798550067,2.3113380488214843,-0.8373226008256346,0.443197184303952,-2.123053630910587
504,0.2373561925706264,-0.7628774109208196,-1.7350699646608343,0.7983630261049075,-1.7841418144128196,-0.23909323580549774,-2.2149934759680083
512,-0.11749931019006137,-0.23865897848882273,-1.4350557352994335,-0.3049151911691816,-1.9583436182578473,-0.37780951921143363,-1.935947959646183
520,0.09702692066914054,0.34040083806155436,-1.0705222443865747,-0.28878540151181065,-1.498644299405312,-0.2923215915763846,-2.1391834782666406
528,0.2034835930520504,0.12426148338346678,-1.1576231956908438,0.13704128108905358,-0.9824907858864347,-0.5197517068353552,-2.7456638452285405
536,-0.06104504829522489,-0.3096300626843368,-1.4657023552278705,0.5177045140102208,-0.7744164178697703,-0.49071807037765747,-2.6714668483248443
544,-0.007816700494726507,-0.3999569778112373,-1.3269860978123327,1.1887040655920027,-1.0066855086650108,-0.30683844160015333,-1.6085130720997434
552,0.5841468602805415,0.21458834704937974,-0.299517935765024,1.7838936348933858,-0.6389260974201193,-0.3165162823001362,-0.3649056865392198
560,1.1615936386070758,0.9388162829914859,1.0569980964331167,1.92099700153727,0.4159627075645282,-0.008437128827535773,0.27706031712548423
568,1.6583914428296262,1.1130180818117046,1.4102407087686881,2.0758430044265044,0.9208253863432546,0.9222522372303256,-0.11650671165483137
576,2.3471337427620056,0.9049437389190911,0.4150321586107523,2.9887895964899087,0.175628704093863,1.7545498061545315,-1.2504316193779699
584,2.8519965145863546,0.9710758884698952,-0.5801764184039272,3.7033396555187457,-0.893776915914151,2.043273170107113,-1.7891668618085232
592,2.563273069023926,1.148503640196778,-0.38016692511670763,2.892010768445638,-0.8066759782981571,1.962624158057149,-1.2826911727023138
600,1.5229011059193893,0.9049437318150494,0.4956810791745166,1.5387206946987797,0.27563344467304757,1.6706748252571266,-0.44394164251859997
608,0.6212453595121027,0.33717483594640435,0.8747313693432348,1.2112858243060023,0.6917822621429542,0.8706368708213351,-0.29393452783789953
616,0.6260842627950666,-0.178978697498444,0.09888810251234675,1.7467951297706694,-0.05502737446793083,0.44642317429024986,-0.7504078398970128
624,1.2180479228536534,-0.11768549472120228,-0.9237411300883309,1.9903550592912542,-0.972812930112021,0.8222474564526613,-1.7278735682381616
632,2.05034549403036,0.6162203158816733,-1.2398852107909801,2.322628894304333,-1.0921734640231495,1.3787255006007622,-2.1504743258287204
640,2.3310039485996326,1.275929045891772,-0.6075971117626359,2.7371647142686855,-0.4969839016525389,1.1883939074449017,-1.5585107096072708
648,2.0245378300587578,1.2968977830157824,0.07953233586387654,2.683936380156463,0.051429231899368974,0.9964492897534732,-0.5874968709654055
656,2.484237006137378,1.4452919594490348,0.5376185658979282,2.730712745558596,0.17401570606850153,2.246508635014082,0.19802430518011527
664,4.060118361861047,2.138873287938095,0.7924693696640683,3.8614116731717893,0.3514434470526865,4.1707935781552985,0.5754615872738509
672,5.147266700417338,2.6792215382703617,1.121517248131828,5.588912994149333,0.8240465570860983,4.711141779972157,0.7835360109099658
680,4.352067657234899,2.1275823722811733,1.1215172810529985,6.079258956321666,0.9127604660439789,3.567539129792737,0.3496444128613673
688,2.6019845959099017,0.7904221909403908,0.06340253494400025,4.482408848399555,0.0627200474066256,1.9368165214620991,-0.9778380007258138
696,1.3825718326317487,-0.5806106947469054,-1.4802191454737261,2.380696181774351,-1.16475752995671,0.7496633941577566,-2.679531669167531
704,1.500319342353849,-0.8483653177635511,-2.3189686864001384,2.1661698627210693,-1.5663895228734384,0.6948220623667104,-3.4666658701951576
712,1.997117201849311,-0.5854496429066216,-2.164122576430467,2.9210444364383537,-1.382509848526104,1.446470638300577,-3.145682884303583
720,2.108412744074206,-0.5951274818739116,-1.5769979993351249,2.9113665051185165,-1.0518489659685568,2.022304455334844,-2.250479046135394
728,2.301970311795397,-0.3305988037935419,-1.0495535228568027,3.2275105898063603,-1.005072575962181,2.248121610860972,-1.4181814643892592
736,2.476172220468361,0.24684801022647088,-1.007616110812466,3.751729020505666,-1.2341156677611187,2.1174702853537526,-1.5359290092850308
744,2.150350299932076,0.3307229065684493,-1.320534188533618,3.159765400992097,-1.6776851428962563,1.6722878813277098,-1.9375609805430947
752,1.677747191111549,-0.03219754317498785,-1.4995749020725755,2.104876651107091,-1.7228485662390167,1.0900021075389363,-2.1246666606442344
760,1.6841991100933449,0.00812698346904242,-1.2108515557934645,2.1855256144683763,-1.4276732491705837,1.4093721151578509,-1.7391644674344973
768,2.826188772470291,0.804938997993369,-0.12692908645475903,3.629142559158461,-0.7421568063269364,3.1400995040928845,-0.593948807100864
776,4.342389825891457,2.1695199083863406,1.2231350012909958,5.045338858658705,0.6401669336799433,4.209505192369009,0.8964445989825535
784,4.150445213224839,2.6211542618895787,2.0651104771040636,4.842103406920205,1.9386156262540006,3.4352747875470695,1.3545308130758293
792,2.7810253486077245,1.5759433544372503,1.5150843417148676,3.761406929127219,1.8789353788778695,1.8722973304312538,0.2899641367225297
800,2.177770871482456,0.44201852763088284,0.029529914286567274,3.7339862369813956,0.8450152834674114,1.5222807805085545,-1.1230061861331535
808,2.4697202877982902,0.029095690270921553,-1.2544019717543196,4.251752786298346,-0.529243462947272,1.9577852539078382,-2.152087277071367
816,2.8374796952312575,0.24362198575957822,-1.8689472655997295,4.330788768787931,-1.5938102193509962,2.3787729831509057,-2.527911609308611
824,2.8955468919081544,0.6581578006991223,-1.930240598155689,3.9710943256646454,-1.9857642528782589,2.5884603235490733,-2.829538846051917
832,2.7181191303049195,0.8484894082363362,-1.576997954631641,3.3791307125620436,-1.642199518668843,2.0174655889582436,-2.7698585667942304
840,2.6358571616409603,1.0017224749573548,-0.9253541383365821,3.2484793421780713,-0.6582818401574236,1.944881434657333,-2.0133710180964046
848,3.2294337895760483,1.5888471750739108,-0.060796950592231135,3.8791544262006603,0.21272720609773266,2.8287943885303464,-1.0278403620054022
856,3.464928737633291,1.9307988766041015,0.30696245250900234,4.038839455913881,0.06433306414507362,3.0900970615499888,-0.6229824884353149
864,2.8342536471997377,1.7404673090921001,0.11501790187279962,3.238801408779004,-0.4663372741002517,2.143277973583058,-0.7084703736193814
872,2.4745592108339562,1.7549840861694868,0.4085801523012212,3.1210539830925224,-0.11954657797416769,1.6626099325076733,-0.4600715401227553
880,2.822962820429975,1.9937050853770943,1.0376423084725201,3.487200355420494,0.7579143621387339,2.335222598725066,0.06414699297871479
888,3.087491533684018,1.838859049913229,1.0376423623592783,3.483974373404584,1.2853587776262563,3.023964926553807,0.10608449408347954
896,2.6358571410219125,1.1839891667002962,0.636010346571,3.416229272784403,1.2966496615748924,2.6852391763708563,-0.33909801147838187
904,1.9906652310599902,0.7065471987804809,0.32631820390977223,3.503330115102272,1.0369599093024975,1.659384001606213,-0.6342732684223612
912,1.8503359929460206,0.47427813830737114,-0.18822231730162994,3.353323065397565,0.5046766118441367,1.3674346656873424,-0.5729800512637672
920,1.8519489377777023,0.0016750171847228542,-0.7301835145448106,2.6710325271184416,-0.513113692349526,1.573896146744277,-0.789119353614521
928,1.9584056631810223,-0.04026249570235606,-0.9430968792366002,2.1435881944536517,-1.0937864383106157,1.3625957414387915,-1.223010918222141
936,2.1551892085863886,0.6484799068054592,-0.701149898359622,2.751681456865479,-0.7195750595685195,1.0012882425914622,-1.6730323204827329
944,2.518109641695971,1.587234177568358,-0.1833833824836506,4.409824843456793,-0.1243855659858271,1.2642039391070556,-1.4391502574792583
