-240,0.9041371999345124,1.2321925000795737,1.2362249619152552,0.2103077001763055,1.262404853448085,0.6213693673687464,0.9141253084544101
-232,1.2606058280735086,1.7128605002633996,1.6733425156428268,1.132932208485115,1.530159496217433,0.6471771363415532,1.225430397160205
-224,0.812197396634996,1.1208969128046569,1.082991859327489,2.1329796527427396,0.9430348576114826,-0.3093198926482942,0.7431494275404534
-216,0.24765439562779418,0.5611928797098734,0.9362106921821031,1.4039127840618855,0.7188306635508918,-0.3044809959495639,0.7463753764619233
-208,0.5912191549612605,0.6450678254336065,1.1265423014520106,-0.06551181368383184,0.8107705181381251,1.0100975717036367,1.094779027122771
-200,1.2299591864864066,0.7966879263573554,0.5894200340019995,0.06352655832823983,0.40591257162165567,1.9311090293132136,0.6689523472942159
-192,1.1202764646858243,0.9676637941028436,0.46360761922832444,1.2071293102167486,0.3075208250826395,1.3488233414660207,0.578625469593488
-184,-0.14591266624696128,0.6547457070251487,0.7200714343615635,0.35547584555843204,0.6107609772018433,-0.5077164556584542,0.5270101416502848
-176,-1.2314480644765713,-0.13400144281935447,0.4103792721209031,-0.7074777145998309,0.5962441604457835,-1.307754453238306,0.01408254014651361
-168,-0.6652921505192416,-0.35820561539455065,-0.05738485042065764,0.09094723834521189,0.18009540188744386,-0.7657932653516689,-0.429486902413993
-160,-0.3910855714411662,-0.7953230850865035,-0.7816128213631659,-0.2590694172717701,-0.7667237798181862,-0.73675948213486,-0.8230539750314458
-152,-0.6459364285742556,-1.2550223959686504,-1.1219515685318617,-1.3784773405141506,-1.3715911856610898,-0.2496396416335071,-0.7456309378933501
-144,0.19442615733350307,0.02245768406203493,0.1297208771562746,-0.17519438595299447,0.28977801747393506,0.814927028655366,0.1915103353639939
-136,0.6831590126673415,1.3063895694098446,1.2555807119298712,1.0393793829025333,1.8559813893771666,-0.054469110887358334,0.9383200430152987
-128,-0.6443234208458118,0.13697924486266483,0.38779761095752885,-0.4139154108044607,0.5623716446162863,-1.772292544728741,0.29635402930097426
-120,-1.6330800012540414,-1.3034117692724965,-0.973557384128221,-1.6978473748165404,-1.4296584169918505,-1.3045284363952647,-0.8956380638365563
-112,-1.2862893104993065,-1.3211545481184939,-1.4961628549214125,-1.4784821434702875,-1.8312904702063002,-0.07705086630924005,-1.2924311273066535
-104,-0.5039941506770197,-0.4743400976355046,-1.250989904850454,-1.0494294438531133,-1.0199615673656863,0.08586016933105532,-0.9020900204177937
-96,-0.04106894822554659,0.32892385129158763,-0.18964924083519488,-0.39939861293475587,-0.01668810349270969,-0.336740541650059,-0.18431396100650083
-88,-0.2475303824997653,0.21924119845219298,0.4184441633109328,0.053848710524214666,0.38494383241841357,-1.0561294774516539,0.1544118099687671
-80,-1.0201477175628457,-0.6759626589488898,0.2603721531084699,-0.609085996303714,0.0929944389741303,-1.530345611154287,0.1415079655942102
-72,-1.333065841720174,-1.138887788973789,0.12649486204592608,-1.6897824876117051,-0.10862798770899648,-1.0980669816752664,0.10440943257513326
-64,-0.7523930288771292,-0.6033785415543425,0.09907419935588548,-1.3800903480693245,-0.019914070953996443,0.14231444976570778,0.09795748829601686
-56,0.6202527626562525,0.4998996630710868,0.2942447531468538,0.8313049904548955,0.313972749089246,1.3988257077704176,0.276998290029056
-48,1.2428629878901731,0.9402431783687873,0.41360526366662465,2.2055638032317257,0.7236695919579066,0.6391122753003845,0.10279644269342918
-40,-0.09107129910897499,-0.354979644121339,-0.47675959255433026,0.3103124424881821,-0.305411485292031,-1.2835596524885384,-0.7295011484092485
-32,-0.7604579353148587,-1.1034023005895195,-1.3058312700824783,-1.2687947348040094,-1.5748266528205603,-0.6625624582011498,-1.06016198678312
-24,0.9089761593567343,0.18214267149754218,-0.436435099871086,0.5925839967919058,-0.5812310819749008,1.514960305582006,-0.13592456344495116
-16,2.4058214669217475,1.4176851611897638,0.634583436552442,2.699135684176666,0.9091622776723393,2.1311185510166006,0.8237984108277108
-8,2.3961435648844263,1.399942413358974,0.7603958951632539,3.1233492616717315,0.9817464063293919,1.7262605490539507,1.1867189130717506
0,1.8799900245088057,1.4354280202594552,1.4733330008702124,2.5442895329688966,1.3849913307360646,1.2052681417819215,1.5770599856532856
8,1.1896346225894734,1.538658682210289,2.350793999028334,1.181321587160309,2.4947214280063545,0.4261989286286038,2.0012736885953335
16,0.8380049970167583,1.0821853354973114,1.6233401481255445,-0.15906466179142417,1.9850198688162148,0.5455593570187187,1.396406231984522
24,1.61384830837786,1.0434738439582756,0.5007061395987418,0.44741572804202534,0.6139869722129517,2.324676139703378,0.638305736895591
32,2.6719631026557282,1.719312378180368,0.8103982942155521,2.884628280484133,0.4752707510106998,3.2424616057672324,1.0689713983248408
40,2.7187395096424973,1.9483555514158837,1.1491240676165908,3.770154175376903,0.5785014548927058,2.2585440112914306,1.3544688015736388
48,1.4396464709185852,0.7708802890692288,-0.17190644587515078,2.039426846739591,-0.7005915950937116,0.6294343680649838,-0.1149558578559559
56,-1.310484138798895,-1.6389115516476211,-1.6881074793703439,-1.2994413471085968,-2.140982560366925,-1.664222988678218,-1.9134283044403806
64,-3.9944824844345543,-3.5825522564124967,-1.7913381621134938,-5.027037672345293,-2.1684031844179086,-3.894974113257073,-1.965043691988228
72,-4.1896530099826235,-3.3438312492345013,-0.709028697557654,-5.049619371974457,-0.5699401666645182,-4.0078826734333015,-0.42142197483740684
80,-3.0283075724670088,-2.259908803287153,0.02810305815476632,-1.3962201774053689,0.8930324916536245,-3.293332596211186,0.30925788684399885
88,-3.736405653429213,-3.2357616023908573,-1.1009827617535863,-1.1107227277203942,0.062347889739573524,-4.420805430223029,-0.950479425083386
96,-4.0428718417976235,-3.8535328136227216,-1.5929416574950928,-2.730154500444535,-0.6360723186410926,-4.390158817398634,-1.4617939507638724
104,-1.0298255679659107,-1.0340441627851114,0.8071723539575479,-0.578439376721815,1.2978904213629716,-1.0754853466755583,0.7044378964960151
112,1.5525551267394766,1.3354232503977577,2.041101901763667,1.4619801389336688,2.033409229124862,1.5230251891481854,1.701259449011044
120,0.9299449073967121,0.44183240419050474,-0.23158667471146546,0.5877449531607958,-0.628007428317409,0.9020279421869247,-0.41174408978047866
128,0.24442846541941063,-0.6469290008325264,-2.1494197210493575,0.4425768292640635,-2.1329176308843754,-0.38029100162132073,-2.344093904705562
136,0.38153180018173977,-0.3824002700782849,-1.3155091244707373,0.8377569489420956,-0.6747839183001808,-0.8351513366206594,-1.9247191868295934
144,-0.041068955849396516,0.030522525003962873,0.32650431860005047,0.016750181663601146,0.9317440395051866,-1.2706559032388356,-0.319804233460552
152,-0.2701121025747071,0.7257167912206629,1.3491335324876432,-0.15261268285844526,1.905983824989291,-1.2819466468393264,0.7705700841660683
160,1.0267237551936845,2.175785692838521,1.803993841843124,0.876468354019741,2.3979426784530844,-0.017370603685408922,1.186718901289437
168,2.49776129118685,3.037116906710622,1.2023523899465,1.5474679856519473,1.7575896965516375,1.3359195461266797,0.7657311325409654
176,1.678367538914111,1.6596321055069163,-0.43159622327159647,0.8200140711593183,-0.21508465125517037,0.6181434297097823,-0.655304060192622
184,0.7363873989336284,0.7676543030681257,-0.868713720166832,0.3199904060361107,-0.9602813485789924,-0.5302981272179874,-1.1779095335848535
192,2.8574558339399925,3.2951937326911533,1.3668763142792186,2.8459167094144826,1.5640321099440933,1.573027498793517,0.8834786776100051
200,5.381769155926855,5.816281139717332,3.508913485369974,5.039569339786585,4.1109272303236315,4.374773481677491,2.7819559387596104
208,4.625281659902902,4.556543861230925,2.6395173971149712,2.5733231082625276,2.833447221333365,3.927978021580865,1.8915910750880753
216,3.1945685306513982,2.6516147618430246,1.258806666915767,0.5103220360983359,0.922066128284592,2.187572839248373,0.7205677083318583
224,4.0494478264080485,3.4210061050138454,1.7056020752048668,2.8555946670712533,1.583387838473314,2.431132748842986,1.4318918541327037
232,4.684961936041738,4.132330206284475,2.3072436085380685,4.097589145746075,2.552788691911748,3.4473100744174503,1.9270765830517766
240,3.591361605210732,2.9129174312240123,1.8427053744469855,1.884580688947589,2.2140629535111094,3.3924688484939556,1.3593077608225914
248,2.4558238287211434,1.738668189878861,1.5684988121760346,-0.09454541011631742,1.7850103327314735,2.1520872846752246,1.0802622075944017
256,1.6203003120883532,1.0886372726723847,1.4862368211603347,-0.24777850109503988,1.718878125135448,0.5810449788203604,1.117360788089271
264,0.3879836628510083,-0.11787156791347922,0.6829729077534517,0.13611074000570328,0.9494867771130867,-0.8593459977153589,0.05602003137492699
272,-0.8330420618926797,-1.6147168829290721,-0.7396753183524382,-0.15422569370573613,-0.5780051278553517,-1.340014038964013,-1.3811449385406396
280,-0.4039893794291667,-1.359866074311392,-0.8783915908424076,-0.6929608408381669,-0.6876877574766578,-0.0722119436201125,-1.3698541207808819
288,1.744499662821057,0.8241085729333498,0.9152419819148372,0.48451432880940515,0.9462608363352754,2.042404699584133,0.4124885960973544
296,3.149405137977308,2.566126839406056,2.6443563097544773,2.6313904672927744,2.472139787808568,2.5617841576927467,2.256124498945709
304,2.783258705005076,2.475799932076275,2.9556614738324245,2.694296694605583,2.8640938507916145,1.5472198739807814,2.588398373637461
312,2.0783865603156837,1.8402859326418703,2.7524259122411774,1.2845522733688464,2.6398896163592727,1.724647640435555,2.4690378667563464
320,2.2977518070829053,1.9854541088659354,2.836300934549948,1.5587588739323155,2.704408844816291,2.8795412244651732,2.554525795257742
328,2.444532957594436,1.9612593985627504,2.8669475361118373,2.313633393589573,3.2076585326736975,3.053743068508683,2.402905640967043
336,1.565458951534601,0.8015269031065098,2.2217556176597193,1.4861747764637416,2.7608631418847986,1.9423999451434042,1.6641609255217795
344,0.9347838617941243,0.251500721974215,1.6717295384097828,0.874855441762691,1.775332460843014,0.6100786306990283,1.509314826641345
352,1.836439529710412,1.3757477058280991,2.062070664011729,1.4942397286445706,1.9108227857976678,0.9439653873257012,2.1157952374403823
360,2.436468049250744,1.8531897460012188,2.029811041379658,1.9281312672617923,1.8527554655797471,2.3908082932393757,1.9835309383387738
368,0.6847719807171117,0.032135537930486284,0.41037930192322547,0.7651727977600316,0.3123596938850099,1.3568881853535273,0.2802242185047464
376,-1.8701880668924729,-2.4292717189236486,-1.231634209935482,-1.7284940406613465,-0.9457645297437,-1.5803479521613633,-1.5037314274376643
384,-1.9911615319470057,-2.5276634264770683,-0.8412930732442995,-2.5043372184318073,-0.315089421463407,-1.7722925526991289,-1.1424239743334341
392,-0.06848960606404626,-0.5227295289845713,0.7249103535853046,-0.41552840311193484,1.1962727070161288,0.41329511682867803,0.5624957009017041
400,0.2621712203542425,0.05633021479269266,0.8491098048142117,0.6167787171447112,1.2285323293016615,0.6036266865931814,1.0028391467184095
408,-0.9249818544494982,-1.2743781300424888,-0.27836311340651904,0.0651396674192341,-0.2360533497401235,-1.0593555578845346,-0.06817940789839683
416,-1.2362870299632205,-1.9098921263580453,-0.8493579512658611,0.06352664011135778,-0.7183343307956499,-1.8319728120308438,-0.7536957958156717
424,-0.7201334001806323,-1.150178668763962,-0.21706990768369935,-0.6332806069770419,0.23654975301597708,-1.1658122479409136,-0.4520685916469961
432,0.2653972458607503,0.1127845047571573,0.8845953990660332,-0.9187781342866705,1.2107895560002817,1.0052587006487659,0.6770172386575153
440,1.3073821298858026,1.1838031461818914,1.376554177330944,0.3554759216236619,1.2495009971179452,2.4843611591937087,1.5770600031534863
448,0.9396227552007367,0.41763771086771334,0.2232736485055605,0.4974181601887639,0.20267711139295733,0.9004149226761673,0.6608874684063075
456,0.5960580395311383,-0.517890538027333,-0.6993508175255361,0.5538724482472667,-0.6731708809426836,-0.20447613200262696,-0.4472296426209333
464,2.520343014900448,1.2047718334043396,0.594259007805575,2.7072005124699348,0.6639893192844541,2.366613508430385,0.5318490723098007
472,4.33333227113689,3.220996675143195,2.165301385047398,4.366956728149028,2.0979284508243765,4.708660338280557,2.202896152358095
480,3.786532140288615,2.653227689521044,1.6039843241249303,2.9943109114915925,1.1317535243022099,4.240896160292816,1.833523812222299
488,2.173552312883207,0.7241038832953448,-0.2041660355860515,0.7167834263621485,-1.0715769590719975,2.555332223463251,0.1463469019716133
496,1.5573940040320424,-0.3517536974523697,-0.9041992380068854,0.9764731339310601,-1.6328939006119052,1.6520635779673816,-0.5214267528427633
504,2.8848763947476748,0.5434501055421471,-0.21223093405339302,3.61692115578514,-0.10217607288566381,3.1892332943532873,0.3140968058944707
512,3.7768542826082396,1.3918774660296855,0.29747071333082925,3.9846804159391875,0.7785109010506723,5.269977312741636,1.0705843312009395
520,3.096176795548158,0.8983056815957551,-0.1444857908089603,2.353957952461697,-0.026366015579651455,4.8135041027381495,0.7673441163582432
528,3.3961911137967182,1.1579954262443009,0.026490083000954633,3.757250339839081,-0.11346693898756056,3.4956994416568694,0.6576615139402194
536,5.554358087366777,2.6661315593661907,0.8281410593732738,6.510606935037856,0.43010728642984203,4.581234900877278,1.2157525393065594
544,7.138304231531773,3.3548739332845687,0.9007251604805053,6.628354414264555,0.08331662634377633,7.295879961739501,1.2931755625831103
552,7.312506102085487,3.4516527441751768,0.8587876633609345,6.417054135965481,0.37849199885838974,8.891116882426155,1.1592982356538182
560,7.104431583151248,3.909739022897906,1.787864075750379,7.426779376739411,1.9317915054214765,7.984622317811137,1.6964204757272774
568,6.975393267624973,4.285563328278405,2.339503153892024,8.107456862066801,2.6318247612092605,6.186149863602863,2.188379338894153
576,6.802804494899746,3.7274722793474386,1.273323534266468,7.591303369166971,1.4317677877976664,5.323205575640171,1.4915720821026714
584,6.406011437494074,2.429023566674142,-0.3428823169127561,6.707390433313966,-0.08765921593112229,5.679674108134505,0.07537580079570642
592,5.576939709024746,1.107993090435302,-1.3800283222590872,5.967032796601649,-1.0118966794677735,5.808712487250619,-0.9133808470142877
600,4.573666320523923,0.46118812509587515,-1.3397038044517922,4.979888970255587,-1.4006248122424365,5.313527792985409,-0.613366596860568
608,4.493017296171838,1.3547788999161696,-0.04125504811462664,4.854076660136579,-0.5505844393481827,5.857101883945822,0.9108992879727126
616,5.505968615819228,2.682261385236849,0.8329800194885735,5.944451004793211,0.6414076342099149,6.573264921940396,1.8206199430702303
624,5.946312160745982,2.4145067802402123,-0.15900263286234062,6.50415489476754,-0.02314006423241116,5.655479481173861,0.33990449758916264
632,6.223744686493027,1.8854492821719013,-1.3687374421223766,6.315436396148049,-1.5716006929831225,5.581282386373001,-1.0004817328227544
640,7.399607029305321,2.5564488923187123,-1.0735621351035627,6.909012976953881,-1.599021328123342,7.6378316088631255,-0.43432584433601473
648,8.020604153938443,3.2597081789843507,-0.24771650179500898,7.752601393959973,-0.74091609678696,8.570134013664637,0.33667850465728666
656,8.083510333255651,3.704890575733083,0.4490908191061192,8.726841111175968,0.5236601109728087,7.939458849764895,0.8350892861128812
664,8.34481314748979,4.306532039931827,1.4781719431387716,9.222025953759713,1.9334044019110201,7.910425296129929,1.5044759037789484
672,7.98673160726701,4.0420033906141635,1.4749459230036128,7.718728781099663,1.5898397584947257,7.89268239027752,1.75771373637647
680,7.262503669245669,3.153251528260107,0.5910330268292819,6.2718857627342,-0.03926984072131427,7.491050468574483,1.2383342406684148
688,7.983505659731693,3.432296973541512,0.12004292868277658,7.8993825006343705,-0.7005915717023545,8.186244794569097,1.0157430241874057
696,8.588373065921136,3.8919962022940027,0.2765019425925714,9.504297398037421,-0.13927457904799675,8.316896154903448,0.991548385617718
704,7.735106714649629,3.738763170746656,0.834593002092966,8.415536056257691,0.9107752517865358,7.212004982228249,1.1367165471138916
712,7.422188630864052,4.271046458328666,1.8991596602529883,7.0719238438298655,2.2947118995454643,7.241038664602315,2.0464370909725083
720,7.654457715594866,4.7904260382456085,2.310469484513156,7.039664309911684,2.2995509566915815,7.523310042171336,2.4383912440555995
728,6.8511938507033925,3.5919819264964263,0.8797564133068742,7.189671507934923,0.3736529942128763,5.986140312790229,1.259302973633962
736,5.6398459529714104,1.8822233133244604,-0.9735573862074521,6.439635821906365,-1.5441799925203719,4.6038166206056825,-0.5633641780555676
744,5.314024002806071,1.045086783765147,-1.6848814767353864,5.492816667923827,-2.0071051790310674,5.5845084389095225,-1.5650246666014618
752,5.494677793554469,1.3515529998566471,-1.1655020212258125,5.360552302806611,-1.1441610362680634,6.581329912587014,-0.845635663744642
760,5.447901327656132,2.2403048459233883,0.2974706634292664,5.354100386943663,0.4543019553216604,5.41514544426222,0.5495918709085005
768,5.593069537494444,3.0274390221735015,1.5184964053266166,5.2363528692511725,1.6430681549839024,4.874797368758694,1.6899685903597288
776,5.786627189597791,3.2129316980115843,1.4039748647984969,5.463782962158404,1.6801666774335509,5.465147756160052,1.462538427451696
784,5.278538575066063,2.4693480170796724,0.4474777751643884,5.499268579108505,1.0252967945671572,4.9618980825107295,0.34151746789143406
792,4.380108742406575,1.6935047623776367,-0.034803153043995776,5.028278397792729,0.5962442186642735,3.6279639252903007,0.08344070082247147
800,3.7462075854016863,1.6451153596180075,0.5297397618483558,3.8137046135162307,0.4284943339743108,2.735985934334493,0.8608969556291008
808,3.9800896799401735,2.31127598903047,1.08460483725361,3.1120584865362257,0.36236209536307823,2.8988969192068788,1.493185046340517
816,4.523663816990226,2.770975228005851,0.8652396642991171,4.415346038382841,0.16396557151178348,3.7473243394723297,1.2657549218982724
824,3.9768638237177885,1.8273819822264914,0.14746353298105766,4.458896619815893,0.004280582170313661,3.729581547111325,0.47539478581072175
832,2.9881072090022345,0.8418513931907142,-0.09287044034074596,2.4055732840435566,0.2349367601886952,2.831151713412223,0.10602241154087046
840,2.313881594834313,0.6950702423326445,-0.1364208958070053,1.2555186043365163,0.21719394305017856,1.8827197410846017,0.017308511766263544
848,1.5138435483925141,-0.04367449147916652,-1.0622712575658917,1.3555234235799696,-1.036091389770958,0.6245953949544855,-0.8956380220786503
856,1.168665866232568,-0.6888664989917131,-2.020381309012074,2.039426861814021,-1.9006485719706903,0.43748970757603445,-1.7392265125509356
864,2.0848384195195653,0.028909589009016693,-1.4897109109888347,3.05883005937838,-1.2102932105963797,1.6391596171558447,-1.2892050946961042
872,2.605830961248583,0.7934620172878283,-0.47192071890041937,2.324924248775503,-0.516711877429048,2.3230631016528034,-0.4262609342596291
880,2.1364537926860603,0.7176519889177919,-0.06867575464180455,0.11998080220306734,-0.3328321559524598,2.194024844518289,0.03343834179538519
888,1.9364443389042445,0.8789499215315196,0.5281268546161157,0.7458170463592614,0.3801049315612194,1.7762630047653145,0.35603428222172384
896,2.1412926938897923,1.2499352463509403,0.9023381565999045,2.6184866014328216,0.5349509462327671,1.5730275332741108,0.7270196377098131
904,2.078386575216845,0.9902455640793488,0.45554274189984006,2.510416949391099,-0.44896668376324433,1.6794842359791506,0.7947647698650099
912,2.2412974585534107,0.8918537338512527,-0.00093054711445497,2.8862412445487085,-0.6247815133567255,1.706904877357066,0.22699589964022365
920,1.7428866807364716,0.08858985336554087,-0.7654830382900285,3.1620608025925208,-0.2554091571068828,0.5681411101880991,-1.0053206750913148
928,-0.5362538275423859,-2.164742991114984,-2.1913571415838913,-0.152612750260209,-1.6070861974814392,-1.4206630085629937,-2.163440255171659
936,-1.5314622588375708,-2.8938098911575834,-2.373623849960687,-2.6801520137179624,-2.5668092131654663,-1.6819657184889998,-2.02794991358315
944,-0.07010260547556264,-1.3437362390841905,-1.2300211526520137,-1.0494294577146577,-1.6861221825700645,0.18263893187952412,-0.8714433971972394
