-240,-0.16588307016592543,-0.31680292751439076,0.9475877892249039,-0.1423957213746241,0.5094235222177308,-0.27136135376680204,2.0229148542743984
-232,-1.21661897010897,-1.1108339759862917,0.30024523699736816,-1.4307031302089506,-0.36273506510373654,-0.8740596904968605,1.6864880777295979
-224,-0.8833809778305093,-0.43000809578216803,0.43577267290162985,-1.3270645204447309,-0.1379190199044193,-0.39253883767349307,1.17626728785449
-216,0.32839320147464374,0.8662714421696416,0.6892885535850026,-0.07383480919714394,0.5173956717172622,0.7171912640201425,0.919562535895698
-208,1.2595461320220955,1.8755517933850367,1.0225265234260832,1.2718723307237694,0.713511798020278,1.3517783525557145,0.41093623312725425
-200,1.8622444637850994,2.495788886075944,1.365331006553403,2.3353636561638482,1.0180498544459424,1.7424160827718727,0.3790474446683094
-192,2.213021103948171,2.74771040502794,1.6618969028603177,2.818478994038546,1.6143702915634972,1.9943375049519605,0.9291291545177328
-184,2.034443832433245,2.3969335857083793,1.4753474280646586,2.3943579563991246,1.6494480172397823,1.924182234468658,1.5270440698355097
-176,1.3281070544762392,1.0416597798927814,0.7116107643572874,1.0263287009363364,0.7501839414357508,1.5431110971828772,1.5031274834583546
-168,0.634525684545938,-0.16054786317491837,0.06267374814557983,-0.20936223670879744,-0.1905355659419731,1.1094234878515163,0.9402902148578365
-160,0.31882668305007256,-0.3646361516520152,0.21733438532559002,-0.15196240080024764,-0.24952989066996326,0.8351797916976677,1.0423343779369323
-152,-0.043111225898080446,-0.5352412111510433,0.3895339762922093,0.0887980513030918,-0.25271865678086547,-0.08481188547969587,1.4138388471014192
-144,-1.5642068141875392,-1.7023710572909299,-0.34390832286140344,-0.9443989904263078,-0.9893498859581543,-2.0395951870660882,0.7505519407233971
-136,-2.921075057953095,-2.6733848697890448,-0.9131233307584845,-2.165739860803969,-1.5075428753458855,-3.30558036782908,-0.3862836674369613
-128,-1.871933696157473,-1.6098936306729348,-0.171708947533427,-1.3270644803657459,-0.5110179256486428,-2.022056247666807,-0.407011403092023
-120,0.47508176143431874,0.57289444231597,0.9970154552518741,0.9290678597571681,1.22692141823543,0.11768196984321855,0.270625497417889
-112,1.3647791233859055,1.264881416601907,1.1883482675337347,1.694398940689895,1.8423752335586139,0.8909852461779046,0.09842603131272369
-104,0.6281479058555017,0.3432951956249573,0.2890841780274869,0.7648405645612487,1.6063981333288029,0.5848528627902405,-0.8327268427130818
-96,0.2359157465958254,-0.15735895284818013,-0.45711360571397125,0.24505316103116065,1.3767987799317722,0.5051307904177492,-1.2377145549004105
-88,-0.08137772624915277,-0.37739164154946975,-1.0630007616510235,-0.37837282862682214,0.4982624426945242,0.473241994936418,-1.2329312852401844
-80,-1.2341577721435233,-1.4281275056954716,-2.110547746300276,-1.6379803214765674,-1.643070216019737,-0.11670070476862957,-1.4386139981363015
-72,-2.1382050705064093,-2.3401470323456386,-2.576124143748027,-2.503761122742657,-3.3666596894344307,-1.055825791495443,-1.1292926741057425
-64,-2.4937651192359334,-2.321013854534936,-1.9782092585751272,-2.5053554952645274,-3.500592633950087,-2.3010832718865832,-0.35120604024536306
-56,-2.36780445901537,-1.495093914323629,-0.9450122099946181,-2.0270235466019018,-2.225040710388716,-2.8639205310668276,0.48268595834573086
-48,-1.6311732825916179,-0.7504905353042534,0.3528617850902541,-1.354169995396354,-0.3483850961496725,-2.238900163748642,0.9259402409367179
-40,-0.5039043321046122,-0.1972199373941943,0.8216270630624206,-0.48041692953210907,1.4310097270945772,-1.2168642301458263,-0.06899021874214023
-32,0.47508176023537474,0.4804169312580618,0.8295992707963752,0.34550283511953933,1.757869893067397,-0.10872863782495636,-0.39903918765057095
-24,1.4827677379012323,1.2425592914684804,0.8535159482932743,1.2288224647969501,1.3831764657896883,1.1030458400172538,-0.3304783403873444
-16,1.5720563511356755,1.169214971752213,-0.0632869922329537,0.9067456224368375,-0.16183565098505776,1.5989165686196087,-1.0623262867160224
-8,0.9661692152381153,0.4820114586149875,-1.6162713837112395,-0.36402292921150997,-1.9220971991328608,1.5797831946959233,-1.7973629948736614
0,0.2678045590336507,-0.24186420341859793,-2.549018699455113,-1.6029025690809582,-3.0748772332090697,1.5399222317309007,-1.7463408864435115
8,-0.610731700614793,-0.8445625257613278,-2.3943580138035103,-2.406500294409317,-3.3491208742114935,1.3422117495199521,-1.038409645016166
16,-1.4430293903993254,-1.0869173020862253,-1.641782426878902,-2.7094438613304304,-2.502473258634882,0.5864472625452688,-0.0929067706924745
24,-1.8846892470297925,-0.5846688884823434,-0.24664755909976235,-2.580294264748917,-0.5429068091667195,-0.09437864095262449,1.2496115212467902
32,-1.5450735264165436,0.6637775510496843,1.556663840758812,-2.143417736184376,1.6430702253609615,-0.16772288256625387,2.9700120898156324
40,-0.5086876176936663,2.5675387078950522,3.607113499329428,-0.7466884486107144,4.13199083845664,0.3153924638723291,4.851451076138978
48,1.324918137640947,5.920645655018371,5.919051197674503,1.9303760203663798,7.161426496363446,2.0278207704121836,6.536773940783809
56,3.7325223479765794,9.042558874852565,7.31737488089253,4.368274442989884,8.755866286530102,4.382808522575731,7.326021681058
64,4.993724219856748,8.683809832897888,6.515371658257107,4.706295703215793,7.548875311457087,5.259750295973903,6.461835239125396
72,3.313184715478057,5.324325159666395,4.254456016958866,2.0324201325759965,4.414206662357751,3.341639215563063,4.188164083608264
80,-1.020502760051152,1.070359669843152,1.2808257496457098,-2.562755371765896,0.6034955130173616,-0.912326203865039,1.284689281178617
88,-5.601328412764215,-2.71484046527551,-1.7470154802452447,-6.665248998570083,-2.6682950443630196,-5.116864021837869,-1.523119310195419
96,-8.050387975371956,-5.33291061209378,-3.5949712288553592,-8.758748589694552,-4.412612212668679,-6.881908948578526,-2.9341985826519714
104,-7.68047785646324,-6.134913818629096,-3.894725941457547,-8.924570201918362,-4.670911394869933,-6.424304567547523,-3.0840758241113577
112,-6.165760037272667,-5.297832890185605,-3.390882909205717,-8.009361848524984,-4.465228697731365,-5.383135461614893,-2.707788103099527
120,-4.387959700449971,-3.2250611993140823,-2.4501634134748778,-6.1630004964156235,-3.6106090153823573,-3.806234486157339,-1.7638797809680307
128,-1.612039954399082,-0.111120258807925,-0.40928045505448585,-2.669582822318102,-1.3672321312439122,-0.8947873554142254,0.2084423860256698
136,2.190698983096687,3.9913735175217098,3.0506539803021373,1.563654972100341,2.1373465446167366,2.9398404918051098,3.381377616832995
144,5.248834450967168,7.590024128688003,6.354333208987504,4.121136305885015,5.112571355386925,5.5850160700704645,6.487346355257365
152,6.628025090313663,9.337530169296747,7.999795187571004,5.026778134002716,6.300428923650931,6.704312840913063,7.7023094051528265
160,7.144623559366858,9.616557100341447,8.071544975648402,5.946769979203517,6.582644764851091,7.5158827362942775,7.35472164500034
168,7.97054339955198,10.077350213227811,7.492763239682827,7.231888450649225,6.657583487576663,8.469357685440416,6.5734460994429975
176,8.356397789541493,10.614676507343031,6.590310347240971,7.608176161041839,6.389717657636163,8.608074016770257,5.729987430503997
184,7.4571337348046205,9.938633972675161,5.233442122315959,6.350163212505514,5.740780637313791,7.401083025083303,4.376308001149658
192,6.240576224007984,8.680620931648871,4.25445606543046,5.020400412519036,5.244909739831611,6.546463253327329,3.5344438198311554
200,6.272464939502622,8.517988081425298,4.464922027090921,4.988511572848055,5.382031613514553,7.271933360675816,4.21845849269423
208,6.596136088100133,9.020236610470358,5.227064357156462,5.082583547205023,5.618008737723247,7.898548221437942,5.0045172887286915
216,6.224631710740502,9.127064143749699,5.7452573355824175,4.484668642335189,5.176348850776623,7.453699475890447,5.2070112307181295
224,5.518294877974624,9.095175279243449,5.842518107394112,3.971259018351924,4.308973638622453,6.87970117349787,5.089022679918113
232,4.87095234664297,8.946892440279534,5.952534461421948,3.853270438092141,4.144746312425267,6.455580177307657,5.246872083551581
240,4.5217699659584785,8.621626695300181,6.325633377785391,3.612510037543391,4.926021894807314,6.060159181713216,5.846381445211925
248,4.6844028619132025,8.554660241283429,6.550449353959791,3.4865493110383534,5.906602286876143,5.993192668948208,5.840003829920429
256,5.000101990668412,8.63597669165868,6.199672584995877,3.6013490499963186,5.95762436790186,6.127125622541582,5.057133828257692
264,5.269562282537751,8.876737044078391,5.9238344844625015,3.7623873219934856,5.279987464651508,6.119153329340049,4.349202558226969
272,5.601205742834787,9.47784078391277,5.923834502789216,3.8644315369697293,4.6358337586928435,6.340780541116323,4.204108554398875
280,5.880232690493426,9.382174496638573,5.987612125438255,4.271013736948833,4.055457736529365,6.31367510658624,4.063797822800174
288,4.984157588046331,7.669746157384676,5.356213949284755,3.971259064254353,3.652064427865175,5.170461673147903,3.2171503122168024
296,3.520461792674716,5.589002127580471,4.059934341622918,2.93327865283854,2.910649906761557,3.749815783268261,1.9049263139223234
304,2.735997409583667,4.794971107540672,2.958176450403679,2.5107521305666047,2.1819908983353304,3.2587282717438733,1.0662510331677304
312,2.984730059829411,5.026164845791568,2.8752655478624205,2.9460341713393703,2.0384912807313254,3.5505108343326963,1.4712386876344683
320,4.132726675918891,6.129517266765621,3.709157660524471,4.0143087931590005,2.5216065528353813,4.419480621458996,2.9476899244319434
328,5.959954666265286,7.916884262289333,5.397669344376294,5.481193511531902,3.49740378195,6.213225368611272,4.920011987117515
336,7.2945009058194845,9.30245248438456,6.788020932903655,6.394807516382291,4.337673559402809,7.774181957375573,6.251369277636211
344,7.599038858622132,9.272158156484233,7.006459132271671,6.281602365584843,4.833544292800941,8.246136130944594,6.232236014186652
352,7.6213610484985335,8.656704367023984,6.094439515871983,5.949958783166794,4.544950792462189,8.313102546252583,5.167150190678135
360,7.5480168240126755,7.677718305685264,4.480866473217543,5.804864784477031,3.309259827755176,8.308319212705769,3.7640431728856303
368,7.127084603696194,6.54726041866603,2.6919050263842057,5.524243412399376,1.8662917995537214,7.664165646680999,2.4518191781879835
376,6.4143700718840195,5.85527363278558,2.280539502449842,5.139983383798685,1.3241822849349776,6.592702023928723,1.9798649583739782
384,6.224631703033005,6.245911409417997,3.269092237733298,5.112877900111897,1.7196032827560308,6.197280927280426,2.569807720252837
392,6.8640020759586875,7.317374894805547,4.546238522169654,5.881397865165871,2.448262346676239,6.814329227141108,3.6588101023915156
400,7.310445232736814,7.744684730070969,5.024570405232916,6.410751997963397,3.036610690302075,7.4218107485776486,4.486324298484571
408,6.9724239994015065,7.0383479937344475,4.847587650798253,5.768192633354065,3.086038291586069,7.533421548434218,4.7956457071263205
416,5.998221270068099,6.288961251194661,4.965576236710202,4.814717682837703,3.427248372560473,7.30382221422029,4.837101239240032
424,4.977779769790742,5.820195830890714,4.932092886981343,4.028658850492365,3.669603255077553,6.713879410892224,4.798834621221168
432,3.848916384608056,4.885854180819899,4.071095404018352,3.2075223173060103,3.090821626674382,5.4128165724501995,4.07177000569886
440,2.94168018054293,3.705968659117516,2.824243520275351,2.7515125306015182,2.403618043655848,4.009709573840799,3.0593006973979096
448,2.815719398543912,3.0474651297908464,2.149795366521962,3.027350577353692,2.0002248610520557,3.8725877263633466,2.2254086869886547
456,3.292456845027435,3.205314675927375,2.349100436550869,3.355805282844156,1.6319091049023795,4.838818118648125,2.3880415814018785
464,3.8122443107313333,4.047178833609552,2.849754517540586,3.1549058072367773,1.2556213511765058,5.738082405808857,3.577493679078144
472,3.7644111080034244,4.275183801296325,2.806704652641433,2.4756744502789143,0.6194398829253983,5.261344731868526,3.8405762590553563
480,3.1601183900163297,3.0825427780496044,1.3924364912678562,1.9367537463032811,-0.47275135764287285,3.9873874272976595,2.0101593481055606
488,3.0612630769742153,2.1195011278968496,0.08499590273877326,2.2970972022290366,-0.63060094728394,3.4149834838960156,-0.18378981314171303
496,3.330723466129297,2.4208502381987334,0.10253480514206778,3.0209727906132033,0.15705234168062782,3.591966304272597,-0.6493662403917857
504,3.0867741196280445,2.239084088728557,0.3161897033347585,2.5075631827300455,0.15864677517736556,3.40382242064419,0.2116311603579031
512,1.6262673239901362,0.8630825585622263,-0.0011039091015578948,0.6181520215580675,-0.3946238511647934,2.4535361853692517,0.5368969483279639
520,0.13227718701597677,-0.1095257216881695,-0.08720359950598998,-1.1325428302076197,-0.19850776870887352,1.3804781789620504,0.878107053281247
528,-0.05427231552667271,0.4756336484094512,0.6797219733291763,-1.245748060649207,0.8602003175584115,1.3756949339658149,1.4855886329522079
536,0.9119582235431059,1.1213817222654876,0.9555600226505153,-0.27951756354246826,0.9383279524947771,2.3594643278236846,1.3787611496859586
544,1.2930293222914013,0.604783310076497,-0.36623061207888097,0.2083810861267736,-0.5476900640970623,2.4710750377594533,-0.20132874243560867
552,0.48305391453068236,-0.4985691299093811,-1.552493815699792,-0.011651684787819309,-1.7196033718994914,1.4761446162755256,-1.4242640267843492
560,-0.18023298619517558,-0.9210956376227096,-1.3228944463739345,0.17808664449804346,-1.088205065403651,1.0759403393739733,-1.5470359494973878
568,0.27258792683600785,-0.3391250877597497,-0.5208912379545622,1.1698281508594566,0.4791292499826609,1.629210952013916,-1.27757557284558
576,1.1734464337388884,0.5808667457941673,-0.15735896624736728,2.0387979333612587,1.4931928845604998,2.2861200795302237,-1.2839533016942013
584,2.3278208653435155,1.4960751060386546,0.018029434163416583,2.8344234103628434,1.6940923800360934,3.3033726401923498,-1.2297423290110183
592,3.9573382883539363,2.3905558849493027,-0.22273095867783482,4.133891846651951,1.2508381448890336,4.79576833253672,-1.1563981285040406
600,5.4385729018602085,3.002820813068239,-0.8780457576906439,5.344071685121611,0.4568069891972838,6.208442008516413,-1.2058257595903572
608,5.797321835053536,2.679149573350986,-1.4552330366944344,5.334505130214885,-0.2702575453106648,6.744173892257386,-1.2201757364231962
616,4.494664486553635,1.3302534352378659,-2.223752900352001,3.775142939835391,-0.7836671884770313,5.514860681748095,-1.9297015110309093
624,2.8747136801099167,0.24922322709143055,-2.4932132437759322,2.501185491562522,-0.657706316728491,3.7163325609700224,-2.4447055998547325
632,2.9751634348700997,0.9109157962307902,-1.4791496240992548,2.9587897751365055,0.5110179764390725,3.238000640568219,-1.8069295215195615
640,3.772383303062826,1.9106294762418925,-0.17808669128320997,3.837326031188117,1.6781479029082083,3.703577155855038,-0.6334219492714981
648,2.962407798530199,1.4035976155340717,0.03875711483833105,3.126205967299503,1.7243866896097066,3.3512059367804485,-0.4978944815095812
656,1.202146273676164,0.598405520766842,0.0004905571092238612,1.4329107734848179,1.6701757850950547,2.2255313487099304,-0.6429884651269034
664,0.47029842514706094,0.5250612822362115,0.3209729659725986,0.670768639189706,2.1389409991806336,2.040576376093372,0.015515187005887453
672,1.0650244585701998,0.448528199320763,0.1695011909902882,1.1937447827964838,2.1086466875516883,3.073773350853187,0.015515201393215177
680,2.2895542288266597,0.5537612619361023,-0.7791904585220237,2.539451985747598,1.4597097040540234,4.389186234981691,-0.8933156202921922
688,3.7341167040557917,1.5024528559544355,-1.4360997627969336,3.886753675634097,1.1153107031613292,5.4797830682587145,-1.5310915566381367
696,4.7513694029390345,2.4670890505918877,-1.727882195728527,4.779640059928047,0.9064390850768052,6.109586720994676,-2.003045704001668
704,4.9395132591630055,2.366639273908157,-2.034014643174057,4.781234412410426,0.9176001526105722,6.1255311880171766,-2.5148608732497566
712,3.9716882278482335,1.5136139925131218,-2.096197727504396,3.8197872240152333,0.9080334812350015,5.355416791693075,-2.7077881025856954
720,3.0803964329137425,0.6079721383612104,-2.1472198455260982,2.890228801984158,0.5110179939093993,4.684157533536539,-2.3586057573556904
728,2.9687857803560074,0.23168439371305496,-2.2444807187341986,2.5761242005858773,-0.14748566850005387,4.62037998059753,-2.2103228080889283
736,3.8855884689327147,0.9475878629138476,-1.4695829400491336,3.0624283681155116,0.3994071529461785,5.4989162344225315,-1.183503613732327
744,4.859791271915539,2.5149222046769277,0.5649222828428054,4.21680270568867,2.3573793001163352,6.3200528126549225,0.8637571151571706
752,5.5071337453553255,3.535363633702753,2.121095508086692,5.399876937322865,3.7620807531183535,6.505007806509918,2.180764362901106
760,5.999815624605809,3.8829516052119413,1.9425182840156947,6.055191731026067,4.077779891293836,6.919562245909352,1.9766761583500876
768,6.797035715288291,4.54942738457816,1.6523302105888655,6.759934222956447,4.704394758564515,7.829987388562043,1.590821550495322
776,7.718621878373375,5.614513191644015,2.0158625105568837,7.565126372361267,5.6849751754686135,8.250919405400598,1.8236099361688238
784,7.976921123090993,6.048200810738203,1.8229353230127079,7.821831129629669,5.514370118538752,8.453413358009255,1.476021966886246
792,7.80153266427451,5.565085641229502,0.9332378651456005,7.506132081546265,4.050674364616344,8.737223616606048,0.7154741849022355
800,7.495400282599621,4.460138775111828,-0.2657808545782543,7.161733101378176,1.9651470894733438,8.644746108631137,0.2706255142031042
808,7.178106764708603,3.4381028149609656,-1.0550285306232996,6.971994755820929,0.32765735202295154,8.234975025901006,0.17655359808055843
816,6.841679970179642,3.3504085494131255,-0.7409239251143527,6.933728196379046,0.11081361287099685,7.860281682035546,0.9594234867000032
824,5.7702164202203905,2.9884708951549346,-0.4985689903575693,6.099836040041175,0.735834044760882,7.0949505724994415,1.3644111370560768
832,4.328842777044082,1.8245297565489729,-1.4249386152764745,4.6760014921268676,0.9048445743338183,5.594582667967896,-0.04507357395928525
840,3.8234053510319446,1.0209320546856622,-2.3433359166776886,4.274202600002922,1.029210903481717,4.846790301718088,-1.9791291225915664
848,4.575981050143455,1.097465155756549,-2.3816024553949697,4.867334191536715,1.635098006665234,5.588204927986222,-2.6057438732221208
856,4.87095227624783,1.1532707037544172,-2.5745297409099983,4.676001526211133,1.568131568063476,5.870420863560404,-2.9469539903361235
864,4.577575370083069,1.4259198136318056,-2.8152901669791266,4.10838075912336,0.79004495407131,5.820993127480847,-2.5961773136909
872,4.898057828959536,2.205600807682061,-2.08503659231593,4.261447094176639,0.7406173327478234,6.41890813683009,-1.5294970085566078
880,5.341312126622961,2.844971241240055,-0.9992232044300713,4.889656389120614,1.1232829081548408,7.104517212017357,-0.3687449162718893
888,6.063593354474699,3.5704413958611916,0.08021258118140011,6.082297269350442,1.5952370633971464,7.460077272393766,0.7059075983091327
896,7.262612037202568,4.788593440865861,1.0576041466782933,7.732542581994589,2.6348117702598604,7.881009430022604,1.6832991833316866
904,8.184198301170225,5.58262445713755,1.6634912178328776,8.996933305795798,3.6265533571218014,8.654312803471752,1.9639205764765024
912,7.401328371786684,4.632338223232833,1.1038429631821154,8.352779617478738,3.545236888419835,8.006970222298285,1.058278795460175
920,5.256806748793201,2.8625100655407114,-0.3279639848110217,6.177963709061807,2.6188674543043047,5.478188571731777,-0.36236712970267765
928,3.9142884606220463,2.1338510281685497,-1.2017170114526692,4.722240161331854,1.882236206286467,3.6860382217653647,-1.065515072866418
936,3.8839940837362934,2.0302124817770846,-1.5397383228906167,4.510179744422384,1.5537816494650603,3.3145337549987675,-1.271197765380487
944,3.6623668654514665,1.2680702551632832,-1.7502043099001805,4.140269648636158,1.2141658822642711,3.0578289819728166,-1.2185812767209674
