-240,-0.033035385777714955,-0.8876440077499076,-0.4051549846035802,-0.33951533366379655,0.13181821608853714,-0.27231287566051976,-0.503452706019732
-232,-0.14933283791443866,-1.2883798636050305,-0.567691233017783,-0.18958973522184452,-0.03632273744985623,-0.19524828684404114,-0.3871552130929616
-224,0.7025811880039632,-0.7657418789366646,-0.0030178869173522437,1.1415259144337673,0.1822605069665922,0.41706496220090694,0.5894632902873425
-216,-0.04704718862565425,-1.2813740385683265,-0.5004347999751709,0.6903478276062683,-0.31935999325962144,-0.9238589728235181,0.026191197306774588
-208,-0.8541235405873585,-0.9338828011675686,-0.012826180263554835,0.4325317048178965,0.3167732059781927,-2.6150764350453,0.17611684165634467
-200,0.2892347636061675,1.1636753085806746,1.8437299931128075,1.5086337179061322,2.327458435972022,-1.5992250451651668,1.969620061237958
-192,1.71142673282866,2.234172599686841,2.5541252978059235,1.9359918706460615,2.966394009596864,0.746340935417359,2.7192483182067355
-184,1.757665485606791,1.3794561766533768,1.5144539688711676,1.4287668034700618,1.5385973007818392,1.3768693827202643,1.5492677291697459
-176,0.5148237760134613,-0.30755781158862733,-0.3280904278471758,0.3316472254131967,-0.6542406594084045,0.1102078331123512,-0.39416110285188055
-168,-1.1525736628643004,-1.90489656209552,-1.9646620290309031,-1.0975506818841014,-2.31323117004431,-1.01773757360754,-1.8261613887506762
-160,-1.9568478189518776,-2.322446571554476,-1.9352373758210828,-1.6229910696882008,-1.94191995611025,-1.1662621264922683,-1.7378872853776883
-152,-1.8377480076303196,-2.211753787514815,-1.1281610014323769,-1.1101612457607544,-0.6654500014726841,-1.0303481692432337,-1.4478442757256564
-144,-1.0152586394372427,-1.9973740930891164,-0.7736638547055185,-0.2806660000006178,-0.3249646773114624,-0.11257897423929084,-1.1255741767648957
-136,0.15051849458508473,-1.2225246635130331,-0.3673232687404195,0.13828511732951015,-0.2633129977089259,1.1050415060019063,-0.25684610395905744
-128,-0.2908514777101465,-1.5700159135572005,-1.2766853592473588,-0.4586151601875484,-1.2133092108271617,-0.2975340369790671,-1.1479929344961601
-120,-2.049325326464856,-3.1617499542738825,-3.5563961600576537,-1.534717081460549,-3.11470290493414,-3.085870950522586,-3.762584385500459
-112,-1.9820690051056933,-2.5298203519880538,-3.5535938389535637,-1.0401025408330402,-2.896119678429188,-2.571640032872546,-3.78920669758746
-104,-0.23620566513849572,-0.007706413012238382,-1.6059613771672947,0.15229682339515999,-1.3141937937874062,-0.007490973291511743,-1.7238756620962674
-96,0.7123894342384142,1.06138965884034,-0.7162156310207454,0.36527541416415754,-1.011540199938956,1.1582862388490238,-0.6491748349974118
-88,0.8455009487658027,1.2127164842122362,-0.08708836097724683,0.06262177621429028,-0.59539136382597,1.1821061497570102,0.3764847944944327
-80,0.9015479385968599,1.2561528710322778,0.8881290202327913,0.2699954977958075,0.2635285595277069,0.9705287901324272,1.6977922153755411
-72,0.8749256138664491,1.1300471011656326,1.2580390295133916,0.7393889768973931,0.5241469790364482,0.7813702806564107,2.01305647846239
-64,0.851105616712348,1.0123484874232478,1.4934363414380756,0.8795063849466203,0.9515051993584115,1.1582862201849435,1.7496357202390973
-56,0.4321545010379053,0.8554169445847851,1.479424630856922,0.20554147917768634,1.440515060750616,0.8822548458556755,1.3699173933790934
-48,-0.1213093323122185,0.6886771932915838,1.3028766191806918,0.12427338085947082,1.4461197286971619,-0.03971792216808561,0.9593733823521712
-40,0.2598100491360165,1.4158867592080304,1.8283169562606363,0.9341521949594855,1.7249534450523503,0.6566657979264222,1.2564222861281091
-32,0.9421820056674642,2.127683277435097,2.002062638102804,0.3162342851927972,1.8090239398835612,1.3390377196884933,1.4343714607646512
-24,0.6675518406576766,1.4411077980059195,0.9259606500003538,-1.1087601196770536,0.9501040065957767,0.27414520745973986,0.5488292214105362
-16,0.3494851968620949,0.7559335683852363,0.20855943417493542,-1.0344978367624675,0.27333680741784205,0.22930757354050518,0.16911096965840544
-8,0.23599007802131874,0.435064694849252,0.00679028571439352,-0.5370809169313943,-0.2240800648499292,1.573033758324065,-0.12793802442759994
0,-0.4071489325561715,-0.4813034138074194,-0.7442391042618578,-1.17461529643895,-0.9919237098783229,1.1835073712683506,-0.9868578874240479
8,0.4335557126151377,0.4518787156972855,0.33186276809318915,-0.2764624292385512,0.3532037092105031,1.0251745867492994,0.2727978765825565
16,2.2831059203721247,2.721781194563187,2.9968964539832994,2.0705046410026156,3.508648470929868,2.621112240222229,2.9322269452502767
24,1.6693914875955482,1.9595423922313215,2.241663434844473,1.6669663800550418,2.855701220439632,1.9583567999413338,1.8014791198914246
32,0.04122687275315257,-0.00490409130608255,-0.8395190346282686,-0.020047571159836058,-0.4566750654541156,-0.15881779550255604,-1.3231396962133781
40,0.9660019088990948,1.1356518311250918,-0.8451236664507861,1.2662305524970734,-0.6023972224279159,1.217135585306131,-1.016282490060232
48,3.003309495833925,3.901570022459306,1.3841446867934846,3.180234751929678,0.9893368586272624,4.291312141840367,1.260625844848833
56,2.964076635222982,4.561523281917752,2.8539766814811522,2.133557456622961,1.9169143084451128,3.907390304123975,2.70944019554656
64,-0.3721194769883208,2.4583604604225804,3.3429865252628943,-1.6075781821486737,2.429744099409384,-0.16722469635035683,3.16342070206664
72,-4.8222494317911915,-1.8110178994491015,1.1893814327578816,-5.815304815456584,0.5647810433977507,-4.827530844205095,1.297056318128303
80,-7.0150872802979825,-6.025750486485558,-2.362595610291623,-7.8245888948324795,-2.978788955662497,-6.843820778420015,-1.6762356843449109
88,-7.50549835055812,-8.204576656320755,-3.49754683121101,-8.292581176806443,-3.925982784008046,-6.622435203266405,-2.5169403281615703
96,-9.088825383710603,-9.155974071684183,-3.4681221924508012,-9.597074443632165,-3.7088008533697234,-7.4449245752224,-2.8139893220970587
104,-10.87532266009984,-9.681414408312577,-4.03980135862088,-11.066906401894773,-4.3701551201541315,-9.709222408719274,-3.946138161555129
112,-10.449365693198777,-8.561876097961783,-3.14865440977759,-10.282248816996375,-3.6387420349523567,-10.61297985355615,-3.7289561478315445
120,-8.053357548774354,-5.825382548398114,-0.8142979124440826,-7.631226890304337,-1.2623503465717765,-8.558858191286213,-1.6215898457338571
128,-4.747987156251928,-2.253788976304135,1.5200586879934181,-4.0302086732789535,0.7020961426852651,-4.101722407683719,0.8963205077292482
136,-0.820495357255002,1.5153700845329077,3.3640041621785435,-0.6996171326834565,1.8398497437113188,0.7295268832618356,3.1690253024311508
144,2.085540346286051,4.369562297057948,4.194900610785939,1.211584767319476,2.188742154006497,3.559899088397633,4.1932838509943275
152,3.549767530036231,6.111222128878062,4.306994532047544,2.825737645541316,2.716985002744772,4.226858067079486,4.022340534658698
160,4.674910665021539,7.533414121129623,5.244380141402181,4.561792637675237,4.538511596979006,4.296916841696469,4.221307340039702
168,4.616061284848674,7.63149637365374,5.89872866337533,4.204493168941188,5.782754487293632,4.236666350642098,4.5057457282548725
176,3.495121701810835,6.483934497343498,4.903894858633074,2.48385101828866,5.023317966028387,4.466458901600867,3.814966694770992
184,3.5301511176422564,6.392858105829595,3.8992527546744604,2.9910761012689218,4.097141690911158,5.412251644652759,3.0247043343065494
192,5.015395969916612,7.232161608661393,3.7507282806605255,5.109651850642117,3.8687502824424196,6.367852599169732,2.9238198824464208
200,5.564656259898725,7.099050024294218,3.5041216283272463,5.347851476145049,3.332100470843431,5.911069752580452,3.0205008731207
208,4.180295989079446,5.529734699615653,2.57654414795449,3.4702777755797696,2.232178610515808,3.7364469790583725,2.4502229289135085
216,2.574550170350094,3.6283410351604766,0.9315654267705316,2.164383311475907,0.6768749262775771,2.52583240468139,0.9439604626020535
224,2.908029727574087,2.8114564124300867,-0.2706421689414756,2.678614274582015,-0.6388277041363271,4.078333648004175,0.009377128744921972
232,4.180296005485775,2.592873268107295,-0.9011706866862329,3.3862072906826675,-1.2959784745139584,6.154874014120372,-0.30028243328168963
240,4.191505425517747,1.2281293520340646,-2.2757227821644657,3.3707944102174294,-1.9307105184678157,5.32117528173705,-1.9438599985796252
248,3.820194183437048,0.3608024506174784,-3.147253310786909,3.7365009557533924,-2.2908123323886365,3.4772297885868086,-3.204916911548483
256,4.756178634045841,1.6863134144150478,-1.663409581736436,4.643060788523807,-0.9288708582844666,3.901785656196161,-2.1063962171915063
264,5.7706289053681115,3.2234017038204077,0.39211322227094936,5.364665599043461,1.1042332257713656,5.241308306492199,-0.4978480455990252
272,5.812664308643842,3.2346110823097503,0.7620233161419796,5.1194600249295465,1.6899241114030907,6.010553076550677,-0.16296736966665168
280,5.128891140986712,2.2369748793988165,-0.2972644834367454,3.687459816847926,0.6166245622593677,6.321613832845092,-0.6477737230622871
288,3.877642377168982,0.7167007286961262,-1.9058126320001596,2.6449860880888063,-1.3506242720339305,4.683640887478848,-1.624392264523335
296,3.186863338417015,0.1534286138906251,-1.9310338592450573,3.3497768226712825,-1.649074458882571,2.5384429491413782,-1.3763843622310457
304,4.411489821756264,2.56625088557844,1.2580390135586115,4.858841585853623,1.3606481568507207,3.6019343605732486,1.773455637468788
312,5.277415581134372,5.130399987304175,4.321006262797948,5.005964968101683,3.986448931405731,5.337989404334425,4.488931629439148
320,3.8229964736851962,4.391981088806006,3.698884818242703,3.285322702604852,2.9790045385536223,3.8891750524325612,3.6216046452383335
328,2.738487598281456,2.894125715251246,2.1155578329545537,2.6618001599620267,1.7795992329392498,3.1661690723298586,1.9415965550336702
336,4.0457833213753345,2.9445679691021738,2.296309313794023,4.466512763451585,2.6987696441864433,5.328181219811851,1.8897531716371563
344,4.419896851596946,1.9525364111087176,1.772269998941202,4.6892995661372066,2.480186496853318,4.893817145854998,1.304062276522874
352,2.602573624475575,-0.21367900595126757,-0.07167542301459894,2.1475692128106987,0.5815951644899588,2.025613204686791,-0.38855646410558975
360,2.157000211765809,-0.3804188328038932,-0.35471266392320183,1.5268489509334642,0.3027614576173271,2.151718879878382,-0.5258715007781243
368,3.842613011309132,1.2687634209108696,0.8993384121181247,3.241886462538671,1.254158859283728,4.780321946337229,0.9173380877495554
376,4.988773584678455,2.2075502758595316,1.4668140769143756,3.9775029640722934,1.4699397433112087,6.062396439326391,1.8084851464700955
384,5.006988948354353,2.005781103617338,1.0338511123338596,3.8710137292708002,1.1953094917542733,6.021762455491566,1.2087824062126586
392,5.367090734580087,1.6526851874328257,0.25760054734203397,5.146082399481011,0.5619787399041262,6.131054174105789,0.0416041239806639
400,6.029846163421708,1.4284972744677635,-0.3827361088671608,6.003601040213534,-0.33477292444901374,6.00354728808955,-0.36473647944438164
408,5.814065325903913,1.6610921910835874,-0.06747190342823822,4.812602917214374,-0.5953913308627952,5.354803376415021,0.4059094987294425
416,5.350276549367731,2.648920256433186,1.2384225837046916,3.931264182846493,0.36441314504673644,5.485112649461697,1.6459487881786437
424,6.517454889398173,4.407394017286095,2.7965284928667873,5.452939487478484,1.8370474235103316,8.179571116199858,2.9840702585059726
432,8.4020344997411,5.3265643887968634,4.0141490881028075,7.05027835192658,3.1835760033017158,10.593794565749153,3.942473635575339
440,7.260077364378043,3.25422750328318,3.229491419818109,5.508986473697141,2.9285622363868105,7.73539877418362,2.792109473532451
448,3.7459318743325407,0.024520536616919275,0.7241915373628048,2.507671047653351,1.0355756552057764,2.6519380315570924,0.15930273110031098
456,2.6081783840868384,0.09598047735506729,0.4593696411649851,1.898160168931479,0.8071841541692185,1.9135192232184748,-0.1111239317830631
464,3.845415363720709,2.5550415394502095,2.6942428381593992,3.447859033953801,2.6903626269891725,4.029292513162662,2.262465504279597
472,4.3386286957813205,3.6423527889399447,3.9931314481768214,3.813565436649342,3.8449303120803053,5.084376815130474,3.639819913486592
480,4.4311062988724546,3.6157305054511326,3.806775298337188,3.4520625113954635,3.8589420047499616,5.651852428751021,3.7421056770176113
488,4.424100422208497,3.2135934660148977,3.3752135031892063,3.5529471109125534,3.348914582453082,4.881206480680552,3.5137142420579215
496,2.973884894401876,1.3892644128032037,2.2949081113983154,2.2918901503803943,1.9827695913213372,1.9877814222952142,2.446019386147563
504,1.1509569218178177,0.07216042526234197,2.04830138546233,0.482974026852925,2.0149965219853803,0.51094359895844,1.9205790156528946
512,0.8384950850462861,0.5303444774081835,3.162234973981572,0.25178021028140035,3.6585741505003644,1.297002549864288,2.674410839169268
520,0.6577436216667628,0.5597691735152873,3.0949785993394685,0.47596814627552914,3.529666062088417,1.054599253656148,2.488054588332876
528,0.004796341825754599,-0.4392682013869655,1.8395263875813659,0.12987804534413072,2.0360141811775145,-0.39701748422253685,1.3587080577870347
536,0.2065653989226115,-0.14362036965920535,1.804497023377199,-0.07609458823442992,2.055630549470073,-0.5063089580964748,1.3040621469279263
544,0.6409295016281732,0.42525639954633065,1.9474168654180992,-0.3114918774310813,2.0121942038916307,0.1718595109086865,1.6501522735976952
552,0.12109381036880698,-0.15763208249811103,0.8979371897036852,-1.339953840971457,0.3854307039946948,0.02053251454972906,1.131717768779261
560,0.006197444729871638,-0.3299766022830664,0.7101799095658808,-1.6860439260985935,0.26352860814462675,-0.6001876342894039,0.8879133970610559
568,0.9491878528301351,0.925475672993117,2.1155577589002976,-0.37874825794333694,2.072444722039022,-0.3745985819951638,1.8224967349821404
576,1.4606166117836925,1.564411169402852,2.5527241369528455,0.4269270129391825,2.5264252345797713,1.196117886528083,2.136359826077669
584,1.1453524042375351,0.761538289464205,1.440191703266012,-0.2064037548657435,1.2877870909319706,2.3955231865733375,1.0350366861392293
592,0.7838492194927286,0.10578866217867194,0.697569318746724,-0.5889243799512853,0.7875678630917683,1.2815895250534581,0.17751799829495266
600,-0.18576335333860833,-0.21087678057585213,0.48038727597340014,-1.0709283956859863,0.7413290133808322,-1.516555677922827,-0.22882251150865554
608,-1.7999163026043674,-1.445311440911836,-0.5452723834712835,-2.4636956841540893,0.01271833056220731,-3.2357966942132306,-1.119969431753759
616,-2.3491766609210982,-2.356074717558671,-0.7596520235604246,-2.5141378791529534,0.2565226855730493,-2.721565676770566,-1.0989517800874644
624,-0.8863505748069455,-1.3234092529454986,0.9301641887023444,-0.30588719699164224,1.8706755583762844,-0.5791699823220762,0.6553184784885149
632,0.6997788103055661,0.1744461011925962,1.988050919393744,1.2662306274544295,2.6062921270403905,1.6809242120781143,1.8729390540068338
640,-0.19837397245491958,-0.624223161173265,1.0156358767477405,-0.12513568047969595,1.1841001365950339,0.8682432404857511,1.128915404175823
648,-2.251094427663129,-2.4219299418838705,-0.4051549694013851,-2.247914914669876,-0.3403775794511162,-2.6024658911873786,-0.08730391716901492
656,-3.373435082147081,-3.210791101457773,-0.8927636603074381,-3.0325725033311945,-0.9540919824253706,-4.596336957342234,-0.698215943950039
664,-3.453301947815715,-2.8941256547898124,-0.8409201605614526,-3.357644948381829,-1.1390469802924155,-3.922372143990603,-0.7430536303996297
672,-2.6336150473300672,-1.876873050773663,-0.12071655334061043,-2.933089101242758,-0.24649887751981797,-2.5548258723449426,-0.028454606083352645
680,-1.6948281633316675,-1.378055045498418,0.04602324536537696,-1.9999070525655653,0.12341114500625759,-1.728133112805799,0.007975916716139096
688,-2.521521053368857,-2.487785079511405,-1.608763773680289,-2.647249562259135,-1.3632348795604496,-2.0924384162096255,-1.4282279104434346
696,-2.9642922501857654,-2.8801139408972896,-2.079558281330703,-3.174091116334915,-1.782186063418994,-2.1989276749432882,-1.7490967370181834
704,-1.2044171359688158,-1.2589551766794511,-0.5116442293391824,-1.206842297243812,-0.24369651442154824,-0.7851426700866769,-0.33391062413988504
712,-0.020424728129108543,-0.6214208618941102,-0.38273618382451713,0.38489180112079596,-0.41744216179537413,-0.014496700642826045,-0.18818854588636055
720,-0.645348608181193,-1.4032761128944955,-1.2977029908949214,-0.6085408709150185,-1.9685422731643043,-0.7669273977744643,-0.8775663434092908
728,-0.2249962566963161,-0.42945999895289777,-0.4107596489377236,-1.0274918764111787,-1.29457733473323,-0.4320467088976479,0.18172154888776995
736,1.3359119719141845,1.6737028664931741,1.064676962671303,0.6847431271480976,0.2747379613471478,1.1624896625561962,1.4273655324734367
744,2.3727809562642364,2.1809279798778256,1.1193227478488992,2.0032482809606416,0.6292350699932614,2.9644000202000558,1.1765553584465618
752,2.861790823827628,2.1206774090495606,1.2132014797330366,2.34793713840525,1.1420648978341434,4.168008778270308,1.0784731154050025
760,2.9038261000671963,2.1767244283819074,1.6363561291424171,2.2932913149963907,2.0444211789581237,2.8130732247809993,1.4553890779626022
768,2.0182839191135926,1.754970984378571,1.3028765890773362,1.721612196991679,1.664703031213087,-0.37599974585857676,1.2606259027977922
776,1.3345108303272546,1.659691012469529,1.231416724350161,1.43997611242065,1.2835835079780458,-0.8706143248678646,1.5058312958400197
784,1.2294227005371123,1.8474484769903883,1.901178093825371,1.375522041272172,1.9085072495546935,0.995749905543358,2.1685868326021707
792,0.523230904442633,1.0529825311637513,1.7050136495859187,0.1298779941684245,1.993978935643371,0.9635229729225964,1.4567902246671027
800,-0.896158762640886,-0.7503289189985682,0.4271426948471962,-1.55713581315241,0.7623466662512609,-0.5105124028759956,0.05001118211849951
808,-1.959650224495877,-2.2005443575487362,-0.8185013810052554,-2.4594921617079066,-0.6066006967087262,-1.4310840896700556,-0.8397345495784377
816,-1.975063100897163,-1.993170525337386,-0.6461569900626624,-2.0475469159241695,-0.5561584300638724,-1.607632078317217,-0.3381142325311462
824,-1.1259514276913736,-0.7167006497211301,0.5700623687608538,-0.6407678465835788,0.49612351843874536,-1.45350282497432,1.0168214820111179
832,-0.8148906175119526,-0.5737808787241495,0.6485281947424177,-0.5973313444676842,0.39383779103175237,-1.4310839626338938,0.9131345945036311
840,-1.9666559851114005,-2.0702350861577443,-0.8969672033744165,-2.180658464769383,-1.0003307278281786,-2.077025371681097,-0.8019028730001576
848,-2.812965375895915,-2.8492881753007935,-1.83435280911665,-2.396439377696086,-1.4529100170513876,-3.0830686691549287,-1.7336838731097908
856,-1.9862725398942491,-1.6751039214287513,-0.9600200272731845,-0.9798520378878435,-0.45107038140227457,-2.8897065863580607,-0.8355310414313527
864,-0.742029640398103,-0.28654014291393737,-0.1235188785086517,-0.5749126565762059,0.27053437192100077,-1.5978238528540822,-0.12093210095292205
872,-0.14232693506055902,-0.12680628288482304,-0.8241060855273783,-0.884572202798555,-0.26751653430368305,-0.08035185633237352,-0.7906934163926095
880,0.36770052983256973,-0.40704115708275407,-1.8974057608041646,-0.22181672549053205,-1.4431018492361793,1.2157343118665012,-1.5753511232095994
888,1.0808982298345462,-0.2501096441971303,-1.6900318626664645,0.9313498094342156,-1.5523933944550705,1.4931669072555587,-1.146591809466076
896,1.152358168615976,0.26272022428328246,-0.2580316285454406,1.1975730027027984,-0.43005272582254345,0.26713937278996164,0.29381555534187154
904,0.37470634282793097,0.15763218946922822,0.3010368784708667,0.4913810720463176,-0.04472981334867264,-1.0919997616965542,0.803842987723376
912,-0.38613138008043607,-0.36780830896470357,0.07124432374917897,0.0500110550476028,-0.13020146060402066,-0.633815846370465,0.09765107753717733
920,0.028616319713706945,-0.053945219524858486,0.5462424337701824,0.2139485951139651,0.6208280390989626,1.061605186914416,0.2181521797583098
928,0.521829823363448,0.3425870529247887,0.991815917674386,0.28540836260729974,1.1224484723452093,1.0784191483083214,0.4507470369200051
936,0.3060489340678795,-0.1940627324842813,-0.12772242308079773,0.197134494040488,0.08978297446782788,-0.28632457118999555,-0.5384820547206693
944,0.1379079817336205,-0.6354326099539417,-0.9319964921696756,0.18172149827939724,-0.937277860580578,-0.6366181397794659,-1.2250575677150881
