-240,1.8369466918754238,0.9090786965059295,1.6318298541445493,0.22570393403935976,1.2091279375774902,0.7562704357664324,1.8643767751292335
-232,0.20099940171533842,-0.9198651342873881,0.5974889462844882,-1.1252718874842027,0.6633096072623462,-0.8223810016884651,1.1677798889764277
-224,-0.8212791507546618,-2.0039628481673053,-0.08553780983498062,-1.5745919440003937,0.3346124063977928,-1.6230150761587359,0.43047275979159066
-216,-0.9313474870458195,-2.020548515015571,-0.09760014692252886,-1.5760997251224358,0.33913575705252946,-1.7149899811624085,0.20732051621885805
-208,-0.9298397384795756,-1.7672405385390462,-0.3524158656485006,-1.5881620487665449,0.16875595592560377,-1.8341050035379407,-0.023370698399617536
-200,-0.9358708155107841,-1.53051825871311,-0.8077670142590303,-1.514280549621203,-0.22025265632490063,-2.058765088971144,-0.6475938798105938
-192,-0.41417711466725277,-0.8444758702169193,-0.8077670897366511,-0.9443377002974017,-0.5730744383942622,-1.701419915268852,-1.1798421545982063
-184,0.46486185867974766,-0.06344295503029673,-0.5227956288746468,0.03723069563208995,-0.6107691454212103,-0.7108048604658015,-1.0079546052289745
-176,1.07099161042293,0.20494284449039293,-0.6434184612027279,0.6961329912137625,-0.66806495439473,0.23608441044106115,-0.6370393542952859
-168,1.5580062716015703,0.5245933458271336,-0.6404029365354856,1.1002194474024518,-0.8324135795273016,1.0352107303522304,-0.48324523329809543
-160,2.296821165549566,1.3900622265556684,-0.10363125715741121,1.825464285822915,-0.5187941529542013,1.8825861707230074,-0.009800538887895869
-152,3.046190594892986,2.26759338816846,1.0015755066193366,2.6245905877555096,0.26826983521440156,2.458560194583441,0.7848023038706352
-144,3.0808696431422407,2.5691505068084575,1.8353808786670196,2.7180733202043985,0.9950224560526597,2.384678680536938,1.4014866015372365
-136,2.334515917118028,1.9946842193665817,1.753960422891189,1.956641633624217,1.3538753982434004,1.7257764706369418,1.4829070424119066
-128,1.3574708839909586,1.0613650218038553,1.2850391627118043,0.9976900437703494,1.2995950627548734,0.9311735135281962,1.128577429981884
-120,0.5206499304248632,0.2743009400170883,0.969912013487523,0.24379733924981306,1.0146236511314888,0.17426518343364125,0.757662210956116
-112,-0.16991579949382365,-0.08756758433994044,0.7950088749873301,-0.3593168923612627,0.8457516463517037,-0.27957821337126193,0.6551327729865554
-104,-0.6192358746364665,-0.18557354321323297,0.5914578865839786,-0.6910296854341909,0.7115587500736956,-0.43186456668984957,0.5827590842796705
-96,-0.9705499202872699,-0.6740961000260997,0.17078569762558254,-0.9971101568345242,0.17327936650892325,-0.713820460772634,0.13494678394227308
-88,-1.3957454482386245,-1.1897587084513546,-0.6072316224372207,-1.3469163423223443,-0.35444557511661956,-0.8962625113618015,-0.49078416628108984
-80,-1.6807168838334428,-1.1656341377745403,-1.0565516739323682,-1.3484241789998017,-0.6379092397934518,-0.9038014012610035,-0.7576622018484669
-72,-1.4259011242912467,-0.6846506237597467,-0.9148198615161569,-1.0227424606905138,-0.8912171727002763,-0.5298706036322691,-0.5164165273121868
-64,-0.8800827894409665,-0.11319987361870675,-0.7519790170197203,-0.39851930535657,-0.8957405913820536,-0.003653484268930167,-0.1289156829022547
-56,-0.4910741413952816,0.12503020822329058,-0.420266217306057,0.16086910316178632,-0.4072180378085694,0.2783023827650075,-0.04900301197375587
-48,-0.48051962203480153,0.02853194106507268,-0.1669582270621555,0.17594697463472544,-0.08907532860777245,0.3567072330509939,0.0294017681795917
-40,-0.37497463251112106,0.1250301839279194,0.024530528075868713,0.12920560452302143,-0.04685732826316446,0.5919218227815468,0.29326428993165893
-32,-0.09151093689818286,0.49443765163396713,0.49345183214889116,0.38251358423892867,0.23962193364308623,0.7502392377442738,0.4636440448973788
-24,-0.5875724205392162,0.212481800149067,0.5386853717379647,-0.13013344720305006,0.39643158254690175,0.0973681421283894,0.18922706095993916
-16,-1.7922929520080229,-0.9093106991508632,-0.378048228785196,-1.128287503664011,0.002899590001307486,-1.0892589676091107,-0.676241751903525
-8,-2.490397661556817,-2.056735385203092,-1.2857350740631586,-1.5791153396825535,-0.7238530277595375,-1.7496690954950744,-1.2959415871949
0,-2.4662731292666895,-2.3628158081746515,-1.7486252264371978,-1.539912914377591,-1.192774285023478,-1.5310401596552554,-1.3969632075993608
8,-2.277799957266769,-2.284411000648519,-2.007964333556717,-1.4238134312465238,-1.352599583796684,-1.3109034979248724,-1.3049883325599803
16,-1.8420498927862048,-1.7340692474404,-1.4907938944468626,-1.0544059635404759,-0.7509931814124853,-0.9942685356706279,-1.1104839766292165
24,-0.5423387970501262,-0.08605973243738275,-0.3765404291986719,0.2181649430714125,0.4235717595234063,0.5029624693319948,-0.4862608050983587
32,1.782666367724737,1.988653079977253,0.9653886514949462,2.342634724608832,1.5091772783348294,2.7978119297096367,0.759170011190517
40,3.278389570549329,3.76030095100378,2.7189431855000286,3.915254965175354,3.077274165169203,4.299566296866805,2.4855843761555825
48,3.4623394179715445,5.693282014170171,5.046963959651995,4.233397686199898,5.1097690253440655,4.8318145457393555,4.24366227992776
56,3.4442459926769176,6.483361584667028,5.705866179918018,3.8579591103645674,5.305781132594548,4.678020490501636,4.409518679055729
64,2.3315002798822313,3.5899212499737847,2.9993912814540113,2.748228996418989,2.448527613343254,3.03905761671754,2.3438525297258512
72,-0.5544011430459778,-1.2485623748343813,-0.7172999595382241,0.3010931977858907,-1.0827060039637983,-0.10015172632193077,-0.20882829876124506
80,-3.4222090943563863,-4.553628116677886,-2.834230722410972,-2.5576680778061673,-3.1830511271990956,-2.8201968153957337,-1.764862932084147
88,-5.401931419115153,-6.467007902323157,-4.002764510838035,-4.899258985554796,-4.431497522900783,-4.909987466727511,-2.717783329260837
96,-6.531262781103472,-7.617448208118516,-4.976793903004017,-6.257773706047831,-5.7221618826659935,-6.105661352928167,-3.216860359920855
104,-6.247799124849033,-7.293274389006775,-5.207485111143726,-5.999942333889149,-6.126248370438664,-5.653325666464792,-3.103776416358192
112,-5.11695996926705,-5.643757025016641,-4.477716913322193,-4.78014389191284,-5.3029974817943115,-4.5375643919119275,-2.5745437229270225
120,-4.106743746595987,-3.8917102614436363,-3.0000871826013085,-3.8317468484682995,-3.653480217901112,-3.756531522076665,-1.6939969647326896
128,-3.07391072724351,-2.1064922942353226,-1.113847567129843,-3.0522217317344156,-1.5305182678581384,-2.6860038439640443,-0.48626083716824925
136,-2.148130385080558,-0.5263330944468038,0.24165160018938228,-2.3842727346813,0.13860029104885238,-1.7104666240289064,0.4621362312195393
144,-2.0048907714581303,-0.09510644297909608,0.8523047464809396,-2.052559976755676,0.8427360839456517,-1.594367172805761,0.7908335158221398
152,-2.472304279831889,-0.5399032324166295,0.7362052688568234,-2.167151684757559,0.8457516876538359,-1.9803602482413374,0.6702106316639328
160,-2.745213370402671,-1.3541073416823826,0.0577017922876372,-2.468708746546387,0.4371417944808567,-2.2789017860108,0.35960683811543176
168,-2.9759045851831156,-1.9496825607836141,-0.3931260743430725,-2.622502867867516,-0.03781064201682112,-2.295487390177007,0.33849786483000527
176,-2.9683656964176977,-1.9240502498009824,-0.2755187998859082,-2.509419022134215,-0.031779484001041296,-2.0647962443954175,0.5827591030680912
184,-2.6879175719571453,-1.700898030361652,-0.01768747615599911,-2.0435133177201483,0.10995237360456118,-1.7074510603271005,0.5345099511864688
192,-2.29287778857136,-1.6526488692477888,-0.20163727693110206,-1.5263428599838427,-0.04082619357094126,-1.3093957062748374,0.5164165513209972
200,-1.519383780776608,-1.2410234144786025,-0.24083971778510213,-0.9805245418163847,-0.010670508448047004,-0.6429545327796783,0.6898118249611012
208,-0.27696858682236725,0.09035113875607796,0.5205919295985462,0.2633985506875261,0.6075215607844169,0.5602583013051329,1.2009511599909004
216,1.0921006420172474,1.5287784559957465,1.551917212694435,1.83601874946601,1.2875327909408898,1.767994476326533,1.769386325374146
224,2.0103419400863722,2.499792302762436,2.1293990157332807,2.746721241859888,1.6976504700949862,2.3439685110388995,1.9970618590251559
232,2.4521230573027726,3.190358079976112,2.4988064831153904,2.8703596638048383,1.780578670549801,2.55958183798752,2.0196786832413243
240,2.6481352722627354,3.363753430875499,2.6827563447908904,2.788939206409315,1.5709964891453352,2.4902237218907444,2.1689494547175623
248,2.453630867903198,3.066719654791781,2.8139336402761588,2.677363099038202,1.4232335245442325,2.265563687477821,2.4207495979179807
256,2.1158869950455856,2.5344714590451103,2.5319777455454973,2.4059616856052726,1.3719687890386,1.7529166011283028,2.301634523064446
264,1.7163238828708993,1.9584973316863934,1.9228323836153658,1.9898129049626279,0.9603433815644036,1.2387617104951554,1.721137093803704
272,1.2474025711853267,1.1638944437384715,1.4735123272611443,1.3610663479536673,0.557764631506043,0.9100644992645771,1.3064960753327124
280,0.6216715330127184,0.025516385785663006,1.0302234400985733,0.7941389965722006,0.13407691204951533,0.47431449244502805,1.0954061170174028
288,0.05625205394192077,-1.1505563353004562,0.12404435213318817,0.3674357587652257,-0.8565381152187804,0.10189146379064903,0.5661734977681008
296,-0.1970560077303729,-1.8803244821017098,-0.6464340281439167,-0.16782811049832985,-1.7627172133882214,-0.05793374670937302,0.29175645940902817
304,-0.14277570463567496,-1.684312377604702,-0.43534405768092066,-0.09394664374681606,-1.5727362468228194,0.04308784810396353,0.5405410933292729
312,0.1829059723714819,-1.0510424309064414,0.22657378070853804,0.41116150670426344,-0.8263824187580459,0.383847401767072,0.8481293116761587
320,0.11957897525592194,-1.0842137524552862,0.3004552487558046,0.12468227395245875,-0.7525009074650184,0.23608441562407417,0.777263428224718
328,-0.6584382858501135,-1.6285242935499307,-0.1760049674061926,-0.9096585840211071,-1.1957898537463272,-0.3851231764939719,0.41841046481601935
336,-1.1876711046454007,-1.7838262257954236,-0.42780516551415004,-1.4343679306847996,-1.4355277656250478,-0.6278766632503686,0.4033326228214646
344,-1.266075820496998,-1.7506549423093272,-0.49263991994228823,-1.2278013252917943,-1.1716653038015639,-0.37306089739137704,0.25255403880117117
352,-1.0640326342716764,-1.8004118111732108,-0.4051883660792609,-0.891565126656589,-0.9289118387490314,-0.0926128168244624,0.14097795912678204
360,-0.5860646245160135,-1.3118894121182894,0.04865511300596707,-0.43922948019959074,-0.6258469425503129,0.19989758706262262,0.6053758401448609
368,-0.055324150610677914,-0.4328504617709079,0.6623237611271163,-0.01855737319758058,-0.3122275903210494,0.5753361998269192,1.0878672436390533
376,0.027604016478493885,-0.025748344698926628,1.009114397814292,0.02516841490980384,-0.11470766777303501,0.7638093240459422,1.3773619994384092
384,-0.3433111390553691,-0.02876391083026935,1.3182104476556236,-0.2432174336875362,0.33913577065793743,0.6492176461703201,1.7135982000172438
392,-0.4714728993454006,-0.10867650482342518,1.7630071844531838,-0.3140832857169643,0.7748857690550904,0.6085074182014198,2.1599027057891607
400,-0.2694296894725849,-0.3725389394360937,1.6469076971109196,-0.22813952123640427,0.6346617173528089,0.7894417339917205,1.7769251947032674
408,-0.33577224283937035,-0.8595536414309587,0.9337251776374609,-0.31559108643727174,-0.037810634080333,0.9040333704032422,1.0727893600184282
416,-0.36894348680499567,-1.0857215390842796,0.5613021143216854,-0.5372355448387339,-0.33182879009698363,0.793965076548001,1.0727893930601342
424,0.07585319087382772,-0.6183079770987348,1.0649025173403053,-0.11807117474119008,-0.02122496237299301,1.1498023941365365,1.7045514912571895
432,0.6081014531898156,0.15066257314164733,1.4493877862246833,0.5302765404176348,0.14010804722764617,1.8328292782116287,2.1644260464018106
440,1.2368480150578511,0.792979132228322,1.6303220237838878,0.9690421477059851,0.2923943882365788,2.172080982401717,2.4629675440029253
448,1.601732064729998,1.160878821889742,2.0419474759615683,1.1635464424124127,0.7055276037196944,2.2655636672316777,2.725322250619431
456,1.4162745260786145,1.2166669420636318,2.1610625467658733,1.1529919057212341,0.8578139163840267,2.1223240207295144,2.7811103447162884
464,0.9141819095270192,0.7703624246299369,1.924340243616381,0.5830490296725247,0.7824246903763062,1.5116709440846903,2.7072288483244216
472,0.2628186037795101,0.32405792193543365,2.0871810903803865,-0.21306160538391922,1.2603926468441211,0.7999961884025746,2.7192910989204475
480,-0.4202082085432514,0.1597092972887701,2.5953047541608676,-0.7830045664664295,1.8378744845443646,0.19386649545419163,2.704213254496355
488,-1.1756087617269628,-0.14335561332520222,2.617921516990732,-1.3454085927842856,1.8831080534498525,-0.4635280492936688,2.4780453992789497
496,-1.7365049680501825,-0.9500208526139573,2.0525019752378744,-1.838454435626201,1.456404837994621,-0.967128408256681,2.0166631104692456
504,-1.8465732996442348,-1.470206846679283,1.4689890237394283,-1.7389405769074844,1.0266859009176692,-0.8118264905884113,1.2688014684026954
512,-1.2540136100693189,-1.0781826627904854,1.0241922963360781,-1.1403497540980685,0.7477456387256995,-0.28108603368983626,0.7832945820292998
520,-0.6116969274001877,-0.38610908226499396,0.8115944859562412,-0.6397649400484404,0.48388312296649083,0.2813179804803334,0.9114563334110286
528,-0.2045949319670331,0.11296788830447167,0.8598436650486794,-0.513111030527182,0.21700507913868752,0.8135662089447714,1.1180229151565393
536,0.2763886351736388,0.6376772723830372,1.1161672060368553,-0.11505562075753266,-0.03479507232215682,1.3337522324884814,1.47687591209285
544,0.8237147835397899,1.1880189883382528,1.2925781044411322,0.47750406493012304,-0.28357966170088716,1.808704638373991,1.8251743575987909
552,1.13733417415574,1.385538894689353,1.431294341817698,0.8438959323293393,-0.4298348573276332,1.9594832474995016,1.8990557882311851
560,1.108686247317239,1.460928129443408,1.5458860639108958,0.9615031986880467,-0.21874489787853896,1.8675083274326991,2.006108640671324
568,0.6714284613192774,1.308641788920382,1.6800789642381324,0.6901017891423756,-0.004639378452929224,1.169403655298777,2.277509971176053
576,-0.047785148304890064,0.9392343790373182,1.8549820948018374,0.05381636167050992,0.27882431132912,0.23759217795769533,2.2714788361598917
584,-0.4443328109660178,0.7718701523021619,1.9650504492335388,-0.28995876881390564,0.8924930059354136,-0.3911543395307948,1.7543084121131671
592,-0.7926312503171304,0.47634421645922326,1.8037173788944707,-0.3864570042261711,1.2347602999043399,-0.7756396497173054,1.203966700531119
600,-1.4228855466600945,-0.4434049142381315,1.4086775485376355,-0.7694345177416022,0.8879696818436168,-1.339551401115879,0.8481293361335
608,-1.6596079213999488,-1.0435035003529842,1.29860922876733,-1.055913798922181,0.6964809153677526,-1.3395514171508245,0.8737617049391156
616,-0.8846061400957036,-0.38007793542508495,1.6770634099305373,-0.5613601624865995,1.0477949274909433,-0.5163005140912176,1.3351440446071303
624,-0.14880683722229895,0.28183989535182424,1.9379103002776967,-0.04418973682018433,1.0553338379602264,0.24513111596173254,1.5582963204117224
632,0.029111855747458462,0.2501763779246389,1.6680166705583148,0.12317449736555282,0.5245933753927318,0.606999652304478,1.2733248240784756
640,0.6337338675087613,0.4009549546563207,1.4885902027833122,0.377990238443266,0.17931049488435016,1.4121571231047847,1.2868949145913424
648,1.7389406330671695,1.338797484409301,1.7162658200103997,1.1077583617589943,0.24866863041742376,2.609338755442148,1.6246388261595794
656,2.5018800661079963,2.0173009964497304,1.8610132251208937,1.6852402512893625,0.35873697885626754,3.1853128165554834,1.7347071894995845
664,2.5561603047389743,1.9313572653348137,1.5669950853011572,1.6777012541665877,0.1597092680595691,3.0405653468193017,1.5507573467744733
672,2.3631638105908865,1.6750336501647702,1.2880547029280844,1.5043060074133618,0.11146015019146688,2.6289400523995674,1.4859225868393846
680,2.3073757237826404,1.557426412312633,1.2639301769547542,1.4696269023129374,0.2878710424409163,2.3123050179070854,1.6849502882418732
688,2.019388742140653,1.4850527326760197,1.2443290022840374,1.1454530396314968,0.2290674134727604,2.0484425646679654,1.7151060033290588
696,1.4238133694926727,1.150324369584488,1.1191827290844067,0.44131722632658504,-0.09058310098348073,1.5222254376920765,1.4964770678131776
704,0.7076153373376879,0.5984749152670843,1.0618869128222754,-0.3819336953594734,-0.24890057279737704,0.8331674615226465,1.4376734556898132
712,0.6035781232671295,0.963358974333442,1.5564405262582377,-0.603578161049547,0.10844456025065974,0.7638092762650458,1.9126258779342047
720,1.0649604898220213,1.9479428461774642,2.2892242903730837,-0.23567849616940564,0.7914714052911876,1.1498024080658844,2.2232296797431332
728,0.9518765394566543,1.7157439168442956,2.290732079269644,-0.1376723999462799,0.9904990449834322,0.9733914941125691,1.823666545378673
736,0.6593661665056758,1.0508105045489746,2.0675798173943987,-0.30805214082068444,0.8261504702232648,0.8045195620569298,1.5025082023434317
744,1.1282874712265751,1.6298000569639104,2.4957908751960076,0.13523679153127785,1.203096799483915,1.558412277105461,2.0920523593146174
752,2.0148653360924693,2.7093745288703857,3.136599719406021,0.9961822487189617,1.7655007972952017,2.3560307988878275,2.5760514665096004
760,2.040497672504256,2.493761163697046,3.1185063148434438,1.100219507331035,1.8182732880078134,2.1615264776184597,2.438842987579396
768,1.3122373099024578,1.5981366401195631,2.6465694668288515,0.58154123769855,1.5378252056592385,1.3759701931506494,2.1538715354637255
776,0.6473038733117654,1.3885545037425189,2.5485634070487815,0.15483799503250262,1.563457552113113,0.6477098025281888,1.8719156588736088
784,0.4000270119291983,1.2513460125026599,2.3887381307892865,-0.02609629484273509,1.4443425153223275,0.35369161800496957,1.5628196433697357
792,0.22210836350095517,0.3828614423842633,1.5142225800113231,-0.40455045478798474,0.5668113597023942,0.2451311156377941,1.089375004352983
800,-0.055324123723799974,-0.4464204487854914,0.7648531773928117,-0.7830046174867099,-0.28207191248676666,0.2677479605860138,0.7787711960652901
808,0.0456974731951354,-0.34539892507660797,0.8161179023704505,-0.6699207213810056,-0.14335559315381452,0.5074857918041008,0.7154441576475984
816,0.5432666772197821,0.1657404010448871,1.107120481403825,-0.2839275435809311,0.21851288309837855,0.8934788588172814,0.6702106501284152
824,1.0212347705515235,0.5245933646155541,1.3800296463184434,0.14277566118433732,0.45674301903806996,1.5071475809583297,0.9446276240237681
832,1.9153514742963385,1.2980873383967875,1.9605270216434594,0.8589738251822048,0.9980379948112177,2.460068010528849,1.5025082146530868
840,3.1803834731924194,2.2087897174122646,2.533485574934345,1.6324677727244368,1.4262490903516378,3.4793309852057273,1.995554087459293
848,3.7623887425319706,2.5028079058227437,2.589273668383326,1.927993709539191,1.3734766091952058,3.83215277083841,2.114669139961086
856,3.563360974074257,2.1997429931031727,2.3751680601986247,1.926485913677957,1.086997379358845,3.884925268515695,2.009124135374276
864,3.397504641191666,2.0730890351531404,2.3178721874092627,2.05766323475435,1.0236703308990662,3.9497600556615993,2.0618966461710615
872,3.301006314752741,2.0881669485760876,2.3043021650854056,1.9596571752982188,1.0070847215498464,3.627094000989078,1.9789684781100738
880,2.854701788734682,1.9539739998200778,2.1007510825779816,1.5600940184200487,1.0161314008315165,2.99080848346237,1.452751326028968
888,1.8882113878605855,1.3222118969259158,1.7253124835810638,0.937378629468954,1.00105356482982,1.9202808021103654,0.876777247584932
896,0.8870418203377904,0.41603278498909796,1.2548834349910256,0.020645092761635887,0.7552845644200821,0.8844321918452667,0.4907841676142205
904,0.41359718488435876,-0.1478789847119892,0.5552710176922107,-0.5628678768773546,0.27128539940211466,0.5074857976349899,-0.029401808958438237
912,0.4980331470249189,-0.27302510063958224,0.193402511475726,-0.6729362913996085,0.016469669338302947,0.5542270653821951,-0.30231095216919157
920,0.7377710477277681,-0.1810502613953824,0.11198203691147447,-0.6940452394178486,-0.06344295688671227,0.784918306239672,-0.3204044202236729
928,1.1689976757099492,0.022500787746397875,0.01849929765988153,-0.38796478826365743,-0.16898795807217068,1.1166311078969653,-0.44555058749548376
936,2.0103419721562625,0.46729757491636226,0.2491905441862782,0.38552919458784773,-0.18858915169327745,1.6247548099021645,-0.32492775500543364
944,2.8094682805676228,0.9859756940795128,0.7784232777857961,1.4409789887559055,0.07828886281811073,2.2158067188409456,-0.04900307497975231
