-240,-0.9077882071731365,-1.52919037763283,-3.3021462198962785,-0.9659852389737,-3.0751224415793463,-0.4714022142619921,-2.389084086737783
-232,0.5782297439906153,0.7827473118058041,-0.6474039079102653,0.3988552210896971,-0.7759402608787141,1.0353433483804781,0.08070322488468343
-224,1.3419664544568022,2.1459933873578887,1.7155559392864996,1.4862632120372337,1.478597589054538,1.8692353915037787,1.944603300583405
-216,0.3151471563059072,1.4284954279674347,1.634239391625507,1.2470971821263022,1.6492026566036189,0.9061937422074126,1.6289041858729694
-208,-0.5857113355245344,0.7811528008915388,0.9964634986128249,0.5535159260956829,1.2745093142796582,0.043601720583164666,1.1441944912339501
-200,-0.7403719841801519,0.7030253605266578,1.1016966122689233,-0.3377759510521126,1.3143703750442555,-0.01220359584723396,1.2127554494851354
-192,-1.354231332093609,0.04292719730832356,0.817886346649745,-1.2960342796474933,0.9014104057949897,-0.5798241611698577,0.9018397325506575
-184,-1.8134299895596862,-0.6267375185901248,0.4065207999354438,-1.2848731758028507,0.646300032695345,-1.1442559240707033,0.7695012413999556
-176,-1.0592598946325347,-0.6187653185636675,0.5930703668785137,-0.5243253746357355,0.9253269767571508,-0.6930294212424887,0.9369173970807977
-168,-0.5777391553662931,-0.7415371297749135,-0.18661081763256163,-0.514758760124366,0.24450117534077578,-0.3884913833148177,-0.4358952513621714
-160,-1.0560710766244839,-1.0604251133628804,-1.6439287233257815,-1.045707248144715,-1.1155558874604987,-1.035833906767697,-2.2583399833526685
-152,-0.4661283183424584,-0.33017166887074806,-1.6455231909067844,-0.2548650639258475,-1.1442558284516267,-0.9162509849873084,-1.987285237947099
-144,1.0406172763289447,0.73491408612668,-0.44809888857956176,0.8708094753305223,-0.40124692472075063,0.6144112323721247,-0.44546198080088784
-136,1.2877554470042443,0.6233033230948193,-0.5134709633946105,0.7894929602122962,-0.9242231471152776,1.2266761046545263,-0.46618967397907585
-128,1.1633891495427229,0.7014309253171416,-0.4640433198050207,0.7863041332978046,-0.98481190054423,0.973160233905261,-0.5841782687974648
-120,2.4277799416837382,2.4903923387513234,1.8813776400608893,2.1112836141247966,1.4243867407189759,1.7273302522712741,1.6974651285378834
-112,3.3924159751488605,3.475756143668549,3.7070112758695712,3.0870807486941176,3.3456867485843214,2.3794561286253493,3.4545378191124856
-104,2.5138797285175243,2.1284545347964103,2.397976105517248,2.0730171079502817,2.215228809496662,1.6906581487635086,2.091291793230937
-96,0.7823180136271646,-0.017661425264455122,0.29650449386536837,0.20752242405155272,0.3465453425305383,0.5554170056149877,-0.10265740741021237
-88,-0.47888387846377606,-1.374529772824307,-0.5884096451848088,-1.0090351328187865,-0.303986114542849,-0.38530248737540707,-0.8089942184238176
-80,-0.6829722080475247,-1.69660661364292,-1.455784856825145,-0.6853638509672161,-1.1299059023169897,-0.5606909282077317,-1.1597710262677712
-72,-0.13289042163696324,-1.47338507404826,-2.581459369019636,0.3239165732124862,-2.513879751719067,-0.05047017275944515,-2.0383073364431414
-64,0.2625306513750057,-1.124202763245076,-2.9912303873493444,0.518438261222987,-3.2776163085491454,0.019685262664296325,-2.6489778278110614
-56,0.29760837122784833,-0.963164266874103,-2.8875918498643203,0.01459524010420896,-3.3190717276195643,0.08186838313423352,-2.5580947098283513
-48,-0.01809075307413916,-1.1273916485652682,-2.4363653607383235,-0.323425987065102,-2.9124897061118387,-0.28166395622765855,-1.9378575881915112
-40,-1.359014680712862,-0.9535976638383405,-0.20096075370130456,-1.3550284896194142,-0.3406582100005623,-1.4806826631056849,-0.11062958294395632
-32,-1.3414758408259335,-0.24885525377870765,1.063430046832319,-1.4889615021323226,0.9237326134842754,-1.2000612841769196,0.8508175681126945
-24,-0.8471994775517864,0.39051510852775567,2.1061935958532394,-0.8846687707855676,2.0876736679928785,-0.5925796529513664,1.8887979295154147
-16,-0.3449509671759961,0.4351593861990433,2.095032605908277,-0.240515086065342,2.207256598508431,-0.09192556202754223,1.8840146858894011
-8,-0.30987324064332333,-0.14999997396446973,0.5803147380748328,-0.09063779150986459,0.5107726079241349,0.10100161164313916,0.7105068574098756
0,-0.8806827046458008,-1.0301307491516771,-1.4573793131018198,-0.45098116573615005,-1.5301103087044932,-0.9162510166736857,-0.8424774295890046
8,-1.0209934307636148,-1.3952575478732436,-2.546381647454017,-0.3903923850740408,-2.067436552121511,-1.3419663881262136,-1.6508584732204599
16,-0.14564591598763718,-1.0109975838442486,-2.380560007654493,0.3829108768733175,-1.5492435945914333,-0.13975876526928538,-1.575919755975775
24,0.9608952798324808,-0.3939493117305581,-2.109505148520521,1.084464380203044,-1.1474447798850151,1.1884096072151744,-1.5488143171637498
32,2.3193579833002667,1.0522076291955225,-1.299529720549032,2.160711226028009,-0.4028413445152719,2.575572212108936,-1.1980375163421813
40,3.9504699197941164,3.290801124464454,0.5691536969178341,3.9130005518832527,1.2505927362951106,4.069562322192494,0.46336877477132155
48,4.27254678990122,4.485036570588697,1.7267170537503609,4.2478329704647875,2.087673570707138,4.177984257967308,1.9063367560426814
56,2.1551306910160686,2.6067863928531247,1.0825632534176768,1.7286180185070086,1.0799876956366306,2.2184177041910162,1.3785771810895144
64,-1.5838306452403754,-0.9185200227732477,-0.13718309251477906,-1.9975878494329726,-0.08235894421578295,-1.0485894761380106,0.10780862687200035
72,-4.82532681014873,-3.6418232383728544,-1.4844848197398197,-4.6459523781040515,-1.3212386159428873,-4.339513259800685,-0.9237939173027968
80,-6.8534542699365035,-5.6763283259553985,-3.5716064533599177,-6.581602277848488,-3.260077524670029,-7.137755189048149,-2.312550997998892
88,-8.291639020598957,-7.082624440596074,-4.564942464127042,-8.029353640453147,-3.937714431345938,-8.705089455962868,-3.181520692806503
96,-9.09045329162971,-8.324692962702718,-4.894991536315934,-8.979639729970751,-3.9297422773931845,-8.64450084674975,-4.001062677740049
104,-9.103208894570459,-9.43123412563752,-6.248670949227609,-9.357522043596319,-5.535343172774706,-8.384607035623887,-5.8282908143576115
112,-7.665024155041057,-8.187571114882711,-6.081254793889322,-8.28127517687547,-5.631009514857772,-7.49969298803601,-5.5652083020350975
120,-5.370625122907308,-4.808953126475782,-3.3898404171043124,-5.966148547136499,-3.2345664215551655,-5.548098668884273,-3.0826654078539337
128,-3.8511241095899797,-2.5591985744635797,-1.7411896246234269,-4.378086457043808,-2.1933972842787126,-3.515187843178194,-1.8230579660449482
136,-2.475122580108761,-0.7574815397619358,-0.5613041584150228,-2.955846166381469,-1.4392272266901032,-1.7294152626532249,-0.7515943996430394
144,0.3183360505325407,2.503147909320581,2.0200939340521864,-0.07309901294035778,1.5631029302308674,0.8535772228891826,1.813859303904306
152,3.3796604784002984,5.296606412531264,3.941393917767375,2.8192148728511897,3.80966865430091,3.7761853899935205,3.6267373268381355
160,4.208769208701388,5.515044739501178,4.025899192830508,3.5526571935857953,3.694868985052977,4.648344030411081,3.7750202363684684
168,2.226880503243624,3.706949947176256,2.9193579699485093,1.793990041767466,2.640944260422051,2.4862835959627714,2.8773506072495594
176,0.3135526753652423,2.012060351379934,0.9868969363411585,0.16606699727363647,1.1740596814692066,-0.007420312484790416,1.26218303655308
184,0.524018747671108,1.841455339324833,-0.04630010059246632,0.4450939649717668,0.4645338960709981,-0.13816436482914515,0.07432542512708809
192,2.49315197282297,2.8682745228909368,0.9039860591490009,2.0714226049147904,1.4116311201366252,1.6077472266965893,0.6802125178626637
200,4.538818239269795,4.257031621571192,2.3788429285629356,3.944889404913896,2.507011238831425,3.452514105058952,2.1869582146155846
208,5.068172282146521,4.886835403450552,2.512775862801929,4.123466659814883,1.800674463101027,4.0297013054462685,2.499468328050814
216,4.374590980042196,4.813491145394262,1.992988471603836,2.9993865406955913,0.8886549128145373,3.4445419141102143,2.135936138556923
224,4.573895952271529,5.095707027015962,2.4824814112390907,2.9499589529425356,1.7368969164992945,3.309014582000246,2.226819153773004
232,5.513021013820518,5.633033223502884,3.276512545521127,3.9417004848243273,2.947076732531572,4.015351354647643,2.7641454030134627
240,5.973814099302448,5.958298986466402,3.515678476433539,4.39611583803208,3.0092598560845083,4.723282688564954,3.142027560605031
248,6.4043128561989375,6.776246571644917,4.158237762255125,4.480621211751175,3.3520644140601883,5.220747871902484,3.6283317577657073
256,6.522301385417963,7.4889611380551875,4.890085617977892,4.715003816995548,4.500061067830768,5.525285925416426,4.081152753866583
264,6.048752748207324,7.090351238985117,5.067068411635152,4.597015291715912,5.148998114358631,4.95447642835735,4.270891049753292
272,4.990044762822613,5.685649785983099,3.79311099864549,3.6547013386807325,4.037673571118204,3.5290472415843235,3.162755321609194
280,4.066864057650721,4.2426816526171285,1.5242231393366346,2.6996319370260293,1.7863245301152835,2.5564389541402632,1.4200326020439886
288,4.369807620975003,4.154987487438029,1.002841283297981,2.9627145039861333,1.2059484236831686,3.2484258215489072,1.56991002831203
296,5.17021638750503,4.9155353485523445,2.6004700355172465,3.987939321025085,2.950265611857044,4.31670046169525,2.9682336849820077
304,4.998016908725312,4.913940856992461,3.522056213674769,3.9656171787638868,3.9754903722030717,4.318294973979736,3.3014715669576202
312,3.7097095678882397,4.124693142581208,2.734402903643042,2.88458694013002,2.92953787192004,3.710813377866114,2.6381845828195143
320,2.6223016509326764,3.2668845865588922,1.7697669446837254,1.5994684251797715,1.4754087981083657,3.275531279715314,2.34002441059136
328,1.8027594757095877,2.8188469402762135,1.798466785991223,0.6013490858328858,1.5455640896588272,2.4432337235273995,2.7179066337822912
336,0.6420073320415564,1.9913327087286714,1.8494888918522074,-0.5912919019593487,2.2136343862765884,1.1533318823952785,2.673262334872567
344,-1.846913245599635,-0.1563777163440311,0.31404331885113523,-2.68319691485741,1.1278208678771078,-1.1139614882654156,0.8269009539885503
352,-3.380764376368806,-1.3809074985899297,-0.8307644540524719,-3.62232198616923,0.15361818187696338,-2.0754087198225926,-0.26529024050601474
360,-1.7640024115694617,0.2502044474954733,0.3586876511600143,-1.984832276465827,1.483380912667244,-0.3151471557459616,1.2988552147379289
368,-0.47410059681410954,1.2881847244582798,1.1447464626094705,-0.9643907919460221,2.2263899273860788,0.7276164667530992,2.1183973087753794
376,-1.3462591420012593,0.3044154117860491,0.3283932780423704,-2.088470922369644,1.0465044801895012,-0.3039860911239155,1.2015943405021619
384,-1.5806417934906154,0.3107931423474481,0.7955641274848521,-2.557236221066414,1.2601593985929622,-0.745645906990287,1.528454577212678
392,-1.1804373901861098,0.8640637450532829,1.745850373550287,-2.06614877308606,2.0749181068438958,-0.3326860038542199,2.1742026216089463
400,-1.6507972090461418,-0.02722811839229575,0.5245093527907925,-2.2526981838238544,0.9173548308544507,-0.5016966313980091,1.0006949286100928
408,-1.4642476503244026,-0.5103433731973014,-0.6697261527668154,-2.1251429977878646,-0.2768806524370542,-0.44110790879904554,0.08389206036306082
416,0.19237529765073458,0.9007358406822729,0.17851593535785445,-0.4015535457828846,0.5346892717188169,0.5586058638733009,0.9624283604330448
424,1.5619991618273634,2.3596483047336836,1.6246728560731645,0.9473425712630771,1.8437243797260505,1.8277799893898525,2.301757901847678
432,1.5364880432975059,2.3676204645098777,1.9148608491707428,0.8357317546212915,2.516577987110689,2.5883277432843195,2.537734946926066
440,0.5638797839429921,1.1765739225463778,0.8306418363759205,-0.1257154716262768,2.0254904194072116,1.795891116490994,1.1330334334630126
448,-0.8711160786588253,-0.5725265495037739,-0.7526369199986803,-1.3709729852452939,0.5617947206362278,-0.11584211414915384,-0.8536385551859174
456,-1.362203560894723,-1.4000408189036904,-1.5753679365235873,-1.887571446762266,-0.3167416097499123,-0.5543131373565773,-1.5153310282384782
464,-0.33857313967141095,-0.7654537488661118,-1.0300694399840213,-1.0600572561500978,0.35292304072044844,0.6941332763125161,-0.4167621129453445
472,1.278188793441555,0.4734259387898193,0.08125517536432325,0.5295992664116653,1.2282706089350734,2.03346269851786,0.9576450753578248
480,2.0132256033381566,1.249918159021676,0.5500204338108304,1.2933359518713068,1.030560074313144,2.4464225614036645,1.5970154897327127
488,1.3802329296300517,0.9453801714496523,0.14981607658002982,0.7002044000739445,0.17753477493394892,1.9489573725852476,1.4598936314647648
496,1.1474447388705902,0.9230580204532911,0.1019828080814772,0.20433362025955334,-0.010609112462567589,2.0653515090716295,1.6735485051647419
504,2.0371421761843704,1.5815616181197683,0.4798650650141198,0.6842599947114204,0.32900656601636435,3.2005926104283895,2.2874079034338473
512,2.5888183435094123,2.0232214773194013,1.0506745053802726,1.334791390296108,1.2410260226139438,3.412653160420645,2.3320522109074577
520,2.796095500178931,2.6322974488666158,1.956316323563864,1.7094847987332669,2.4926613693897117,3.058687511103593,2.2762468233968067
528,3.0735279960141146,3.3163121751683358,2.64192545801322,1.958217368135929,2.9885321502317694,3.347281066251214,2.2587079944716524
536,3.395604862866941,3.6208502016204003,2.6754086734603497,2.1575223379673734,2.937510017480185,4.044051289986606,1.8409647447716653
544,3.658687458601702,3.5411282482859208,2.4187038795385183,2.377555078223256,3.0586874448652277,4.260895147148906,1.3993049241095175
552,3.1867331963108234,2.7997136781968766,1.578434051901339,2.0714226427671663,2.3794561067479147,3.5481805111998814,0.9321340503456005
560,2.253985954901478,1.3790677879746782,0.009505356285658654,1.1131642665565806,0.5123670527252027,2.617027700204274,0.055192168357359704
568,1.5779434858329728,0.31398200745686916,-1.4143294966742594,0.11663935162871428,-1.4471994147271203,2.6568886165817585,-0.6096892843894155
576,2.236447112616662,0.803475034272481,-1.4812958677925976,0.3510219983222945,-2.198180580144429,3.8080741763971337,0.488879778887665
584,4.196013697908052,2.9990186458017107,0.4543540002654656,2.462060376408879,-0.5527186800061235,5.585874630545063,2.8901061517846043
592,5.425326727376797,4.606213953612814,2.3692762364627606,4.0660668271606095,1.7480579910554483,6.721115745090202,4.044480528922915
600,4.538818235672964,4.057726756561711,2.2863653179926753,3.1141863163069843,2.092456952211712,5.574713518307814,2.9953391546240207
608,2.9220562806364505,2.9161078610995195,1.7649835628365964,1.6839737228515608,1.483380934076958,3.5497749549732824,1.9972198060281392
616,2.643029302490379,3.06757955284086,2.3979762204445954,1.5245297257479686,2.2040676969168573,3.0172319837856567,2.1582582575243507
624,3.2361609575682033,3.901471593908827,3.4343620450701158,2.0156172377861887,3.565719357127641,3.511508402553784,2.4835240179187004
632,3.40038830243466,3.925388168639097,3.4279842341794677,2.1686834269108544,3.8001019705933454,3.5051306216367375,2.0322974710721127
640,3.0272892697736493,2.9751020943652104,2.0822770834680573,1.9263285791631506,2.8928657494004493,2.9406989226224787,0.6754292499152142
648,2.987428258679589,2.1045379415681467,0.7812142388600362,1.9135730842986431,1.660363829815735,2.9805599251526527,-0.3386345011314695
656,3.765514894252745,2.3245706074894996,0.711058770208418,2.5019213797954416,1.3414758119722254,3.7969130764918777,0.22420268183019068
664,5.087305584476122,3.5841780095620557,1.7745502295876692,3.5478738583262044,1.9473629307420146,5.141025876604961,2.0370808599416295
672,5.753781346714571,4.255437274740976,2.343765249816745,4.086794578059387,2.0988347672130243,5.987673430864151,3.0495501411806996
680,5.334443688181836,3.993949111475289,2.045605006165782,3.4139409269989316,1.5854251029794983,5.899979266027607,3.030416828060603
688,5.039472348520337,4.095993233619013,2.2257766549983558,3.1269417835957807,1.9090963373871421,5.72618526057608,3.4130824265901123
696,5.211671896667526,4.233115085549685,2.5303147097112433,3.2576858421061328,2.3284340115061495,5.627330033857933,3.4561322344537855
704,5.098466622550122,3.6910055351339013,1.962694017471832,2.9993865794043533,1.6157194367032683,5.097975997318483,2.2268192051563194
712,5.203699655876973,3.6511445802189315,1.803250104465598,2.8622647283300693,1.4754088203744695,5.31800867796972,1.9270644966647956
720,5.538532030953968,4.354292562605268,2.758319593471936,2.9053146201198237,2.5229556572110554,5.904762559495439,2.8406784773650258
728,4.9438059577944,4.075265503102283,3.016618890771815,2.6151265900262595,2.878515827376478,4.906643246525322,2.5217905456742065
736,4.132236102320893,2.9495910426336605,2.2337488988719074,2.3727716720546908,2.382645088840017,3.6215247206133,1.486999080896008
744,3.9919254030936804,2.176287748999927,1.4333401600888718,2.127227965363562,1.6858748729833977,3.803290847646094,1.1553555712709904
752,4.227902456564674,1.8621831020417736,0.6281480053744413,1.7461568333873914,0.9221381573788794,4.485711136169133,0.9082175016495426
760,4.594623639454997,2.0088715296037742,0.24548228283986684,1.7892067960861184,0.47888381809496844,4.997526369132529,0.9050285908089711
768,5.259505027972629,2.6753473826194107,0.8099140741728131,2.554537875477347,0.8519827920077232,5.834607331489008,1.8840146667062974
776,6.032808360143852,3.5586670051031573,1.2356295441100282,3.171586072913953,1.0783932679633355,6.713143497448541,2.6876122649465906
784,6.294296507309435,3.702166650111595,0.9119581745642674,3.278413624862566,0.8360383892143646,6.67647144378259,2.496279543099363
792,5.680437143295871,3.262101162577444,0.739758745626367,3.1699916919994733,0.7610996717984019,5.729374222286129,2.0291085679390384
800,5.522587583114572,3.6447668051253252,1.581622936022587,3.4059688031910587,1.7018191846570128,5.34351968225734,2.025919754041653
808,6.5733234647309,5.0781682049419175,3.06126317392399,4.710220468376296,3.2404535857715184,5.907951492773391,2.7035567023380467
816,7.10586637323088,5.755805088495333,3.375367775664826,5.287407733849147,3.7761853927800755,6.116823069066152,3.154783108394352
824,6.09818039282458,4.478658796865312,2.4920480812444397,4.050122478833565,2.982154401343654,5.533258130067383,2.532951637871965
832,5.135138763053874,3.168029276771054,1.6374283581313356,3.012142150658722,2.2088510705426563,5.279742157407877,1.6544152932697749
840,5.085711109016344,3.0085852839494036,1.2467905931458025,2.8989369227863007,1.7879189440863625,5.380191794842825,1.4710546467588284
848,4.854517342333345,3.1823792092429657,1.2388182835016073,2.6374487307459575,1.5758584297198721,5.148998140689286,2.033891964858607
856,4.409668615283847,2.9862631824523014,1.521034292040095,2.167088954020242,1.6571749066431682,4.643560722384646,2.698773381123228
864,3.9648199199207257,2.351676047843025,0.8784750827796473,1.8083400348716867,1.3032092578399512,4.098262258730402,2.3065411956580615
872,3.7065206373507307,2.029599199830749,0.19924356379306576,1.8976286135080322,0.6128167566159042,4.111017784424899,1.451921414481814
880,4.07643074341362,2.6386752061473393,0.7716474964042132,2.6629597744274527,0.9301103236636262,4.310322730106185,1.7022484910306306
888,4.180069300424302,3.0723628668620155,1.7283114374052826,2.70600965919482,1.7895133941970396,4.036079092358037,2.36712990523992
896,3.2935608225939634,2.5350366940114166,1.889349892669605,1.3953801226579021,2.0685403168491305,3.2914756777128966,1.970114373895945
904,2.681295842406604,1.8845052470434134,1.88934989523877,0.5184382571123219,2.3475673326762987,3.216536997121643,1.3913327379565552
912,2.442129959280674,1.4843008146216974,1.6900448899528384,0.5726492573712175,2.4974446572053752,3.278720099264865,1.1601389587702848
920,2.3321135501014143,1.0633686869664591,1.1654741694898756,0.7687653268100305,1.754435726241345,3.2914757498208145,0.8380620482416408
928,2.518662969060539,1.1781683923539918,0.8641250550773268,0.7878985291134459,1.336692522957618,3.2611813040814193,0.9432951189070329
936,3.1133890572925447,1.8159443064338334,0.9374693294049995,0.8405150970745466,1.4961364325382986,3.4381641326793324,1.3753883104992057
944,4.025408577947991,2.739124974952295,1.1590964267677595,1.656868259204267,1.2840759323878579,4.002595897464233,2.0609974146324066
