-240,0.8680882095657766,0.5129611491440579,0.9507844150126078,0.9291100220945784,0.6575684908550611,1.5586127928362632,0.7722205294964789
-232,0.1716169156432629,-0.4262635679079739,-0.3973642572080002,0.13149145182269897,-0.9102143124283217,0.7263153003743633,0.10320360558585091
-224,-1.1693070054066192,-1.9767067502969156,-2.443429225739331,-1.4695253918687687,-2.9880683796707164,-0.845802480892207,-1.464579235260876
-216,-1.3296977285928546,-2.1833362117505217,-2.6038198980132647,-1.6992742138413277,-2.918710222987171,-0.7475450714835179,-1.6697636722849725
-208,-0.39191794454549883,-1.0273673733791864,-1.2889052880868233,-0.3294511546189774,-1.388496443682995,-0.19990483957987584,-0.5224645433899684
-200,0.4461595053151723,0.05490846909248274,-0.14305119371065514,0.8337425937135824,-0.1530547688942022,-0.017839690431570455,0.647953947731413
-192,1.1108415693653602,0.715255752910311,0.5722045845722251,1.391497517613552,0.5911002602511776,1.3057446593944084,1.1883692966821868
-184,1.4793066828189272,0.4566076760395214,0.34823564471653085,1.433401268429291,0.4133699745333826,2.445818917598958,0.6363942427918888
-176,1.06460292950774,-0.41614881584134267,-0.5953239158977975,0.9189952419330484,-0.44204695186673276,1.4198965957292764,-0.3808583706880037
-168,0.3854711590012387,-0.5967689259694174,-0.7788340607598333,0.5591998897994367,-0.37991362862074024,-0.1262117413899455,-0.6886351269622079
-160,-0.05090706606204543,-0.49562168019847613,-0.1213767759752673,0.35546039431714077,0.5260769772426919,-0.5206861405108026,-0.2652615533473019
-152,-0.41503726998463525,-0.9435595942135807,-0.21963406617466616,-0.03901392533085618,0.6850227328100935,-0.7648845928816645,-0.4198723604233985
-144,-0.9279984808228431,-1.6963843300413244,-1.0447068664496049,-0.6574572826234195,-0.17472914192610642,-1.1636938287351184,-1.558501679569674
-136,-1.1447426046256746,-1.762852531308547,-1.3900525605556775,-1.0042478963852122,-0.37124381157665115,-1.1189000686415687,-2.172610122985087
-128,-0.3456791159398374,-0.8539720153531588,-0.6184433416093292,-0.17195038591774225,0.3685762701639667,-0.5235760516893021,-1.099004084984653
-120,0.5689811733228939,-0.023119316352770185,0.22107907788804151,0.736930151613286,0.7413761615215871,0.3130563422321126,0.2635942542662797
-112,-0.42804187859217563,-0.7990634820829982,-0.6328929704554286,-0.5924340450945188,-0.5489740619041884,-0.2764877053694086,-0.18434371314465237
-104,-1.8585533979050333,-1.924688213886931,-1.6313610721009384,-2.245469499856999,-1.8046452571243892,-1.7532380382315467,-1.0195312181439922
-96,-1.143297691489212,-1.1241797374036058,-0.6531224657411286,-1.4016122620982607,-0.9073243896082906,-1.170918678936476,0.056964835032629745
-88,0.18028666718433115,0.24564339275448002,0.7990634734802042,-0.0895875467417334,0.5983250078518321,0.6179432000558918,1.4975909949638524
-80,0.13982778542245233,0.8626418147140592,0.9536743108242843,-0.24708832863670516,0.8222939896170431,0.8751462565329025,1.5857336408195968
-72,0.015561087862946438,1.0201425593561277,0.8438572528210875,-0.26009302059761596,0.6445638212458923,0.03128895606511342,1.3733244197180445
-64,0.07769439387947126,1.1371844019024417,0.8669766689089532,0.05490858696448869,0.4885080066593126,-0.12043187696821045,1.3444251407606476
-56,-0.2806558433311206,0.8019534011896794,0.6747968451490102,-0.24564334425406567,0.15905688076805385,0.15555559122600635,1.0987817331885867
-48,-0.16072414269169377,0.7687192938815898,0.833742565170933,-0.23408368463890672,0.2862134635842477,0.10498196298543101,0.9239414323789953
-40,0.29443860538184435,1.073606096136455,1.1068401723228494,0.05201855828412444,0.24286462531950379,0.050073465415969354,0.8719228514207474
-32,0.09936890133226713,0.9970231780376378,0.7282604053676223,-0.1170418628921296,-0.11982060943204863,0.03417887981646734,0.2216903389168857
-24,0.044460312182751954,0.9739037928386383,0.527410836430648,0.06213329110342334,-0.14294001372316167,-0.16811568545511904,-0.6712955625680012
-16,0.4981780955866452,1.2368866691891205,0.44504799570243464,0.6285581118307818,0.021785558458083165,-0.025064539701606114,-1.1466877422868633
-8,0.7423765678257226,1.3192495179887958,0.19651474416232118,0.608328634084991,-0.15594465166736332,0.5962686514696829,-1.5816210501779542
0,0.38402619215850814,1.0678262874388535,-0.18784495458030767,0.05346359280296261,-0.1819539104815191,0.46911229589619685,-2.0281140311883816
8,-0.12315514075378771,0.5895441176895144,-0.42915340186431056,-0.6603472288817357,-0.24986712453671936,-0.23602881864047567,-1.9110721338492558
16,-0.9973566357989633,-0.2152991855922992,-0.7152557590295774,-1.37415799499752,-0.7527135881201295,-1.2012628652871795,-1.8677233699350977
24,-0.9149937981751588,-0.09103253599590576,-0.6791316363900802,-0.8525270281168518,-0.5923229158461952,-0.9628442442761019,-1.9688706343324904
32,1.7682989153067739,2.28014861785162,0.715255747710426,1.7917517909350311,1.114176110000326,1.7291182328540924,-0.7623280938356544
40,4.3359947333721305,4.5819716561490145,2.197785770681759,4.326213487722456,2.6256054449910065,4.224566045921679,0.6219445661378975
48,3.942965341606536,4.256855358142787,1.8047563854354218,4.108024329866448,2.023056671280079,3.5252048765213644,0.45721904409285163
56,2.6872941105304147,2.852353224148736,0.6141084677909907,2.4968927263473284,0.5723157512107625,1.9689817876459503,-0.42854208806052035
64,2.0327267771264395,1.6790447802497788,-0.20662945291051268,1.3640432803151317,-0.3437895427684842,1.5817321802083495,-0.7449886242811301
72,0.22363553292309057,-0.22830385520146854,-1.375602981069675,0.047683731796076566,-1.3942763126061222,0.3405106394456176,-1.4905885092866338
80,-2.33539062192162,-2.774325238146749,-2.583590432529887,-2.037395121075977,-2.635497841727323,-1.8789496039135904,-2.3821294776116235
88,-4.358336147667171,-4.73658241944101,-3.027193461849283,-4.398461507024387,-2.9649489794153348,-3.910564875767495,-2.756374406126829
96,-6.787315712901406,-6.88379461542727,-3.6254073848577737,-7.180011639383451,-3.2221520695751784,-6.0823413862321445,-3.292454986021113
104,-9.424369574649832,-8.92118970467112,-4.5747468164130956,-9.642225457988198,-4.002431068157494,-8.167420198436448,-4.071289020709885
112,-10.301461056155414,-9.42692614136598,-4.547292570267111,-10.431174114048002,-4.250964336771855,-8.863891486460583,-3.974476698439759
120,-9.951780489771268,-8.636532383266454,-3.808917381949961,-9.707248587018018,-3.8680496439875056,-8.49687131610102,-3.608901470863762
128,-8.619526437919538,-7.214690714990958,-3.1153361145347263,-8.279627027467653,-3.467795449983663,-7.349572236876554,-3.0872704810104694
136,-5.593777819351555,-4.282864620670296,-1.3481486711280952,-5.946014871832747,-2.2569180485398435,-5.104102767299479,-1.4429047683206129
144,-2.7038556722004725,-0.9291099723524008,0.6328930468358194,-3.1326756089424284,-0.5561988652289775,-3.0840470800892663,0.28671361354346864
152,-0.9381131756131373,1.1603037346369371,1.3510386195714366,-1.2079874688568395,0.22841501447897442,-1.7619077022282934,0.7505462011680578
160,0.6108850652340033,2.2512493620220675,1.6400308188421124,0.23263877597995672,0.7442661355643604,-0.0005001839345844065,0.8950422077487484
168,2.011052385468083,3.1760244905853114,2.048954802416026,2.0243904990956003,1.4161730322759984,1.187257871891444,1.2591724940933855
176,2.892478643791177,3.936074025546892,2.496892769671738,3.741004239445409,2.1328737330085668,1.3317539112236445,1.4340127016155
184,3.474797968627312,4.6657794222761035,2.901481879570593,4.567522010133148,2.9232674221902233,1.6337507737394514,1.525045334242093
192,3.3433064755040385,4.655664658102278,2.6168245837772983,4.125363935238849,2.936272083417489,1.7522375888716528,1.3487600108656357
200,1.9893779834099596,3.5387097278203896,1.3914975199597668,2.7497609821028814,1.8612210309216513,0.6237229831421224,0.4196500143704887
208,1.317470991082537,2.600929965038235,0.4797271103657877,2.020055620143047,1.143075406497631,0.4503276833237558,-0.12221039843578363
216,2.2783701539648553,3.1254508319215333,1.0331471781306065,2.97517487545235,1.7961978250577182,1.9429725387659023,0.43265470508963655
224,3.691542102829912,4.402796421438837,2.480998199439058,4.407131332271279,3.086548052208785,3.3850436596414792,1.6811010730811036
232,4.555628852327712,5.356470744053905,3.410108174669007,4.774151507287454,3.8899464580313983,4.432640476546322,2.464269972131707
240,5.005011745758401,5.775509498476123,3.319075617634762,4.515503412255874,3.8191432933717095,4.867573737560844,2.2865398096589327
248,4.744918706701495,5.239428916719194,2.5662508631805676,4.245295674528161,2.9897356388242677,4.113304029612875,1.4686917506206114
256,4.2001683612963046,4.363782519868647,1.6992742382049657,3.7308896022418945,1.8092024327339367,3.6147924299256355,0.7216469478220313
264,4.659665983976223,4.3912367186724,1.7527377538753142,4.0935746853430865,1.592458269194676,4.925372105485831,0.7967849031138493
272,5.2448753000845985,4.759701857271677,2.287373365840325,4.917202574344208,1.8800055135745943,5.449893061620877,1.142130601255653
280,4.007988582084624,3.7352244412430964,1.679044778309523,3.8623809542697973,0.8887622320176795,3.289676177554215,0.47744848877669166
288,2.669954583233892,2.3003780605175934,0.8886510711222981,2.507007511631133,-0.073581826616413,1.5745073880594322,-0.25514680779992766
296,3.1482367098319517,2.756985776675626,1.414616936823735,3.1211159333156844,0.32667230731712177,2.668342924139535,0.25781443392714637
304,4.020993203730681,3.794467872402701,2.1847811134902235,3.8305918816357667,1.0953916143088671,3.689930415174995,0.9759599807409524
312,3.4892476288279393,3.4173330102020345,2.2122354207930557,3.2005887121463616,1.6733760817680885,2.466048423905308,1.1305708731882849
320,2.1107546685872447,2.270033898536498,1.9102385272331632,2.0446199589910417,1.9479186705086764,0.4272083066618786,1.182589492020317
328,1.1946493370446547,1.2267719335758533,1.6024618333575722,1.3308091995497355,2.025946603568557,-0.3082768164981055,1.2273833053544736
336,0.6787982352066022,0.36413020260918594,1.2701207536021961,1.2282170094430258,2.063515604730361,-0.05974361788815785,0.8907073455600022
344,-0.24308696681132105,-0.5201859490420574,0.6603472384994327,0.8048432717601265,1.6256923724670342,-0.484562095791961,0.025175716919012475
352,-1.0883891720336694,-1.1025052693767987,0.15027594939471264,0.03467906389433212,1.2890164601700145,-1.4685806028950863,-0.5340242731647613
360,-1.4308449783995272,-1.2513363178914936,-0.15605581364928697,-0.6617921982079934,1.122845918972953,-1.6188565522838285,-0.6712955675350551
368,-2.0174991419861237,-2.108198200424129,-1.2470014619891747,-1.7628525340428134,-0.35245937145410616,-1.5942922117284095,-1.3345327133265064
376,-2.8931455819879495,-3.3002911018303194,-2.5445764943276745,-3.079212011005253,-2.0791878526946763,-2.22429527923799,-2.2752023992391353
384,-2.1533254937280737,-2.8422384047044957,-2.1024183702285,-2.5879253307476824,-1.7034980160100626,-1.4570209862759864,-2.1278163208268004
392,-0.2416419506084937,-1.2498913431325214,-0.5620898740927286,-0.294772066343098,-0.25131203627619786,0.4257633461831853,-0.9877420367004399
400,0.726481981294898,-0.502846458222335,-0.1242666508321867,1.2628959802170405,-0.1400500814346835,0.9575089932634283,-0.75221343862657
408,0.8146246096107342,-0.5389704417843273,-0.6950262604842489,1.1790882289911118,-1.1139538446978594,0.5731493333259072,-1.3316428057180774
416,1.3001315429484326,-0.1083720519613382,-0.7643844601638525,1.2556712223718376,-1.4434049778844775,1.0615461894836373,-1.4660241409467583
424,2.398301896048136,0.8554169974194314,-0.028899202117314227,2.339392020044706,-0.3842484440881375,1.9574220620621094,-0.6062723352836493
432,3.3808754833403216,1.586567299058423,1.0981704065015008,3.7135500027678705,0.8338536995236215,2.522401891577129,0.5930453435255166
440,3.5658305224019275,1.483975074182336,1.4406261822889332,4.197611954516897,1.3771590414540602,2.4978375892059357,1.153690288344828
448,2.4748848548147055,0.28321236426918195,0.6473425213928128,3.420222902658562,1.1503001340748502,1.2768454246748338,0.6277244384758747
456,0.5805407765930376,-1.3597083991178518,-0.7080309414245091,2.0200555875467585,0.41625994097035507,-0.49901178626057036,-0.2695963905455592
464,-0.49162023247649467,-2.1688865830596433,-1.4579657378236357,1.0331471535878687,0.0044460283675922625,-1.2301621299642973,-0.8620304348520363
472,-0.18962329980105352,-1.9102385097589245,-1.1487440771053146,1.008582798131288,0.4205948152662948,-0.40653428349357373,-0.5455839791908287
480,0.3045533080883808,-1.4406261745935829,-0.8496370773392327,1.3120246465819403,0.8165141287653777,0.18878972631855184,-0.3230599111829624
488,0.7365966614944721,-0.9767936575942887,-0.845302226015916,1.7541827303238025,0.7688304677378768,0.4806718442183084,-0.7319839172638378
496,1.3868291583210717,-0.5086263474793394,-0.5519751114711068,2.1992307612553055,0.9104366941461107,0.957509066837912,-0.7276490578690593
504,1.7003857178601613,-0.1054821025986129,-0.39447441215340345,2.2729237759366443,0.501512658262912,1.4545756596355492,-0.9183838707036699
512,1.7162803147907528,0.17339536804371555,-0.573649573289097,2.2772586814318907,0.014560777640256586,1.7941414550161714,-1.8272644416070902
520,2.4821096679183827,0.8424123254819561,0.22541392176077735,3.0286384951203877,0.6647932013580341,2.055679486527179,-1.646644348708483
528,3.9111761264801483,2.387075694206243,1.862554870862274,4.4374754999955295,2.093859789994522,3.016578562486058,0.2057958377572967
536,4.546959107616343,3.284396527418627,2.4809981972659716,4.6773390197075715,2.122758987150753,4.410966042202349,1.0973367225736954
544,3.565830549720722,2.306157956293857,1.2701207837149593,3.2974012174213723,0.5896552921666838,3.965917991713072,-0.03840260281681248
552,2.243691122344432,1.1053952081964757,0.23552866078889365,2.050399757444095,-0.5301895624874399,2.1149228510972216,-0.7970072100512123
560,2.476329884676931,1.9391377496127145,1.0923905422349864,2.59804007347721,0.06513441907456885,2.3446716254171083,0.5757058267839829
568,3.573055214899329,3.353754737032338,2.7309764695103063,3.6629763343252044,1.4494070605768892,3.419722696539397,2.3631227412619262
576,3.0225250971181175,2.8220090407472207,2.742536131453772,3.3725391762832597,1.7080551149407164,2.487722799886401,2.166607973667291
584,1.6483671465255796,1.3380340052983508,1.4753052842242118,2.3899655591887545,0.9494506290886928,1.041316794625555,1.145020494739024
592,1.4605221807634317,0.709475913634285,1.1241797090878185,2.152992086473089,1.0838319621442887,1.2739554871088612,0.9181616572090064
600,1.7798585766293578,0.7701642976667825,1.46519050002695,2.486778035282326,1.9768178737185036,1.5109289922655975,1.0583228455283322
608,1.5674493218449725,0.5736495581670448,1.512874256980677,2.352396748171978,2.361177586896632,0.7494345218158117,1.123346064741222
616,1.4243981223851911,0.5736495665489482,1.4680804112054504,2.4044152414306814,2.5360178273254763,0.49367648029986455,1.233163143854397
624,1.4821965795619267,0.5042914396677262,1.3524835769457215,2.480998189642262,2.4204209399803616,0.8621416830051788,0.8502484276317634
632,1.4142833746647314,-0.17050544148645352,0.5664247358277537,2.2787036468776383,1.5939032341747614,1.0673259707072227,0.046850071479685916
640,1.9705935089836997,-0.20951936308007993,0.481171995562573,2.6934074700380166,1.222548241983765,1.8490500104828531,-0.026842933422766224
648,3.451678653122285,1.1718634878500145,1.4478510186756746,3.64852681553039,1.621357462315175,3.9760326706708806,1.0005244027870968
656,4.252186877838073,2.18189127673992,1.772967270891874,4.021326674136499,1.4913109959497188,5.040969071372484,1.2880716260570366
664,4.112025819593466,1.8712245734312976,1.1920928714546155,3.843596481706182,0.6951374178215008,4.169657584518577,0.5901554455407536
672,4.247852171024976,2.0605144627296776,1.1039503354949347,3.9895375403456197,0.5520863312069716,3.996262177287672,0.6002701921746708
680,5.10471411766365,3.2641671083461574,1.9362478689350284,4.882523579511028,1.1806444042445854,5.17968530076532,1.7923630527578858
688,5.289669021217821,3.511255448767676,2.2122354172229857,5.278442868330062,1.0896118240824977,5.56404501161514,2.283649853000847
696,4.136590138728468,2.248359499738003,1.3192494860909971,4.0979097032179235,0.04923986327738914,4.224566066410775,1.4672468283261437
704,2.8997034944581963,1.437736276155099,0.7195906359762048,2.6370540054706035,-0.4940655266161622,2.9168762703641113,1.0684375800550552
712,2.7985561164394492,1.9622571677184446,1.1747533966225976,2.797444697923193,0.2833234945085282,2.729031353962059,1.5972933411025079
720,3.432893974270719,2.7988896451484506,1.920353256016731,3.9028399510500136,1.5780086956070491,3.110501057862377,2.159383170652943
728,3.4300041570005795,2.8523531308612573,1.9073486118637113,4.100799588785052,2.2961543442454566,3.0642622346894295,2.0250018320094125
736,2.2624755523776483,1.9174632926065571,0.9753486762503879,2.6804028518068095,1.5794536369936305,1.7507926293242815,0.7476562027556776
744,0.5097378354507662,0.44504801564825996,-0.3092217004487818,0.8799812809134333,0.3295622451935348,-0.3444008649422377,-0.9299436246928497
752,-0.6187768024093927,-0.5346355851835165,-0.6632371602209816,0.277432550974668,-0.06924695278613434,-1.4107822178958507,-1.1553575272003238
760,-0.33556438482796347,0.03756900341847014,0.21529917435075788,0.7427100006681991,0.881537443283611,-0.41953888108046367,0.00494622365117849
768,0.34934714206685435,1.0649362904234572,0.826517753309021,0.82507275400731,1.5794536197641624,0.26392768688786533,0.3661864928017633
776,0.23230523153399274,1.3625982741419322,0.018784486849863963,0.1762853111021029,0.8020645388796064,-0.30538696399292875,-0.575928124097677
784,0.2597595270400729,1.5085394183078265,-0.8655316935171592,0.03756903933408937,-0.3394547027762596,-0.38919474797036785,-1.3359776295673775
792,0.8247393082815382,1.8235409288571631,-0.9869084403169559,0.29910689839520194,-0.7946174101820452,0.5803741316836429,-1.5050381322343573
800,1.2567826647920386,1.8192060092368578,-0.6805766875175046,0.5360805454234095,-0.749823629288958,1.83315538840655,-1.4848086568168724
808,1.771188871033537,2.0388400366123864,-0.17339535258734293,1.173308418586086,-0.40014301866698926,2.596094940872625,-0.8215714889841204
816,2.5399081087969724,2.7627656130024634,0.4941767008724405,2.067739367473107,0.05646456679544202,2.671232895077899,0.20724075632647443
824,2.9950708692881443,3.1355655428547506,0.8294076910302142,2.2252400702056603,0.18073128189485663,2.6784577410883066,0.6681833528340437
832,2.941607289201318,2.920266380927597,0.6184433225291561,1.8827843364829635,0.005890971616817582,2.640888675510024,0.44565935576191307
840,2.466215091011224,2.6442787983359244,0.4045890873978633,1.6458106916278412,-0.22819271673543948,2.112032878451432,0.3358422370675282
848,2.0572911088342942,2.375516113753503,0.5823193046634493,1.6891595627993155,-0.07213689857878919,1.2826253145527193,0.6017151287494181
856,1.661371795956093,1.8379904602248318,0.7152557185289855,1.7021641293421208,0.6055498906494811,0.6323927353040727,0.6219445962506608
864,0.5198525828607856,0.8510820874227925,0.517296077999979,0.7499348198254719,0.9870195911349491,-0.21579937659538295,0.24336479281863346
872,-0.8918744392084101,-0.4739472042554276,0.11704186459358475,-0.5938790089880619,0.7558258383307991,-1.850050396357591,-0.2970506546971124
880,-1.745846458059998,-1.287460300522163,-0.27598753291516576,-0.9146603501210792,0.7601606823587552,-3.277671902046466,-0.5398041529533192
888,-2.026168890112343,-1.1646386132671092,-0.29621698846443495,-0.7123658199293103,1.0043591095839082,-3.347030052831635,-0.4386568336078944
896,-1.985709966906609,-0.8178479681507896,0.06935814489276183,-1.1646386639644881,0.9899095105401315,-2.373126227635508,0.03962527358761218
904,-2.170665037943624,-0.9594540554815186,-0.020229458182047244,-2.2165702631195567,0.7890599077651038,-1.9858767094496539,-0.029732821628642398
912,-2.289151822342179,-1.0504866786396656,-0.18351007035025982,-2.447764011111874,0.4856180029694371,-2.1939511093406523,-0.20601809285103512
920,-1.5103178095394891,-0.3251162640845928,0.484061943683535,-1.4868649115594907,0.5636460156573985,-2.1173681102167716,0.5814856978801962
928,-0.48728530090421646,0.6531224884928607,1.45218588427927,-0.9536743018274696,0.9537854683048161,-1.5942922542588072,1.5770638540434907
936,0.006891310710507452,1.1155099962742472,1.5750075125505614,-1.054821578176836,0.8930970639384421,-0.6319481024924567,1.8097026101671718
944,0.3565719292487181,1.442071183668211,1.4767501854087008,-0.1921798659918399,0.3512366818658148,0.43443309989733975,1.8949553614530041
