-240,0.277214813234761,-0.13898844508164712,-1.2498618670603265,-0.3391688664851701,-1.0307903142596246,-0.5195871471095497,-1.3974520352258226
-232,-0.1743207950045588,-0.6075097244215344,-1.190412002622941,-0.18346695460999007,-1.0718390326098992,-0.6682116685426402,-1.1341742373991237
-224,-0.42769032038362276,-1.0420596731162897,-1.1493633256309916,-0.24008587074686838,-0.6174725089134471,-0.43748975724122213,-0.9303462261588457
-216,0.05498566077305727,-0.8226615194365783,-0.9469508203960005,-0.019272193727865598,-0.4589395958234322,-0.13740969901930777,-0.7647360313443975
-208,0.8448190963717421,0.02945272859589469,-0.36519184730233545,0.5681487259921411,-0.3541946603011579,0.34668177491407765,-0.19996264937159772
-200,1.4959362402581717,0.7371887525827204,0.18542680457187602,1.1017817157368919,-0.06260740151701977,1.053002339423732,0.6549825084920581
-192,1.651638126588504,0.885813347761354,0.46710576657995334,1.5080222270423709,0.3592032689536855,1.3445895833067087,1.048483748111751
-184,1.0911112118459756,0.6211200580702657,0.011323766072325797,1.2150194312342015,0.26012027063048776,0.7316902117508362,0.277051455102966
-176,-0.05400574030690883,-0.0399054420448173,-0.737460906016443,0.08405728687881674,-0.34003997961968585,-0.38087087987777407,-0.9190225188665708
-168,-0.7291858906929315,-0.6740369006897817,-0.9653519921800126,-0.8742173167714611,-0.6443664694915483,-0.9329049691815203,-1.270059545534652
-160,-0.7093692919710183,-0.6160026318167028,-0.09342115424468156,-0.5670599596431624,0.0067506867111477254,-0.734738912474323,-0.37689665061665867
-152,-0.5196960156950134,-0.28053564920998064,0.7020741861658625,0.34591960622176077,0.6720225924751727,-0.5408192259877967,0.26997408108256493
-144,-0.4928020219694315,-0.3838651355946643,0.4019940668187767,0.6658162836926977,0.4299767873128596,-0.7347389039593739,-0.18014606935216262
-136,-0.11628647108841547,-0.4334066504937137,-0.30291106421471226,0.6842173876612209,-0.24237240640975802,-0.4643837427559601,-0.45616307044094717
-128,0.4399940612692286,-0.10501717647400166,-0.6808420649935818,0.508698935756457,-0.7307102665293442,0.25184517022766156,-0.3316015234243363
-120,0.5504008333317151,-0.0625529863302897,-0.8124809439120058,-0.04758163400614277,-0.8184695079910982,0.36508290807671223,-0.31744685004139234
-112,0.4230084512938323,0.07333230355891916,-0.12456154829736227,0.04583950223199433,0.006750709519047734,0.3608364770349754,0.151074473545821
-104,0.6608076718412165,0.5956415373545425,0.954028197480848,0.6573234910972918,1.1362974535457473,0.5490943146650232,1.0017731552080982
-96,0.553231796077226,0.7654981858665749,1.0757587635056283,0.9191857518999601,1.4533632103897618,0.47124332497174143,1.1319965659823483
-88,0.3975298454286162,0.7414351738930872,0.89740932695977,1.1145209199112944,1.2438733353918447,0.3650829244984001,0.9508161572637136
-80,0.5744639316711173,0.8291944707020109,1.0389564790860917,1.1810481772236117,0.9692717790311225,0.7189509207543626,1.2197558145905776
-72,0.18379362651513892,0.5602547057218604,0.8294666518327111,0.2822233857046024,0.4257304402041941,0.594389412055023,1.1673834117559287
-64,-0.7985440094836845,-0.1842835585892292,0.2717706370379431,-1.2394091498685689,-0.3004067114713707,-0.06238965534574395,0.5955326337150916
-56,-1.3378388854898686,-0.6896070908737518,-0.0651117087966138,-2.1056780563828243,-0.5594381238721318,-0.4757075253143041,0.15248987037729417
-48,-1.0363433197421408,-0.8113377168072824,-0.0651116546658651,-1.8211681413606065,-0.5396214822713679,-0.365300693951278,-0.01878225509796637
-40,-0.6626587308463726,-0.7759509006839721,-0.45578199677064046,-0.9265898266511864,-0.6839996780352186,-0.22658445880261502,-0.6614065413104497
-32,-0.6697360299048096,-0.44756137481430075,-0.7218907482196902,-0.5472432905208651,-0.7307102136150168,-0.5422346612885944,-1.0506613573389865
-24,-0.7603262745580835,-0.20976212157559346,-0.6511171612847638,-0.8982803222066849,-0.5636845249594943,-0.9116728971456428,-1.1893776438814505
-16,-0.7037074043411103,-0.13049563439197423,-0.5548650404055322,-1.13891068294504,-0.32163885740484316,-0.7474780839574016,-1.0379221417606344
-8,-0.27623480640269893,0.005389706282825057,-0.23921481480754717,-0.7156844479287717,-0.07110025067601705,-0.032664751636925796,-0.6118650581904072
0,-0.004464096467199286,0.008220541760255485,-0.0028309296623599076,-0.14100277799896557,-0.19849274158360813,0.28864745114998724,-0.21411737825376445
8,-0.11062462557709564,-0.2890285132701392,0.15428642161903988,0.11236676821131382,-0.2197248420533337,0.1513465694977864,0.2770514310786453
16,0.3225098724595414,-0.037074490095045765,0.5916673420304127,0.5072834508864902,0.4441315724545131,0.5080455934257478,0.7752976094137191
24,1.580864604580065,1.2184492142014263,1.2441999470665936,1.3693059309205884,1.4392084547463257,1.8230191902893487,1.3386555125986586
32,2.706164909962395,2.9141848092574154,1.925042038148905,2.5215002079808646,2.567339682732263,3.2158437096389534,2.189354225583785
40,3.4337175331272927,4.3041783432056615,2.92294982403774,3.8676141719838215,3.621866381108714,3.801849130348097,3.3698579376004947
48,4.138622619609349,5.068533294277158,3.960490930685114,4.794748307227667,4.481057918924411,4.2986798558963155,4.076178522333153
56,3.252537052791852,3.7153420067352827,3.4211960700362476,3.380691767844197,3.739350597135827,3.377207519787729,2.9069985735640995
64,-0.6796443154289733,-0.8368162299203723,0.16844119520469022,-0.6802976812225775,0.3181545948507366,-0.8465611738163039,-0.5495842524469369
72,-5.721555920946448,-6.487380798303725,-4.245000785623139,-4.596908927379028,-4.287791590482652,-6.277727599163636,-4.764860184322252
80,-9.353657277169368,-10.545539255734985,-7.476523573213557,-7.157497911692087,-7.745789903948548,-10.010327472335415,-7.959580592916377
88,-11.382028844189987,-12.177578514865841,-8.736293728470663,-8.792368160481775,-8.991405327130384,-11.783913955665554,-9.260399440218649
96,-11.580194820461328,-11.829372459610273,-8.22530829350302,-9.209932446438858,-8.476173528024175,-11.629627471792643,-8.848497098607117
104,-10.228419033906992,-10.416731300332483,-6.889102602099749,-8.476717927281157,-7.455618120759164,-10.307576596397722,-7.706211117714693
112,-9.210694605657126,-9.363620008670928,-6.157303514441528,-7.5495836819511855,-6.954541087027761,-9.397428037069476,-7.115959267636391
120,-8.025944502892633,-7.785368702019121,-5.322175084088391,-5.876495677100573,-6.035899665159885,-8.194276749444443,-6.38982212584425
128,-4.705246941530069,-4.170252936156802,-2.913041558713188,-3.20974624593811,-3.7131099194884767,-5.0561751808088085,-4.293507918212533
136,-0.8254379635235204,-0.05406018324325008,-0.13871627170563297,-0.8558161877142483,-0.9543548070034671,-0.9654608478000625,-1.4682256758353398
144,1.3954376851440968,2.188047629756212,1.2229679166931473,0.6261830838160302,0.3563723422446562,1.7338444464715717,0.2345873055573158
152,2.1102511219247546,2.87738255509636,1.5018158952765515,1.4768818416566927,0.6564524193211008,2.78129372612414,0.877211640274599
160,2.2956780393840375,3.1760471494315743,1.7098902653335504,1.2206813714743316,0.8885897575604205,3.258307883208926,1.276374695451238
168,2.1654545176113422,3.2793765978030915,1.8302054289009078,0.3699825888490847,1.1900853885387424,3.053064410362739,1.6429820281674217
176,1.861128045377589,3.212849412867844,1.9844918434378027,0.3827218520199206,1.522721291167349,2.731752314468848,2.020913075322354
184,1.6388989256072082,2.816517236655699,1.8712540735056402,0.6021200368704283,1.484503593190546,2.7628926556072018,2.2233255495386
192,1.2029335324884953,2.0012052929616617,1.4083946948721897,-0.19903716501696525,1.2962457353374928,2.4076091130519957,1.7392340885296913
200,0.48387370283132064,1.2269420951394316,1.0361255583071174,-0.6675583938753684,1.284921998394949,1.3389277107300153,0.7314179873143669
208,0.3494038366869068,1.2113719063239348,0.9384580127707745,0.15624633678812577,1.5920794146717345,0.6042976934737657,0.03359030632761254
216,0.8320798368501698,1.7775607162990044,1.0092315657979563,1.2121884724420604,1.667099435841504,0.7515067774773206,-0.249504151498223
224,1.2680452521685712,2.2814688401960503,1.4650136114652257,1.2475753156307445,1.7407040457347962,1.1294378135324084,0.07605435095692357
232,1.3515581104851777,2.234758209735389,2.121792626559875,0.9290941017424011,2.066262580273056,1.0968819644120835,0.7951141886728894
240,1.1349908628353327,1.7973773096990737,2.509631971403184,0.7280969817828813,2.362096290321935,0.8689909729773246,1.327331755889268
248,1.5086754974989545,1.6445063129769206,2.4714142781400117,0.878137120675863,2.347941558398715,1.0883891885424706,1.642982002622573
256,2.3225719517614434,1.904953224540598,2.2251221384894047,1.3792142324102825,2.145529055140409,1.9164403228782212,1.7689589814427704
264,3.227058595482091,2.541915659615814,1.9222111287738777,2.2030190074731544,1.9544403233406027,2.818096024228415,1.6104261132082918
272,3.517230392660321,3.045823685134786,1.9080563886398136,2.413924252389225,1.9190535072172916,3.0474025178671447,1.716586531775901
280,2.6608697190600057,2.643829697167014,1.8641767029824494,1.2773001869523448,1.9912426117135085,2.0537410634255475,1.712340108945008
288,1.8724518020869805,1.909199653605651,1.7764174977092306,0.7408363252375247,2.052107850630626,1.1152831272249888,1.586363101690962
296,2.2065032257740875,2.1965404329953055,1.9561823750297835,1.7854547011410138,2.152606368339745,1.3233575255637835,1.7675435242463897
304,2.810909803670186,2.8759670545649687,2.1968126609582255,2.4238326265600914,2.3493569915707764,1.8343429477590034,1.7066782941483265
312,2.6028353472472725,2.6693081137266614,2.0807439275202904,1.9439875806273903,2.4824113549030087,1.648916048089881,1.3103460755134868
320,1.6615464537750984,1.7846381088698315,1.5159706130588744,1.3409964719398335,2.3125547406028266,0.6184524184025627,0.766804823964788
328,0.7287503805719131,0.6706615758583164,1.116807496605012,0.9715582970559026,2.0535233615015986,-0.4332433354746979,0.42284502413012703
336,0.22625777682105125,-0.23240963301768996,1.0134780100682759,0.9474952653155696,1.9601021390496007,-0.8734551990167871,0.3747190153884171
344,0.2432434816773113,-0.5735383095392252,1.0417874614463976,1.1201827873181982,1.750612300848428,-0.7460626804356109,0.5771315271616725
352,-0.07948423775857433,-0.6952690089141933,0.6709337782763888,0.5907962638914023,1.0513691182659128,-0.7290770339675751,0.3152691614426662
360,-0.4291057863990587,-0.8410626963903803,0.2604468845860267,-0.054659006658069866,0.25162735700116023,-0.774372105812727,0.06331511333093552
368,-0.3710714533597558,-0.753303353813604,0.5548650766174595,0.017530063626297034,-0.03288253430084134,-0.39077915080488185,0.7625583885135232
376,-0.3385155618167372,-0.70942373095399,1.0672659801854363,-0.10136956413345187,0.16245263340638796,-0.1614727204200616,1.5920250332640886
384,-1.056159926522845,-1.1708676274544219,0.7105669878844287,-1.2096842545226472,0.2077477263868605,-0.879117052891004,1.1560595922487862
392,-1.4482457005832594,-1.3393087845582228,0.165610210867701,-1.4828703147615048,0.40308285486450207,-1.436813079849985,0.22609444195331546
400,-0.5720684868013094,-0.31733794853067865,0.6539480927308184,0.34167315602138765,1.1957472740399129,-0.9145038624760494,0.36339522036175537
408,0.18096264233020268,0.44560150535458454,1.1762573219648627,1.5646410590941249,1.7095636223359512,-0.3766244780301485,0.9125983850852109
416,-0.31586796446488463,-0.19560735832952444,0.7133979486532548,0.2822233923949192,1.2679363540556492,-0.8861944325373533,0.7653892846599666
424,-1.2090309296312094,-1.0873547654885511,0.014154730490416103,-1.1856212051442045,0.47668742476794346,-1.540142460406014,0.37754992643602275
432,-1.4836324634881368,-1.4836869757604938,-0.2887563021850639,-1.1134321345557319,0.07186241216922482,-1.5472198353387314,-0.01878222620796013
440,-1.5798846237490085,-1.722901759180862,-0.6256386725000996,-1.1799592969871855,-0.30323771192594257,-1.6208243920135914,-0.3726502726413017
448,-1.9068586612515013,-2.109325618241889,-1.0870826085342247,-1.7107614105043922,-0.8297933180709743,-2.1346408096456457,-0.5821401517446411
456,-2.097947410841471,-2.2537037616996227,-1.1918274903819077,-2.3151679108536323,-1.1157186641365153,-2.68950585409227,-0.7364266129617042
464,-2.130503245060635,-1.9040821498052294,-0.8138964614732952,-2.694514480587592,-1.1978160354544174,-2.7928353161485266,-0.4080370349379686
472,-1.969139390816587,-1.4766095529311865,-0.5350484704215726,-2.554382693057579,-1.1015639583663535,-2.33422232841491,-0.184392469679261
480,-2.004526214998689,-1.5558760702212338,-0.9780912031967843,-1.962715378788474,-1.1185495885647543,-2.1148241972389923,-0.71094809848014
488,-2.28478975493455,-2.226809802337943,-1.6447785403082376,-2.050474621922808,-1.1638446877793862,-2.4035804917570935,-1.46964110216503
496,-2.586285278411637,-2.5311363420830792,-1.6660106623694415,-2.831815209426863,-0.8326242865944864,-2.521064650612406,-1.3832972952438105
504,-2.511265268645817,-2.141881495491957,-0.9016557372989514,-2.9846862335184956,-0.06119194477679591,-2.119070633754626,-0.6005412283436844
512,-2.1828757140381927,-1.8856810780718711,-0.43454993324971264,-2.654881183245165,0.18368469936015844,-2.0780219126674035,-0.1659913202469914
520,-2.1814602553212845,-1.8771881790395997,-0.5789280849182907,-2.4383139430458995,-0.4716788554970568,-2.39791860154229,-0.2127019139109077
528,-1.901196742146692,-1.608248537982371,-0.6044065501347909,-2.121248282603277,-1.008142800840843,-2.0964230548011455,0.027928346016530523
536,-0.9457531229854568,-0.7589652195479283,-0.09483665660070469,-1.5295809038638413,-1.067592561426258,-0.8111744101511627,0.7484035960733426
544,-0.32011449084364263,-0.2734583075767971,0.39774765508772847,-1.1233404378700573,-0.586332122767505,0.023954136218156383,1.4448158884394675
552,-0.4347676725084403,-0.44331499014862696,0.43171899835323246,-1.1742973956725387,-0.2253867055068677,-0.16430366856851591,1.451893271735082
560,-0.5253579104713972,-0.8127531790214022,-0.01273925380790059,-1.3427385693500802,-0.3244697476212327,-0.5110943137640295,0.7130168366656767
568,-0.330022746717537,-0.9826098469961759,-0.676595674854012,-1.2861197266546402,-0.5141430403189252,-0.5054324001331157,-0.13060452845210727
576,0.03375355118017174,-0.6301572902984859,-0.7162289173054267,-0.9733003864073584,-0.28342108993997195,-0.2265844039116025,-0.1560830554019902
584,0.4159310337863691,0.29414602741014206,0.016985702207034145,-0.2202692192626807,0.39459003429140527,0.04377070407337783,0.5049424921535246
592,0.14557592412880901,0.6734924900990263,0.4373808823338765,-0.02493407071408686,0.5870942926236096,-0.16571913762500545,0.8432402597561921
600,-0.7306013442400485,-0.015842364232525146,0.13305441420554526,-1.0355811028959145,0.4342232712689248,-0.8847788495934177,0.48937222868016983
608,-1.0320969344682558,-0.6712060042392327,-0.1443781433700112,-1.8508930371626864,0.2983379626772375,-0.8706241655667873,-0.06832372529353216
616,-0.6258563904714548,-0.7589652086001366,-0.1953351726372446,-1.5791224172423641,0.13555871479482257,-0.31575910652310724,-0.19288530272067647
624,-0.6753978933583439,-1.2020079921609381,-0.5237246945535464,-1.2125151313584022,-0.7675125767978339,-0.4445671285246755,0.09162461534259465
632,-1.3746411835941452,-1.8318930787605991,-1.1550252343962197,-1.6130937504723923,-2.0570075729660093,-1.2301541093614072,0.3124382490265879
640,-1.7327555261985095,-1.8630335013991814,-1.2640165100327367,-1.7942741415529184,-2.52269792970229,-1.7765263610605728,0.13125785003932366
648,-1.4298445065995584,-1.3846039246750215,-0.9894149659882814,-1.291781533392529,-1.7314489738053673,-1.6392255419020194,-0.11928074285271055
656,-1.4652313227228695,-1.337893338765792,-1.2526927837338795,-1.078045309005155,-1.0534378821132602,-1.5542972198507667,-0.6019567463611322
664,-2.0540677423660565,-1.8333085833974119,-1.8302054088065633,-1.3356612670985353,-0.9543548074596254,-1.9761079179950567,-1.2389191773309245
672,-2.290451564561441,-1.9238987958155205,-1.5060622922350981,-1.7617183523413424,-0.5226358494880717,-2.095007559895703,-1.019521020762213
680,-2.1885375530112485,-1.4468847130844873,-0.6751801641350917,-2.3434773629920165,-0.16310590645371437,-1.7085837148235212,-0.032936903696325924
688,-2.1729673988637597,-1.6436352750382954,-1.11680747955172,-2.807752248999229,-1.0322058578219195,-1.5698674221989504,0.05623775542811644
696,-2.19561498465961,-2.3839271923927723,-2.3850704581188715,-2.6506348163696525,-2.5779013474365144,-1.912411606702457,-0.9176069816904873
704,-1.9733858548537524,-2.450454391468919,-2.770078863480728,-2.203345593708322,-2.95158593329123,-2.0440505155752557,-1.550323039550609
712,-1.5883774163444146,-2.0017497219507887,-2.3638383749831497,-1.818337232441738,-2.5651621070735775,-1.6279017964445257,-1.454070872903524
720,-1.4708932719341057,-1.8304775881126312,-1.9123027732820947,-1.5847843290486459,-2.0187898313500914,-1.2344005147062438,-1.2516583942777504
728,-1.2599878500287351,-1.6535435997920467,-1.306480766623464,-1.2493174802482692,-1.1553519070440879,-1.0687902803581026,-1.0251828960758549
736,-0.7419250793579611,-1.3322313994379773,-1.0049851750267826,-1.1686355261368968,-0.8439479969278145,-0.9583835102723002,-0.5962948266481121
744,-0.7037074324708529,-1.4157443068675946,-1.0516957396486395,-1.4290823869149862,-1.4115523565472858,-1.0999306517549357,-0.38963591606828446
752,-1.1085324079687213,-1.8870965419585701,-1.1224693534968881,-1.4941941015773232,-1.679076539799922,-1.4580451508214938,-0.5509997940325477
760,-1.5204348210450056,-2.4702709536981917,-1.2923260141731334,-1.328583896119187,-1.5630078550188378,-1.68027427834656,-0.7746443293368798
768,-1.9323371287487923,-2.9345458061017635,-1.4324577586722436,-1.586199816807612,-1.336532297668455,-1.7340621897713915,-0.8199394353938814
776,-2.1135175741121186,-2.89349716590656,-1.094159906832399,-2.2415633566116133,-1.270005104066205,-1.7128300973604569,-0.477395170302462
784,-1.823345823005847,-2.4731019669251877,-0.8775927051024591,-2.7483023936850035,-1.340778714417242,-1.695844467010004,-0.3811430760324469
792,-1.628010618045715,-2.2211479265681433,-1.1762573348659455,-2.659127670546389,-1.6691682825575536,-1.8161595373690782,-0.8057847159389798
800,-1.5699762853105172,-2.473101982130453,-1.7594318030171059,-2.084445974767627,-2.011712507050912,-1.8402225317044572,-1.5772170016492366
808,-1.4340910013513621,-2.7830903089986867,-1.9703371618206214,-1.9825319883061248,-2.054176650666508,-1.4085035633933225,-1.628173969487193
816,-1.3534091095815828,-2.5962480342416234,-1.5598502912422643,-2.248640724245803,-1.731448987338055,-1.0702057816497565,-0.9813032046404885
824,-1.2911282632400503,-2.0229818169466185,-0.9993232939351392,-2.16371237421686,-1.3181311438266587,-1.163626904963417,-0.36981932844621607
832,-1.1849678869430826,-1.8092455397969704,-0.9611055761914897,-1.9414832771023258,-1.714463363069708,-1.196182772938273,-0.7604895919397636
840,-0.63010282029677,-1.7229016975995333,-1.3078961794204667,-1.6824518709357237,-2.1914774543156894,-0.5280799848645966,-1.309692778102644
848,-0.05825214230658683,-1.3350624137293408,-1.2470308868287585,-1.3342457998666795,-2.1447669045949946,0.22070475716839769,-1.231841782479308
856,-0.322945360228817,-1.1708676108806817,-1.0814206956635741,-1.560721322549053,-2.0173743489129667,0.17116321125060452,-0.5311831902928966
864,-1.139672777997081,-1.711578002623523,-1.176257298981516,-2.3689558929829535,-1.8461022392511839,-0.39361013468571265,-0.22261023896876458
872,-1.7992827184322855,-2.27776678051548,-1.5244634688847944,-2.7582107024732245,-1.4384463146925441,-0.8861943362880165,-0.4788106583655349
880,-2.1644746030752464,-2.351371342968341,-1.8089733513677417,-2.650634772882591,-1.5219591831966792,-1.3504692099789626,-1.0846327468285006
888,-1.8502397511967301,-2.0144890219183695,-1.8401137090798347,-1.842400208378745,-2.014543404717881,-1.4990938354160763,-1.397452070958198
896,-1.4581539406436754,-1.582769974083691,-1.7580163187553492,-0.7524867918009012,-2.2127095336500946,-1.6944289926316716,-1.3238474987739661
904,-1.499202682562113,-1.6676983189428434,-2.0580964092124283,-0.9662230166444326,-2.1674144102590898,-2.164365691306828,-1.6239276079335232
912,-1.4553230657846055,-1.8134919425569116,-2.230784017276866,-2.104262542926956,-2.2028012494944047,-1.9633686326245314,-1.9947812419905198
920,-1.122687108569093,-1.5289820976309727,-1.998646551617413,-2.1170018299700604,-1.9947268274353944,-0.9541370982371467,-1.592787221635529
928,-1.412858903162427,-1.6860994434384762,-1.6844117567586465,-1.916004788013559,-1.9890649103072693,-1.210337499843755,-1.002535327918114
936,-2.2210934395365283,-1.9507927559374643,-1.783494839471073,-2.575614790486251,-2.3698269481854024,-2.3497925450560437,-1.1497444023423513
944,-2.1432424627677236,-1.4822715079204256,-1.7028129498300313,-2.766703471348414,-2.3117925417046625,-2.4955861832671675,-1.2700595459908104
