-240,3.653164271417694,2.879724686297719,2.3036321456896207,2.9802996028342728,2.1740538782322747,3.254667191295206,2.0784169575001323
-232,3.5941360650642027,2.9018602070083093,2.5604047649852473,3.2769163842579734,2.426399453846455,3.309268332883691,2.1817162087623103
-224,3.628077361251055,3.3135818810599993,2.958845162309962,3.164762723038611,2.6492309189918295,4.047120733329883,2.7852795271480337
-216,3.163230292255185,2.9003845034822597,2.6578013530571107,1.6890578907586746,2.1356855721293706,3.847900657126537,2.7897066313852656
-208,2.7190431522025604,2.0680869397708803,1.970122855534677,1.4057224558120662,1.511462407866447,3.2030176111602158,2.0828439808906385
-200,2.1420424657396713,1.1147816073448202,1.065515742163172,1.9841988207543733,1.0997407043294802,2.376622800204641,1.0159093147896705
-192,0.5320483459534702,-0.3122251219193891,0.004483845621445042,1.053028941825154,0.48732314592321807,0.8891122273234999,-0.10562646262189185
-184,-1.4926187715534298,-1.8690937866811967,-0.9517729559977293,-1.0439477955675565,-0.4040026258854068,-1.0514397792115728,-0.9246426194589189
-176,-2.578737665290918,-2.6512174487370044,-1.7752162256322308,-1.997253082497518,-1.249581483285722,-2.376622825202497,-1.7407074402621459
-168,-2.429691489316437,-2.6246547094941057,-2.4776518541630574,-1.0011523007346645,-1.8354363455673384,-2.732267654615222,-2.559723789546084
-160,-1.4306392309098899,-1.7348046551615537,-2.3108972033787567,0.3107494190701096,-1.4930728117458265,-2.127228646177902,-2.7604196012971243
-152,0.14836515461852243,-0.31517655655449045,-0.9960440221484963,1.2301136572676086,-0.38186702290138375,-0.4286923159383319,-1.4706535030235641
-144,1.2182511757760506,0.5909062501975926,0.00891096047971746,1.9974801702434024,0.17447378597970675,0.701697688336361,-0.46127131898352425
-136,0.9570514663517379,0.3001925154313223,-0.13423243991164846,1.6964363660632882,-0.1855983063517638,0.4139352238168497,-0.4465142260206504
-128,0.9555757022699046,0.45809293935249135,0.22436389341072466,1.0648345793864138,-0.08229902370203408,0.6293882089019213,0.18508742305826634
-120,1.6152158914508876,1.5648715992301165,1.5554497411410568,1.4809834695925679,1.0554696121809422,1.6033534648814498,1.3213802536434314
-112,1.6535840766007504,2.1197366002770273,2.09703351571278,1.8484340213763537,1.6132860386686216,1.7863408170408794,1.6135698084501506
-104,1.303842150065103,2.0489027092809464,1.849115007558499,1.085494537973461,1.104167827430947,1.2019616397381216,1.5073190719840366
-96,1.0116523910807702,2.051854305926545,1.6454677710007823,0.24729404427757412,0.7485229642528264,0.9215777779757094,1.699160778776129
-88,0.4508846352172564,1.557492971901954,1.210134811522576,-0.5776250260575702,0.6599806962556126,0.43016799018640606,1.5427360100314973
-80,-0.4537224570706901,0.444811536124168,0.4722823330830727,-1.7862272274889262,0.22759911862435192,-0.21914215827339392,0.8388247637355575
-72,-1.4483476183735406,-0.7224710952984427,-0.4780715914982724,-2.9225201149838456,-0.510253400397037,-1.036682783898862,-0.05102530565667685
-64,-2.1758701288539144,-1.5547686899218052,-1.5272978316145034,-3.0243437614797966,-1.1492336129193517,-2.1493642686602525,-0.8641387110060832
-56,-2.2157141965022844,-2.0048586703934475,-1.7619350102536517,-2.0916982763576426,-1.40600629213667,-2.5300961196812795,-1.1445227213045384
-48,-1.768575540809311,-2.053557009291385,-1.4963080204730634,-1.3686027932308507,-1.406006299111682,-1.8261848607034996,-1.1194357580326972
-40,-1.4070279045844423,-1.84105542777091,-1.4269498941929075,-1.6106184530399632,-1.3100854402465933,-0.8448410937516858,-1.1755124679271216
-32,-0.4979936235665106,-0.9143127185489173,-0.6492534527302078,-1.2047995387190877,-0.6076498578459562,0.05829041295131568,-0.47455265372991556
-24,0.6884730899685142,0.7635638452334703,0.9046638742540456,0.40371878765852637,0.7647556442273522,0.9009178138403573,0.8860473111271858
-16,1.2448137778965618,1.7699944210557328,1.6130022769412802,1.4086738628641668,1.403736000371496,1.206388755071964,1.446815148947087
-8,1.258095151639609,1.7449076486455728,1.365083873570697,1.411625235992348,1.170574575985756,0.9997900746848118,1.1590527134372837
0,1.6993309914846266,2.0046316675427214,1.5244599475956688,1.5783800275450641,1.1882830217858678,1.260989883344517,1.2771091638727392
8,1.7893489638005067,2.150726456438998,1.7443399605098897,1.7598916590579599,1.3638919065668322,1.536946623590691,1.3700785281810353
16,1.1400387530411706,1.3494187011741674,1.0286231563897548,1.3703055309220145,0.875433593201901,1.3952789909271874,0.7709423051552569
24,1.070680661001982,0.9421240281612409,0.3350417769152777,0.9408754510180063,0.26449166254769957,1.5753150078454308,0.3488907484298056
32,1.05887501757537,1.1265871699247054,0.417681280267463,0.8346245433470617,0.11249413658939472,1.8261849008585935,0.8225920368382271
40,1.098719101393086,1.4659993918079113,0.7880831913879284,0.5055424533357592,0.18627937550850057,1.5812178782252946,1.3936898514945457
48,2.443086285930608,2.5240798115474212,1.1835721115933795,1.2729090195752792,0.4681390622255746,2.3559629522666414,1.6917821956758803
56,3.7033382502739647,2.983024037746428,0.7629962170194778,2.5257825098822044,0.2836758511875635,3.870036308143026,1.647511080224463
64,1.6963796175638317,0.20869866505557813,-1.0270338624581665,0.6634428679040723,-1.5476739173495928,2.5153391164911953,0.07293384918507126
72,-2.2024329581378734,-3.7594719026573067,-3.646410130299689,-3.2265153753581886,-3.939791664950635,-1.2078644541105934,-2.617276299982629
80,-4.0411612022966885,-5.791517475494918,-5.0084857963049965,-4.69779315888394,-4.826690329510092,-3.7209899507694675,-3.983778960051689
88,-4.700801387990166,-6.758104363489897,-5.198851832702342,-4.441020572085526,-4.572869082708552,-4.575423202116147,-4.035428740084171
96,-5.707232138187716,-7.941619568359584,-5.483662848795251,-4.66090060322989,-4.773564952479008,-5.224733360562896,-4.537168355698281
104,-5.587700007687615,-7.702555385669735,-5.319859554018649,-3.5570732107456093,-4.66878981063365,-5.34869259847069,-4.795416737490512
112,-3.7415931855012863,-5.512609305052291,-3.5386836522620078,-1.337613002855923,-2.8949924881727043,-3.9866168910908826,-3.3595557913501213
120,-1.1709150891574245,-2.438715867216527,-1.0122767855061152,-0.2810083094697739,-0.6902894111328836,-1.5487523021606289,-0.9275940702633658
128,1.0013225808520168,0.42120019917768053,1.0758456245198869,0.5527650536740663,0.8311623864412397,0.720881842576735,1.2372650253645918
136,2.2792830187370066,2.2555014621131066,2.5102308384415655,1.895656470959296,1.9054756453123594,1.8837373770541723,2.5373611437513466
144,2.9448259663806216,3.728255009879213,3.5624085158877894,2.521355459701312,2.6521823276291596,2.5655131086633953,3.261932243850636
152,3.2650538867555934,4.669754747069651,3.853122423602644,2.8061664494794054,2.9001006837598915,3.0362629196355067,3.500996450953026
160,3.5882332775918626,4.9206246554595445,3.5683112875078296,3.046706430967623,2.700880606605408,3.1144752851435875,3.163060038647753
168,4.545965907811728,5.327919141098298,3.794094150986541,3.5307375700281614,3.1229321000801855,4.143041576025626,3.0789448739366327
176,5.787033665126553,6.022976193662412,4.111370732791343,4.3335210017116115,3.6305747060760627,5.961110001097626,3.489190808001984
184,5.967069672691937,5.900492712385869,3.4797690413867888,4.689165902618206,3.193766040376916,6.262153941607514,3.0243438208039772
192,5.800314977521202,5.202484254513406,2.355281785904825,4.41025765037771,2.398361077023069,5.482981645863397,1.7567131983789992
200,6.086601762134589,5.15526166162568,2.035053911025952,4.667030397759913,2.085511625453269,5.865189244796913,1.0483748120196323
208,6.333044493366675,5.224619906481032,2.126547584014468,5.577540284812256,2.3467113760935594,6.80668898927941,1.350894379806011
216,5.998059509514104,4.8232280737286,2.4526783972795685,5.790041825275276,2.711210534616744,6.805213283375515,1.9101865385124017
224,5.212984395861235,4.4336419882353395,2.5825404204403815,4.267114345575706,2.8528781553910227,5.859286409133587,2.0651355417484925
232,3.9379753967329454,3.858117162870355,2.3774173625740307,2.4077261090644444,2.528223157093636,4.674295394368921,2.3455194973565154
240,3.3654018485897312,3.804991636035045,2.6032002588670005,2.0491298610274415,2.3732740741204803,3.8921718155376848,3.077469110805937
248,3.56019502108743,4.373138126071219,3.225947735614697,2.717624098891711,2.885343680362508,3.5557110095838684,3.835981455889154
256,3.434759978991483,4.52513574888707,3.8191811342322786,2.565626581335126,3.4638199757132213,3.1882605204166654,4.317061243380639
264,2.6290252157128777,4.141452494618496,4.089235164048287,1.7510374228419732,3.7884751544097726,2.2615177996224944,4.3096827416026855
272,1.8528043457265775,3.337193261124741,3.9756058665166214,1.2640548919475405,3.705835711296323,1.2122916581075636,4.005687562709159
280,1.64915703180964,2.6524661365719635,3.54027290085602,1.2433949633213377,3.1819603652457062,1.1399820120654602,3.87877691600551
288,2.1331882674106795,2.676077388550127,2.8511186822114825,1.6078940471801935,2.3644198805471777,2.3234974298315243,3.7533419606216403
296,3.0761637092368295,2.7351055429080784,2.235749773821396,2.2704855188142057,1.892194257460766,3.536526889742981,3.1291188673770156
304,3.1750359745199277,2.3351896221394313,1.8210767107892247,2.4475701662502973,1.620664592759162,3.6427776536335728,2.33666516634378
312,2.4534162477073416,1.5884827923962512,1.2662115851432425,1.8351525292166322,1.2783010668638,3.216298930529876,1.7449075538427263
320,2.257147465212158,1.1487228234775622,0.6346098870807215,1.784978715065751,0.7927940484752141,3.1720277152089764,0.8668631657640989
328,3.228161261192906,1.3730298723056062,0.5121263848791437,3.150005738981033,0.9078990512766835,3.645729066551024,0.431530181397783
336,4.622702364030912,2.0400485786412723,0.9474593762204708,4.7629512564664775,1.480472620661979,4.455891117953531,0.5599164628285042
344,5.39744755458666,2.3706063921525216,1.216037603116513,5.587870247223079,1.7534779988765818,5.161278053666974,0.3252794320913073
352,5.477135610621906,2.617049130359618,1.0123903307326003,5.67198550308492,1.3756975030706382,5.434283375447392,-0.36682623387017144
360,5.5464937351583075,2.838404985507507,0.64789120898675,5.406358543106653,0.8355894881421047,5.391487943389607,-0.735752413881586
368,6.334520141568202,3.065663458666657,0.6169013834197179,5.807750338447658,0.5699626313623057,6.36988033879847,-0.384534635759414
376,7.51065698653801,3.2943978561743865,0.9223723859997216,6.790569833496586,0.4341977701603196,8.018242779905783,0.37102620985279683
384,7.805797988978716,2.910714571310874,0.6242799062812294,7.081283651170381,0.13020256701277616,8.28682110191562,0.40791888519170444
392,7.547549631123459,2.805939343229008,0.509174974181014,6.911577526595803,0.2881029914095142,7.463377635237042,0.3857832929872453
400,7.239127271426095,3.4345897466322293,1.3104827693936378,7.062099495344778,1.1868073469524782,6.791931958616072,1.5235518584860128
408,6.5248861110688425,3.3017762441328324,1.4610046452481407,6.254888987641192,1.2296028103978172,5.910936123537548,2.05185420795324
416,6.0113408306275185,2.928422993808106,0.9917304434808989,5.493425157036994,0.484371724287002,5.660066348782537,1.5840557518791651
424,7.206661817314387,3.734157820337385,1.435917674684241,6.665134904427535,0.587671073357866,7.306953009797196,1.991350292842439
432,8.877159725234476,5.009166929639154,2.3744659030508193,8.331205727608719,1.296009433402416,9.01729494747866,2.6126220969760667
440,9.501382880303066,5.336773382862586,2.5884432133025026,8.421223707058134,1.5763934622480607,9.386221304560255,2.4561973821292526
448,9.659283379205611,5.388423048917038,2.4497270038604437,8.534852931510699,1.5896747663995145,9.845165402672686,2.211230328425448
456,10.27907948044728,5.947715165614839,2.578113294326976,9.588506341334158,1.951222428780676,11.006545291009395,2.385363545189512
464,10.892972772340435,6.439125019983799,3.2466076453766632,9.764115258136764,2.668415005542886,11.629292735893973,2.884151841573258
472,10.997747741554255,6.5261915579816225,3.754250125029718,9.485206977679178,2.956177553604015,11.5584589449259,3.323911847110758
480,11.276655968272548,6.806575454777617,4.049391122873257,10.310126025979626,3.280832633065173,11.682418110864253,3.5142778402313266
488,11.72084331171017,7.41456589594776,4.492102519134989,11.132093685933684,4.024587931791275,11.953947720082807,3.492142249929143
496,11.407993763124297,7.268471123537876,4.509811088107465,10.388338299544369,4.06148055671987,11.701602267799519,3.360804460308652
504,10.280555184924467,6.145459651477551,3.450254933771399,9.132513545331605,2.841072591701478,10.751248263798155,2.9844997569601572
512,8.580543073641103,4.680084726759483,2.316913529736662,8.416796532595216,1.7756135879105805,9.098458857002703,2.6008164283443005
520,6.580963011507903,3.3312903932812454,1.8919104515055098,6.9942171697652675,1.5365493911121846,7.0383746789100705,2.379460653091998
528,4.681730648219196,2.0680869362833754,1.4742859449609504,4.577012294979611,0.9551216241905127,5.316227003956389,2.364703629403672
536,3.017135582144834,1.1310143044398286,0.9636920574631803,2.4210074759910034,0.056417380564780656,3.760834098679247,2.1654835199104974
544,1.6919524594287825,0.7119141278175692,0.8692469704475515,1.1179600283869355,-0.20183104260195103,2.353011507961637,2.096125307393835
552,1.0264094967254838,0.6307503845841425,1.3370454011579485,0.06135526461657742,0.31466565202500946,1.6018777253706793,2.3012483874534033
560,0.9275372590253865,1.1074030177451293,2.1029362912958955,-0.3843076984884304,0.826735387463275,1.4793941439076064,2.8192207635717184
568,1.4499368470180445,1.8939537691370067,2.4659597735589833,0.17793601754985852,1.0731780142287086,2.1788784852297134,3.5172291734117143
576,2.152372394068054,2.372082172720747,2.3597090096683924,1.075164673371323,1.164671758711094,2.930012128161916,3.714973685272196
584,1.9324924236379935,2.103503890817226,2.0025883429362126,0.8921771111689302,0.7234359416933867,2.4548352067701753,3.2265153019986244
592,1.0470693757339897,1.6829279524909784,1.6705548124244585,0.16022742907905363,0.5094586809008778,1.585645044445016,2.4724300462514797
600,0.884741879597233,1.5811043380166723,1.6971174189836127,-0.058176798669777215,0.7322901671298107,1.8099521048452385,1.9928260025508855
608,1.0854377647444193,1.5501145376547956,1.4728102797974638,0.12923772145312648,0.6791647780509803,1.9029215669622204,1.4969891010129706
616,0.598455093081571,1.0159092905417504,0.8721983183705768,0.03626837822838778,0.38845093850101287,1.144409075562283,0.9450754713504872
624,0.44203041723141295,1.0557533764202642,1.1245439483581414,0.4361842493793384,0.887239145319269,0.9865086881014015,1.294817597149534
632,0.7814425728520084,1.548638827946348,2.00701543211376,1.0397476351373325,1.695925470685461,0.9525675783375868,2.0046316513672786
640,0.3962835720976518,1.3007204334530524,1.7841840595458123,0.5852305767432757,1.56606342533143,0.009591975135030982,1.6298025868674546
648,-0.6824568250931432,0.2913382140623857,0.9090910438027499,-0.807834959374025,0.9078990718846723,-0.9392861352712162,0.6307503213273723
656,-1.101557049906391,0.04341974712408282,0.639036980379867,-1.37745717100787,0.6260394558688527,-0.7769586385003676,0.27067837959274377
664,-0.695737959466473,0.22493143824162284,0.8382571367958466,-0.8004564119414493,0.64522361977913,0.00664054842607879,0.5259753479919542
672,0.03916292438823075,0.7399524956051435,1.2986771440386482,0.033316942325102496,0.8223081909656622,0.7400659516380577,1.3538457253511915
680,1.166601526049468,1.7080148737542273,2.184100057990725,1.0043307023211319,1.4273472193768781,1.516286868705688,2.3101025754784015
688,2.0726843147299294,2.528506895652234,2.963272216770975,1.7982599719773538,1.920232701973468,1.8984943416134243,2.652466139894851
696,1.932492284454808,2.3838877800041156,3.0341060622709577,1.6403595604209773,1.8759615051997565,1.597450574844734,2.6480390186956586
704,1.445509793825216,1.9456034846506318,2.8304587675353017,1.2625790879179137,1.7726621176078066,1.408560375291275,2.7410084516444106
712,1.6225943516958172,2.0415242984951907,2.873254325618867,1.5075461124534886,2.1902866690143727,1.8616017461701033,2.910714478568827
720,1.7967275675087437,2.0252914382800244,2.7079752868928524,1.5016433088118042,2.4367293111565367,2.0239292741699826,2.6923101441340243
728,1.2595709352197701,1.3553214949874262,1.834358002575886,0.5099695299899911,1.7977490932444404,1.4941512298954691,1.8098385857140764
736,0.8685091882090524,1.038045026368039,1.3562296234046871,0.39338886678072527,1.3343778239980764,1.281649664702861,1.4910863130650622
744,1.6240700858168051,1.8201685108780956,2.1929543601522763,1.2950445984638073,2.1932380789198875,1.7435453664359024,2.155153579692891
752,2.3397869068989,2.624427779722476,2.9898350099116895,1.6093696695424728,3.208523052810111,2.097714593618767,2.6686989244945494
760,2.232060431239063,2.500468457004882,3.0709987358661124,1.0176120280317116,3.5877791998295168,1.894067415238989,2.19942468357213
768,1.2521923223171996,1.6165212213737006,2.6238601063294325,0.4952124731703591,3.454965830489431,0.844841180671063,1.306623214102806
776,-0.11578608629843999,0.4138217313236478,1.6380892600284955,0.08791792967071681,2.6816964127342846,-0.5408458439983824,0.5230238569226674
784,-0.9702193076842741,-0.43913572344398544,0.8500628439487004,-0.030138433577094132,1.8538259637226544,-1.3111638372639,0.06260398315622495
792,-1.1635365593209008,-0.4553684663521384,0.9223723303581514,0.19859590496008148,1.5763933652319901,-1.6815659219670407,-0.08939369863018064
800,-1.579685331902995,-0.6575400260156676,0.5076992210372676,-0.7104383465725738,1.1690988575585446,-1.8793103215932452,-0.6309773746006034
808,-2.1360261877068916,-1.3673541523613728,-0.47216880259922606,-1.9928260695695292,0.4150136412836233,-2.077054779872955,-1.2920931536466524
816,-2.2747424258416094,-1.5282060705222886,-0.4928286811321633,-2.0813683562724563,0.4725660867257419,-2.3913798753641613,-0.939399666608648
824,-1.8925349171076775,-0.9940008158001394,0.3040519586403031,-1.6917821390465901,1.2709225219675937,-2.40170975835497,0.07440962737545033
832,-0.8270758617968107,-0.1912172450920271,1.0168174642965855,-0.8875229580239463,1.8493988650337285,-1.0706240547220374,0.8993286040235076
840,0.6914245640758402,0.7266711289956314,1.2544060238315422,0.6088418066867433,1.8759615351606023,0.9156749297890643,0.979016757708915
848,1.196115595302293,1.1841397258573487,0.8485871502510756,0.8774201009550574,1.4214443044520528,1.8483204290197648,0.29133820850798414
856,0.9334401406603827,0.9863952780401546,0.6567454084254034,-0.34593925684836807,1.4243957592195753,1.9162028305317893,0.3784048259258271
864,1.168077222600506,1.2771090778008525,1.3827922543763826,-0.09802102214624744,2.0869873590986874,1.9442411507624655,1.3479429453294327
872,1.3377832311362565,1.5043676538414243,1.632186465264099,1.1179600117420219,2.414593812956211,1.3760947948367435,1.0483748418219538
880,1.2728523752254277,0.9554053803451618,1.0197689003583943,1.5887098487119038,2.2138979661715887,0.8064727916606317,-0.1498976020102801
888,2.139091001460771,1.1605284130063562,1.0787970751658105,2.5036468569634387,2.3688468949018735,1.7627294701074425,-0.47455264279182974
896,3.2709566187448855,1.778848768079291,1.2839200845241254,3.927702174578381,2.661036498850721,2.991991885030816,-0.22515852828609176
904,3.0923964955802834,1.104451590877654,0.6655997402307546,3.827354252374993,2.410166739630963,2.8444212862395615,-0.8656144208730534
912,1.8454258789822047,-0.11152924295459923,-0.004370340818322944,2.325086619186715,1.6678870898990021,1.9899882246449032,-1.7776000697879086
920,1.4838780588706662,-0.18826591571619147,0.0472792873491339,1.131241284505923,1.2842038210463118,1.6550031025602856,-1.511973148489252
928,2.2379633475905947,0.9022800489687004,0.8043159694881857,1.0854944771006338,1.6678871130433583,1.954571182764885,-0.5173481130536571
936,2.361922484677767,1.6725980152853093,1.0551857751551805,1.174036888402632,1.8080790910058935,2.063773305199541,0.1703303747988755
944,1.8454258777140187,1.4969891607822357,0.5121263492114706,0.9290696969423469,1.1189248607891762,1.836514743743084,0.20279590674537293
