-240,1.24410113771457,0.30322867971649214,-0.5831913238865433,1.8545737415493055,-0.0034651590317699875,0.8291074033652287,-1.0316265944825764
-232,1.8661792868427762,1.431549632997148,0.19905399057266732,2.3307852595985463,0.6343436490073739,1.3896927393376117,-0.14927672929795927
-224,2.2365660226765733,2.302459011697797,0.9526980265289618,2.2378310490455737,1.1720479092398963,1.8916454100826257,0.6057973303887505
-216,2.1850837043809275,2.3010289013255782,1.1729279653088713,1.9718390143964617,1.2521315690227477,2.0961446179037146,1.0433971540356892
-208,1.7574944385784559,1.5974371476448967,0.9183764808961175,1.6457843248932542,1.026181351130534,1.7000167607126682,0.8918102587455802
-200,1.0696332852794097,0.8681041941070345,0.5308289687126333,1.0008252193880973,0.6157527994615609,1.026456344751589,0.4055882959163539
-192,0.6134426910474507,0.8552336167606162,0.4107035634526649,0.6018371609623806,0.47703659089546563,0.7819152937509256,0.36983668384667323
-184,0.737858307600305,1.2055994426029533,0.6466641794243189,0.7577141879701031,0.562840425021633,0.896320467674477,0.6286784030562068
-176,0.683515889766574,0.985369505973726,0.5980420265698321,0.7548540981100913,0.35548106497072396,0.6417689832617234,0.4484902638277298
-168,0.14152139504451192,0.15879216515455447,0.15186185576464803,0.24003086845308516,0.053737419941754364,-0.04180187993726496,-0.06776303718195945
-160,-0.1344810628777551,-0.23304554157721258,-0.10697984516407942,-0.018810828020656013,-0.09212918271747099,-0.19767889880311562,-0.3137342099227382
-152,-0.14449153377317825,-0.2015841162211835,-0.22996540557265183,-0.2419009013640605,-0.17221276799451718,-0.08327376267013814,-0.25939171328183475
-144,-0.6192729827740376,-0.6291734193533688,-0.41873391669222876,-0.8182169398755239,-0.47824659098078576,-0.5880865420168305,-0.46818114268836486
-136,-0.8595238378438377,-0.958088248796779,-0.325779727031606,-1.1042298779104267,-0.2923381901527095,-0.9398824502725059,-0.3723668133947793
-128,-0.7679996814380852,-0.7550190746914196,0.0674880568904125,-0.8696992799852402,0.18673344126043598,-0.7153622799218413,-0.003410156901916868
-120,-0.825202278538795,-0.3946428335641799,0.1532919019236158,-0.7209725736401836,0.12095046351227286,-0.8426380593043108,0.036631622678887595
-112,-0.9524780241248165,-0.1901436053116017,0.014575640665785287,-0.6923712608799587,0.043726963179391384,-1.2645070877791766,-0.11352510278797817
-104,-0.8967054845509692,-0.4003630661295583,-0.08695891765991332,-0.46928120074789265,0.2139046524047948,-1.4060835432051475,-0.28656297896137123
-96,-1.1941589384113012,-0.7893406727087584,-0.2685771088849261,-0.6995215866120913,0.13096087772183526,-1.4189540505007465,-0.44959028192827566
-88,-1.0983445836167596,-0.7235576573236419,-0.29002810774177523,-0.8582587303633635,-0.034926583005217254,-1.0928993359574437,-0.38094723214004655
-80,-0.6821957890898535,-0.5204884813748399,-0.20279413682071107,-0.6394588652404404,-0.03206642939281502,-0.5594853321821514,-0.2479512020650125
-72,-0.6092625080381094,-0.5662505635718428,-0.357241105072608,-0.6151477527124459,-0.23799576771037137,-0.3035036986848839,-0.42813932746766953
-64,-0.6464442069761156,-0.7979210376869489,-0.5989220288835475,-0.7853254924789008,-0.5726308610576849,-0.3478356844891073,-0.8013861817348389
-56,-0.400473095222563,-0.6306034691992212,-0.6175128987072291,-0.4649909992867004,-0.7456686630325126,-0.14476654848156234,-0.654089542133859
-48,0.22446509199564052,-0.00852539042907516,-0.5889115951642168,0.47742156560911625,-0.6441340956432211,0.1970189194491133,-0.24509107871579336
-40,0.8951654137953421,0.5878115169036301,-0.3229195720366219,1.2582368114808071,-0.32951988263866605,0.5888565936133939,0.04092188236214264
-32,1.2269404370996515,0.7265278204070207,0.0860788952219497,1.160992392553733,-0.03492660635549036,1.023596196055034,0.3669765549671263
-24,0.9437876339354845,0.30608884316058865,0.1618723324976396,0.5460646376722773,-0.21511471409182237,1.1122602232740004,0.5628954494264181
-16,0.6177328935839845,0.05010725544214592,0.10895991366146864,0.09702438284465029,-0.23227547446500665,0.9907047468149689,0.4728013875700008
-8,0.9194765295493619,0.4576756697824602,0.5665805497510292,0.4574006391802925,0.32687975973788935,0.9878446248483319,0.86749919890932
0,1.1568672591192584,0.7236676572701648,0.9412575394305135,1.1624224768105151,0.7673396826156731,0.9663936920481766,1.2621970266860028
8,0.900885691832305,0.44337501340234764,0.9112261731375507,1.1495518708907362,0.5928717820973836,0.8691492344088066,1.1778231996992672
16,1.0825038683097763,0.5806612102204045,1.1157253883324099,1.1338211685052761,0.6615149004002302,1.189483642956267,1.428084466674326
24,2.135031435931135,1.5917168802077293,1.4675212795362407,2.147737017145098,1.1034048477765304,2.236290991684446,1.795611110036568
32,3.0845942589661877,2.697156794310136,1.4417801170087727,3.150212288050544,1.1162754108362687,3.074308791643188,1.6726255276603046
40,3.3005340551214495,3.313514671085327,1.211539703646555,3.2202853901425508,1.1777681752944822,3.6835163393066015,1.4523955921064196
48,3.4778620663920994,3.742534022066303,1.2530115522757403,3.1373416862785115,1.4351798134732587,4.105385381914529,1.4009132509213607
56,3.3863379195107988,3.2691826319748882,1.2573017698670552,3.3361206782788257,1.336505363441998,3.3903531085679126,1.1706728469299768
64,1.8275675787682768,1.3586163881997757,0.6423739822644925,2.3036140570569184,0.8302624898532097,1.1494418987081132,0.5185634190723314
72,-0.4562456621408086,-0.9838294491148204,-0.4530554680090212,0.18711841628132667,0.04086685949356025,-1.4017932841363738,-0.4166988153291258
80,-1.957813408394166,-2.458225978386251,-1.0265113860900488,-1.351631042121376,-0.5926517910197742,-2.804686649487568,-0.9872945911656474
88,-2.884495262301792,-3.137506679450822,-1.2367308364618304,-2.469941569363712,-1.027391394383136,-3.5125685908036224,-1.0845389890467525
96,-3.3807276967945428,-3.5994175868987743,-1.2138498115702623,-3.054837982224199,-1.2218802156463018,-3.914416752454309,-0.7570541747310254
104,-3.017491281623411,-3.4335300644163946,-0.8019912401649991,-2.580056533376959,-1.1303560236006576,-3.245146524282222,-0.2908531478550772
112,-1.8090866977477427,-2.386722730282136,-0.3715417786581852,-1.5489799440273397,-0.7628294473704508,-1.576261183425702,-0.07920358987624085
120,0.03283647334972681,-0.6191629825616339,0.12326054146822078,-0.23046040643098184,-0.1193004218207097,0.4615808524823586,0.38413734744693584
128,1.9662837908676363,1.2413511414680565,0.7868105419907748,1.3669216959995,0.36978173671285863,2.2606020810157883,1.1363513444644135
136,3.4807221573274534,2.6413842931413445,1.4274794801384283,3.14163188451368,0.5270888086505865,3.7421489850242033,1.632583724575606
144,4.882185467609708,4.125791313125207,2.1997143375280355,4.7676152746642915,1.2349707828413672,5.09499005027984,2.283263114416155
152,6.410924527625731,5.993455610803013,3.213630091691425,6.127606725103086,2.2302957137279997,6.367747552379742,2.8366981335663795
160,7.377648098129872,7.526484884262606,3.7742154356520574,6.898411541864053,2.7923111417917954,7.337331329341637,3.032616975641176
168,7.557836285748717,8.170013976944382,3.9930153918717703,7.248777357106594,2.9882299520672073,7.554701104370211,2.946813084829148
176,7.2732535049402,8.30157990463545,4.1002701604879155,7.215885828137636,3.207029853444502,7.067049142697045,2.908201380441532
184,6.82135306086028,8.092790421000982,4.146032224096872,6.931302982501386,3.4029486882991495,6.209010340113852,2.8352680494632168
192,6.455256527102155,7.612288750034539,3.9672741528414335,6.659590703150898,3.4143891821568872,5.762830283602111,2.6493596251312463
200,6.060558714533874,6.988780652757064,3.698421997608267,6.090425030159205,3.142676919704624,5.6555754248108965,2.436280000408333
208,5.59149747566984,6.413894688977928,3.3466261282185075,5.525549543266683,2.813762108542019,5.3252304387555816,2.3318853536052044
216,5.352676722830387,5.746054490066586,2.731698367960344,5.313899979603899,2.348991049785968,4.774655587043582,2.1488370473993665
224,5.282603551762904,4.988120256028745,2.068148400926997,5.1551628254064505,1.7869756691908196,4.478632221126918,1.7412686367459378
232,5.05951350637838,4.589132209278166,1.8064465841764406,5.02931709295105,1.5524450830943903,4.573016510252724,1.4523955841181675
240,4.859304442718141,4.144382097996909,1.5862166292664082,4.929212628099346,1.4623510173974679,4.640229503743051,1.416643940402722
248,4.414554391502389,3.2749029385852118,0.9727189206975403,4.274243031420897,1.0762335993024585,4.158297770641137,0.9718938980969433
256,3.540784863337082,2.31103939249887,0.4192839036980005,3.2174252743207212,0.6043123134384544,3.4275347781644574,0.2883230246054001
264,3.0531329045827005,1.8076566597720067,0.2419558981112975,2.6024975444793608,0.5227986423684244,3.3202799259789133,0.11528524106499893
272,3.2004295332766457,1.8791598849867086,0.183323295714598,2.3736871841890204,0.4970574299143857,3.7135476610497027,0.16390739852809233
280,3.3505863126642077,2.0021453776487648,0.024586135679582895,2.101974899615446,0.41125354662974817,3.8365332225336166,0.03949175463083906
288,3.2390412537943836,2.1623126194826385,0.04460702815833852,1.968978968471832,0.4770365744581021,3.50904848641058,0.04378198681607502
296,2.9129865266542225,2.362521704496088,0.11325010175770192,1.9174966082378668,0.5142182263883214,2.6910515231664545,-0.0792035755895605
304,2.3752822828590636,2.338210590585511,-0.19707384972015518,1.7187176168520335,0.2839778105681801,1.9159565796037212,-0.4739014002938388
312,2.1836535980028358,2.385402751048107,-0.06693805006763288,1.8274025161182659,0.4041032367204977,1.8816349656098799,-0.39238773260345344
320,2.7914310501951913,2.9202469014499894,0.7167373409673489,2.3937081123076673,0.9317970761377881,2.3878777674580256,0.3226445992724655
328,3.1761184613043874,3.1805186417783946,1.325944879259929,2.822727512139871,1.390847839344172,2.366426864460193,1.019086020461725
336,3.1446570393280036,3.097574896436897,1.5032728610354982,2.907101283669707,1.299323722418814,2.287773260514382,1.269347356565882
344,3.0345420593382544,3.0289317888874656,1.736373429853561,3.024366628871986,1.3722569369530035,2.6338489231469606,1.4938674494919562
352,2.5240089483411423,2.617073185068336,1.5590453602072263,2.5553054006077476,1.4237392836683895,2.3878777943415646,1.239315960163355
360,1.5901767932806194,1.6589299474357617,1.0542325890024062,1.834552835091109,1.0147408452904187,1.4340247666192942,0.5271437772912317
368,1.505803023440605,1.0583028374129018,0.8268522905402957,1.894615565065492,0.9360872628514387,1.1294209650591382,0.17963810844094283
376,2.0563778193884668,1.0783237123789529,1.0156208508183424,2.5939171467800626,1.1834884339752976,1.8015513574434212,0.4785215886432344
384,2.33667052378265,1.0525825387908292,1.0056104243191626,2.8584791065432262,1.3479458663633284,2.2820530715771454,0.6272483229471706
392,2.3094993416725127,0.6521644569419376,0.7810902739391262,2.7111824620263993,1.2878831766374428,2.3106543582219334,0.4170288243386406
400,2.039217116162003,0.2074143613299425,0.6752654947960878,2.6010674072236033,1.275012587155027,1.893075401860036,0.09240416716858088
408,1.7532041219021,0.27033718838448767,0.6924262637720043,2.545294908512735,1.4351798515710732,1.8387330116779437,0.019470885348735967
416,1.8761896904525441,0.7422584922220573,0.8726144165190602,2.7312033482067273,1.681150919542863,2.2491615171072317,0.25257138749562386
424,2.4510757153725264,1.0697433272765138,1.3402455224287029,2.7726752582839986,2.070128476963594,2.689621474703184,0.7330731446430099
432,2.5440298756916873,0.9510479439035184,1.3960180338900492,2.373687237034375,1.9657337439795222,2.718222736000637,0.7859855032600552
440,1.8375779671696426,0.5163083198014278,0.7796602151833008,1.7959410998258303,1.5767562099090648,2.3449759450249963,0.18535836205229125
448,1.0867940584030724,-0.03426662546528648,0.2991584915251225,1.366921713819445,1.1534571165335643,1.7429186894508881,-0.23222047663651976
456,1.2769927310504008,0.09586931090923068,0.695286352710295,1.601452347384522,1.5138333830081405,1.7715199627307174,0.21538972942059617
464,2.022056262234106,0.9567682259346076,1.533304232090688,2.4323198491091476,2.121610840269964,2.1705079696936607,1.0491173961255211
472,2.5926520962926918,1.3300150802017772,1.7678348361606824,2.9571535060334355,2.091579448629665,2.2348609336967225,1.100599734545416
480,2.5583305211647653,1.4630110554343934,1.5933669663664367,3.1144606885777213,1.918541646654837,2.5637757287292042,1.024806269771707
488,2.732798377440432,1.8948905718565274,1.8050164711926777,3.2760579868631186,2.336120524055943,2.912711468932178,1.0505474538060051
496,2.754249323144685,2.3467910111742203,2.1725430809120927,3.4548159814620676,2.783730701386078,2.892690636826168,0.993344858855978
504,2.439635180498191,2.6456745323931106,2.2183051515875785,3.5563505996996514,2.849513719229118,2.7082122875337657,1.0376768312952425
512,2.768550034674457,2.8401632447395415,2.409933832603301,3.680766182148817,2.986799889010016,2.7825756302601192,1.3408505269381663
520,2.69990694448411,2.807271777525911,2.714537596833744,3.560640814064942,3.138386729150467,2.7868658323357924,1.5396295472046007
528,2.2422862914963244,2.535559525519823,2.5743912370324518,3.1587926679298963,3.012541035560981,2.5194437562899394,1.3723119699605204
536,2.688466373662642,2.76007967036953,2.4857272712615734,3.1902540064905014,2.953908365417765,2.9284422794662714,1.3794622751075443
544,3.4607013365893393,3.4207694639734667,2.660195151501994,3.572081261068512,3.028271782035443,3.682086319109451,1.553930213262787
552,3.7653050275429383,3.7153628010902495,2.797481317442387,3.9825099116689064,2.8094718803509093,4.015291270285161,1.6983666682200798
560,3.7581547082628544,3.206259800618977,2.5701010784313008,4.1555475967387485,2.274627723804218,4.075354001334886,1.5510700413695786
568,3.6394593505444366,2.6785660149687627,2.0996097989386273,4.049722936958618,1.7083221495825085,4.0067109400251395,1.443815220368939
576,3.785325967029482,2.522688913301614,1.782135492848036,4.0511529514718205,1.3836974957920936,4.136846802969192,1.4180740131379874
584,4.00698597378243,2.532699413077638,1.5218637678816525,3.9181569430572365,0.9718388938164066,4.315604859323469,1.317969511417432
592,3.7881860464433186,2.306749239888908,1.3030638285601641,3.67218581333012,0.6615148681399843,4.299874213163009,1.0062154160781482
600,3.5407848851511545,2.1008198791427994,1.251581534075652,3.6593152570296716,0.8259723103597084,4.162587936001577,1.1063199919972702
608,3.546505128777188,2.105110053874074,1.6334087898826235,3.653595011867435,1.2821629015192635,4.125406269938298,1.3894727595215466
616,3.5064633504253453,2.2381060923982194,2.12821111753642,3.6779061028885995,1.525273916807135,4.071063806018501,1.5768111948334538
624,3.244761538897876,2.2953086003992027,2.2654973413916353,3.7465491397727306,1.6911613935106904,3.8379633319841133,1.6225732610539536
632,3.055992992138408,2.3439308242262307,2.5343494479271924,3.8395033887307575,2.201694481157529,3.5448000652982925,1.7956111051207206
640,2.5926520340765022,2.2824380765126207,3.1392667371363134,3.4104840037997146,2.770860115129686,3.1315114031841995,2.1702880252102457
648,2.044937386210715,2.073648608547416,3.5110835218942418,2.6282387243659127,3.031131864060824,2.4322097603287793,2.280403000130528
656,1.837577925231323,2.145151839753307,3.489632582642037,2.100544802915426,2.986799827715548,2.0675433203518905,2.217480092425369
664,2.0063255875002852,2.132281304959689,3.207909844685745,2.172048082358065,2.74797909853361,2.453660805271694,2.045872410961695
672,2.3652717694108403,2.0078656894821765,2.7903310044607323,2.5839066957016485,2.5248890301060527,3.2645074489284958,1.8542437087463821
680,3.014521075455467,2.1866237005184885,2.5586605346469913,3.0000554750201536,2.5406197223525786,3.9394979242598795,1.6383039909374324
688,3.330565406820492,2.329630209630818,2.1382215884318434,3.2574671290218133,2.1745231901306568,4.049612837578456,1.2092845918733295
696,3.0831641472113875,1.9849846191190237,1.1843684848211855,3.1430619441912273,1.2764426216388582,3.846543731834094,0.5328640788320889
704,2.834332990915788,1.4687312989068064,0.4135636781991522,2.988614949823894,0.6128927048393227,3.694956848065501,0.27545239241656383
712,3.1217759803327456,1.338595468683861,0.4435950564744926,3.2917886582172944,0.6600847977090221,4.066773659246107,0.4298994443914798
720,3.676640993411062,1.7804854341873466,0.7911007119598226,3.9496183851578732,0.8745944951672008,4.4443106652015185,0.6258182436062363
728,3.4935927709282426,1.8462684229961654,0.5322590317698248,4.068313713073969,0.5084980117965086,4.102525216166131,0.17677797956139585
736,2.5855017700996954,1.3414556173804164,-0.23425560734108478,3.3890330242990143,-0.18794344856590642,3.074308821445511,-0.5196634563754041
744,2.133601379325992,1.2799627943928993,-0.410153537888219,2.812716962590896,-0.21654479051397307,2.4608111194823112,-0.7856554788885188
752,2.0563778871349823,1.7018318658814273,0.16330240630824627,2.6496896686875844,0.24250596716208292,2.523734008753045,-0.4596007385370186
760,1.7131623793437685,1.4973326230349284,0.526538775700553,2.595347207379331,0.4927672743856389,2.450800630920563,-0.18645838214989982
768,1.2784227079266501,0.8252022954783772,0.4650459822081175,2.6639902806714546,0.5585502101954819,1.91166629426589,-0.222210023561042
776,1.1597274213343935,0.886695047339733,0.7825203363818369,2.734063454350482,0.8817448076879946,1.3224796576692786,0.10098459313399807
784,1.0338817016294701,1.3314451036249522,1.2387109075707639,2.442330296500678,1.1277159329601265,1.1937739223029094,0.35696613092586943
792,0.7807602498571041,1.3500359587010937,1.2515815276236022,1.783070509575313,0.7873605754016691,1.2524065177866992,0.1710577205733399
800,0.6062923846714651,1.1398164448841615,0.733898139284727,1.165282602924898,0.01512567177237642,1.2895882419184208,-0.2622518166604255
808,0.7864804850340262,1.1383864113220517,0.4936472478069356,1.2310656382806433,-0.21654478022141846,1.5684507996860142,-0.13068589311710518
816,1.2784227011673608,1.5059130299514387,0.9069359398769724,1.8431332354019503,0.11523018163480432,2.177658395125316,0.5500248625555463
824,1.7074420699682809,1.813376883273792,1.1428966051607168,2.1334363549274173,0.23392557622207524,2.5580555439397137,0.9404324675178263
832,2.043507266928523,2.0393271371131374,1.1543371435683172,2.246411375618709,0.32544966703199557,2.7496842403174595,1.1048899123490947
840,2.6055226131127425,2.700016915355052,1.5290140197224602,2.8141470894004783,0.6100325478472753,3.152962383606622,1.5596504283154609
848,3.0030806150869367,3.0875644209328668,1.8364779275799907,3.087289382956929,0.9503879335182318,3.1400917867504354,1.8041914817740476
856,2.4939776146156647,2.622793498437949,1.5719160162071975,2.616798176126618,0.7530390130242212,2.4908424744073776,1.4137838274996772
864,2.0034654480209424,2.1923440157315452,1.2644520834631903,2.1505971345031285,0.6672351607708679,2.153347207016173,0.9518729953256321
872,1.959133475120818,2.2967386912616536,1.2930533773281283,2.209229771617998,0.9532480485719591,2.154777310782723,0.9518729818070532
880,1.7961061048682585,2.1680329082730174,1.0785437006086795,2.377977428049392,1.1520270322767816,1.7529291993658473,0.5271438193831721
888,1.407128584930861,1.4959025512213844,0.5036577308383562,2.4080087144598417,0.7930808151871981,1.0121556699370509,-0.352345914310354
896,0.8565536909732998,0.915296335059863,-0.051207311274180864,2.1691879915763326,0.2768274803810608,0.4115286141421281,-1.0087455419393687
904,0.4346845879926274,0.5434795309457864,-0.4587757144002191,1.5528301375369344,-0.15934218895827634,0.01683071923341,-1.3648316321464686
912,0.11864039365683726,0.20026403713401178,-0.9850394671028044,1.275397634531041,-0.409603460081081,-0.13332604940073756,-1.8167320163145038
920,0.2101644717162796,0.21027452907540486,-0.834882694935392,1.7544692608747194,-0.08640892818440145,0.1255156820984134,-1.9311371853222081
928,0.489027059593435,0.5163083171898838,-0.23139542208291722,1.8974757457150535,0.5113580786134874,0.3657665302553033,-1.464936162747626
936,0.19872397524699822,0.4791266660277659,-0.3801221364162255,1.0766185930650165,0.5113580905958645,0.07546335358311497,-1.4577857992249195
944,-0.13877125911585972,0.39475287329833886,-0.5817613118312646,0.5575051713176516,0.21104454595379937,-0.05610255843868945,-1.7080471168946503
