-240,2.3068713180600864,1.0706464153296302,-0.08896200483488273,2.000529222583568,0.21806245785679723,1.760753604295215,0.2655833206257798
-232,2.839154691237138,1.0658074410062457,-0.18251483561554416,3.0167065465986087,0.01160104177585656,2.39304167508066,0.0026676256696100344
-224,2.285902537965284,0.5593317898460173,-0.6180193951296782,1.8521350887745671,-0.49326164237421843,2.163998554692285,-0.19088994499715775
-216,0.9793889217998347,-0.3213551861695504,-1.1035263322107163,0.2585111021768959,-1.0594175556384713,0.9832972923097119,-0.6634929860693822
-208,-0.4464852014199989,-1.2875301700438608,-1.7987206225118504,-0.7786349695315833,-1.6546071091723464,-0.6393604444103288,-1.3844950583385223
-200,-1.7562248325225278,-2.4214549323940435,-2.4761721447096843,-2.2448335757315796,-2.2675393843733445,-2.013619252162351,-1.9296822251222212
-192,-2.8595030324696853,-3.216653883743745,-2.8407055981963714,-3.735227084043894,-2.5772315708717093,-2.534611678494004,-2.090980123948433
-184,-3.2917815442988396,-3.327949572381213,-2.640696104216074,-3.928784573967161,-2.3707701864990547,-2.639455362901172,-1.8554851698267654
-176,-2.7256256511338277,-2.831151803852141,-2.2293862705993632,-2.9722875629973218,-2.119145322297842,-2.660424107302494,-1.552244954464261
-168,-1.8046142337227338,-2.03917871998733,-1.7438793653998799,-2.0206294385033234,-2.019140573228461,-2.3297631918237767,-1.1635167731741884
-160,-0.5787495176752693,-0.7342780671933787,-0.9422283860819816,-0.9092863352372844,-1.5175038071579177,-1.4006868329745499,-0.6247815402734471
-152,0.8616413791565651,0.6270769237339071,0.2900881919416736,0.8472486556389357,-0.10130755374731244,-0.0941732086654426,0.25267952684586314
-144,1.8810446637021185,1.599703755722862,1.2417463192079814,2.1344065531515155,1.1342349719849267,1.067172327267143,0.9381959140700603
-136,2.2923545260815374,2.069080893270177,1.7578998315139727,2.348932882427689,1.671357279286881,1.689782453391014,1.1865948144486425
-128,1.9616935965680047,2.1223091837185324,2.0514622063497634,1.7908418872102114,1.881044653819104,1.4849339802357935,1.4333807318762932
-120,0.9632591174145717,1.6948695365332853,2.0385583067022948,0.6262704453269461,1.7245856165179518,0.7478023170491876,1.5091907942071159
-112,0.09386302188225447,1.085163182357396,1.4691764999627532,-0.03989018980340373,1.1810114333782618,0.23164873214335277,1.0656212942944656
-104,-0.3497064818423206,0.2722213662201154,0.6401048411476911,0.253672020253267,0.3422619378484107,-0.16191833718198373,0.5188211942881295
-96,-1.0900641596194667,-0.9778380358728292,-0.33897388573862597,-0.2753852719710955,-0.7045620074812223,-0.9135669637104908,-0.10701499580803836
-88,-1.943330509678089,-2.0020801989238364,-1.4712857084552051,-1.6641609489797797,-1.6158955325580773,-1.6894101915557824,-0.9070529621994134
-80,-2.427224428981062,-2.0940200510852987,-1.9438887888595646,-2.3851628727571157,-1.777193586980134,-2.005554275030741,-1.4328843928300417
-72,-2.3014120459156717,-1.6536765047723898,-1.376119953461911,-2.2577375063942564,-1.152970349686037,-1.96361681065907,-1.2441657801993415
-64,-2.003010725172667,-1.4117295599354296,-0.8325457663370266,-1.9448193264442069,-0.4706799359875523,-1.6281170733339676,-0.9328607181770215
-56,-1.5658932570401372,-1.285917127488284,-0.5970507389224385,-1.3125312242970166,-0.135180110641637,-1.0135716985717866,-0.8070482609523645
-48,-0.22550699838532076,-0.20360766275917466,-0.0018611415514260782,-0.05602005933792959,0.45355748596446244,0.3090717711874113,-0.2537961974340176
-40,1.992340246645303,1.8610065281990922,1.2433592610940845,1.708579915600674,1.5165112647886032,2.2623903071224585,0.9736814410933863
-32,3.811781462235294,3.764322612407968,2.8047237285014663,3.8635209243084847,2.827863825994922,4.031829201977881,2.230192752465046
-24,4.4085840529533975,4.338543525675382,3.554759363415576,4.984541882829131,3.4375701436109853,4.49959327184557,2.7463463086081745
-16,3.802103664332831,3.6707698507617645,2.820853575510981,4.266765815967258,2.866575313548762,3.996343589012973,2.2914859923219213
-8,3.300466888905745,2.3819989318324644,1.3207823496931677,3.7006099572828393,1.4471531039393764,3.3672814775451556,1.1398183882289796
0,2.6117244865711986,0.8432162532879437,-0.08896202545393116,3.223168026442657,0.03902171711455715,2.6027290631278897,-0.04410878720831537
8,1.2181099539286129,-0.3923263168012412,-0.8309326976177835,1.5666377258975204,-0.5981053517321675,1.317184126734307,-0.595747866043038
16,0.272903724158706,-0.6745978180845539,-0.853514467074481,0.49078019019982666,-0.29325215480488587,0.3784299219870189,-0.4957431277163552
24,0.5777569611111992,-0.12134571610041944,-0.6373751856893141,1.560185715429524,-0.010980679165432224,0.5510187130787932,-0.38283458348090404
32,1.361665190865614,0.6319158337743742,-0.71318519396011,2.419904011499956,-0.20615123330293922,1.3881553176637202,-0.4570316696182985
40,1.7616841888758275,0.8593459963358684,-0.8502885063706976,1.8585870018652066,-0.7142398275621572,2.44465702433599,-0.3296062219921293
48,1.3665040688512582,0.28028618359741625,-0.7164112049119953,1.265010451901311,-1.1158718320879293,2.325296574460479,0.10912428072558776
56,-0.1400191029783651,-1.0423571834130767,-0.86157931286795,0.4262609523862652,-1.6658979737148198,0.6558623635251747,0.1881602921511488
64,-1.9239747227571093,-2.3069333575585986,-1.2857930535827107,-1.87707417159073,-2.2675394418987587,-0.7151704509484319,-0.23121446782926358
72,-3.4240459442431894,-2.858572443497363,-1.5309659511530656,-4.05782294182077,-2.43206334769166,-1.7232827682028093,-0.987701965412642
80,-4.585391422130553,-3.039226229394218,-1.6890379852666941,-5.115937655528405,-1.822357035273676,-3.689505204998208,-1.8248385320515872
88,-5.654797106248213,-3.631189776827751,-1.822915374399671,-6.069208790349884,-1.2271674006497602,-5.618629052462005,-2.6458452345273575
96,-6.027395419216645,-4.210249553699454,-1.8325932170056165,-6.365997108909066,-1.0836122449760683,-5.9089653742414665,-2.8555325842820687
104,-5.3805904641001066,-3.7086127865892946,-1.5083842787271846,-5.007868037447467,-1.0884512120221408,-4.6831007867598355,-2.011944186335599
112,-4.553131915415654,-3.140843917057585,-0.9728749554157788,-3.865878402447072,-1.1078069474821335,-3.3346496532023044,-0.957055369048831
120,-3.886971160729476,-2.5892048506982532,-0.5776949014068185,-3.77555144729496,-1.0384488183411908,-2.315246385983683,-0.1650822394409205
128,-2.8224045538571736,-1.785940849270559,-0.1809018916502089,-3.2545589386603804,-0.8174705789199562,-1.3893959713776547,0.4381721962729807
136,-1.3949174471666002,-0.7116963284053509,0.20782625689196266,-2.057727980532405,-0.6061702432687363,-0.13933662559723795,0.6268908210325332
144,0.4971080173293465,0.6915961168439847,0.5675207384810365,-0.5302361443518839,-0.31260794848337,2.0720587352787234,0.7510902738208639
152,2.448813515906897,2.2061841353334226,0.9627008091238506,1.4037266419150853,0.445492593561548,4.014086445137087,0.9027103522196007
160,2.9230296026535467,2.7658881888739857,1.5127269488447792,2.158601201077747,1.1132662835495952,4.0221513148417225,0.7204436722589733
168,2.269772809645251,2.672335364331019,2.0579141352079104,1.629543934670512,1.5358669789364705,2.864031771841011,0.9091623302862336
176,1.4342491949420286,2.654592568331359,2.4418033232882435,1.2456546358710863,2.155251204481013,2.0623808545535276,1.6237123763198715
184,0.714860302804301,2.3465134358243454,2.804723753452248,0.6601431061828605,2.6843086167810117,1.4010590684728466,2.2301927519452374
192,0.5003339205077167,2.7094338734389303,3.2579710822825656,-0.3770030478285443,3.1278780362966985,1.1704029954556705,2.4479450145486426
200,1.3116627374067502,3.86110149832419,3.6757327979747108,0.0891481936444433,3.363373113959387,1.8220468886823042,2.702795823339593
208,2.26654684097108,4.580490493903698,3.4386248330057514,1.7440654228712988,3.1956232008532566,2.351104233753809,2.6769881479322164
216,2.218157460043383,4.077240789585708,2.6934281772665662,1.9440749669264281,2.7020513661712258,2.1543206921603684,2.0382481186595713
224,1.47779963706655,3.1384864632033596,1.6724119151414298,0.8295059246152693,1.9439508527157452,1.8188208494875213,1.0962679124902106
232,1.3632781246080599,2.6804002991849174,0.8691479767837662,1.0359673041363848,1.1971412225158249,1.5333234575012282,0.6075350710179175
240,1.8342682213684105,2.7594362712783442,0.7820470771137527,2.1924738761417455,1.0197134560610501,1.8381766412600422,0.844643082249783
248,1.8197513867656114,2.5449099395764,1.015929098879129,1.5730896308445008,1.195528223624117,2.265616274410475,1.1543352302823595
256,1.5116722254958914,2.2900591280131413,1.562729299728208,0.2859317073415237,1.2455305649777328,2.439818143058228,1.4882220080478885
264,1.8907225409619293,2.582008464971627,2.169209731492832,0.6569170642157676,1.6213549334282633,2.694668881501836,1.8834020826758975
272,2.3633256187672487,3.017513038520575,2.377284076984485,1.282753288965798,2.0181479121696664,2.8043515752327894,1.9705030542526776
280,1.8923354979224627,2.448131104774626,1.8933901918155676,0.7133713728933195,1.7616841221604778,2.1752894351755363,1.48177008975917
288,1.1326220373828007,1.3335620345671084,1.0707704736409658,0.39238831422863185,1.0664898796816742,1.5123546879758563,0.480109675545812
296,0.5374324571654501,0.5044904535499682,0.16104983465749326,0.40045330695448067,0.35677875460447067,0.9832973248843436,-0.24089232533636978
304,-0.3303506789805636,-0.28586960023465735,-0.38091135912030044,-0.47216879762375963,-0.08033879513790622,-0.3554759619087775,-0.6586541366731758
312,-1.1852299844402956,-1.0213884596308043,-0.4115579710783496,-1.6802907493798485,-0.18034357470268583,-1.820061536988973,-0.8360818858010182
320,-1.0949030583974282,-0.9746119904403506,-0.3018754104182305,-1.4044711528702478,0.09547597744996969,-1.960390809583536,-1.0796418603716256
328,-0.07066090522277339,-0.2181244753567713,-0.2050965716312629,-0.21409203384691333,0.35032679577073167,-0.8925982461659124,-1.2861032262044645
336,0.49549505309150144,0.3673872457940484,-0.05508945677729294,0.14076350287455988,0.3890383224834375,-0.011911245546102144,-1.2828772734710696
344,0.7213121523051012,1.0174180652766298,0.5078404838275931,0.3520638768182989,0.7374419594560091,0.6397326083483975,-0.502195052416039
352,1.521350155429571,1.698095463449551,1.2546501746717742,1.156940769364188,1.2987589588678683,1.6252633063705741,0.3978476540347123
360,2.1552512173096052,1.9916578135078296,1.4353039077214882,1.3569502789387229,1.1519778007324886,2.297875840730019,0.6075350509186763
368,2.331065985565749,2.117470274890951,1.2369073743403813,1.2004912256967932,0.7826053937147363,2.534983923868651,0.4930134785090025
376,2.2552559852653418,2.0997275073074584,0.935280133438612,1.3763060364039195,0.439040670421288,2.633375711125957,0.5172081759902571
384,1.7100688359818434,1.2964635419197819,0.5078404961297147,1.0682268815451634,-0.023884521114218547,2.1462557633708976,0.2865520579230595
392,1.0293913262234815,0.46900494506645907,0.06911000935277484,0.4214220151425159,-0.44971121099239375,1.6994604001318192,0.091381527869987
400,1.1358479220213529,0.4690049010560529,0.3239608340845017,0.4165830432449021,-0.23195886088798404,1.93334241825854,0.3107467850333676
408,1.4681218265154277,1.0238699859911196,1.2481982485859355,0.9117679230815503,0.7455068697056638,2.0639938504996582,0.7414123948283613
416,1.2116580035850695,1.2593650059551267,1.9353276373008814,0.897250995259859,1.5374799483723953,1.5381623401651447,0.8881934928392896
424,0.777766360659719,1.1190357792769323,2.0127507028551452,0.10043901175073912,1.6552274426735265,1.3591215637294263,0.9236790976605388
432,1.1116532902091694,1.2593650387030275,2.115981333617501,0.3198042519337271,1.6487756058213856,1.9123736591293268,1.4027340892495759
440,1.6181288902549489,1.6561580380634766,2.2514716970379434,1.3359815203293175,1.6778091923775216,2.228517740525052,1.6237123309233115
448,1.2197228790075925,1.3851774399616943,2.035332415306238,0.5536863359027873,1.1713335561184528,1.7639795242807093,1.4269288425235502
456,0.6567928628572839,0.9028964344751962,1.565955229590052,-0.7705701032923351,0.49388202040561174,1.5204196061958994,1.2204673756747004
464,0.5019469008596087,0.7286946626849905,1.177227145157528,-0.2737723241938358,0.5148507855992515,1.4107369835053658,0.9978762264221852
472,0.28096872346878876,0.47706980905320656,1.2320684500918297,0.41335709969478085,0.8471245707107681,1.2123404100990463,0.7930276766819264
480,-0.05291809293579741,0.1754425343639205,1.35142894813621,-0.3108708556534887,0.7955092614806508,1.363960612385345,0.662376369194716
488,-0.1061464339787932,0.16253874422265902,1.601440849139194,-1.1221996152003784,0.8842231369975533,1.5349364064913735,1.0559434600054467
496,0.16967305804940996,0.9238652140501892,2.3143778699441864,-1.0592935095226295,1.5374799856252985,1.4397705870418942,2.073733738901789
504,0.8309948247239287,2.1545688273161914,3.2192596089368104,-0.09634453209520213,2.4617173925028837,1.5784869219088171,2.7415073472799896
512,1.6052250418951977,2.8658929466068317,3.5289516805576184,1.03435433972527,2.773022473584828,2.184967268424938,2.7947356631989337
520,2.1842848648565396,2.938476994000574,3.322490317843629,1.6118010724819738,2.5859168392267877,2.6995078371121335,2.628598760766825
528,2.332678998665541,3.015900042920985,3.122480771362729,2.0731132301253696,2.5230105821116573,2.9624235015729035,2.5495627491679937
536,2.64559715054596,3.133647578633482,2.874081926257058,2.9102498206754817,2.5359144490112255,3.3172790899286344,2.2818081453842423
544,2.6859215080791388,2.90299145623455,2.248245699427795,2.9296056067301146,2.0197608951205974,3.485028993851492,1.4849960567006486
552,2.0842800830392587,2.1674726299328424,1.386914553477267,1.5424429364102576,1.205206055140826,2.9269380452434577,0.6768932351592618
560,1.3761820298001464,1.4448577271897698,0.9288281914119966,0.6133666267695174,0.9551942395596158,2.194645170808798,0.3559102166930554
568,1.5148982510023976,1.6739008240135176,1.0562536263895057,1.3182387567310192,1.3584391887438005,2.0865755407722784,0.4155904233508973
576,2.4004240677507065,2.328770635839491,1.1643232605844895,2.60055773467332,1.6052251226320366,2.6366016217549073,0.42204239691252793
584,3.0375512020932334,2.561039710867223,1.0739964249882052,3.1699395758934563,1.4019896445565982,3.449543485021443,0.44785004182450494
592,3.234334673685871,2.7207247359021722,1.0949651113443066,3.208651151987916,1.1132662161478313,4.160867552677828,0.517208179975452
600,3.6262887772139383,3.204618649660527,1.2740059097852288,3.1215502427880892,0.9003529010110656,4.525400996634702,0.9640036074974451
608,3.723067585158969,3.5239886785915684,1.7353181509444353,2.8086321099672946,0.7003434073773073,4.40442754596152,1.6591978643576015
616,3.1843323527780343,3.4981810139268887,2.1917914309487254,2.3634496255442894,0.8551895114558219,4.196353123711561,2.209224003212183
624,3.005291593322707,3.480438262284175,2.2998610779656388,2.526360635713995,1.2035931210518416,4.338295317746447,2.3479402814200396
632,3.4343442352412,3.512697854074308,1.794998377181709,3.240910621103372,1.098749461768725,4.557660558102705,1.888240996355021
640,3.195623187864723,2.857828049525645,0.628813966728867,3.1118723260228767,0.20515863132898018,4.072153665551881,0.8172224346341727
648,1.8745927119724224,1.1077449506012085,-0.6099545496827488,1.8585870084494407,-0.8529561303742562,3.039846614602961,-0.47638741183579486
656,0.9100308221146761,-0.3003864623872769,-1.3438603388002284,0.8714433896800166,-1.2755568607615333,2.4156233462936543,-1.073189910547891
664,0.8309948455162465,-0.3439369681016381,-1.1793363371893948,-0.010856566514173818,-0.8448912367584565,2.264003317449942,-0.7360771514595301
672,1.2939199323970862,0.23996175346439574,-0.7035072948683674,-0.5108803550051343,-0.37551407512670526,2.599503057720623,-0.34734899910543365
680,2.2375132292908937,1.0545165970828216,-0.19057978970233574,1.5859934544267398,0.03579575069288665,3.6592308404940415,0.1704175290726592
688,2.6197893505579457,1.2206534192912366,-0.16961101671157658,3.3618842360358636,-0.11582436235971459,3.876983084384359,0.3349415072921352
696,1.3439223167214924,0.2883511813480761,-0.9196465939270041,1.3263037101247328,-1.0223190449711355,2.95113271829374,-0.04572178003559768
704,0.5713050386640169,-0.6729847971876428,-1.4680597761675902,-0.46571685525060585,-1.920748760673836,2.897904363735738,-0.2570221300681716
712,1.9100782580553741,0.051243134422730784,-1.2019180959033948,1.492440623126271,-1.5852489807244816,4.252807407958138,0.1510617723005403
720,3.300466904326715,1.3674346702989713,-0.5776948473467916,3.2731702828943083,-0.9368310492412456,5.254467915390388,0.6704412640234015
728,3.2762722532816357,1.6013167275845581,-0.3405868667835945,2.4279688394466854,-0.991672361626128,4.6786341073661255,0.7543162807875541
736,2.395585208304879,1.288398688502463,-0.38575030156212936,1.7005150069104433,-1.1158718508010161,3.5221275999902195,0.39623468754436514
744,1.7374893999083738,0.9287041249570036,-0.603502599859014,1.926332164515803,-1.1368405712911709,2.828546248629609,-0.0957241754492406
752,1.5616746862320654,0.5206202407815691,-0.9986826623581717,1.8343923757709097,-1.3271722318487957,2.559178604716052,-0.34573606917491295
760,1.3906987654661667,0.10285856095617438,-0.9954566765303372,1.1537147934127043,-1.349753897863711,2.3591690920226687,-0.31025043108595457
768,1.6939389716453968,0.5222331941034479,-0.4986589438680134,1.211782080882724,-0.5819755059355386,2.617245850774704,0.031701229032869385
776,2.7810873767371045,1.6593840174803476,0.24653774739138165,2.0795652606926045,0.3212931882490094,3.50761076018934,0.5284990316959955
784,3.5504787642648696,2.169085641299942,0.5368741289487574,2.2811877216830556,0.6842136561857246,4.668956252804597,0.6623763924128042
792,3.453699953720801,1.9271387319831919,0.4288044970062746,1.6472865386877693,0.611629534112906,5.415765884217402,0.39784767794587733
800,3.200462198054855,1.725516221784255,0.22718202891178144,1.05371010360143,0.28742058942351,5.354472628766289,-0.013462196389122796
808,2.813347017735723,1.49647303312777,-0.15670721634742607,0.6843376452959613,-0.12550222125297522,4.551208693180935,-0.3247672629164453
816,2.889157006080547,1.2577520493411314,-0.06315432440269625,1.197265306577646,-0.0867907458279873,4.056023857008154,-0.15701734426569597
824,4.20212262075841,2.2626384713875267,1.044962824743794,3.2118771135580455,0.6971174191237025,4.770573920715262,1.1075587945328844
832,5.728001509508208,4.00143064997677,2.2692144297943027,5.060351908773396,1.7391024362195902,5.810945953993871,2.538271916853614
840,5.326369573597084,4.132082069049421,2.141789013529879,4.024818905091082,1.4810257005123744,5.648034966002638,2.849576996722674
848,3.598868141380641,2.6884651959195653,1.3288472346455018,1.5392170036028343,0.38419936687314027,4.799607539152951,2.4753656443175136
856,2.134282466324049,1.059355554079274,0.47396790648748977,0.3617417994746682,-0.34648049342211135,4.031829120194763,1.8172699329518247
864,1.276177213502271,-0.5923358223905826,-0.5518872305044435,0.014950999040455968,-1.0594175322471124,2.8656447554850195,0.6801190970995349
872,0.7519587625304575,-1.4681838351720042,-1.4503170144752553,-0.17054161286124786,-1.623960503451992,1.7446237884741775,-0.19411588525516157
880,1.3165016862595447,-0.6068527202366827,-1.1535287236391647,0.8456356974655166,-1.419112052128705,2.0930274086396254,-0.09895011969243897
888,2.603659710778533,0.8141826312115985,-0.39381523502987287,2.4440986485102196,-0.9303791280069487,3.2059835338421934,0.5785014113421304
896,3.1601376641335124,1.4384057203604301,-0.0470245550178344,2.5037788976190445,-0.46422800851556023,3.6608438775049983,0.9688424840969346
904,3.2617553649653486,1.728742114739736,0.5820375564499807,2.034401787101743,0.5293675715133735,3.9527931870869337,1.1333664539994834
912,3.7037117859358646,2.094888593455066,1.1820660441087594,2.5086178624126156,1.535866954505497,4.509271200566366,1.1043328506362249
920,3.837589200539431,2.127148144700179,0.8288234865262917,2.736048023068147,1.3584391435205083,4.772186951141985,0.8365781940053311
928,3.452086974061986,1.7206772330795181,0.16750173960447515,2.303769508813223,0.6342112299301438,4.439913100881205,0.5930182509697396
936,2.295580415571632,0.6690144369675242,-0.04702456524072495,1.3424334869601753,0.1599952199418025,3.2640508006931648,0.5526937290039813
944,0.8648673774597898,-0.5584632668824119,-0.3405868627984003,-0.004404714414333988,-0.36261023127195635,2.0075394681826473,0.4446240793880285
