-240,-0.5000524806590212,0.7299170873003452,1.3167374631895228,-0.6671297854076518,1.1835810921814753,0.8813817713243755,1.8079165795433372
-232,-0.34527431007338916,1.0978802626975148,1.3430205777106494,-0.7313773092048368,1.0010596904436104,1.1953185561878477,1.5246433522657823
-224,-0.1233283223531503,1.311065243353486,1.5664266803365972,-0.4481040246754522,0.8959273426276951,1.1281507925405674,1.5728290016231268
-216,-0.03571809893436255,1.6498249666591884,2.2264240770566803,0.11990257113689341,1.6946409984759472,0.9470895471179532,1.9232700805432397
-208,-0.015275655475705351,2.13168142509726,2.852837518074733,0.3725121407554699,2.528398761478995,0.6550552953653005,2.389064701715944
-200,-0.29708866949988744,1.9564609285368608,2.4877947842423245,-0.0027519028015466195,2.2334441709011665,-0.22250763816751457,1.9641548975035248
-192,-0.5555390377035023,1.166508280380293,1.506559767281478,-0.4057591089654547,1.1514573216558952,-1.0971501495855065,1.1712819509901984
-184,-0.7950071021371523,0.7649612001018968,1.2116050802382383,-0.5108914763881615,0.6038930883653731,-1.2402469375777827,0.9814596953662302
-176,-0.7877062297422388,0.6014220583716381,1.272932390536857,-0.3590336449414135,0.8419010217373188,-1.0080797547934512,1.131857324696263
-168,-0.6022644670627377,0.4203608672206218,0.9049692082380961,-0.1268664251394604,0.9499536818700282,-0.8664431442917602,0.7244695717868539
-160,-0.14231052714803444,0.3254497014498903,0.3179803602608595,0.17538904583285228,0.6491584073676755,-0.3057374042477683,0.006065296607944018
-152,0.529368250440007,0.4889888715707822,-0.19746008603437695,0.43091900117604875,0.021284784780822942,0.7660282715793082,-0.32101298246065135
-144,1.414231921629866,0.7737222247338486,-0.5873257739944499,0.8091032938375647,-0.2897316094955449,1.9852712241080612,-0.22318157197734134
-136,2.1998040748028616,1.3446491598419332,-0.19307957818874968,1.3771098818071943,0.13079764248147188,2.805887461535121,0.33752417951701613
-128,2.429050981974312,1.5782765692122558,0.2946176038579901,1.536268572786801,0.5104421921587183,3.0555767439335964,0.899690068817814
-120,1.6814432614486705,0.7547400533489368,-0.3420170501055502,0.6703870679625127,-0.4824742536675109,2.2583232033047604,0.527346430121646
-112,0.6461818889326416,-0.4002553444823271,-0.9596694310425742,-0.12832653612381104,-1.2665862509958175,1.1646550556969055,-0.04504069094715802
-104,0.23441368527257986,-1.0558722517087389,-0.733342921987236,-0.2728835536823111,-0.9380477141272201,0.7076214113155832,0.04695010117673677
-96,0.07963547876730633,-1.4705608985021044,-0.8837405709240603,-0.34005138336526275,-0.9190654925489232,0.5601441236341045,0.07761376652157738
-88,-0.4489465356114419,-2.0779920975508,-1.6605515865299876,-0.7737222305615902,-1.602425547324212,-0.0735701232726272,-0.696277055349428
-80,-1.006731916439195,-2.4152916184260778,-1.9525858291850886,-0.9153588573761313,-1.8024690287557217,-0.7671514719302354,-1.2146377959232104
-72,-0.9673072343051187,-2.096974278190116,-1.6503304151508975,-0.4597855144003141,-1.5045941082934136,-0.9774161319561337,-1.0248155539455686
-64,-0.489831197913359,-1.2821987813119946,-0.9786516896384929,0.1315838859691793,-1.0256579391145513,-0.8503812910272529,-0.8116305031757125
-56,-0.26788521536931337,-0.7886609413785497,-0.3405568126966114,0.4192376548160427,-0.07946702664197712,-1.0679467501970925,-0.9459662983774662
-48,-0.4620880271500424,-0.9156958456765787,-0.4529900213002193,0.35352992639247194,0.29433683205230055,-1.3117952989482204,-1.497911024298745
-40,-0.7541222431399079,-1.012067089962815,-1.1407307275997,-0.1794325732448807,-0.4109258505738215,-1.4300692190827144,-2.1447668450925996
-32,-0.8373519703202884,-0.5433521663551388,-1.1976773237892488,-0.45248461298735027,-0.9424281733480057,-1.1205129133605285,-1.7768036660877804
-24,-0.48107018081041475,0.20863605103632712,-0.295291513144246,-0.38093617805223223,-0.47079286887819477,-0.8240981829371536,-0.7400821312960343
-16,-0.17881488018190309,0.7635010439435,0.9852785500075654,-0.36779468369025425,0.660839807528716,-0.5291435956532653,0.2615952723422033
-8,-0.12478845325800084,0.779562878699196,1.7314260685733451,-0.5999617896159651,1.158758151386431,-0.2663127834437344,0.9230528617677418
0,-0.15691225107623477,0.28310471750826005,1.248109390137167,-0.9343410590339296,0.5308845107613306,-0.08817183778956757,0.7361509092061624
8,0.19498898149260624,0.12394604754713359,0.5092627563577914,-0.5707584531261375,-0.2546875715135079,0.36740157106506743,0.3010199138510081
16,1.0141450381351387,0.6350059936826042,0.7166071083019618,0.537511492131451,-0.1437145082453483,0.9164259051444078,0.6120363650654973
24,1.595293164229103,0.9591640103140829,0.8056775616006815,1.0952969278582194,-0.2386256170779588,1.0580624896082798,0.7668145287495389
32,1.5982135243864677,0.9109783804066757,0.07413173418054689,1.428215909987568,-0.9526494046454493,1.0566023315676312,0.2528342119474637
40,1.5690101284488491,0.9138987107617176,-0.38290184792960713,1.8633469180479232,-0.7248626690041202,1.2814686432118838,0.013366149082357138
48,1.5894525058718345,0.8365096372329759,-0.10692942167824587,1.9538775769141525,0.19066465937415594,1.3530170383060025,0.4338954972110778
56,1.0053840492659731,0.34005133204976523,0.11355637631676976,1.49830415221723,0.5498667699846663,0.7558069924412947,0.6879652976507116
64,-0.7292993763801053,-0.8339262558320756,-0.2646279699889272,-0.002751854176704782,0.18190364807482196,-1.130734112345979,0.22363076267937407
72,-3.6686239754140137,-3.1760408689196287,-1.8211704918609455,-2.6412812577628406,-1.0314986070399341,-4.310987047730427,-1.699414613420665
80,-6.5918867582010305,-5.810189655960089,-3.839127067141688,-5.428747992724301,-2.284325546171019,-7.478098392130633,-3.9831224241237404
88,-9.125283801109202,-8.016508365057499,-5.086113285644334,-7.7942254149177765,-2.9048982849125924,-9.98229192522494,-5.070949901296542
96,-10.843905326748187,-9.443095677686847,-5.402970399921721,-9.493864681019714,-2.915119422411148,-11.451224173327933,-5.3702850685790455
104,-10.987002058586615,-9.786235920915958,-5.29345760872731,-9.812182011060143,-2.693173453513428,-10.98396937529206,-5.460815659997917
112,-9.461123193432446,-9.038628198978628,-5.167882906545993,-8.829486832294142,-2.4303426593421444,-9.043401907263739,-5.278294224536369
120,-7.111707700107259,-7.400316129612776,-4.47576169694966,-7.013033836410352,-2.1441490624959663,-6.670623668358637,-4.422633953205486
128,-4.2395509572646874,-4.888821673459611,-2.873953922424721,-4.543884306476426,-1.5761424771928596,-3.867094986020069,-2.5725970576166617
136,-0.8475732754961196,-1.8297630483261966,-0.7552454579214335,-1.6834088455267284,-0.49853617500679703,-0.5714886093972178,-0.27428751435839727
144,2.11949462245109,1.010270021711042,1.0874905833107253,0.9288373778163177,0.5863711128230031,2.144429927792868,1.258892172840443
152,4.246964106723846,3.194686049784003,2.1826189935810647,3.1804214099942434,1.3996864420923625,4.048493174544956,1.8955268268039829
160,6.177310401333973,5.002378038760381,2.9185453020247367,5.164793963380429,2.0231795246784494,5.4385761316307635,2.28831293436921
168,7.149784499382686,5.884321450179647,3.4661094222232878,6.252621562742753,2.3283552905567264,5.9306538230916725,2.7059218610105242
176,6.599299972754744,5.441889648622105,3.2529244977211667,6.18837410686349,1.991055812188971,5.333443761227827,1.9977388281088604
184,5.387357860779472,4.500079144235806,2.610449178812475,5.731340471736575,1.5865882756015068,4.2631383281427375,1.104114123346352
192,4.506874515484219,4.135036314722256,2.4746531849448017,5.088865086478501,1.656676535398854,3.4702654424888904,1.2749540879055552
200,4.248424265862476,4.008001453088603,2.492175315302392,4.682937485335569,1.8581801980854522,3.2264167199431655,1.215087095325292
208,4.807669861825853,4.069328663471015,2.3359369350710373,4.948688683583428,1.8961446461045302,3.705352826380297,0.5317269417317771
216,5.564038499695086,4.390566284809759,2.3359369789902495,5.338554388640624,2.0961881229872645,4.308403594912548,0.5098244084641035
224,5.701294591998766,4.502999545959566,2.324255642198357,5.700676843723064,2.2465857245540812,4.4135359704916794,0.890929143788361
232,5.266163594918211,3.965656503811781,1.7796117875740116,5.548819005217871,1.7501275454817513,3.78274202209856,0.5404880137337363
240,5.028155711582796,3.540746683600219,1.4525334302351063,5.066962554151952,1.1061920387300888,3.6527867297230947,0.3784089878503126
248,5.076341357332492,3.803577487025908,1.5722674762551114,4.758866402235349,1.0594665295320005,3.981325264395733,0.8193806804626093
256,4.798908828723768,3.847382656928258,1.481736755431422,4.523778867293225,0.7761933218612366,3.7798216202179447,1.1771226515412812
264,4.1170088396019295,3.1070758502070728,1.3284188255486702,3.92510867248542,0.2782749274964277,2.8934977149130847,0.9011502347011797
272,3.4059055491256323,2.64128121099612,1.821956656384564,3.3731640104038516,0.46517684194240483,2.265624114442692,1.0442470993952229
280,2.8043149400457197,2.423715743513001,2.175318113970853,2.902988812683324,0.6257957143339551,1.9078821102677568,1.5436255768243117
288,2.179361698634711,1.7096920152364468,1.551825058206855,2.4766187720030914,-0.1656171166462456,1.4742113116962703,1.1128750885305139
296,1.7077263803617193,1.0321725283134802,1.107932991163451,2.1991863335856063,-0.5189785036480862,1.0814252439720422,0.32584281778528607
304,1.5573287602860924,1.0190310668909115,1.407268045197132,2.1933455978991536,-0.17437812606332756,1.0726641685192884,0.2907987106304902
312,1.2010469612081038,0.8000053307848422,1.3152772750328432,2.0867531340795495,-0.34959868285578743,0.9091249816149833,0.26305544904851713
320,0.4081740462224975,0.1779723991809583,0.8699251100239965,1.4851625797417964,-0.7029601020127657,0.354260037489507,-0.2129603659334452
328,-0.27080564234662147,-0.12282288818344875,0.9750574145481171,0.9361382328004006,-0.3057935015030723,-0.45613506385068675,-0.30495116025330155
336,-0.4387252928636337,0.023194327727262227,1.1765610220219924,0.927377202678547,0.36880553130678806,-1.0825484518519783,-0.47433105006150444
344,-0.6387687372775214,-0.042513398657201835,1.2203661647885429,0.7857405691192697,0.7922551955168065,-1.5191396389714618,-0.9299043804889756
352,-1.4287213601805424,-0.49808685488184457,1.2583306087294082,-0.036335767998627776,1.1412361239252793,-2.1995793964879704,-0.9430459645716288
360,-2.4698234048570216,-0.9887044162221766,1.2291272035373846,-1.151906646353755,1.2595099645346284,-2.8405945678652524,-0.6145074471529681
368,-3.395571997001587,-1.5085252652706411,0.5866518127894113,-2.3025215357119726,0.6622999710592664,-3.4918309871665363,-0.9868510756536049
376,-4.081852440952289,-2.4196721504272714,-0.5216180949799925,-3.4852602338682317,-0.37880212239890926,-4.140147003959788,-1.9155199747819172
384,-4.587071708809992,-3.116173828655649,-1.0180763435387903,-3.791896157630302,-0.6679160114845283,-4.442402378937251,-2.1768906090302993
392,-4.515523273874874,-3.005200783268883,-0.7946701020967621,-3.50570263858387,-0.39048347942500955,-4.074439230205316,-1.5723797569632059
400,-4.398709581110641,-2.8343607401256614,-1.115907824606548,-3.572870419171417,-0.8475170279683373,-3.464087710683402,-1.2934870503933324
408,-4.385568041574616,-3.2096247810161547,-2.1891335791059836,-3.8576038234689953,-1.9689285558968908,-3.303468867309903,-1.8439715748253145
416,-4.144639821923696,-3.435951256034104,-2.8666530254036795,-3.5378263399366903,-2.846491502919179,-3.172053414854684,-2.410517999578101
424,-3.521146684124886,-3.14391704082851,-2.936741257437811,-2.8500857537876265,-2.944322884541293,-2.771966553319561,-2.756578584142059
432,-2.77353906022151,-2.5408663337831547,-2.8082461496113758,-2.255796000632922,-2.560297921444725,-2.262366848514389,-2.464544351525635
440,-2.2566384420824437,-1.7815773925378258,-2.072319910654173,-1.803142932642569,-1.8856987487208028,-2.049181817665034,-1.4643270965167876
448,-2.198231550918417,-1.3230835781949248,-1.1786951213471806,-1.4264187980217,-1.6579120565281227,-2.0608631652798737,-0.5312776428002579
456,-2.4450004948054245,-1.2325530156372524,-0.7537852286689193,-1.4965069594713838,-1.7937079885951903,-2.2798888899355774,-0.11512884157389262
464,-2.3968148661528526,-1.0193680116099866,-0.33325603190462577,-1.2760211239881836,-1.5308771021935623,-2.3645787924105828,0.15208244789467168
472,-1.647747031192065,-0.5433522234501147,0.3909889325318551,-0.5941211885105265,-0.5511022892316826,-2.092986931884096,0.284958039254312
480,-1.2578813140570868,-0.17684918272229871,0.8129783913312173,-0.12102572098072777,0.22570874394192886,-1.7965721998921769,-0.21734088789596248
488,-1.9032769987698983,-0.7652981788583613,0.728288459053889,-0.762040937375202,0.37172588738594015,-2.1703760366268474,-0.7663652492679567
496,-2.8465475967297187,-1.7479933946419823,0.553067967199121,-1.7593378174823775,0.30017750013453787,-2.788028450189572,-0.8948602951369307
504,-3.4014127157477714,-2.0677709071923362,0.07559195857057702,-2.4631403641843113,-0.038582223014310205,-2.960328637413408,-1.1241071568206256
512,-3.475881370298776,-2.3189204004913684,-1.0443594017492135,-2.801900087960577,-0.8562780626389664,-2.6011264890010053,-1.6775120456450385
520,-3.2203514100930954,-2.426972996000094,-1.845993406304465,-2.7916788455264774,-1.565921231307965,-2.256526125376283,-1.9038385837184284
528,-2.909334946800823,-2.263433874660899,-1.7569229056357374,-2.3799105926141566,-1.5644610919329802,-1.9863944214787561,-1.6001230179177603
536,-2.3267266596859764,-1.6954271972843025,-1.0385187248831331,-1.5914181619460273,-0.78034914448435,-1.4198480764079675,-0.8977806367854843
544,-1.6740301538696176,-0.9010940999456256,-0.10984978214931881,-0.8686334037044748,-0.1553958789177752,-0.7437887672892944,0.07615356644396834
552,-1.3411111366049004,-0.3710519654849757,0.10479535733157366,-0.8219078728604892,-0.47955391892054766,-0.39334769683931475,0.3900903577384679
560,-0.9614665845748382,-0.2732205008869226,-0.2923712398841795,-0.811686776928332,-0.9949943429424691,-0.35392307038852516,-0.043580497614285965
568,-0.6416890466140829,-0.004549012125020537,-0.04560227827263257,-0.4627057829547509,-0.5438014518152844,-0.47657737555170815,-0.06402285605789705
576,-0.6212466988365662,0.44956422237611526,1.0962516048055915,-0.19987497011780211,0.3702657301295626,-0.5568868581763644,0.7770357652231749
584,-0.7380603341921131,0.5707585054913515,1.8920448705373025,-0.1662909999851755,0.5673888270912862,-0.5422851580900226,1.5961918207677268
592,-0.9629267429291959,0.30062679798617525,1.5810284756335171,-0.2947861308691951,0.13225780240437218,-0.7656913303592908,1.3508829982174548
600,-1.1177049335921823,0.07284008289276336,0.8757658108887884,-0.2977064962027525,-0.09406871700335194,-1.0095398929136004,0.2688961243460535
608,-0.5058931725831164,0.48460831447289543,0.9765175401199208,0.39295450798292403,0.5279642284037128,-0.5919309232942004,-0.09176614477566845
616,0.4841028561476273,1.366551797260881,1.3576222003109542,1.6005160772909042,1.2040234672516459,0.15713689551059043,0.248453742060584
624,1.0126848313127936,1.6089402210676236,0.9312522506062317,2.4079907776916074,0.809777234898888,0.6754977181191869,-0.040660160043944224
632,1.0594103223157798,1.4804451217113237,0.04784862122796292,2.5262646888854055,0.19796558211930837,1.0273989160232215,-0.7503033742006976
640,1.1148968599103242,1.6337630707303035,-0.48365369778171685,2.460556981637169,-0.026900825676647838,1.2931501492495958,-1.0306562475950616
648,1.7486111284629533,2.3346453223694197,-0.03392090226715853,2.702945361367846,0.09575355305121465,1.9370855447915407,-0.22902221464917716
656,2.5473248414061813,3.1508809744648127,0.7458105434531626,3.260730776860404,0.393628436652755,2.6700915128414935,0.7770357545570807
664,2.8977659002489404,3.518844095276677,0.869925116768733,3.4943581776037385,0.2534520232484406,3.0716385651998195,1.2267684722718921
672,2.6524571178533773,3.086633444550308,0.4771390123405921,3.308916413512549,-0.10575006304964818,3.0132316941131467,0.7726551725193558
680,2.265511812323983,2.9873418175196846,0.8640844472748067,2.932192264774792,0.3001775374658684,2.92854178614824,1.2150870851297608
688,2.541484098190721,3.818179191033608,2.2512470449875233,3.0387847359665496,1.548623887814491,3.1709301842308726,2.8592398606934526
696,2.7970140587101096,4.3891061172009955,2.9068638530819997,3.1482976004119343,2.2173822594437045,3.0745589322587743,3.3425565226599283
704,2.450953473989297,3.831320787821461,2.040982363629437,3.1015721479951126,1.5311018120422062,2.630666961680781,2.3423392102423946
712,2.0756895286230903,3.181544543657949,1.5197012458011692,3.1643594226192846,1.2843328874482802,2.3327918975399093,1.6662800342930468
720,2.1574590880378532,3.222429371127474,1.9665136679825994,3.341040181685314,1.9180472331732394,2.341553015970749,1.6925630506233642
728,1.9720173432397459,2.896811151751865,1.7022226541269163,3.247589221952656,1.8333572910140883,2.14735021940489,1.3903076654503703
736,1.485780390131811,2.2557960239800847,0.823199614158526,3.208164633774323,0.9353519963711378,1.7779269058875709,0.7857967459359148
744,1.0521095132900151,1.7637183080498995,0.16904287814852687,3.056306867265266,0.393628522765781,1.2551856180977243,0.163763817939681
752,0.9849416266689417,1.6498250319105896,0.09457417481582678,2.949714326116479,0.39070812935529925,1.0872659424840196,0.033808599756314
760,1.551488051264875,1.9024345438067733,0.2478920943461934,3.110333110669605,0.40676999563871613,1.4187248017080885,0.3419047008521162
768,1.812858693669682,2.2484951630355376,0.10917592038992491,3.3045358753940346,-0.03420166936721837,1.6917768351763844,0.5740719807292766
776,1.6931246707072618,2.409113996840923,-0.1682566701762587,3.307456220022822,-0.3189351210348035,1.5369986115739895,0.5711516072392944
784,1.333922577507583,2.3682291210602653,0.13691915813003966,2.9701567358514565,0.06509000393543178,1.2420441132265063,0.6981864353061203
792,0.9805611158430818,2.2893798929416698,0.4669177821411295,2.396309419881236,0.368805607694846,1.0332395685768803,1.0442470509272357
800,0.890030498543249,2.374069928272292,0.6494392546202972,2.025425976713901,0.41553100944771976,1.069743854163388,1.4589356745061606
808,0.9411363937111519,2.756634739131822,1.102092330453367,1.6589228983410462,0.7864145340224513,1.3822205236505882,2.076588117871206
816,0.6009165649110001,2.5609718450710846,1.4466926876470634,0.7988821511628179,1.002519885031318,1.1339913392175545,2.38030369841618
824,-0.09996559951710816,1.9316379253137939,1.360542562821133,0.013310055084797469,0.8331400171827211,0.29585311479775994,2.23720693818712
832,-0.5423974324455141,1.4497815195787773,1.2524899099037228,-0.14584869957766547,0.884246009286599,-0.14949904864254301,1.8882259500171474
840,-0.13646988808384786,1.4059763978307065,1.3108968311837816,0.2805213001635873,1.2580497721428814,0.06514604095867271,1.6940232091345764
848,0.7994998217956255,1.5622146906942012,1.3050561334560762,0.9580407343834998,1.3485804554783858,0.4535516803624175,1.301237218739533
856,1.35144463524162,1.7169928689656957,0.931252268801334,1.4121540231562337,1.0010596515437373,0.7266036484224592,0.6032753137683092
864,1.4171523451563797,1.83234637874944,0.5954128639297449,1.5654720295838984,0.5133625634527403,1.017177700411211,-0.04212033298575472
872,1.6843635902351692,1.917036285302659,0.44647537005333787,1.810780776216675,0.34106232697664507,1.221601728745076,-0.22172134366595334
880,1.953035182520928,2.0601330712558292,0.40851095544423205,2.3159999582750594,0.49730060493897815,1.2537254611550555,-0.3443757509413036
888,2.198343975582586,2.06889413823845,0.4829796697567353,2.7277682398917227,0.9543341953624113,1.250805117310541,-0.16477468896973968
896,2.192503174174169,1.8761515149281098,0.8158987111770191,2.7204673863193283,1.0565461834915255,1.3019111017285567,0.501063367205593
904,1.8800265586448581,1.7067716164929179,1.0436854534062299,2.6240961324649787,0.9338918157434654,1.3822205299247607,0.9303536717346321
912,1.6741424381491616,1.319826307355875,0.963376065207879,2.5992731987283784,1.1587582273039252,1.4231052581054955,1.1654412703596142
920,1.59383304916654,0.922659789508412,0.7428902312932225,2.4138314322843732,1.3062354244804575,1.3062916134955425,1.2749541155119177
928,1.2784360283058183,0.7138552592893843,0.40851099026589244,1.9582580839755088,0.8243789696500375,0.8872224514843959,1.1041140998182024
936,1.0418883208924459,0.5021304573788336,0.32820154073749946,1.3771099683907837,0.7951755511253952,0.6871790160112051,1.1669014332627463
944,0.5381292838558013,0.27726402448618465,0.7866953373558603,0.5740157808550453,1.563225593390735,0.6258518296275061,1.5085814958641874
