-240,0.054901328587995325,0.025758307091306155,0.3841373399331411,-0.48263852064081014,0.1517962106280921,0.3682463029022054,0.14043730687784498
-232,-0.4209103906655035,-0.5395477719118125,-0.07675862348059974,-0.5423014328019297,-0.10773745200129162,-0.3119108145632853,-0.15489408327613205
-224,-0.8012613974899871,-1.0929212495438114,-0.38998892778843475,-0.7570878985723845,-0.2703188969095055,-0.6385652506901175,-0.32344180107042747
-216,-0.7759046506805302,-1.1540757155460297,-0.41236249401216396,-0.7794614872279689,-0.21214752801446704,-0.6758545459956053,-0.41293617139506494
-208,-0.5879664943731452,-0.8811179624363543,-0.29154511793178417,-0.5423014267132831,-0.036141938308825394,-0.4670343873999256,-0.5352451439370687
-200,-0.49250582905102613,-0.6066685172092134,-0.3064608305101065,-0.5184362899847913,-0.10326271757446502,-0.36262428110374517,-0.5755176086123568
-192,-0.29412668305576306,-0.28448878875120903,-0.12896365235421753,-0.48413008489669884,-0.12563632898236024,-0.17170298010160154,-0.21903172073110844
-184,0.005679471167135602,0.23457850590409865,0.19023290288852612,0.028970912517941306,0.13091418446589356,0.19224075341367633,0.21352436816253567
-176,0.4173534789405349,0.3464464554308957,0.2081317539127332,0.3153528961467783,0.0772175527215497,0.3309570514990635,0.15236987011480968
-168,0.563527663357747,0.3494296038108883,0.2498958261053457,0.22884168541806105,0.12494788386044771,0.330957045410417,0.07928281844377125
-160,0.7991961591358614,0.6909997839206402,0.6988591902309258,0.4018641320312191,0.6037427487700712,0.7978193129546096,0.5804512700862487
-152,1.054255094548658,0.9922974416731903,0.8316091513392153,0.8120465888476156,0.6604225170375694,1.376549551976773,0.7609315863675674
-144,0.9945922104273576,0.7133733217840948,0.2886767058553925,0.8209960605853643,0.08169229083360977,1.2020355230020139,0.2627462526618499
-136,0.5993254166789743,0.2793256761652561,-0.11553953255228612,0.2586731286804178,-0.1748582301453384,0.5949654270847836,0.024094634941286854
-128,-0.02116887034144248,-0.09953379300111004,-0.052893460474791404,-0.3140907813760247,0.13837206967612564,0.005794173539473569,0.08972383104418798
-120,-0.565592928309644,-0.31879498502678666,0.2543705074968567,-0.5959980240087058,0.5545208288604707,-0.5356467113736939,0.18369290375014394
-112,-0.7058007719042979,-0.46496910679503045,0.22304749132632418,-0.591523322428525,0.4486191940391429,-0.9517955083717381,0.13596258382717372
-104,-0.7744131301667598,-0.6051769870817906,-0.11703110690250987,-0.7242732881834135,0.004130526526690114,-1.1665819988172335,-0.10418062010045089
-96,-0.9205872139610767,-0.7095870650176964,-0.4168371895036982,-0.8614980122390316,-0.41798457107680004,-1.1606156903606388,-0.46812433583047186
-88,-1.0563203510084953,-0.572362352178006,-0.35419113553191545,-0.8525485448274266,-0.3881530996143963,-0.9801353798475116,-0.29211878538057756
-80,-0.8445169655213283,-0.4933089808344444,-0.12896366308946283,-0.7362058502987854,-0.19574022362111868,-0.6997197139684668,0.10762271315253805
-72,-0.5029468720946755,-0.45601968280508837,-0.08421649394989816,-0.4900963622691518,-0.07492282703161429,-0.40886306769474157,0.049451373579139285
-64,-0.18822500529345465,-0.3143202911375277,-0.2438147896769819,-0.11422005269870548,-0.3806952802576834,-0.2492647484142097,-0.23543900173123558
-56,-0.028626719019795608,-0.24123318498912585,-0.38402262029320466,0.06178554501831306,-0.6506699324147182,-0.1433630804257811,-0.30405136912666725
-48,0.12202212339570631,-0.06970233387622689,-0.46605911165648417,0.21392594544082955,-0.5417850918519389,0.16390089395496832,-0.3130007939177471
-40,0.23389004087699558,0.3762779341035387,-0.38103947047116465,0.3839651988102842,-0.16590879974629494,0.3771957973922647,-0.4547001988841935
-32,0.47999956495782564,0.7536458034435026,0.15145199061228862,0.6345494957725502,0.3546500841603976,0.420451434641904,-0.1534025118100042
-24,0.7007523449530672,0.7014407518175737,0.40949409908011897,0.8985578104718054,0.43221187810941203,0.41746825998459497,0.28959458375563824
-16,0.5590529612968831,0.3703116310946799,0.0649407824472121,0.8866252299302664,-0.11370372232373238,0.5293362072682064,0.3835636620695577
-8,0.4531513043641551,0.3091571219912534,-0.09913222639643528,0.879167410253098,-0.24197899611209206,0.5576761157565417,0.3417996381054348
0,0.5724770637942405,0.4956037061915996,0.16935087592518946,0.7344848146065885,0.09064168181667856,0.4681817340557491,0.5133305164570153
8,0.4546428115790396,0.3300391213954528,0.17084244594926964,0.42125457262726657,0.2905124531145229,0.48309744775566416,0.5744849786137726
16,0.4143703670924217,0.15552515587079999,0.08582279226620193,0.3496590722336862,0.2964787586870225,0.6158474345003601,0.4626170319710712
24,1.319755024295932,0.8863957865029647,0.4214266544659341,1.1387010385937884,0.6992033793228141,1.1244737213620772,0.5938754131211732
32,2.408603162824418,1.9737523311334662,0.9598844443548799,2.3006361924216603,1.3405796463598978,1.979144882383033,0.8653416697512099
40,2.211715518596303,2.106502305861097,0.8897804864262431,2.0142542538167625,1.2466106084233177,1.9314146126112821,0.6460804665096047
48,0.32487601038712494,0.5970306637873329,-0.2796125155992998,-0.10079585935233304,-0.13011107126033625,0.5024879224801776,-0.27272833276746494
56,-1.967671291512877,-1.8073845604007845,-1.4654128729705476,-2.6319948002831617,-1.618700651441161,-1.7333795755818122,-1.1065174823671555
64,-4.294524752034986,-4.001488055007776,-2.2320812434648265,-4.848471916392384,-2.492762236234271,-3.982671282532246,-1.6106690844725833
72,-6.278316518823357,-5.6571337957770185,-3.088243970504174,-6.4608620405813415,-3.1729194136248626,-5.850120328674883,-2.195365578275115
80,-7.241872420264881,-6.996566114782349,-3.8056904786105403,-7.278243883063816,-3.672596286430745,-7.01802179320254,-2.62643009970832
88,-8.004066127633589,-8.179383262726914,-4.323266161742835,-7.774937560543038,-4.039523142369154,-7.8697098882004575,-3.1425142876427947
96,-8.70212220587915,-9.023613476680515,-4.7767043376851435,-8.459569543821939,-4.4347899657596335,-8.593122629776929,-3.716769794801772
104,-8.597712040138553,-9.048970200737662,-5.060103099549774,-8.411839165576144,-4.646593257193235,-8.68112544033205,-4.165733155402345
112,-7.9772178399614635,-8.711874792708208,-5.1824121254475495,-7.554184836947891,-4.756969667780095,-8.399218161808399,-4.317873586588549
120,-7.672937024055042,-8.34942259653059,-4.963150910669562,-6.712937892185845,-4.783818004802302,-8.115819304928836,-4.268651712343797
128,-7.23888928806787,-7.448512646355,-4.10997130509198,-6.089460371223927,-4.302039967959238,-7.726518888054207,-3.633241711623466
136,-6.340962566065583,-5.985279800485884,-2.8167777422344122,-5.26760383965902,-2.8910121799649233,-6.771912361733228,-2.4519161224870567
144,-5.456459923327661,-4.680153664777699,-1.8532217866359806,-4.389067528450459,-1.7499590308287605,-5.741235504935997,-1.4794106985156554
152,-4.443682056952599,-3.9433167421923776,-1.46690440373888,-3.512022692571503,-1.4770012086610151,-4.640454887129778,-0.9305119299945306
160,-3.5785698093061016,-3.5838477121800114,-1.4579549619636811,-2.8423065748882257,-1.4218130275619438,-3.829039294140166,-0.8126776569497492
168,-3.1639126371299553,-3.3287887834967718,-1.7517947982765596,-2.5514499005746805,-1.318894516125112,-3.4457051355709125,-1.102042758996029
176,-2.7731205646697394,-2.9096568573460395,-1.9084099294406698,-2.2113713238163366,-1.2562484600703712,-2.9161967940264955,-1.1989950086024799
184,-2.063131923507668,-2.287671011998153,-2.0322105218375186,-1.5759613450471777,-1.1607878061244075,-2.0764413358099807,-1.185570867970968
192,-1.3904326673785055,-1.5418846545274145,-1.9665813065073132,-0.934585079291914,-1.136922644720874,-1.4589302498844159,-1.0349219765258388
200,-1.0041152822382198,-0.9556965633018928,-1.5668397884264373,-0.660135664668233,-1.0653271547420837,-1.2143123281936294,-0.6635204153220156
208,-0.6983429065622802,-0.4067977910955351,-1.2908988385480529,-0.6004727864753512,-1.0369872707685623,-1.0860370636984669,-0.535245131279093
216,-0.4746069719381724,0.02128360262702966,-1.1253342636860137,-0.4229756280274502,-1.1041080346523584,-0.8071129444502815,-0.39205417247154783
224,-0.5491856221537929,0.034707716500542135,-1.0492640291860618,-0.5616918615411388,-1.1205153305536468,-0.7325343339710908,-0.22201485100538887
232,-0.8579411803381913,-0.49927528047852504,-1.1626235867108656,-0.9196693130373657,-1.175703505083389,-1.1665819944910913,-0.2682536161258953
240,-0.8579411553426948,-0.6633482720175982,-1.3818847784160873,-0.9480092223268392,-1.303978765252408,-1.3396044143462502,-0.6232478857545737
248,-0.38511262372493527,0.04514878598173554,-1.0567218991746776,-0.29022564993504146,-0.9102035894361383,-0.7996550751025756,-0.5740260480417015
256,0.3323338621098014,0.7357469221362898,-0.36761527952820544,0.4063388497943818,-0.13607732075319692,-0.040444568988949464,-0.2622873219295511
264,0.7141764979220991,0.7625952202232047,-0.41982034990075595,0.43169557016629456,-0.1599424908090169,0.19820707500892973,-0.33984912661381067
272,0.7156680567302515,0.6731008697667824,-0.7032191680052539,0.2780635699173753,-0.8087766396915546,0.0699318097126294,-0.574026014073463
280,1.079611832225145,1.2115586228033948,-0.16625298050635107,0.9060157185945754,-0.39262782058210977,0.36377165932439415,-0.0504840055004539
288,1.8626875365946394,2.0796539779718595,0.9479518336905642,1.7502458561196421,0.8692426940594158,0.9171451335916155,0.9831759072254768
296,2.280327855388275,2.5211595097622954,1.2880304303171233,2.0157458248022078,1.2988156554026484,1.1886114012773517,1.153215190877936
304,2.234089117826905,2.5659066673654776,1.038937771155186,1.9903890582847639,0.9915516472138879,1.0364709441342859,0.8086619102962264
312,2.24303856312711,2.279524680692317,1.1075501045823795,1.972490199409407,1.0094505014426458,0.867923217046793,0.8235776121393035
320,2.507046911954831,2.413766256207716,1.3924405390167167,2.0679508406973954,1.1287763456331001,1.1274569027489432,1.230776980020124
328,3.2692405678904968,3.268437427963917,1.6743477779641638,2.700377701369566,1.3554954305599305,1.9373808582586818,1.6200774645107743
336,4.317816197360666,4.158906322277657,2.0740892527836037,3.771326946413547,1.6463521019893799,2.8293413964613987,1.9586644677200322
344,4.829425676184267,4.609361287030778,2.233687536814077,4.366464401543683,1.7418127363875842,3.1336222436121908,1.9795464877935849
352,5.097908790522956,4.760010215969151,2.2277212458222837,4.5618605034670825,1.7612032165598337,3.273830036254486,1.8109987885856837
360,5.611009821585378,4.955406208937824,2.4305751485160014,5.012315440020156,1.9148351695416292,3.5572288926533666,1.9228667291397388
368,5.858610863295887,4.992695501198988,2.4395245752298114,5.294222671276682,1.837273416130182,3.572144579114599,1.943748741842824
376,5.622942368639361,4.780892242291578,2.1859572194547474,5.079436199738035,1.5926554854666521,3.4423777992329474,1.6469257480169834
384,5.630400231257512,4.933032629254982,2.33362290547888,5.101809760514029,1.8134082234822786,3.763065896780407,1.6692993744862676
392,6.094279310685282,5.626613917795217,2.8049598858191795,5.353885585841214,2.4055626122689233,4.340304548794373,2.1152796443887643
400,6.127093958247042,5.962217779033583,2.986931794396207,5.425481096970039,2.705368714097416,4.33881301289876,2.2793525953902707
408,6.018209143961579,5.847366677762016,3.104766016648858,5.3255457242995465,2.663604678436683,4.134467530246854,2.3897289934793813
416,5.8750181176982395,5.671361131798493,3.2733137257908655,5.0078407116819745,2.7068602890885503,4.083754039512035,2.673127813827065
424,5.344018253877548,5.270128033919658,3.116698579885823,4.596166632126638,2.7441496151577254,3.882391755231113,2.6149564748945764
432,4.641487498246162,4.509425936471686,2.7124823805736646,4.069641450658823,2.7217760394805723,3.227591267448746,2.207757081056893
440,4.119437069310887,3.9560524710169798,2.379861689185781,3.82800667590598,2.5323462936013477,2.5071616697658947,2.0198189617620708
448,3.6898640643857648,3.678619925317881,2.424608858806028,3.6430516394580863,2.587534476623149,2.034333116036736,2.09141446744316
456,3.3840917021689387,3.39671269886818,2.4842717570273516,3.4700292188017894,2.7784557862775796,1.9508050054595216,2.285318891509345
464,3.279681629360314,3.2579964466078697,2.491729626535285,3.402908458282772,2.8888321585700574,2.025383660642196,2.2644368890608217
472,3.401990558640882,3.202808227695099,2.2441285582270085,3.258225915831806,2.706860281397629,2.2550858556546367,2.01086952463347
480,3.434805200754906,3.08646555255399,1.9055415343483983,3.104593921511305,2.3742395847222353,2.5593666931917767,1.7856420582796642
488,2.9858417462609945,2.6524179034101456,1.384982664541729,2.6690546978570096,1.865613274787752,2.4967206260813355,1.5559398565376659
496,2.263920574708602,2.0736876568572886,1.1567720184033328,2.2111418161686047,1.5658071463614873,1.8463949592486681,1.2173528289738225
504,2.1445947438170343,1.9170725380306994,1.0046315891398587,2.252905897173732,1.638894238249638,1.3273276267796634,1.1069764265585675
512,2.5577603791362007,2.0766708674055665,0.9986653242651544,2.7481080265800446,1.9029026175205919,1.4078725271290546,1.2263022779592607
520,2.766580568175113,2.2944404538366494,1.2641652756431463,2.9748270776988646,2.1773519779873647,1.8284960716925833,1.3993246925269107
528,2.75912269738536,2.522651052547694,1.614684868526913,2.9196389108600442,2.584551334331803,2.155150506697822,1.4828527588813243
536,2.599524436107197,2.4525471101611283,1.4521034399619082,2.780922632001963,2.6904530108122917,1.919482014444713,1.099518561697233
544,2.3325329140642155,2.333221361145833,1.12694059052282,2.6123748996269613,2.474174959956368,1.4705185886315326,0.8340186454090722
552,2.337007658905832,2.4883449323801976,1.3357607520025956,2.5661361095109587,2.392138466670357,1.7792741671648273,1.2382348254939262
560,2.559251976719418,2.6166201733219117,1.5401061955589819,2.7376669816136654,2.174368855884688,2.195422961439003,1.4664454463163719
568,2.542844648131711,2.425698832423111,1.1731793138239381,2.812245632630423,1.7656779256707085,2.125319037638833,1.1487404631806657
576,2.63681374150702,2.3093561564808645,0.9225950958538489,2.9047231450861792,1.6329279535067185,2.1476926097909814,1.062229249567853
584,3.0887602520898616,2.556957218380039,1.1701961758587358,3.16873153429124,1.9103604501761904,2.523568953810348,1.3769511202145348
592,3.081302433374059,2.6449600262112902,1.2835557261733008,3.3074477649208327,1.9804643869547929,2.496720647391601,1.3247460498419843
600,2.608473887015365,2.372002244901568,1.0016484699212787,3.070287712417524,1.9759896610200256,2.09548759870262,1.0786365695032727
608,2.3742969659079303,2.355594923524101,0.8853057989460856,2.8823495482589903,2.15796154700497,1.947821914280763,1.1263669065705897
616,2.4056199695807154,2.6196033236246343,0.9688338507197923,2.65413892519336,2.160944672953107,2.077588739346581,1.0890775587104689
624,2.73674913965369,2.712080832555384,0.8509996041125556,2.8644506603824484,2.0789081666886666,2.4221420311442188,0.9056141278571687
632,3.1901872417311017,2.9432745796464217,0.664553018309934,3.4924028201153487,2.026703132527539,2.842765539336096,0.9936168986758581
640,3.5034175154354767,3.153586354732168,0.6824518999376014,3.7668521938810073,1.8626301183963831,3.0739593034112525,0.9279876995286339
648,3.7912910442531254,3.1088391522652756,0.8987299547992132,3.8309898459166907,1.838764985673579,3.3394592738563214,0.8220860437174984
656,3.839021374110203,3.1535863241287085,1.1179911024418616,3.7056977560788367,1.9222930451382083,3.499057541864041,0.8623585258575884
664,3.7182039904991293,3.246063843634475,1.2388085089654741,3.353686518985639,2.0789081803080065,3.385698031446132,1.0085326530735683
672,3.721187155863241,3.5055974730967576,1.4058646684322997,3.2552427158585444,2.3712564691888884,3.223116587339056,1.2561337313159522
680,4.156726347472028,3.9754429300391934,1.905541547326829,3.677357836374574,2.6412310998754336,3.601976084705469,1.6812319548675798
688,4.632538064642569,4.4631871851307485,2.494712743350452,4.175543117685885,3.0066664101443488,4.203079885304763,2.057108263636888
696,4.757830199023679,4.810723618418595,2.5618335394399834,4.405245364772277,3.146874296679982,4.546141570866898,2.2674200345567184
704,4.736948171098976,5.034459528848346,2.6185133128347626,4.594675086136689,3.187146734276816,4.347762451629633,2.3405071024107382
712,4.611656064277004,4.950931490693979,2.654311024016147,4.6140654796258405,3.22294447093438,4.0285658632197885,2.3613891066217643
720,4.270085912046844,4.43783046908498,2.4962043475029985,4.230731340444118,2.8097788293663397,3.9256473299920103,2.259962169214701
728,3.740577590851323,3.8561171121260553,1.9756454669610841,3.556540458531691,2.1460289406667967,3.5631951682633165,1.8408302329696336
736,3.5705382714681235,3.6622126550529974,1.72356963891003,3.3149056861822617,1.913343608970973,3.28277946408989,1.5753302908848392
744,3.5794877283047115,3.533937400491943,1.7668252812869498,3.4208073496843183,2.020736850668715,3.0500941407258977,1.4142404243325377
752,3.319954080736716,3.253521725800384,1.5535303852201203,3.2552427365278978,1.9401919123453972,2.975515493234145,1.166639374290201
760,3.4019905487067748,3.322134079576475,1.458069719096863,3.211987127478306,2.061009311338315,3.17986100136223,1.0920607126984248
768,4.000111234894313,3.9127968404968976,1.9711707503195142,3.6296274978652083,2.7635400600799174,3.7720153741261204,1.5290915244825125
776,4.4654819194359945,4.482577658252987,2.599122840834118,4.001029144950993,3.2632169477869604,4.320914116049473,2.0929060051012773
784,4.444599888146515,4.628751779380321,2.7348559844508658,4.135270663104933,3.1677562975262297,4.5133269821086435,2.177925682017338
792,4.472939776125725,4.545223670565608,2.4484740096345434,4.2441554886063235,3.037989422789875,4.6639758161923135,1.958664497362128
800,4.590774023213643,4.464678774061678,2.172533060236841,4.305309938265332,2.923138346994486,4.623703396380736,1.8065240687395643
808,4.7384397553833075,4.539257414343192,2.2844010051170396,4.268020635749605,2.763540077865174,4.574481492333662,1.9735801822210859
816,4.680268393858737,4.342369817862884,2.2456201216817595,4.30083525895678,2.3816974563131263,4.389526477997169,2.0049032216246117
824,4.4207347196929705,3.7323165295030862,1.719094927075286,4.317242551333062,1.9759896449972718,3.986801852234096,1.6857066123851878
832,4.408802140112796,3.5369205334900915,1.5654629598332408,4.245647070166786,1.859647006388042,4.03602372439589,1.5574314118208132
840,4.902512705263221,4.260333297177966,2.02635894872316,4.512638567374501,2.2399980526284997,4.51034385279573,1.9586644814996015
848,5.057636298448758,4.576546732400991,2.342572366641611,4.66776214357592,2.648688936536721,4.751978626266753,2.094397586982195
856,4.845832957504847,4.421423143862052,2.5275273804974216,4.715492430171562,2.935070947404241,4.6371275044860605,1.9959538142983337
864,4.827934085010149,4.416948471283056,2.7393306887549147,4.927295796912104,3.1349416590974393,4.593871895276241,2.224164430954863
872,4.893563270698261,4.402032673463682,2.712482383617988,4.891498054005668,2.8709332995344745,4.514818550690676,2.3598975361170016
880,4.98454922594814,4.224535525590798,2.543934662458914,4.757256490507334,2.472683370064073,4.440239910248935,2.2062655361885373
888,5.185911544677981,4.337895084717878,2.6304458930558465,4.96011034385097,2.5964839355426954,4.83550671905871,2.218198129868735
896,5.300762643225682,4.551189950021019,2.9302520136309615,5.185337873654882,2.929104623726028,5.101006652010534,2.452375045207979
904,5.0322795535620335,4.557156275141279,3.025712662770099,5.128658106188522,3.170739420269816,4.740046065913882,2.2271475878269147
912,4.781695327099884,4.496001775170822,3.0451030871831644,5.015298593206973,3.3348124344009724,4.320914142166562,1.901984703778678
920,4.83986666875624,4.540748959371776,2.9914065091150466,5.118217061863052,3.2483012086108665,4.465596650489063,1.9765633551158919
928,5.182928439719651,4.718246117979905,2.9466593028026926,5.564197347628075,3.255759072350608,4.6222118244339265,2.0242936945866217
936,5.482734496363978,4.831605670537656,2.9720160428825935,5.746169216789125,3.2676916583398827,4.632652838796846,2.100363886786503
944,5.408155898702991,4.628751805817864,2.855673374150586,5.40161593268241,3.266200073735097,4.602821367013989,2.1167712017548688
