-240,-1.2696713484624345,-1.483776888171566,-1.3966152959543734,-1.2683375135350683,-0.47837396587765324,-1.002503345679977,-1.0114341037516115
-232,-1.2470546060406829,-1.7385926639106757,-1.797686232658833,-1.0105062416352861,-0.9548341470543159,-1.2166089046260582,-1.383857110864094
-224,-0.5851367372010265,-1.3872786043305256,-1.8082407617374616,-0.5506316294775262,-1.1116438476262882,-0.5984168376611629,-1.3612403164502473
-216,0.37079924197998343,-0.4886384488622281,-1.2699613203497038,-0.17217751132031542,-0.7105728887320566,0.37561258074382076,-0.8923190536793557
-208,0.9075708782742657,0.3602447473634049,-0.401476879320715,0.3238839726446565,-0.12705990500175046,1.0767327917982703,-0.21532337183761974
-200,1.0613649780534982,0.868368454389648,0.45343747799811146,0.6133787196976784,0.5107333390633996,1.405430040929629,0.6230053579914435
-192,0.9859757616019569,1.1714333609543914,0.9902090932364049,0.6163942615336498,0.8213371596607474,1.3722587812529958,1.1266057073982763
-184,1.188018956087704,1.3161807578044593,1.1681278394940107,0.8606555124053289,1.0098103216185816,1.209417893834736,1.2291351390510397
-176,1.4488658909763776,1.2935639473556673,1.2450249008834362,1.0008796112406315,1.1032930451591676,1.2410814153111502,1.0316152262211744
-168,0.9362187924791742,0.6587862802737932,0.8364149871403758,0.5289427329378086,0.7399167515038446,0.8777051425498464,0.5807873795126693
-160,-0.040826178775683,-0.10113761060712322,0.2890888624217198,-0.3380338796741488,0.029749755887781976,0.3258556655567626,0.19328652198323604
-152,-0.5519654614894486,-0.3423833089528675,-0.030561688477578293,-0.8974223040654807,-0.32005646426143464,-0.02696616931453993,0.2174110523297335
-144,-0.9877154838580351,-0.8655848280093743,-0.5190841699747937,-1.2457207808314654,-0.7135884738137889,-0.4989030113362747,-0.16556643948183222
-136,-1.905956846066941,-2.0115018116565646,-1.2699613323354204,-1.584972485993369,-1.3257494017132947,-1.451823428273201,-1.1049167603989414
-128,-2.4261428049849614,-2.3673392163845004,-1.683094589282637,-1.915177522239627,-1.5504094113449387,-1.9659782686959146,-1.6130404938261547
-120,-1.820013080938504,-1.7069291513425646,-1.1508462769181833,-1.6905175053193717,-1.1538618387386552,-1.6237109753748649,-1.233078592927211
-112,-0.8776471765593541,-0.942481880814435,-0.6638315101356611,-1.0753410056196029,-0.7045417848139703,-0.8260924203888227,-0.8712100313172795
-104,-0.5052240800399046,-0.7027439775200791,-0.5914578572239567,-0.45865673386806444,-0.422585921667292,-0.216947162280912,-1.017465267274342
-96,0.007422983309995391,-0.32278210464179724,-0.19641805326809034,0.3600707689742481,-0.15570782309391826,0.19920167407911774,-0.7566184005746774
-88,0.9286798756930937,0.4853909633879281,0.681113099274428,1.2345863681809859,0.4639920071764136,0.8897673850474154,0.14654517017404584
-80,1.7278061518725942,1.3689532332919714,1.3219219013724637,1.7487411938645072,0.6916675771085116,1.6904014609754088,0.9697960214035267
-72,2.204266395893285,1.739868456366968,1.3626321732350015,1.7291399574835464,0.5333501151747329,2.0598089338644683,1.3859447796944293
-64,1.8333511695789058,1.4986227551057782,1.077660682246737,1.0611910117746495,0.4232817678696734,1.5456540581324827,1.1763626510919034
-56,0.49292983566987086,0.6331538761589038,0.5846148449117723,0.19119880646840978,0.16092708894989202,0.11928901222089047,0.6094353149355357
-48,-0.7660710107173813,-0.2308071879763467,-0.018499367586944183,-0.4993669657242239,-0.12253655904411861,-1.2437490320400042,0.15860742530520736
-40,-1.236500069511475,-0.5278409020258831,-0.37132119257812884,-0.6501454979143912,0.02070305522618476,-1.5754618568588854,0.00028995705463197297
-32,-1.0676280946959817,-0.34238330231213254,-0.4512337911064209,-0.515952577988888,0.10664682699535596,-1.3040604682072345,-0.03891245675052093
-24,-0.8821704885034657,-0.3348443586391748,-0.7452519532778987,-0.2641523967257212,-0.060717364106589004,-1.2256556107946062,-0.5455283774717096
-16,-0.48109955277082117,-0.3092119917771888,-0.9653886663525,0.25151020003775515,-0.03508499659672614,-1.108048303619675,-0.9390603828128666
-8,-0.1735113405787625,-0.28659519979287945,-0.9518185343755327,0.6148865387204993,0.07649113280218973,-0.9452075483682363,-0.9481071294737001
0,-0.4222959686681184,-0.695205092965859,-1.060379145424003,-0.028937898345765014,-0.17380126183198455,-1.1442352228838464,-0.9797705689937277
8,-0.7117907170168931,-0.8339213646798826,-1.0498246795133401,-0.6561766679158878,-0.4753583613596234,-1.1397118144061251,-0.8757334095067703
16,0.06019545231874167,0.31501118023957725,-0.4602804818879002,-0.04552355839132624,-0.09841197702946478,-0.21694710461989708,-0.15651975048201347
24,1.6690025099469061,1.6282923609815714,0.1669582160918612,1.3401313360008011,0.27099543431132134,1.2199724381384645,0.4722268055551327
32,2.549549283528308,1.8936625870823065,-0.1210287705711698,2.0563294212816654,-0.22958933989389677,1.9256160314316335,0.19479429646454288
40,1.6509091246586578,1.011608088582156,-0.8734137174551905,1.3537013869931964,-0.7859621897314897,1.3240096233785152,-0.21532338009804636
48,-0.42832706805106807,-0.6529870874382381,-1.526284858584404,-0.3832674689877492,-0.9819742935806213,-0.449146104409643,-0.560606247810865
56,-2.4397129256240886,-2.3386912623351828,-2.0449630598659105,-2.320771807007317,-1.1116438341828492,-2.3836348510306813,-0.9526304574527569
64,-3.9882085668452603,-3.308197290079052,-2.376675918212404,-3.69436438196653,-1.1749708048974397,-3.89443591447628,-1.2451408558328914
72,-5.1552345229680325,-3.760532965690495,-2.4023081810902,-4.6503003959709055,-1.0272078427258742,-5.043368421171022,-1.5090033019453684
80,-5.984516571085888,-4.173666176152568,-2.7189431765481187,-5.496168005819052,-1.1297372538085566,-5.791230060970008,-1.9884790717670848
88,-6.944975889907735,-5.280380693516604,-3.786455259212981,-6.619468214974602,-1.9529881466641084,-6.421484334313353,-2.9685396517511693
96,-7.998918002078869,-6.669051115977326,-5.015300424202627,-7.810618749710679,-3.107951803924048,-7.140698008725178,-4.23206388037714
104,-8.336661844810221,-6.93442137236629,-5.295748511086337,-7.718643824298895,-3.712573814065659,-7.314093379708737,-4.720586384712005
112,-7.409373858713093,-5.756840928952929,-4.6443852732039,-6.6390694656088485,-3.201434550626221,-6.236026741078369,-4.140088960148369
120,-5.675420559307304,-3.923373781842333,-3.6145677634555353,-5.239844534639577,-2.471666329157192,-4.149251634659974,-2.991156436122929
128,-3.6384023413510613,-2.284410968796664,-2.592289186690166,-3.7441212994211575,-1.9168012951030386,-2.0443831815019906,-1.953799990152186
136,-1.907464626379135,-0.7796410978662724,-1.6197675153937023,-2.218242440628119,-1.0965659844137754,-0.5712767298454825,-1.2059384298800522
144,-0.9997777333202771,-0.06645856025226918,-0.9985599093463108,-1.3452345883679329,-0.21451146955474165,-0.017919469300819633,-0.5560828647622992
152,-0.9424819160863305,0.1612170399680584,-0.44821820003182977,-1.113035672316234,0.5665214033579347,-0.19282261541356197,0.05457025075511986
160,-0.48562291897459625,0.9136020195698462,0.42629734280964626,-0.45564120822900717,1.5450741844033715,0.18713939853984385,0.7466438178371725
168,0.8095648481345497,2.2826712597473007,1.2751805309368218,0.5530672995653937,2.2703190077607043,1.2244957759976387,1.2035027861183998
176,1.973575217717866,3.089336445100332,1.599354485778705,1.3702870478486042,2.2100075636569865,2.082425745123106,1.423639456757086
184,2.4153563538846576,3.1662335545945917,1.4485759522927841,2.0050647050503603,1.947652926201306,2.34176487038317,1.5849724738083062
192,2.581212751878844,3.2627318395694154,1.386756727390963,2.5342974537130076,1.8873414659006742,2.507621217357076,1.8412959901771722
200,2.594782834293254,3.256700626322159,1.3460464597396227,2.712216142957475,1.7727498168555593,2.638798548961463,1.9121619714579756
208,2.4349575547943756,2.6807265950111447,0.9118043140548725,2.578023220926373,1.2510560019857508,2.317640262453453,1.3844370227057896
216,1.828827795600612,1.7368528942848531,0.23933194820647646,2.0246659551986976,0.6946831591128306,1.569778702019351,0.7345815037492425
224,1.0794584150099038,1.0101003042207315,-0.33061096930633427,1.4215517213200546,0.4006649914344018,0.7947769521371181,0.13448289738824726
232,0.7899636117535891,0.8382127671611547,-0.5567787616797115,1.3702870421796838,0.45494527444492583,0.7435122216525285,-0.06756041063786954
240,1.1005674354283506,1.1548476699727233,-0.19641805974685617,1.9070586674600647,0.6886520547088373,1.192832317689191,0.37271296465302195
248,1.1910345672464688,1.2347603528869393,0.3524158328123716,1.9372143857866326,0.6675430380156803,1.4928816207077196,0.6833167836306785
256,0.8638450674912003,0.8231348981177525,0.26194872771916183,1.3160067442679984,0.24687087723991558,1.2953617082017923,0.7285503139875104
264,0.9392343654132206,0.6512473421077865,0.01617968260594017,1.1215024513432317,0.03578093706514922,1.26219041434967,0.6697467170892452
272,1.1804800864346445,0.8125804252424168,0.03427313835076618,1.2843432462771105,0.08704558915667308,1.235050272682439,0.7044257778101243
280,0.8834463429067246,0.7386988661684918,-0.10745871795908277,1.1591970676674592,0.0056252001121293894,0.8550883197913999,0.7632294356087878
288,0.5969670683668807,0.4401574396718306,-0.3833834566175941,0.8847800892369703,-0.07579525744536249,0.383151485706153,0.5069058823109569
296,0.4959454397019933,0.22152848957872703,-0.5582865191542582,0.8169297566917727,0.028241996793543465,0.2037250185790267,0.11337390256092501
304,0.4597586231262587,0.09336672005645419,-0.7512830636747502,0.7958207788712102,0.0508587784118278,-0.07973860900687162,-0.44903007743375534
312,0.9920068564497705,0.5577646336303308,-0.5220997442045937,1.4486918565085207,0.07347554820636455,-0.04355179437476663,-0.5018025775405773
320,1.9841297367544093,1.6448779824784774,-0.03810057918662604,2.4212135205163707,0.4398674499430385,0.5912259085022884,-0.013280102198189947
328,2.5676427229142518,2.504315730134481,0.2996433778949407,2.7061849510901443,0.9193432105325133,1.153629833913368,0.2535979450309655
336,2.8179351091260307,2.8088884064834256,0.6750819412586483,2.6715058932847096,1.2103458009037287,1.3481342079846759,0.6184820138154721
344,2.665648750948369,2.615891837829531,0.9706079295795895,2.436291360891234,1.1967757230244551,1.1506143016335757,0.9893972529254131
352,2.5209013545842085,2.261562289539289,1.047504995342182,2.1256875812720795,1.0490127294308764,0.7148642721383468,1.1296212754732486
360,2.5555804157909954,2.2887024101505316,1.0897229728491407,2.03371265683211,1.1455109897863902,0.6862164100875028,1.3633280393782763
368,2.486222255800581,2.489237850239145,1.0927385504802931,1.9372144013356702,1.2344703675313142,1.120458608574194,1.4673652555544339
376,2.231406525412831,2.273624514058281,0.75197907699191,1.5014643621222934,0.9721157120970575,1.615012269953023,1.269845328795222
384,2.0157932201680744,1.5046539774233083,0.23028525920665804,1.260218644340252,0.512241130065559,1.771821966151828,0.9471792355740455
392,1.5740120439949055,0.8020259073396592,-0.30347082002655307,1.129041354037996,-0.062225173897169056,1.189816722241433,0.35009619226697913
400,1.1759566909144552,0.5818892198561827,-0.7135884784485981,0.911920244185671,-0.5492398413926063,0.5640857218076354,-0.26357248290301766
408,1.459420346197077,0.8894774511605997,-0.8221490389626961,0.8048674853636967,-0.6080435202472584,0.5640857163006844,-0.4324444632254616
416,1.7730397643477818,1.206112406126233,-0.43163263425230947,0.6812290567780118,-0.43464814343281016,0.8445338357401934,-0.18516764962379137
424,1.46394373912576,1.2875328291842971,-0.1647545643474744,0.3992732108000628,-0.4663116738175271,0.9123842068340468,0.10281936230642538
432,1.114137518328667,1.1533399058574418,-0.12404435727259383,0.3872109240849182,-0.33513432164305834,0.889767402378113,0.5566628235750474
440,1.0839817695518996,1.020654836538743,0.23028527993870807,0.37213306378784994,0.1217246811375968,0.8731818020991657,0.9049612502925671
448,0.8879696749350098,1.109614140101799,0.8560161882120632,0.04946695566551148,0.5861226199786602,0.5927336889764535,1.1085123157932306
456,0.5984748086726984,1.4790216473283175,1.3897722794309901,-0.2355045168582711,1.0686139301786255,0.15849143882160618,1.5020443094726093
464,0.30747225571635534,1.6071833399152478,1.4787315912544725,-0.3787441290229758,1.388264495331208,-0.31495316148452135,1.848834970617125
472,-0.2127137326800504,1.065888381472798,1.18772897221472,-0.6456221587594637,1.1017852614456196,-0.5878623599267526,1.7387665996645707
480,-0.7540087366358292,0.36175255180900306,0.7625335080792075,-0.8521887696594198,0.5876303688688423,-0.5682611386089224,1.1175589991241288
488,-0.8037656621889127,-0.03177949872154444,0.5544591244796047,-0.9019457016912691,0.4519296747859703,-0.5969090691727141,0.814494130622134
496,-0.2579472826351491,0.4160328046932668,0.8665707114598027,-0.6049119497409532,0.5846148249272718,-0.41597478448048897,1.2864309791226352
504,0.6180760636801105,1.2724549586831724,1.3505698121760208,0.075099308598151,0.9329132532644829,0.26403642672559496,1.7327354767960943
512,1.0885051244178345,1.7293139619497346,0.9856857471168042,0.5983008786749381,0.8122904324362108,0.877705136556988,1.2351662892923003
520,1.1638943957769154,1.6162300517527157,0.21822294463282058,0.5606062651041858,0.13831031154280526,0.9983279453995435,0.43000882545666747
528,1.2528537553812946,1.4518814700278748,0.03578084917820018,0.5756840591558745,-0.13610659108612452,1.2486203703219478,0.2837536499140951
536,1.0462871368687885,1.2513459842639616,0.13378698071059977,0.4324444693429117,0.029749784718289284,1.227511397522429,0.37723633442011745
544,0.25168418656274616,0.821627133030656,0.22425408143064265,-0.19931764974816393,0.037288707173289276,0.553531260270139,0.38326746247160576
552,-0.37404675264671483,0.41603280663689646,0.2438553121426831,-0.6426065662271498,0.013164113820795013,0.07254769572097323,0.5838029722069515
560,-0.040826212465264564,0.6889419613474588,0.44891410450572583,-0.46921123379224705,0.3252757359482968,0.17206152301767616,0.953210380632293
568,0.5200700398571916,1.3252274587899946,0.9600534014727762,-0.15860745320127748,0.6645274642717873,0.628920540051616,1.1658081383721577
576,1.0055769683425644,1.9615129379300178,1.4727004657944907,0.32689948322058326,1.1123397422574437,1.1159352363775605,1.7402744258140344
584,1.646385796031725,2.6611254149954457,2.146680586849865,0.9511226307800086,1.507379536171223,1.7552362456917763,2.610266669344992
592,2.499792425840297,3.2793174740238538,2.644249782128178,1.665812984987296,1.653634707988505,2.5438080627633175,3.03847771791436
600,2.814919495699698,3.4361270387037153,2.4602999685575133,2.187506773618103,1.4003267958137307,2.8498885163470455,2.843973420292488
608,2.3459981603666304,2.757623651541496,1.7727497835522112,1.8980119523832126,0.8198293997566636,2.4081073826097925,2.251413678077601
616,1.6554324803344382,1.8062110738735335,0.8906952592989671,1.4094894446469968,0.16243490068410155,1.9633106744807691,1.2939699385065997
624,1.4307724366892742,0.9935146597242077,0.025226418252872373,1.012941882244769,-0.5778877659635402,1.9934664034973018,0.28978478752176295
632,1.408155700908258,0.30445664954125684,-0.5628099376740667,0.6480577812284034,-1.048316853102234,2.263360015724016,-0.5802074751215536
640,1.3116573982787971,-0.17351132215165754,-0.7829466236998207,0.5364816625194507,-1.2202043571201053,2.397552975493929,-0.9013657663266698
648,1.2995950979582447,0.09939787515678924,-0.19491026858272795,1.021988615462164,-0.7874699514172349,2.1864629122226127,-0.33745397832306934
656,1.8031954314921013,1.353875360685248,1.1771745147264523,1.6145482864106275,0.26948765075974235,2.3116091191768637,0.9682882342886264
664,2.0414255196508955,2.567642655011802,2.589969518877889,1.7623112874547873,1.4470681166868147,2.5830104385057218,2.160946548041143
672,1.4790215678388452,2.753100311252784,2.963900279091751,1.1953838793841194,2.0547056756290694,2.1593228228714154,2.52583066217701
680,0.47483646269127655,1.9916686326090909,2.5794150153903854,0.0856538598665525,1.9325750662281758,0.7480355689059133,2.132298621364611
688,-0.4916540786100671,0.9377265725920233,1.9039271316774513,-0.9125002059886183,1.3460464836487605,-0.45668499430884424,1.3090477460017267
696,-0.7208374149250146,0.046625418619667014,1.0233804037713488,-0.898930068018793,0.5891381527443593,-0.5652456079488216,0.5958652339788485
704,-0.1674801195569861,-0.4207880766345901,0.21520738983931748,-0.20233323013279156,-0.13610665473999783,0.19317049889460838,0.1736852596872128
712,0.09638228476745238,-0.8505069957329675,-0.5688410417541213,0.21833890764335528,-1.0950582113901906,0.5987648105491761,-0.42038217489062524
720,-0.31222754232211647,-1.2711791192558304,-1.2850391503585423,0.13088732575966583,-1.8052251720209187,0.34093350981888565,-1.1501503519801095
728,-0.5625199735613171,-1.262132460382272,-1.497636963653823,0.1369185122820149,-1.9002156243675132,0.16753813219459177,-1.368779252348686
736,-0.4102336165174394,-0.968114229697846,-1.072441408491653,0.3585629852607003,-1.392091949087222,0.3137933754402658,-1.377826021199292
744,-0.22326821818897943,-0.7434542304322271,-0.7648531875532605,0.37665640828775915,-1.043793476208496,0.4494940204464871,-1.5662991543266183
752,0.5034843683118208,-0.41777260525519627,-0.5688411193373409,1.2180006733120583,-0.9065850060246258,1.2094179425874485,-1.6401806455354728
760,2.0549956524377095,0.4431729053823044,0.12926362228134408,2.7046771987986107,-0.4090158241897522,2.4804811228228645,-1.0596832033172001
768,2.998869376973466,1.4021245179118524,1.0867073641199132,3.1660596283595006,0.25591756575382674,2.9991592860416225,-0.09620830573041904
776,2.288702401927483,1.5378252270578543,1.652126949604439,2.2523415254547343,0.5966771169873981,2.0522700899645043,0.41493094977253053
784,0.8472594915076241,0.975421214669345,1.9717774760463964,1.0265119988346678,0.6057237965930065,0.6847085439316607,0.7074413641876101
792,0.1898649793155615,0.565303524663317,2.292935777293599,0.28166590524482277,0.4851009926095255,-0.005857194085484178,1.0693098985867255
800,-0.072489688104411,0.44015740193302016,2.203976424006016,0.07208371477008446,0.2634565055395248,0.013744060921928388,0.9893972393200051
808,-0.4238036814391813,-0.14034001275049798,1.3762021827632964,-0.19328652704165722,-0.5070218710122897,-0.0028415531243967747,0.31089377165912163
816,-0.8218590188086231,-1.0389801696765182,0.41423505884797684,-0.5144448153313284,-1.3121793230241756,-0.5411209873855111,-0.5410050425279799
824,-1.1339707042660594,-1.5154403868103306,0.04633538635528598,-0.8009240558576518,-1.322733799138894,-1.117095061132441,-1.056667637995703
832,-1.474730168360231,-1.7551783074353846,0.2016373019179573,-0.7933851233605651,-0.9472952341554955,-1.4231755301032378,-1.049128729470049
840,-1.522979282017136,-1.8411220487543567,-0.0516706400591395,-0.5355538211725525,-0.9231706524647795,-1.4940414548568097,-1.0566676494955123
848,-1.191266509838228,-1.777795065082236,-0.6457381415302342,-0.1390062521295905,-1.2081420822287094,-1.344770675444084,-1.4758320087411234
856,-0.8610615008027857,-1.5440882794733433,-0.8930149522164597,0.09319273729413065,-1.2880547155803672,-0.9813943970138609,-1.5647913597611385
864,-0.7977344503993775,-1.138493991952178,-0.2672839830427069,0.05399033515075595,-0.9216628745821209,-0.7205474831811757,-1.0400820323717739
872,-1.0359646341199655,-0.9108184445337905,0.29210445333434143,-0.3455728167063719,-0.6487536910410511,-0.927114072701205,-0.5183882084316931
880,-1.3948175633531734,-0.7283763762899866,0.5604902339046413,-0.8084629664889044,-0.29593187171878627,-1.139711857165979,-0.11279395735358541
888,-1.2847491826824713,-0.006147109021909142,1.35810877625709,-0.8160019556751917,0.3705092774810002,-0.7853822596371167,0.8717899624333032
896,-0.889709429584917,0.9543121902016694,2.4648233307120595,-0.3169249327896928,1.1168630767152659,-0.3420933000743386,2.1066662794458737
904,-0.701236220332094,1.3568909747594575,2.853832004186899,0.10676279654695256,1.5556287060314202,-0.271227360743543,2.506229456246248
912,-0.8866938550311778,0.9226487249285482,2.4482376713143745,-0.11337385497937476,1.3189063539672459,-0.5200119737697678,2.242366955712139
920,-1.7581938097135075,-0.024240568653995265,1.6310179133130156,-1.2713531193488516,0.5469202113565195,-1.020596764495839,1.5804491367589768
928,-2.7427777651336065,-1.3495839813655628,0.4519297245727933,-2.515276173466074,-0.22054262125372512,-1.8106763634992686,0.3500961653801013
936,-2.7457933124765304,-1.9150035772161136,-0.28839295924357733,-2.542416273669206,-0.6020123366403538,-2.2961832623442877,-0.6299643788088023
944,-2.433681756918344,-1.678281251714879,-0.42710923873212076,-1.719165490142827,-0.6170902055217872,-2.6203571509407904,-0.9842939682392072
