-240,0.3485473689202068,-1.1965903858208637,-1.414554590432718,-0.0531571563298326,-0.7356126347930637,-0.542437792369505,-1.6720124202768192
-232,0.35869729341362444,-1.5822893150681967,-2.3601935532496183,-0.3001398243792848,-1.10101157349253,-0.27177198631007493,-2.2015026011355707
-224,0.4889553029782106,-1.6922473715195405,-2.772958916253768,-0.4168645148471309,-1.3090859876410934,0.036110466028132046,-2.6261096372711163
-216,0.3722306610299991,-1.5180061216384004,-2.3923350408407686,-0.4422394338415107,-1.3057026728135002,0.23572652877830874,-2.2691690770465374
-208,0.12355638826597917,-1.3353066946297716,-1.6784537504820283,-0.24938995440754344,-1.1839030330011704,0.44041768988458124,-1.0799308307888251
-200,0.36546404445875874,-1.0240409625362163,-1.0965221149263304,-0.04808225350604741,-0.9521452982125431,1.0849407911300655,-0.1156836296964654
-192,0.9287873423373494,-0.24925985826811908,-0.4503074000619255,0.1160090084608789,-0.6882460567520104,1.50616449426587,0.11269078263226645
-184,1.3364778370447945,0.7606622372836045,0.27372393981460985,0.527082755847172,-0.2940889167587151,1.4401897206539058,0.5288395331526005
-176,1.5969937676756063,1.3865770450103014,0.750772478258129,0.46787462370229055,-0.004814736132718011,1.4012815708794242,1.1733625844246782
-168,1.4498191414502282,1.3848854232139145,1.1127881301151097,0.009434238670299699,0.3927258311737659,1.2236570230707888,1.7265359921552113
-160,1.0488953554468126,1.498226726529019,1.8148277731469047,-0.13435693825359166,1.1302902768060257,0.9935910261985732,2.1003932537227925
-152,0.05081486469920995,1.0922278819665117,1.7962195139734762,-0.5251308759048887,1.4229477793467535,0.10885194979789785,1.5709031488236185
-144,-1.3464976752257258,-0.3490679069976086,0.5646896900829299,-1.523211331398524,0.4840755579437477,-0.9958032238774184,0.2835485272417035
-136,-1.336347675499617,-1.4401897232329532,-0.9882557782192503,-1.572269573213626,-0.8201956586741038,-1.1869610160952664,-0.7889649942028029
-128,-0.54295834385935,-1.8140469473659095,-1.9931028560992137,-0.9125213402674638,-1.4833271544755176,-1.110836187877306,-1.7667455198435464
-120,-0.9388071852430397,-2.1845209268157637,-2.700217500084392,-1.0715376145466746,-1.877484308097924,-1.6707762557922337,-2.1879692669559487
-112,-1.9741042679346978,-2.548228145770967,-2.943816852761086,-1.7329773446282895,-2.246266546723822,-2.3525159457107874,-2.059402971320539
-104,-1.8861377992952073,-2.2031292457755582,-2.493834767155139,-1.5079863296287033,-2.0957087121596367,-1.8517841140671478,-1.5519044827634914
-96,-0.7662576956300533,-0.9022412374965133,-1.3908713313962349,-0.5691140409887508,-1.2295778716720402,-0.498454600936029,-0.7991150326355874
-88,0.2656559715603127,0.30222188150877116,-0.24223294684324428,0.27502516044153513,-0.17905590914567254,0.34737626554035556,-0.3592829196792493
-80,0.6496631372685058,0.8773868984942921,0.6560393948646133,0.6624157263864164,0.5855753120615043,0.5689839311852688,-0.0987670624639146
-72,0.40098892465429464,1.1091445644104794,1.1990628666532757,0.8468068538768319,1.055857192501286,0.5266923633653943,0.5981976328588896
-64,0.3857639683148429,1.4813101271317668,1.9552357046608069,1.13608102123716,1.6496304808355748,0.43365097191275637,1.711311084335394
-56,0.5836884150837194,1.8179507745852728,2.2868013920482624,1.5065549441716355,1.9219880079113183,0.18497672749728697,1.7671359278205752
-48,0.4111389156577731,1.4170269633225716,1.5001786813405507,1.3120138812845141,1.3197564810276812,-0.021406007612623516,0.6523307456965182
-40,0.027131670173851426,1.0296364408091239,1.0417382517867981,0.9043233255186514,0.9983406641623649,-0.03324762313831129,0.1397572752668418
-32,0.21828944621848773,1.1734276253653178,1.5796868340173424,1.0328896218809476,1.7206802572181366,0.1291518494850254,0.7690554536096259
-24,0.12863132925127466,0.7843454970469727,1.1669213149144433,0.8298902154094615,1.5227558567882369,-0.0975308058465402,0.5237644715042431
-16,-0.5192751847696798,-0.5774421953922927,-0.3724908913515413,0.18367539660037094,-0.00312306527153209,-0.5069129185342207,-0.8549398479539393
-8,-0.6613746921044354,-1.4875562423962476,-1.3485797762968639,0.036500823255942824,-1.1466864306989908,-0.06369767537931131,-1.99511985494065
0,-0.21308440892602437,-1.6905556583172499,-1.754578584151632,0.26487523867393953,-1.589901852667835,0.7364584454676,-2.321610586078205
8,-0.24184253553232593,-1.768372090886335,-1.801945143475374,-0.026090556297863787,-1.894400915672643,0.4556425735354422,-2.226877519766509
16,-0.49051683155669523,-1.3302317300206836,-1.0846805239330426,-0.41686451248475104,-1.6558766164668393,-0.014639388497282645,-1.3387551156360145
24,-0.05406817571586781,-0.4641009064331844,-0.1982498073821111,-0.0886821059429735,-0.9369203691313124,0.48947574670721844,-0.16474184843293926
32,0.8442042501290347,0.22440543531057544,0.07579946869505501,0.5693743178519589,-0.7085460194964903,1.7243889326729425,0.45271473182941896
40,0.9067957812385531,0.6134876655746692,0.42766518570049383,0.6150491510711854,-0.5461464845426872,2.245420658370344,1.246104067831001
48,0.15569794382096253,1.0685446143891193,1.3834540112255103,-0.029473980158343238,-0.11646436949524425,1.1509155271256835,2.232342885083765
56,-0.9760237586515029,0.594879438020778,1.2159794442439509,-0.9987961324124022,-0.2517973293129204,-0.6388625164584414,1.8331106959808945
64,-2.7082854143674107,-1.309931800712955,0.018282950350815258,-2.4790001260308903,-0.9741368965642422,-2.3220659752444526,0.31738182707334955
72,-4.941278962421933,-2.9271604469986046,-0.9053643626872081,-4.146978642833446,-1.446110544177593,-4.243793798292553,-1.0697808326982088
80,-6.541590943163711,-4.317706386707232,-2.0590777102137925,-5.7625156222557825,-2.283483153569039,-6.33468779376367,-2.676859507606301
88,-8.070853326518582,-6.821365834407745,-3.9063722381602437,-7.406810825505409,-3.939619949810892,-8.024657858944515,-4.757603526611659
96,-9.096000208318454,-8.819218266881151,-5.148052035427284,-8.631573963588831,-5.4857988389764545,-8.088941024207482,-5.765833864984495
104,-8.331369121948613,-8.42336949546023,-5.186960223726719,-8.39474137031646,-6.003447397404102,-6.32284608665036,-4.9809028300444504
112,-6.526365963745632,-7.269656159200374,-4.916294441654524,-7.06509520671912,-5.922247554240204,-4.725917372579982,-4.018347330705925
120,-5.142586633157665,-6.47119181861098,-4.496762233655237,-6.011189970434216,-5.296332756508188,-3.863169919063406,-3.588665187855097
128,-4.496371849057375,-5.121245692450881,-3.278765841710467,-5.18735065179096,-3.87533683070518,-3.2761632149539364,-2.9035422109123363
136,-3.860307075949928,-3.0574183862369786,-1.2995215343000406,-4.04209572907824,-2.153225138371087,-2.8261812200270047,-1.8462535716649189
144,-2.8588432463874955,-0.8836330070350789,0.453040039638585,-2.653241362282918,-1.0045868192378284,-2.017566858268365,-0.7974233277924846
152,-1.720354921528703,0.3563550910222264,1.364845726247632,-1.623019349417084,-0.6899377476025594,-0.7048373409524203,-0.01080060381910624
160,-0.9489571093730143,0.632095938377208,1.625361619988984,-0.904063091905155,-0.5782881251433222,0.296626390298692,0.4019648484102892
168,-1.1012067559959742,0.10429745563786454,1.1669213120068995,-0.8228633790355574,-0.8438790291058529,0.02088548497455863,0.1465239011058775
176,-0.8271575144458893,0.08568918774180563,0.39890683902948226,-0.5166725321388044,-1.4714854938829038,0.10885192326656197,-0.2746997985772189
184,1.0455120151782122,1.4931517297552297,0.49871493191729144,1.021048067231954,-1.2075862513320421,1.8783301583877423,-0.11060863855604167
192,3.1956140926390826,3.3489047292179634,1.3310124516752708,2.6585765554173024,-0.37021362976525807,3.7577662862292143,1.171670990795121
200,3.816453959017041,4.003577808928145,1.7606945136600434,2.7042514818596466,-0.312697190651583,4.552847346699819,2.245876152935048
208,2.517257780968919,3.4943876725885357,1.373303970248625,1.4761049946032707,-0.8574122856904037,3.8863326198444126,1.8195774239500169
216,1.3720027555835625,2.8904644061529945,1.058654924236084,0.8163569608238467,-0.8218873415289073,2.9796019254661195,1.3966619839881307
224,2.253358613469028,3.6094206484003206,1.906177522813793,1.6486545436391795,0.13897655563914746,3.0608016459680183,2.247567874133083
232,4.043136580003246,5.2114242605697285,2.9634660673843203,3.3470829293257647,1.0000322919555609,3.8051328928005397,2.9496074888163277
240,5.2729748364321285,5.287549088605966,2.724941844319816,4.532937854032188,1.0829237680008552,4.530855794868818,2.190051311267082
248,5.418457673495638,4.323301916043879,1.5323202096373123,4.8814201709826595,0.4316339511459248,4.701713607260366,0.8384136029258786
256,5.2272998767347545,3.5316042630788207,0.6340477830655242,4.871270039326758,-0.14691432469697427,4.5866805696632795,-0.04463387639253068
264,5.453982597122609,3.4301045214998447,0.3769152950125053,5.218060873497774,-0.23318906396096256,4.720321873520932,-0.585965517405106
272,5.567324038364315,3.6043456916052565,0.5832980152212541,5.598684685671699,0.16942640780480003,4.9723795407065525,-0.6840820137558131
280,5.430299243772679,3.805653405227258,1.2582710940202118,5.717101026466203,1.0000323966271323,5.021437606796984,0.16513220807205448
288,5.242524907034848,3.6720121647904014,1.84527761331894,5.350010408001197,1.671622050293559,4.772763481227362,0.9094633963902605
296,5.039525518008625,3.6517121847823795,2.1024102790955648,4.874653473545362,1.6750053694824674,4.781221752668297,1.371287134593077
304,4.493118705951361,3.484237568554299,2.454275856902351,3.7801483335780723,1.651322197672294,4.41074776158827,1.7231526896846785
312,2.935098248689416,2.48277389799816,2.2834180217956184,1.8939454539645797,1.4144894980928577,2.7190859434081287,1.6588695193335108
320,0.9490873127141316,1.1108362559879137,1.2734959614978614,0.055109116956451945,0.14743481908433825,1.005432651900664,1.0701712951916802
328,-0.33995897791175406,0.06200588454700325,-0.14580822493496542,-0.9801878646980646,-1.6457266312784486,0.31523464765490505,0.19558215309738228
336,-0.507433464390699,-0.964832725719764,-1.4111712160004795,-1.134129036623307,-2.8535731590613307,0.19174334206959082,-0.7906566679715326
344,0.1878395359019623,-1.2947068127539663,-2.0117111726966286,-0.8127133809449412,-3.066722508380103,0.18159337214580434,-1.45886310312275
352,1.1470117360409384,-0.20358500306059482,-1.6581538006397725,-0.28491484496120445,-2.653956984552445,0.37275117181423195,-1.3353717284832733
360,1.8981096103479895,1.5049934594020051,-0.9696475446685502,0.13800059918027685,-2.0821753518121215,0.8667164410396316,-1.0697809110201664
368,2.312566670562939,2.4692405727228905,-0.32004942393409164,0.3511499403215818,-1.2972443526712076,1.216890340534652,-1.096847424916155
376,2.886039971075183,3.0968470416795353,0.7456975559901452,1.1208560877946143,-0.11646442800955976,2.047496339351666,-0.486157558627748
384,3.857053891956582,4.0188027899817165,1.9061774581209467,2.188294651172006,1.1979567776128337,3.1792179555064286,0.8451802727415125
392,4.515110280497547,4.842642070281742,2.768924939259188,2.6061351207097183,1.805263303814361,3.487100426380228,1.7755941879947799
400,4.176777976720574,4.952600113103975,3.3525482818386463,2.313477650333692,1.9372129749723372,2.8273523624350387,1.8957021656685547
408,3.1279475752956194,4.66332590576492,3.2459736243519406,1.5995963043681782,1.6462471062216137,2.214970854360883,1.7519110118232908
416,1.871043043207608,3.5891206834751848,2.2563514108603613,0.1735254492100479,0.7107582003730881,1.8715635301863272,1.4203452203094287
424,0.6158298795962422,2.3508243120675583,1.0095967767344298,-1.4640030782271385,-0.48862996583500523,1.1390739704777553,0.7639804975414479
432,-0.10820131072351677,1.8128758701259946,0.40905682203721605,-2.1846509962421297,-1.0502617954718578,0.3101595823721188,0.2903152219531795
440,-0.3602588556105826,1.625101306781482,0.409056812587699,-2.1491260960572323,-1.075636658314301,-0.05185597880584433,-0.05647544303514039
448,-0.4448419394597103,0.9501283531886222,0.12824098099770956,-2.0357847803850673,-1.204202899433267,-0.018022649353597483,-0.18504177501484587
456,-0.8609907361372999,-0.1731350647589616,0.02504963615793889,-2.2675424335807506,-1.3361525386082636,-0.014639381228424134,-0.2070333615546491
464,-1.454764017929616,-0.7280000488555116,0.40736520950862426,-2.6650830016141196,-1.0553366933891635,-0.4984546732611771,-0.04632546238978635
472,-1.092748440941884,0.18549721121200938,1.2142879133083022,-2.2743091068490915,-0.6053546243198709,-0.38849660699687366,0.5948142956795544
480,0.16584790920171216,1.4491685690326834,1.5915283535940894,-1.4995280243875728,-0.3786719938841482,0.5266924213345457,0.8079636927910754
488,0.4821886736864668,1.569276457662934,1.0265133654101146,-1.6094860514000366,-0.4328051343434413,0.40320104360580444,-0.38296619888681654
496,-0.38563389308736745,1.1176028427568316,0.618822857800445,-2.1812676788704377,-0.02680635302000829,-0.7302122859329712,-1.1442139793334156
504,-1.4344640411925818,0.7944955491088681,0.7879890483956067,-2.3994920840224774,0.6194084603374379,-1.623409693015785,-1.350596763144683
512,-1.6645300678671202,0.20072216464391787,0.44119846718088795,-2.326750607158128,0.8071829773429745,-1.5946515195253415,-1.6990790335744559
520,-1.116431648187745,-0.2814013734809342,-0.2608412080156086,-2.1863426560183057,0.7124498639654149,-1.484693406740339,-1.9511366422457608
528,-0.6985912391632854,-0.18497667937604148,-0.14580827727075157,-1.8294021117852177,0.9408241648988809,-1.5929598353984868,-1.6906207381462848
536,-0.24522589451823829,0.5102963078326739,0.3989068940910901,-1.369270086784691,1.142131941941676,-0.8198704076249427,-1.0562476168192685
544,0.4788053203339198,1.3155272686277388,0.9842218764573613,-0.920979745455408,1.152281928220396,0.3575262703546664,-0.1833500801664245
552,0.9693872038603496,1.6910761656208186,1.4680370923488155,-0.5674223079788203,1.0186405878367275,0.8751746743190583,0.33429840448230314
560,0.8915708209012287,1.378118725231452,1.2616543606916133,-0.7230552585260841,0.4316340203818081,0.6383419930934909,0.19050718285492868
568,0.2910309221742297,0.5830376867491465,0.6661893924100648,-1.4555447700784645,-0.22811416240922733,0.11392692094895913,0.016265966955705112
576,-0.6072415774495917,-0.04118551117478123,0.2043657546992262,-2.211717642249633,-0.7271542219728178,-0.599954318346047,0.17697386048720182
584,-0.7155078798113131,0.009564428759728315,0.1536158249411194,-2.1508177552882435,-0.9369203865765741,-0.6490125476223672,0.22941534916606435
592,0.19122278367433052,0.4578547831729586,0.21451572171546954,-1.2728453265331814,-1.0688699830470232,0.3321512839416178,0.21926547010301625
600,1.1182534678736051,1.1294445522325236,0.3295487602211635,-0.3728812252840564,-0.799895720280302,1.22196531132227,0.3427566704715951
608,1.5310189473612223,1.729984412798011,0.6864894004031934,0.2530335186584023,0.13051821659782156,1.21519869965751,0.48823964582515006
616,1.302644551205702,1.5388266251232003,0.7862974275078267,0.19890041781439138,0.9171409211270027,0.7905915761139338,0.21419040881810172
624,1.0150621181273547,1.1818860231026815,0.9199386559510658,-0.23585675143082857,1.174273509126835,0.5419173604104577,0.40873147570309626
632,1.1977616298181921,1.330752211701523,1.3293207842667931,-0.21555675906574726,1.3620479696169916,0.618042078141759,0.7047723221468547
640,1.8186013820750633,1.9752753483826964,1.5137119544617563,0.7791403407129626,1.8086466609830585,0.8548747068498193,0.503464579085975
648,2.618757402429996,2.311916097418509,1.3343958459151504,1.782295769356597,2.128370760284769,1.1492238993324881,-0.046325482015705965
656,2.7557820603670806,1.868700712339124,0.7744557425645345,1.3289304125362114,1.7257552318219063,1.3792898891175662,-0.19011677378757108
664,1.920101165631699,1.2546274094697347,0.29571548274125903,0.1413839450822428,0.7445914629518311,1.3471484082501106,0.10254074837907617
672,1.1199451599962047,1.1649693644642274,-0.025700271975311748,-0.5826473331907114,0.00026027735944726037,1.1712155189456006,0.34275665865969934
680,1.0810369366245238,1.5997264871887487,-0.0020169840451140027,-0.8905297738987442,-0.5275382475392794,1.0866324091103012,0.38335657124643463
688,1.1791533893620763,1.6048015014078,0.2584988680820193,-1.0580042827294311,-0.9606036427055136,1.1238489198248558,0.2243403829214835
696,0.8171377004339141,1.1328278081823577,0.6492727713879569,-1.1848789420307353,-0.8557206286400498,1.0883240743381222,0.2835485479579526
704,0.45512204839521264,0.6828457253022332,0.9131720313840803,-1.3422035111034007,-0.5427631479085163,0.7838249366457869,0.5694393581495836
712,0.47711369908269785,0.5052213295944746,1.0197467646486431,-1.533361231359543,-0.3313055217867163,0.3321512781265307,0.7267639443040677
720,0.9135624366981899,0.7809621804021649,1.3005626269495616,-1.1679623061074664,0.2573928742636322,0.14099354860259258,0.8231886396810103
728,1.6037603842468473,1.4068770208387278,1.5272451714310253,-0.4117895097141527,1.1658151786264177,0.3862844331235421,0.33260672308127154
736,2.385308225749245,1.9803503936761206,1.2024462280015675,0.21581700412769722,1.6022639454990684,1.1458406133986097,-0.39819112705944004
744,2.576465894033045,2.1850414174009565,0.7558474477736967,0.6793323252385042,1.3755812458274626,1.4926312520373148,-0.8092649969260093
752,2.1603170819091297,1.8213341428389793,-0.035850181749289764,0.9855231621405758,0.9881906862428333,0.8971662902977409,-1.4182631661853355
760,1.8862679277670762,0.843553677348046,-1.0136307119330696,1.1817558762629643,0.4840755386812714,0.12576851157880412,-2.338527157490351
768,2.3007250792062086,0.25316368948535434,-1.4788377327987774,1.2629556073047092,0.21679292042612167,0.05979371288927585,-2.5939681198776445
776,2.1247922404202697,0.2616219901834487,-1.1489635950642834,0.6218158586848855,0.29968445843843977,0.26786813430669837,-1.9105367832668614
784,1.4092193071854497,0.6997624166505533,-0.008783616607844503,-0.7822633872182576,0.5821918883827456,0.4996258156692111,-0.5622823301486068
792,0.998145478933099,1.225869189276872,1.1770711936140488,-1.8260186910140024,1.0067990055660705,0.634958754588918,1.0126547608559504
800,1.295877957349646,1.7181427574753196,1.7776111599414366,-1.8801518723606283,1.0051073425189083,1.0967823972062367,1.7096193891235305
808,1.4565858259853013,1.665701258801776,1.6185949785219012,-1.9867265952670665,0.23540127118717413,1.2845568914965886,1.4457201480264403
816,1.1199452254159366,1.1362111540843243,1.461270492859394,-2.4079503612785023,-0.4801717076597365,0.7905915950129672,1.4474118336070656
824,1.218061569847488,1.0550113810649178,1.6811865059969915,-2.0002599118197057,-0.13676434695916423,0.38290121715243275,1.7366860013308378
832,1.713718428886294,0.9450534461852419,1.33608749624181,-0.8905297586341404,0.23878455475867294,0.5030091368570562,1.3662120865738296
840,1.573310544983419,0.19903048451493635,0.058882851307376055,-0.43547281181862624,-0.3313054256560543,0.5148508341574084,0.2530986658082558
848,1.5614688405959283,-0.2323432219814071,-0.9002894238825703,-0.06838216336957723,-0.8472623537464055,0.5402256439371806,-0.8870813695270067
856,2.667815600631943,0.7319039431300999,-0.5805653354841485,1.3712220352359716,-0.1824392937543131,1.3200817540651415,-1.0376392880465153
864,3.400305208314986,1.9465171610814211,-0.057841757749248046,2.078336630883237,0.7209081704785968,1.7835971251493548,-1.0274893464712787
872,2.6035325109651106,2.010800244206279,0.16038252310530207,1.0582646273747507,1.2774648430633166,1.078174121859597,-0.9851977793782902
880,1.4481275830746365,1.555743216342986,0.7659974856613164,0.0195842196790969,1.7054553374047015,0.14437682326973947,-0.39142449068055807
888,1.3618527000689593,1.8044175439868928,1.6794947557235196,-0.005790656247293894,1.9287545423444503,0.22050151265249002,0.943296660241054
896,1.7983014965622106,2.3017660964203475,2.5507005911676908,-0.06499878675668105,1.9541295698265528,0.7347667711537057,1.7028527380252094
904,1.9234846383752562,2.4269490665065967,2.745241696032474,-0.39656455210264924,1.7697385004870103,1.0460325105161195,1.665636155167228
912,2.2601251755238247,1.990500347790139,2.4238259489482052,-0.5741889932407779,1.1759651743546544,1.5822892737824743,1.8381857052934667
920,2.5460159735401167,0.9822698631315137,1.8469693459654286,-0.6773803611591768,0.33351761143913183,2.214970839459722,2.0293434971478717
928,1.8744263544007722,-0.7719833731273884,0.7389308383817633,-1.2593120632249353,-0.6950126704157074,1.6634891118581703,1.2325708225131815
936,0.6868797372083056,-2.028887955188807,-0.44861571938777983,-1.91567678272193,-1.481635429824774,0.3338429388113139,0.026415990850771395
944,-0.1572594418702385,-2.204820832317977,-0.8816810714860236,-2.328442311456066,-1.693093158437488,-0.5695044053036996,-0.39649947836827354
