-240,-1.2405028168207555,-0.6771013819700122,-0.897802575219136,-0.3847301473411226,-0.9238858307273972,-2.0334381601876683,-0.5855723245594746
-232,-2.2284707151034957,-1.4045910870226535,-0.7143887759464931,-1.2077801106895643,-1.0194460194844466,-2.2569253156582514,0.2652207620951357
-224,-2.804913990084942,-1.4893621262767887,-0.0762939533807784,-1.6670849414526405,-0.4060118408539359,-2.6314594773782622,0.6289656060946804
-216,-2.8681069947460776,-0.8004046900595871,0.5063143257083547,-1.8058012705901243,0.5881214009518295,-2.671532965037559,0.5226164221445209
-208,-2.687775850678103,-0.19313570759617366,0.628076465969157,-2.226573826888434,1.1275735265806188,-2.674615612957214,0.08951348195600722
-200,-3.134750395733067,-1.039304900519614,-0.3059464222409275,-2.8446319111710445,0.2629088315826197,-3.3312058019969197,-1.0448773025129088
-192,-3.3551552031284713,-2.572890271431105,-1.6283748103066897,-2.9047422639388816,-1.4340535264748786,-3.4822524704866944,-1.8417251310733147
-184,-2.649243481508179,-3.157039850638207,-2.143166207891499,-2.2697300366420534,-2.3804066104894015,-2.4526695431934464,-1.5504209904525519
-176,-1.8215697360217074,-2.5913858582767153,-1.7085219902678936,-1.9244806407417507,-2.0336160323558716,-1.3907194775011802,-0.8460506461051287
-168,-1.2959893758607726,-1.5325183537462335,-0.9317109261504093,-1.7672688813864166,-0.9007664768104878,-0.9529925483796333,-0.4576451306860162
-160,-0.8505559625406546,-0.7402942786805132,-0.6434893438767674,-1.1014309297196374,-0.36593825352242815,-0.5553392902016644,-0.534709702298427
-152,-0.23249792014686446,-0.34418236118478646,-0.30594647671294983,-0.2105641760950924,-0.24880005815345016,0.4711609752641784,-0.5085077238070151
-144,0.34548651140469816,0.19681108426461885,0.36451549749725903,0.2364104530686492,0.116486089275434,1.5223220621546107,-0.06461566242779411
-136,0.5843867915690456,0.5189411212809569,0.7051410124151628,0.47068684397217525,0.26445012656796696,1.5762672631276973,0.4363041291315839
-128,0.8849386691537676,1.005989358141126,0.6249938526533099,0.75120195032567,0.07641252545464756,1.2433483499619689,0.6936998575607427
-120,1.1608297867397974,1.5346523976797215,0.5710485844594294,0.6818438107577651,0.07178866086352606,0.6052534048755954,1.0589860301560319
-112,0.4842027888848225,1.4945788212757327,0.8700592761684174,0.08844654177371251,0.592745274152511,-0.39042112446493543,1.7726041997154052
-104,-1.0093089923772036,0.34169259946952485,0.8793070184305689,-0.7037776635943824,0.7252963498362112,-1.8900979460941418,1.636970512371543
-96,-1.9417905803037514,-1.2180947221178795,-0.17493661952197062,-1.355744050462277,-0.0037346647718014166,-2.825662211908235,0.10646768689282925
-88,-1.668981991759223,-1.9733277960147102,-1.4727043398106705,-1.2478536074551263,-0.9238858803979352,-2.534357973602083,-1.567375211118378
-80,-1.0231806682725244,-1.7482992624434144,-1.9690003215820875,-0.7376859168402662,-1.107299631821294,-1.8962631194127937,-2.3472689392156574
-72,-0.8320604619562119,-1.501692479867966,-1.8225775799371744,-0.326160984919367,-1.0579782654714383,-1.6712346855137097,-2.4890677228888385
-64,-0.5931601779837895,-1.1549018694485875,-1.7131458813499687,0.22253882303579217,-0.777463171535577,-1.0393049036463113,-2.0883319111652345
-56,0.2730457360036352,-0.47673340772843786,-1.1983543781324832,1.2444152346724628,-0.40138799232295397,0.31240794310967124,-1.3099794836826304
-48,1.9515125115203038,0.5374365962022897,-0.32444188491019377,2.475907361322742,-0.0669276656248629,2.454803629881805,-0.30813986016517
-40,4.058458514460642,1.9230579392586509,0.7113061024528794,3.587178818365704,0.4632767387689686,4.66809869458278,0.907939472928261
-32,5.234464224790918,3.5028821537700985,2.221772164978788,4.031070971469848,1.4466209353799495,5.540469924774435,2.259652400150513
-24,4.41449684065122,4.214958847874504,3.533411493776445,3.278920473139255,2.405304453120782,4.416868127220207,3.0549589391893304
-16,2.5325795645005673,3.3641658077446324,3.39007132902232,1.8717211300937038,2.4962406552627554,2.6305108999212576,2.9933072684221282
-8,1.1716188585911045,1.6086343927324827,1.8426143848679513,0.680302477857241,1.653154062906391,1.6456254344847467,1.9483114391246927
0,0.6737816192528125,0.13670069374717184,0.5248098804336839,0.509219051216148,0.6990944331018333,1.3943948962622223,0.8324161383522376
8,0.8726082254933498,0.25075627960837854,0.2643314941507628,1.153479103393789,0.5650020415711605,1.6040105121003256,0.30221175266764116
16,1.5615657872114428,1.366651573426957,0.2782031440518348,2.2524201586651484,0.859388769347953,1.9739206093880861,0.029403214124787563
24,2.2613122661399023,2.3761977962130656,0.2643315305758238,2.9059279188322713,0.833186851620165,2.3561609051293795,-0.15246937062877874
32,2.224321153709012,2.439390762296753,0.03776162602325811,2.3741823062109635,0.4124141416743268,2.627428210609488,-0.1093131744517732
40,1.707988428853005,1.825956607673668,-0.40304785167686974,1.219754611598885,-0.2626716592118272,2.3222524147894643,-0.22182743817440484
48,1.6216761232568655,1.5716434014977043,-0.6696912890889196,1.0856622253664026,-0.4383789822331865,2.3022157435615855,-0.39753474381107556
56,2.617350681903015,1.9600489791705566,-0.36143299320187305,2.389595181061926,-0.2210568005712625,3.0821094052659133,-0.015294371080449112
64,3.511299917878757,2.5472811173870533,0.33368960573759865,3.5501879393863383,-0.18560710829547283,3.385743826296594,0.3977718528455652
72,2.92406768859961,2.322252530006007,0.6172873757397519,2.884349837714536,-0.5894255596603079,1.947718617982333,0.2975878993351743
80,0.928094797116568,1.1431642843426288,0.45545171718948946,1.0224692205396977,-0.8175367029049455,-0.9360383684436477,-0.2172035172900074
88,-1.7352575392040441,-0.8867170744663128,0.38917612057083734,-1.1461283457139124,-0.8005825469763864,-4.10185173385673,-0.5347096829269176
96,-3.8869008367769715,-2.2168518616284563,0.5217272055263704,-2.7845215160176813,-0.3150755940084786,-5.734079888297455,-0.5794072085275097
104,-4.69145518447089,-2.7979188995419917,0.6511957988588735,-3.174468384039962,0.19663329440304322,-5.562996478047637,-0.6379762679656855
112,-4.831712705775709,-3.0059933281798124,0.3413961136124583,-3.1097341456538086,0.056375708360957254,-4.775396385788919,-0.4406908951190291
120,-4.5018763276119484,-3.115425008554488,-0.04392680140514642,-3.1189818650675116,-0.3459014455350036,-4.094145411749681,-0.3574611650891285
128,-3.5339450167794504,-2.7963776010797057,-0.34293741148888546,-2.7413654195128863,-0.6849856583481163,-3.189406919148234,-0.48538835217427995
136,-2.242342501101841,-1.8269050197659904,-0.290533503017619,-2.07244465601368,-0.6849856302014785,-1.9609974071383485,-0.2819378421028965
144,-1.5734218741966117,-1.026974601897165,-0.2165515425686656,-1.63009401478956,-0.6541597745357415,-0.8820931873387762,-0.006046558286134582
152,-1.2358789646472692,-0.7618724187406217,-0.16414758244004035,-1.1461283529989248,-0.6649489016869132,-0.13764912833770082,0.03865088270897583
160,-0.5869951127813411,-0.03592399178534546,0.25970760455880354,-0.06876535897708409,-0.4784526165861351,0.7408870907293426,0.013990204666669984
168,0.8803147057182766,1.46991810962303,1.190647863889607,1.529554382278624,0.31223019213757974,2.259059544569916,0.9264350178850511
176,2.561864164586251,2.5719418725842593,1.9767067215954646,3.2018559165935736,1.183060083633814,4.1533071188463095,2.0084218644115155
184,3.6746767632981654,2.4470971065899754,1.5713469694503857,4.380944109606182,0.9996463082030295,5.5389285874035625,1.8373384001863813
192,4.241872126806496,2.0972239563671438,0.7020584098612648,5.0252041733736155,0.32610181720338305,6.4143824231293465,1.0065821473478764
200,4.787489544632089,2.427060430726179,0.8561875476223282,5.512252277944588,0.2197526930234373,7.029357809987333,1.0466556841810037
208,5.006353071281035,3.0204577806732087,1.3879332686909753,5.612436395864456,0.39545991885611137,6.915302140348487,1.394987750021566
216,4.483854996941539,3.356459331990053,1.7023568380655898,5.311884412978193,0.5680846348532244,5.907297243509028,1.5706949187331225
224,3.9921829380413416,3.64622225130343,1.985954525945788,4.844873107122814,1.1815187628197872,5.159770759774578,1.9406048964804559
232,3.961357086514816,4.139435614626377,2.2757173591635675,4.661459276226595,1.7225121925401892,5.323147744768196,2.6773424143274114
240,4.206422545130438,4.242702150988019,2.0306519800208065,4.770890953952176,1.5745481807451975,5.71309458480941,3.0287569698041827
248,4.093908275778478,3.4381478080955836,1.1844827604408443,4.439513281962046,0.7992783958840575,5.506561442050669,2.439983556636123
256,3.2215370770448297,2.8139246738428225,0.6327003184737812,3.363691582759986,0.016302132122537057,4.6234012623627985,1.7109524620585468
264,2.672837183490777,3.695543464999168,1.2168499314568488,2.554513357560604,0.4524877068196608,3.9791412441266907,1.8758706837574133
272,3.7455762505021872,5.750085597548982,3.04636325542616,3.642665383035047,2.154073858936118,4.5617495692438546,3.084243506658026
280,5.883347918870104,7.73681063997822,4.885124351956651,5.8991165684138105,3.686117991983381,6.419006337556574,4.3481028339610654
288,7.571062584501557,9.033037111640741,5.785238896023768,7.431160688877872,4.33500179301979,8.525952091647518,4.964619573753359
296,8.586773879940694,9.045367448840642,5.896211898702586,8.187935062064833,4.486048392964223,9.973225136432383,5.069427399305451
304,9.12006081436944,8.290134471139082,5.211878291313721,8.784414849990712,4.230193991640693,10.233703420890702,4.696434707576649
312,9.098482809082059,7.143413361722331,4.055909415792962,9.052599710206959,3.3593641180258533,9.446103387243216,4.0768354420542225
320,8.391029746945089,5.668397092137836,2.7643068689884793,8.4514959661306,2.2588817326686317,7.978793376518622,3.0981151406645266
328,7.754476153468474,5.165935978605452,2.0953862632760116,8.078503365795585,1.7764574117258065,7.049394557707839,2.572534641591657
336,8.4896725011687,6.163151807898383,2.7165268494468986,8.879975025171147,2.1479087246916233,7.801545054879454,3.33239141368331
344,10.616655251829538,7.926389640219446,4.555287940513629,10.573854647226572,3.547401716821213,10.133519540230436,5.160363565022365
352,13.290796395091926,10.190547348208662,6.947372760088779,12.136724605309407,5.748366395148456,13.265424323247531,7.179455849827611
360,14.889116242642583,11.66864624617574,8.484040822133295,12.854966597736649,7.192556876122444,15.00400165617466,8.076487661369594
368,14.671793988296104,11.533012514956233,8.185030207744775,12.195293752002158,7.209511135862426,14.261098980075781,7.70503640486262
376,13.782468596712132,10.888752423042162,7.04755682982823,11.4755103379297,6.6084072919482875,12.758339467810258,6.841912948556692
384,13.70540405953796,10.837889930586785,6.5235175538839965,11.962558580750331,6.438865216916953,12.582632127238641,6.126753616632305
392,14.68566573339904,11.215506388724615,6.326232288491268,13.471483287692834,6.201506237367279,13.90197804735766,5.652035593789104
400,16.230040011255653,11.636279095855787,6.122781803751857,14.920297559579977,5.820807144224133,15.760776013135905,5.863192700645608
408,16.94365812667414,11.89367478123715,6.458783343644479,15.610796380189491,5.907119462734612,16.747202723390522,6.411892556781188
416,16.767950717226046,11.437452353683549,7.096878101307358,15.647787411491837,6.412663250677605,16.687092379563378,6.9220601980566485
424,16.078993467107793,10.283024820666283,6.654527487567604,15.279418549419214,6.32480957691486,15.950354968011375,6.356406025059968
432,15.342255878066403,8.798760776037083,4.912867729410403,14.716847160273892,5.218162019729103,15.141176554891793,4.802783916196508
440,14.522288688138504,7.379231026087306,3.083354206593372,14.014017954118488,3.7909257867397392,14.62946769346793,3.2630333494490547
448,13.737771293469981,6.824365924445226,2.563938947232106,13.061499681884154,2.964793380776532,14.499999196165131,2.7667373688366173
456,13.138208486916678,7.231266998397742,3.3099241626377287,12.226119627536109,3.148207075244341,14.065355033841392,3.434116788673349
464,13.033400808058238,8.421144323031873,4.74794946631942,12.050412315938974,4.447516128102429,13.229974730643956,4.902967877819752
472,13.845661536636008,10.037959498479072,6.526600309423148,13.382088414974447,5.860880731058937,13.33940655307637,6.331745456789547
480,15.903286220579064,11.713343702568714,7.845945953373984,15.72485194253998,7.150941977745447,15.073359770741723,7.509292395712221
488,17.974782442664484,12.803036949681678,8.360737451624413,17.705412040466168,8.069551913452964,17.500894488063118,8.184378129874286
496,18.26608653129675,12.05088659672019,7.949212546525605,17.689999170085557,7.866101460171562,18.632202620804303,7.823715896210356
504,16.342554351636483,9.718911958715088,6.540471858658598,15.387309147564007,6.53596658658268,17.55638109164105,6.700114177135576
512,13.591348284763148,7.120293792400858,4.715582285866014,12.184504654818877,4.732655176036378,15.264479973249959,5.007775645257315
520,11.6246600683683,5.8410218371094285,3.2544377507880706,10.089889065405497,3.4225570044711113,13.213020665446916,3.4109973746550892
528,10.8540141280645,6.197060197241537,2.76430684200082,9.616712454438975,2.9586281907354666,11.892133469217349,2.7698199619531123
536,10.508764775211997,6.2972441189627855,2.466837549254171,9.681446805908385,2.483910376177384,11.115322403113046,2.418405384786873
544,10.257534308018338,5.35397360554745,1.739347814564776,9.837117301736377,1.9244214155735109,10.60361354102691,2.15022060040098
552,9.682632325373143,4.071618880477981,1.1629046548189765,9.439463989583095,1.7625857833486334,10.034876801404689,2.3367169643123438
560,8.181414079284055,2.912567346606754,1.2985383040820941,7.938245652928058,2.212643036424604,8.656961950328615,2.3721666781120323
568,6.260964553503909,1.9924161134303637,1.6792374316634784,5.832841080408068,2.776755768238989,6.784292467931905,2.0639082953015455
576,5.000187719810722,1.9076450432149263,2.2279373217405927,4.143585301254296,3.1158399683033298,5.865682447122202,2.207248430584486
584,5.044885188621333,2.741483958377542,2.641003487717648,3.8522810175823876,3.14204191053525,6.340400254395273,2.4985525356080287
592,5.756962074122878,3.77569071615481,2.5408196015936193,4.271512426251276,2.813746766758781,7.001614504886998,2.299725947580022
600,5.917256369142451,4.52013464799931,2.244891486113142,4.223732511017823,2.271212075828997,6.858274432354503,1.9144030825640916
608,5.069545937526939,4.831475639489727,2.6101777355321962,3.1402042440051186,2.0431008188388287,5.790159233576722,2.4492312328364614
616,3.431152728811289,4.082407801330853,3.0602348733725195,1.278323628651534,1.915173660231451,4.349051261776022,3.4187038240842833
624,1.5415289336926912,1.9446360990214042,2.0923036693316748,-0.6637039765906638,0.9919398673833946,2.6228044223454265,3.202922968534577
632,-0.4806459056515987,-0.44899023806310123,0.09478945869029107,-2.1710874335824433,-0.6896094734342683,0.6576573370231517,1.6061445874981906
640,-1.5379720824141767,-1.3691413565005504,-1.0658032885410345,-2.5163366480197156,-1.2583461746446087,-0.47210948864619046,0.28217493971316226
648,-0.16776370311904337,-0.02975878303504484,-0.4446626728989633,-0.9473016523843665,-0.5031131888301965,0.9782460252443936,0.26522076639991526
656,2.85470955615115,2.5549876651639094,0.8900960636253543,1.5634628224512954,0.6451491968626653,3.777232056690587,1.069775118233047
664,4.50389172793963,4.268904184944864,1.9304680056487908,3.3590676368747503,1.5236855748754279,4.780612939099469,1.7124938191320653
672,4.260367616960127,4.230371874882879,2.354323284703696,3.537857563112281,2.0292292912928462,4.026921259032354,1.8481274912436296
680,2.863957440471037,2.391610648546718,1.380226790949575,2.095208386395476,1.1738123720018274,2.8848240744736455,1.3071340014218775
688,1.1731602429834187,0.01031479966054647,-0.48936016803495874,-0.16740804150955316,-0.3798098770981156,1.9985812995168897,0.007825033831545881
696,0.22064179938573017,-1.1718560714051764,-1.3956397514758454,-1.7518560272315138,-0.8468212927253833,1.7057358809643324,-0.8845829324908233
704,0.18981606127359968,-0.9422035174428398,-0.9856561365608982,-1.6578371597851964,-0.2426348878150315,1.7026531830430036,-1.2205845611281372
712,0.4672485321250739,-0.3657603177950425,-0.24891864404591743,-0.8702370008023894,0.6775163700310594,1.853699749708176,-1.4980170675768296
720,0.7354333367103192,0.17985684323387285,0.17493660504109887,-0.6359608041106648,1.0212243724327823,1.9970399358206326,-1.4656499805040335
728,1.227105311832877,0.8117865201308684,0.40767172612568287,-0.29995912232587596,1.2231336154998877,2.2004903334710337,-0.9662713706811782
736,2.497129931332718,2.1511690685955376,1.3447770758253388,0.757367050463063,1.753337991747082,3.2054126515984533,0.6628739977557947
744,3.9798525978612087,3.5352492628634997,2.6872422987006153,1.9842353244431503,2.505488461434332,4.703548432555463,2.4122402485555563
752,4.220294064232428,3.606148697251183,2.946179327247744,2.0135200346318567,2.274294637156349,5.172101033230622,2.9701879472877732
760,3.011921431404401,2.5056662241426793,2.0676430071839413,0.8745052868930183,1.314069802409564,4.655768279234568,2.3182214407138844
768,1.897567428763096,1.4159730179251253,1.213767263503411,-0.20902296207272136,0.5341762017999966,4.005343224439356,1.5414103252701779
776,0.9635445581032671,0.5189411053863849,0.3552676999352423,-1.1538348116999506,0.056375693459796615,2.792346449527475,0.570396562219939
784,-0.34347087232730333,-0.18234667465345494,-0.36143296803546765,-2.0077104725962536,-0.48153513950160437,0.862649238275157,-0.3204701480256695
792,-1.8554783473921632,-0.6909730318710848,-0.8253618415413252,-2.690502787814434,-0.547810671548558,-1.3090310182836333,-0.9077023615758132
800,-2.7108951254532863,-1.3598936769888443,-1.5698057136156116,-3.243826554734736,-0.957794258813572,-2.5852206907338573,-1.4224938242290266
808,-3.060768443728102,-2.438797910033894,-2.7704720612583484,-3.794067590454449,-2.178497408317705,-2.517403845157889,-2.21163523200358
816,-3.2025673300537267,-3.31116907995863,-3.4933379490724477,-4.504603171036538,-3.2019151785180098,-1.9517496004700654,-2.2547913874507466
824,-2.7679229213641228,-3.5546931960707555,-2.8244172984909297,-4.637154206155964,-3.0369969099632694,-1.1471953923503562,-1.4671911981689112
832,-1.870891082668916,-2.6653679069736587,-1.63762264181024,-3.843389111445244,-2.2000754341355764,-0.6200735254420181,-0.5840310757677268
840,-1.3268151227480336,-1.8037855933300955,-1.002610342491132,-3.0804496498762535,-1.6143845460353754,-1.0578003971113092,-0.4992599918101074
848,-1.5765043878402474,-1.7960792097971474,-1.6946503565925306,-2.736741460878879,-1.785468033274524,-1.751381821268136,-1.4918519364781357
856,-1.696725204637927,-2.113585303411779,-2.639462263506447,-2.434648238638272,-1.9442210637733468,-1.4785730621880968,-3.025437248943964
864,-0.6162796365399653,-1.703601728729968,-2.6255906538385103,-1.6470481175706437,-1.3878147524136764,0.18293948355648212,-3.5633481131978013
872,0.6367906103022081,-0.6925142384428752,-1.719311030661193,-0.6791168681640416,-0.4753699666796589,1.6826164936025938,-3.0470154125147904
880,0.8402411647459384,-0.15922735169784755,-0.9871973833658241,-0.7068601870065583,-0.31199310569681693,1.8629475098517212,-2.139194498325769
888,0.06497136432136297,-0.8743866546477518,-0.9902800897311448,-1.5715249030317517,-1.0687673472568524,1.1554946801728678,-1.1589328440017679
896,-0.8151063873217661,-1.9702451997524144,-1.2245564061288647,-2.277436468852128,-1.8162938051626214,0.4588306958476704,-0.681132472421114
904,-1.6736058081699248,-2.486578022459378,-1.313951290933749,-2.7336589553481,-1.9580926755936736,-0.09911682026253756,-0.8522158075028506
912,-1.9911119332425622,-1.9193826127574485,-1.0411426939452302,-2.9617701779000267,-1.2830068596407895,-0.450531399084463,-0.8106008947213998
920,-1.7290923142280337,-0.7803679050861774,-0.5510118351596546,-2.78606289113816,-0.7836283344234158,-0.3935036670830505,-0.49463616695541573
928,-1.30831976057882,-0.30256746313892924,-0.8376920787378763,-2.2990145658644345,-1.1165473651427484,-0.014345814122093457,-0.47922317223289096
936,-0.6347751064942438,-0.8281479646953259,-1.6160444421454867,-1.6038919361292308,-1.561980707930704,0.7378044656581348,-1.1034463742031495
944,0.08500820012428818,-1.7005190549816345,-2.260304520814082,-0.8902738230287018,-1.6482930736281938,1.5901389309101635,-2.0821666202929787
