-240,-0.035034733221062216,-0.06366721679512284,0.37133278091493876,0.3010854385283768,-0.16474038920341366,-0.364574855693385,-0.016717089750827994
-232,-0.1999529820731562,-0.24708094570117137,0.050744033916893055,0.17932339330386923,-0.3681908820556779,-0.5880620772257826,-0.4683156354941873
-224,-0.10439287477578856,-0.32568682653781683,0.0676983072334885,0.21477312548165675,-0.4267599886808638,-0.3691986572029241,-0.6085731614349233
-216,0.014286616075242857,-0.31952168633285744,0.22645132382456074,0.3164983302673217,-0.13391452410027502,-0.1703720142061892,-0.26486507889806715
-208,-0.21844846560404818,-0.44282498912424095,0.21412100847969728,0.2517640953581049,0.13118764796318164,-0.4416393753173005,-0.12923139105749956
-200,-0.2862652711124498,-0.5445502765285664,-0.08334831953303437,0.16853431747891967,-0.12929065652892122,-0.7930539307940723,-0.7180048570418969
-192,0.015827874801097784,-0.3996688205971678,-0.3731111371873791,0.23480989290480953,-0.38514511845050703,-0.3599509402727471,-1.2389615069215116
-184,0.5044173912487478,0.048847052391268304,-0.18661488188892336,0.7064451418307602,-0.1940249051803198,0.3814104666694618,-0.8459320840290471
-176,0.5537387163720578,0.03035160462316304,0.0784873217981085,1.097933338448787,0.05412305416459711,0.24423549112855894,-0.5500040591145173
-168,0.032782091989986065,-0.2594112423367988,-0.0802657209527797,0.6602064487325331,-0.09538225576154183,-0.4647587840373698,-0.765784891153503
-160,-0.38028411686929864,-0.24708096590052275,-0.15270646406799296,-0.15205436660311172,-0.1292906740791777,-0.7730170953222828,-0.5900776209484818
-152,-0.5174591006886244,-0.07137368758264767,0.23415779113514812,-0.3447158881041229,0.014049478754019183,-0.6235118161918769,0.18981601840410467
-144,-0.5991475380511365,-0.388879815966655,0.20024933308108242,-0.3539635724173142,-0.08151060652274342,-0.6959525106299635,0.2653393268203126
-136,-0.4974223165430577,-0.47981601860533407,-0.14962383833451146,-0.296935738591302,-0.2787960088405851,-0.4832542952181945,-0.1323139790413725
-128,-0.06277806911713034,0.10433361606720172,-0.1974039335408781,-0.1474305520136642,-0.32195215932069676,0.3166761693409364,0.00023710326506528725
-120,0.23931519550900177,0.40796810912016085,-0.08334833095725798,-0.04416391266844162,-0.3419889423072847,0.797559208378323,0.012567456028400316
-112,0.45663732617584035,0.35402288993454384,0.029165996509230022,0.22864470733409273,-0.1246667874674511,0.5386222215544463,0.006402298107615925
-104,0.8820338982292731,0.802538824514446,0.35283726493262835,0.597013484304532,0.5195931870585834,0.5864022442418284,0.3239083947024793
-96,1.1455947875594483,1.1354578090401795,0.5670768403981487,0.8574918022076803,0.8633012540320043,1.0873220968959678,0.5366066821365276
-88,0.9328964887011769,0.8271994156333116,0.5131316470412108,0.7480600425257137,0.7615760245766391,1.0457071756705256,0.45491818252027555
-80,0.6970788485091978,0.7393458175353514,0.503883877956969,0.41205841322612546,0.7215024008200716,0.7929353908086433,0.6861119857710651
-72,0.5645277607390002,0.9273834765976303,0.5347096846144425,-0.01333807405625637,0.7245850199308149,0.7497791823795716,0.6984423163482267
-64,0.31175589243061513,0.7485935919177834,0.3959934228633205,-0.17825632754426762,0.43636342110032705,0.43689695567402065,0.5597260675114447
-56,0.1730397050197311,0.1721504553515689,0.13859772109068375,-0.05187043693457905,0.06028820993299143,-0.04244479053040856,0.3501103558092033
-48,0.1961590119151987,-0.09911692066070338,-0.05252247363583644,0.08530462867556426,-0.016776383368887406,0.15638182879003742,0.3901839302263708
-40,0.17920482966125514,-0.04517165693717102,-0.06947671599112996,-0.12585239390659556,0.03408622630895705,0.5077963642330251,0.4163859312350935
-32,-0.39723830872621274,-0.3565126512422522,-0.22360588438235776,-0.6822587902028847,-0.24334625613230906,-0.2366475437696164,0.2191005587195739
-24,-1.2387836112298516,-0.8158176055193965,-0.4517170849136816,-1.1230682281665818,-0.5562285109844981,-1.1413858474574536,0.004860944511034582
-16,-1.5285465754122818,-1.0855436585652523,-0.7430212268589907,-1.3080232311963524,-0.6887795926286625,-1.1922484693873643,-0.15080946936057157
-8,-1.1586364455075346,-1.0624243531599007,-0.9156458976559149,-1.2263348006221475,-0.7334770670686014,-0.3938593968366967,0.006402306551607278
0,-0.5452023109182333,-0.760331114859153,-0.8216270783900194,-0.6221483635915139,-0.5978433787313281,0.43227307982424334,0.1404946931152261
8,0.20848940921644865,-0.1407318475154732,-0.5919745889993812,0.3966455633760015,-0.3142456834005495,0.982514246839744,0.22988959298684034
16,0.8758687990852906,0.42183966150141144,-0.4301389675364535,1.0162447974404207,-0.07688674491185421,1.412534733320404,0.30078902422872356
24,1.7621115619555494,1.3234954510489079,-0.2374774675593416,1.5803575592226946,0.07261859448547031,2.2648690346596596,0.43950530270225957
32,3.1800999516860045,2.5195379067817294,0.34975468092239825,2.7579045693398014,0.36084014745349563,3.6150407534888673,0.9496729136786907
40,3.933791703278694,3.250110199321538,1.000179828601515,3.647229988739275,0.9912284821781332,4.211520583303566,1.4798773094629618
48,3.4791106121025552,3.206954003972376,1.1173179993007936,3.1201081792831915,1.2239635304125964,3.5857561196272183,1.640171622032792
56,2.2738204129486,1.9877922213103014,0.44685606284019286,1.6728351311869587,0.5303822294387045,2.6054945672933862,1.2856744918176246
64,0.25010423954480737,-0.09141044589953531,-0.6135526941245437,-0.2830641381951988,-0.34353023994172754,1.525048976015841,0.5890106046811129
72,-2.3623854261687676,-2.4218436707034074,-1.4766761376817004,-2.3900100732524687,-0.7180641673823706,-0.7668519445209419,-0.14772689081410073
80,-4.563350124198656,-4.074108506802821,-2.171798731157413,-4.122422074246356,-0.8151655352268463,-3.239084038928023,-0.9491986627762135
88,-5.435721270281534,-4.54420251157294,-2.389120919938781,-4.977839058605779,-0.8567804081062985,-4.2100978955244415,-1.302154473005197
96,-5.751686091593696,-4.632056197587751,-2.093192836247449,-5.281473611097813,-0.7735506439692953,-4.334942573601875,-1.1434013938292478
104,-6.163211024673574,-4.9526449349828265,-2.082403835259442,-5.602062294020866,-0.7504312925359122,-4.7171829403720364,-1.3114022146050746
112,-6.217156257270236,-5.091361178852555,-2.305891091561216,-5.549658345978738,-0.7350183504641566,-4.831238525736538,-1.507146267796684
120,-5.780970622802898,-4.724533699019854,-2.1610096869560387,-5.181289551954748,-0.7951287467764995,-4.247088861592815,-1.4316229918318941
128,-5.273885690045151,-4.351541075670823,-1.9467701318554387,-4.654167817170039,-0.8028351702114457,-3.642902520426319,-1.35455840763628
136,-4.310578299600341,-3.5886016192344514,-1.4751348104105033,-3.624584791860264,-0.47608131098951056,-2.9816882969222527,-0.7534545812723985
144,-2.6875979554704124,-2.0719704693199223,-0.33457891454553973,-2.1742292306171014,0.3038123169388527,-1.5683237355234279,0.5797628490079163
152,-1.43761031515578,-0.7094685015388029,0.4730580426561531,-1.167765655088374,0.8525122164533686,-0.23048233965523318,1.28413316106949
160,-0.8303413015654968,-0.234750618766516,0.35129596299340593,-0.767029746341654,1.0174304454372476,0.34750196391191185,1.111508565937352
168,-0.19995296253607814,0.1459484765290193,0.35437857200447326,-0.17054990477159485,1.1484402647130507,0.7806050597347767,1.0745175391053543
176,0.7772260331063185,0.8271994113285318,0.702710527410874,0.7280232956330489,1.4120011919584028,1.648352306953862,1.6771626369438608
184,1.5201287140066801,1.391312228245103,0.715040834146178,1.3907787826644558,1.3148998030867332,2.207841246861678,1.8112550418855786
192,1.848423897685148,1.6379189662826368,0.27577268040587827,1.512540816795877,1.014347850499499,2.380465974614151,1.0976369238179973
200,2.1227738181367886,1.7427268534261957,0.08619379440688658,1.6774590595219367,0.7076307954569147,2.959991653467346,0.7739656277446664
208,2.7146298095201837,1.9893334901358328,0.18329516523159473,2.1691310707384184,0.6906765815793954,3.672068460323873,1.0606458890387132
216,2.705382091762164,1.8398281638184164,0.12780864493459737,2.431150713760373,0.5535016083564509,3.5872973851413823,0.9404251248918029
224,2.3755457056511156,1.480707166031895,-0.07872445096826956,2.164507205485023,0.3330968594067119,3.046303997309799,0.5412305223890859
232,2.338554631963244,1.5623956219380735,0.1709648199188407,1.9256070122441151,0.5396299710385821,2.8890922086488495,0.9173057681602289
240,2.3740043843403833,1.6286711986885105,0.3913696344336894,1.773019116320925,0.7584934473547161,2.8505599401445476,1.4382624014829974
248,2.0749937775680136,1.087677812512613,-0.0586876328811686,1.378448428411005,0.3855008203631793,2.5083931713022736,1.1007194657738393
256,1.997929190226599,0.8009975040315559,-0.24980783009121552,1.1595849850429942,0.2822342841671063,2.440576327878695,0.9758748736264357
264,2.414077930445344,1.4730007502130973,0.4992600314128092,1.5433666532556718,0.9342007044798284,3.191185487513869,1.8528698852938454
272,2.7762815741647016,1.7350203381007554,0.8522158212768727,1.6358441844900964,1.1314860604385022,3.6273710592307604,2.3753678362848403
280,2.3555088205087893,1.012154507904481,0.007587904960681315,1.0516945751495341,0.4379047240329605,2.927624515068328,1.5816025746811135
288,1.5155048335209869,0.31549057093186245,-0.5534423355618093,0.4706275066058349,-0.012152499902961585,2.019803659656109,0.8464063162222883
296,0.9683462303163657,0.2507562959550792,-0.43168030556959974,0.25330536633602596,0.009425586181828037,1.760866643857752,0.9912877704980024
304,0.44122442930427364,0.05501225451883131,-0.44246929115973976,-0.2907705593121861,-0.22947464364970854,1.5096361122579653,0.9435077282735422
312,-0.39107316007726217,-0.6971381376823808,-1.0004169668779412,-1.3912529849025428,-0.7627616320537703,0.851504455213873,0.19598119172275577
320,-1.2881050055607772,-1.3105722952856977,-1.356455359627039,-2.041678122647553,-0.9862489287542482,0.11168439160300117,-0.3712142527485505
328,-1.9030804427515753,-1.566426770287192,-1.3055927458099827,-2.0832930455286798,-0.8120829392956873,-0.3121708483777495,-0.43132461230469554
336,-2.0032644139777913,-1.6280784223451572,-1.1252615792246965,-2.141862147683518,-0.43292513583969855,-0.49250201297621443,-0.3727555144546377
344,-2.484147446558008,-1.8623547860954563,-1.0204537917533492,-2.6643599829421616,-0.2294746361991278,-0.6990351459664156,-0.31264514645450125
352,-3.011269250550332,-2.042685904500322,-1.0050408402441913,-3.117499796186503,-0.1616577939345287,-0.7868887511838194,-0.22170893040477735
360,-2.858681393701297,-1.997988480227625,-1.2423997719445796,-3.168362440302587,-0.2495114195168528,-0.5479885465186882,-0.44211362835943196
368,-2.578166262678103,-2.098172404432399,-1.4951716349547743,-2.9202144685400357,-0.2942089014073722,-0.3167947146245558,-0.7827391171175191
376,-2.5118907101006593,-2.2137693374330163,-1.4581806187191582,-2.8446911538322253,-0.41442965893154465,-0.4616761842981363,-0.5715821663920695
384,-2.7076348101481407,-2.2445951705814426,-1.0297014689470971,-2.9048015662047084,-0.22330948241755497,-0.7853474518936924,0.0819255652972776
392,-3.133031317961011,-2.489660545916129,-0.7723057734660612,-3.074343648521054,0.13118763355872565,-0.7129067327859059,0.46878980510255186
400,-3.612373075092957,-2.9196809631891734,-1.322546959356365,-3.550602845981335,-0.22022688979776497,-0.8485403992681424,-0.07220359597450657
408,-3.764960922173453,-3.2957561866085756,-1.9082378272572131,-3.672364908756099,-0.8583217282580512,-1.3309647770009496,-0.9553638208625663
416,-3.5291432934056974,-3.526949982574353,-2.0793212610177507,-3.1344540397007745,-1.1434606803278646,-1.3217170188442267,-1.0956213631945795
424,-3.4813632708838846,-3.69649203790304,-2.356753768294286,-2.735259464351287,-1.4501777759347212,-1.2354046518221893,-1.3684300230991124
432,-3.311821203303132,-3.6995746484042242,-2.4091576681559923,-2.5872954482515156,-1.581187589912333,-1.090523256323276,-1.3607235678750225
440,-3.0189757067678316,-3.075351437658836,-1.8465861591391073,-2.353019048407293,-1.1943233272586122,-1.1105600391442954,-1.132612352276969
448,-2.968113100235788,-2.760927912159863,-1.40731799761709,-2.2343396169953382,-0.7612203456779834,-1.1043948596996116,-0.8675101749153217
456,-2.7831581015107973,-2.7747995314307703,-1.1637939291886792,-2.121825228930794,-0.5300265497122055,-0.948724446490279,-0.7796565331072887
464,-2.5134319963108784,-2.639165888790392,-0.9957931029490937,-1.8490166508170793,-0.304997932528838,-0.7159893088488493,-0.6101144635397145
472,-2.209797535047063,-2.2091454428740036,-0.8077554645828711,-1.6347770784973596,-0.19248359910188564,-0.41081350624051854,-0.2371218127063199
480,-1.887667529488731,-1.7513817542765895,-0.6120113824167819,-1.6024099593042826,-0.03373061297540993,0.057739178212279814,0.17902697370602527
488,-1.7581990065228235,-1.6558216807551875,-0.6120114089077353,-1.690263629424522,0.12193993186084652,0.20416190926081093,0.33623871849133397
496,-2.0217599213505415,-2.1521176362012184,-1.0697750935315067,-2.1819356740858318,-0.1724468224068992,0.0916475577868968,-0.20937856505823957
504,-2.5334687948609016,-2.5698077258773333,-1.6385117528530264,-2.6874793659991183,-0.7011099422461964,-0.35070318824205643,-0.7210874581056781
512,-2.4286609593747013,-2.666909144716895,-1.7787693427031879,-2.5626347760041055,-0.9585056829274211,-0.18732623238848825,-0.7950694577943563
520,-1.7674467414999624,-2.520486408204604,-1.8219255117269664,-1.9014205573015242,-0.7951287432995615,0.4692640728802762,-0.7534545893852526
528,-1.4930968135977405,-2.3771462207676,-1.8327145036087078,-1.5777492805997035,-0.7581377610054788,0.4322730667443357,-0.6763899922752991
536,-1.5085096795080055,-2.195273821285138,-1.98221985823833,-1.6964288062201105,-0.9292211217503262,0.07777596782160608,-0.7827391093358014
544,-0.7332399227935029,-1.624995804062257,-2.140972936089732,-1.1585179369992176,-0.9122669260853375,0.5848609381633946,-0.853638554816572
552,0.8172996760688277,-0.674018798666632,-1.512125850819115,0.15774529082780214,-0.32657602606420844,1.9057480486284972,-0.32959933947039455
560,1.7112488996269355,-0.009722012841803284,-0.7861773571397503,1.0871443053405,0.3454271873347779,2.556173209221954,-0.1369378265789432
568,1.8946626426063031,0.25383891192002167,-0.7245257380299079,1.333750980296451,0.5889513196726133,2.623990065891009,-0.0675797330390695
576,2.1535996391987187,0.47270235992394954,-0.8940677938553002,1.541825393701975,0.4301982707956918,2.7519172960239597,0.08346686690536342
584,2.347802421577975,0.35864674061791485,-0.9634259655434861,1.7360281229337566,0.36392272037063905,2.932248416912352,0.09271463449948879
592,2.4556928559755664,0.36018803394757776,-0.807755469218788,1.7622300893386715,0.5257583246144474,2.966156877615514,0.14665986196352893
600,2.6498956534215523,0.6191250744156345,-0.7214431364694209,1.8577902353790587,0.7954844311389144,3.4131314350881135,0.3007890169437114
608,2.6283175368721663,0.560555978883535,-0.9063981459563608,1.8516249905348343,0.6706397825326674,3.5472238915216217,0.30695418612315095
616,2.1659300000749075,-0.17772280795451945,-1.5290800138671172,1.515623375474133,0.1650960735658294,2.8104863708600023,-0.2016721040392533
624,1.5401655072585125,-0.7572485166100356,-1.838879733551771,0.9052718543662476,-0.30037405369882914,1.9519868147424149,-0.6625183531361767
632,0.8712447755484499,-1.1656908809119821,-2.0808624965640212,0.4505907676604569,-0.3774386506432142,1.6868846458247582,-0.6918029113330391
640,0.31792104935798876,-1.735968838530219,-2.5093416261367305,0.09146977235746169,-0.7057338366396405,1.4140759619127987,-1.0447587290126032
648,-0.21382460084735835,-2.3894765970416563,-3.1335648150270825,-0.3555049000196471,-1.3977738466018286,0.703540447392525,-1.9741577024643249
656,-0.2708524318587069,-2.4172198226691313,-3.2876940377247643,-0.41253267010180333,-1.658252149272678,0.6989165551514706,-2.080506835750536
664,0.5275367945050584,-1.581839657224651,-2.5463326415445056,0.0945523316979918,-1.00782701781927,1.6206091099697295,-1.3483932060054222
672,1.2981827117948455,-0.6447342005677718,-1.7063285924685307,0.7372710221661972,-0.2618417568823215,2.2540799778750817,-0.6825551349637855
680,1.720496688579392,-0.10065823799779261,-1.2177390919154523,1.176539216470769,-0.013693778165894916,2.303401336277652,-0.3480948484988294
688,2.1443518280600884,0.31240798824618,-1.2069500899340344,1.6050182692197146,-0.038354456539337375,2.571586076291198,-0.22016762018713176
696,2.606739410554241,0.4727023342608386,-1.1283441688642537,1.7360281376693494,0.05566437315737096,2.9414961247362643,0.0017784013962135051
704,2.688427895600469,0.659198645190296,-0.6859934554522872,1.736028190651256,0.4733543972683769,3.0062304051768067,0.4194684837873165
712,2.820978995953869,1.0106131601027948,-0.19123870359781447,2.0288735332078907,0.9727329767922048,3.1541944330319387,0.6830294179865438
720,3.073750877342163,1.3558625576587817,-0.02015534268739881,2.335590681796655,1.1068253747800474,3.499443794162865,0.8494889129812901
728,2.8040248032691126,0.8780620976645716,-0.39468925174994324,1.9518089809669898,0.5874100438932068,3.2605435893321646,0.5381479554324071
736,1.6280191527090517,-0.37500819073528296,-1.2578126853729923,0.9638409399642393,-0.4390903268741746,2.1307766653151594,-0.43594845156384343
744,0.9390616606952797,-1.0315984666984306,-1.4288960780725517,0.39048030247163573,-0.6934034938104132,1.5204251430482947,-0.7719501033807412
752,1.1209340727609451,-0.6108258115557523,-1.0559034601872803,0.5446095586141461,-0.1061713006251898,1.6206090952341372,-0.4729394634946799
760,0.8604557985678696,-0.5522567186727484,-1.2562713953546987,0.6000960883485457,-0.12312550374075894,1.4541495888151672,-0.6347751188991415
768,0.11292930771397706,-1.5186466757430994,-1.9205682020411532,-0.1613021105209478,-0.6887796009070858,0.8761651335873152,-1.2836589724207539
776,-0.18608135518609958,-1.9471258220382226,-2.119394824341831,-0.6791761730789628,-0.9215146757980703,0.6310997196751785,-1.3514758025988554
784,0.3780314637172937,-1.4477472858933311,-1.6554660063014075,-0.1551369718061048,-0.782798408583189,1.4202411034423061,-0.9630702822126896
792,1.3952840781492044,-0.6431929425041902,-1.2423997702888954,0.8035466071950572,-0.4961180996054262,2.38046591683076,-0.5022240306322392
800,2.169012539547223,-0.06520854439745578,-0.8601593818292658,1.5834402175731639,0.1327289252327038,3.026267258861127,0.10350366926346065
808,2.549711704050373,0.4757849159531102,-0.30067048066446916,1.651257073414377,0.47181314400628077,3.4639941361597457,0.821745682883466
816,2.546629035269093,0.6622812356576959,-0.07718312452491516,1.492504032319173,0.12810507752956468,3.5333522248981355,1.105343342451458
824,2.403288939557014,0.6884831924596401,-0.0648528035507242,1.5818989706026687,0.10190306675230323,2.984652335483295,1.0113245660677932
832,2.375545639920438,0.8826859755011702,0.22336873319159212,1.709826203715852,0.2961058815829774,2.6594397641272627,1.143875668076878
840,2.304646259011366,0.9088879415749482,0.2865617004342569,1.5387428287321174,0.2914819969580723,2.688724336066308,0.9620031901149667
848,2.07345245427046,0.3894725914821668,-0.37156989452166445,1.361494254269916,0.012508150158274667,2.795073412396969,0.2036876264163571
856,2.124315099711091,0.19064594997554735,-0.7168192750241,1.3029251059214788,0.07107725545891318,2.8829270732453747,-0.07682747381110465
864,1.8468825747187314,0.2384260051143476,-0.49641454445245947,0.9068131488548895,0.34234465216724264,2.660981042721333,0.29154125348879745
872,1.513963475619626,0.027269024917712492,-0.5380294178286171,0.41668228874476576,0.5211344836996151,2.2432909684430844,0.44567042022434034
880,1.3382562939937304,-0.140731799003915,-0.7337734735037525,0.32112223128350376,0.6891352902365545,2.2386670753741873,0.30078903316942013
888,1.2642742585422644,-0.408916613523267,-1.1375919030135513,0.28567250225151697,0.570455811968726,2.010555940407973,0.04801719284210451
896,1.0639062945659343,-0.8589737879542209,-1.4874651764193156,0.09917620142173575,0.0787837191269948,1.4294888685529048,-0.13693785571899159
904,1.1039799161701125,-0.7002207077848605,-1.3179230626449625,0.2964615775797612,-0.04451961247330028,1.4757277013909103,-0.021340953845244273
912,1.8391761185012308,0.1351594339833299,-0.8509116577796443,0.8544091627320165,0.333096870003093,2.3866311287268616,0.5797628480145054
920,2.5188857682495023,0.8117865361464328,-0.49795582801358307,1.5896054240055062,0.5642906578560161,3.168066060415701,1.042150427859563
928,2.669932447666795,1.127751356299616,-0.2359362051909805,2.035038724407936,0.3870421082290828,3.2574609662477796,1.2902983678329702
936,2.4310322246235656,1.095384236775402,0.02300081077294482,1.8608727207104871,0.35775755715166396,2.8521012591373216,1.3843171859398864
944,2.213710007861129,1.0414390146095527,0.2834791501999922,1.430852315027235,0.6690985228134017,2.7673301471986327,1.450592719311388
