-240,-0.8635815314401488,-0.8039237843057905,-0.7465699727002243,-0.6362275002862918,-1.120400615381663,-0.39486845393854025,-0.6383494484739808
-232,-1.1268271194393193,-0.8858925229185943,-0.9845944670569537,-0.9231179443780672,-1.4482754011788255,-0.5824507112269637,-0.6493836570778609
-224,-1.3112567255234386,-1.281549124021109,-1.2037030922874181,-1.3644879032773052,-1.9684614043070616,-0.7700329498889357,-0.8795266004696072
-216,-1.6596236811573062,-1.6535609257570292,-1.805857818111309,-1.4243880865079437,-2.263233457613815,-1.1987922856831679,-1.458036437689268
-208,-1.4231755090161013,-1.347754639970672,-1.5221199966068353,-0.7970122338526633,-1.771421256058335,-1.1373157360415154,-1.3130149240768347
-200,-0.42851686851492715,-0.26639828252625597,-0.2847078651307035,-0.09870195922187767,-0.5702645108168874,-0.3995973970480526,-0.40505392161048176
-192,0.22880908659288102,0.7850079599351105,0.6453216409024137,0.17084895302964878,0.40705465643269406,0.33339187132937104,0.387835635829691
-184,0.6260420224414421,1.2405648015022697,1.1592023621111383,0.3221758005463265,0.8279323775933445,0.7085563647397956,0.9505823054188093
-176,0.8483032897323163,1.267362206523027,1.570622155735908,0.5633529584685509,1.3134392704749547,0.7022510873922307,1.3761890331882387
-168,0.31865941342357157,1.0167271561165163,1.5595879561065897,0.04789593367075395,1.4348160404308172,0.23881262678887458,0.9915666198618446
-160,-0.5089092271702067,0.2695509302267036,0.886498777488885,-0.7024330070919614,0.9303932332114637,-0.4248185568990616,0.04735028839481286
-152,-0.8620052099019496,-0.12768201002447335,-0.012004294054960467,-0.749722591601312,0.18952229872371973,-0.7747618626881312,-0.5106674301262193
-144,-0.7973760115959638,-0.35782491328468263,-0.6094299860077201,-0.36825286199084706,-0.18721844476706284,-0.8977149162519648,-0.6541126274497253
-136,-0.6681176361504135,-0.7266840568737133,-1.1359213001804647,-0.2437235314229673,-0.708980779424049,-1.0490417725738743,-0.9867164432233967
-128,-0.40329573812757763,-0.9867770945900805,-1.682904741349076,-0.06244658856568019,-1.4845307885988293,-0.6391982361413799,-1.4564601490013565
-120,-0.07542088408986988,-1.0813563611436554,-1.9461504031767278,0.36631280124526133,-1.9905299185417022,-0.057535718592417864,-1.5920237594616267
-112,0.2524539237203714,-1.0198797750957564,-1.8263499918426362,0.6626611737195739,-1.8533899118680954,0.14738604479788484,-1.3240492041385568
-104,0.5472260171586609,-0.5454071091058164,-1.1706003545477364,0.8439381120049139,-0.9517341918292473,0.2608810949653803,-0.8495765046210034
-96,1.1162779276890982,0.2916194334548047,-0.1349573362735913,1.1008785047822376,0.14853798411135288,0.8173225358050396,0.012671158675078337
-88,1.418931581236266,0.7455998911698174,0.5822687935982864,1.383039929226718,0.6766055761348014,1.138892066437048,0.7188630980615331
-80,0.791555813923999,0.5044227725324723,0.7525114320101335,0.9763491574505512,0.6687239618398823,0.650232501184711,0.6889130294752811
-72,0.2902855752752378,0.29319565796612446,0.8928040228328193,0.5397081381048667,0.7916770301355455,0.07802791523558263,0.7346262938010842
-64,0.26979338664274943,0.5327965534468003,1.3247161149861406,0.5176395964385434,1.3323551666942406,0.16787823563168078,1.1460461218001232
-56,0.18940104542860195,0.6967339708984314,1.431905936912171,0.20868070940063746,1.4395449857416376,0.28767863578990194,1.4360892275947477
-48,-0.1069473317869892,0.5186096853413782,1.2364421025817316,-0.27997891562567523,1.259844381355687,0.07645160284127767,1.2012173554866565
-40,0.10585600238006841,0.41614882430465516,0.9558568885940667,-0.23741826169531433,0.94142751259586,0.19625198657435547,0.9064452947293237
-32,0.2808277034493804,0.36885917036943955,0.4735026472554237,-0.34145545459945104,0.26045677623991575,0.5178215148357237,0.677878786327799
-24,-0.3181743931832846,-0.10246085728538222,-0.2988947618531287,-0.9168126773597166,-0.494601092223156,-0.035467224846874305,-0.0692974854508165
-16,-0.8935316264420955,-0.9205715708512737,-1.0996659020925836,-1.4669487238438295,-0.9643448003717547,-0.5162452110252181,-0.8322369695634589
-8,-0.7989523531152648,-1.4644023430357862,-1.747533897999544,-1.4385749612172898,-1.6453155572167963,-0.39013945224037133,-1.2830648299215452
0,-0.20467923447437616,-1.4785892583846625,-1.95560833088194,-0.7765201046554878,-2.135551474148316,0.10955431789055564,-1.309862298949563
8,0.4479177395936912,-1.109730081437351,-1.9083186764387299,-0.12865205896510323,-1.9243243795630713,0.5099399008794684,-1.220011969240239
16,0.8971692718096546,-0.25378772698446966,-1.5331542382303334,0.16296729843386212,-1.4072910515148633,0.9055964952087279,-1.0324297370128592
24,1.5072055386079775,0.600578356729625,-0.7954359209112877,0.7525114665146581,-0.8004073764855311,1.6906044712042692,-0.6288915280500181
32,1.983254496503127,1.3808573420335364,0.3962628800304723,1.197034006176347,0.232082962813963,2.461425492735384,0.2696115456951351
40,1.7814854037902366,1.9546382493515324,1.6778120243973975,0.6516269031404093,1.2992524548622593,2.4819176637574083,1.3478152275515292
48,1.0185459874101457,2.0460648928098135,2.1097240005587254,-0.15702584072608852,1.641314114860773,1.8308969948023963,1.71194545173744
56,-0.22359512138043647,0.7408709287565283,1.5532826350715292,-1.117005438543856,1.0281251811103285,0.6959458007314413,1.0498905216858212
64,-2.1640464573890172,-1.196427839358787,0.8723118961756149,-3.0196250967512084,0.13750371471750789,-1.0317022349763583,0.4461595285097724
72,-4.0713951156012245,-2.763291051754584,0.23390181510468258,-5.327359362674707,-0.7468124638292029,-2.8964901976026867,0.27906946561110396
80,-5.367131116051043,-4.04484012720364,-0.8379965973627211,-6.624671722084961,-1.9243244031001325,-3.952625337792756,-0.2742192823687321
88,-5.739142955039868,-5.376831579419391,-1.9225055535187145,-6.932054300115187,-3.0340545526347467,-4.0566626014774085,-1.1049405558790257
96,-5.297772999696589,-5.723622216393692,-2.6192395479281565,-6.731861563314766,-3.612564386298449,-3.6420902118503635,-1.7559611620120963
104,-4.079276707883064,-5.086788414358782,-2.904553639663422,-5.738779159008779,-3.7402463579107508,-2.973729920293486,-2.232010188486453
112,-2.356357709094361,-3.7957814017219573,-2.5309655461916245,-3.930738759057765,-3.387150480164462,-2.097295362476286,-2.4227449980896556
120,-0.7201363154901909,-2.7049672169858336,-1.931963540828572,-2.2692962409928437,-2.5942608935992926,-1.0159390126517813,-2.2509260151105432
128,0.6386525971176742,-1.577897545262858,-1.377098417971153,-1.0318841123953464,-2.0457011190392858,0.19309937922687775,-2.0002909596240914
136,1.929659637524845,-0.1970401119857611,-0.5605640227261649,0.3852286332879556,-1.3505434151804006,1.4620379199619058,-1.5163603510277779
144,3.0709161612667626,1.3840100281201044,0.5334027856132472,1.6525908650153063,-0.29283199900227186,2.44723858517575,-0.7329287141808994
152,3.69356303406762,2.5095032885592516,1.4413639010236294,2.1002660831436515,0.5741446627746826,2.8854559636511987,0.011094889290943415
160,4.082914375602365,3.2960875959142113,2.2043033018252336,2.5069569749757643,1.1904862661865518,3.1313620675615685,0.6589628926484841
168,4.54950537734463,4.211930181179846,2.9104951589166395,3.0318719098683116,1.7658435297556792,3.568003003934879,1.3415099449546921
176,4.503792091513742,4.8298481819903705,3.356594098178292,2.9609374479306023,1.9912574440175732,3.7445509965707373,1.8175589953047728
184,4.49591057763233,5.249149504228382,3.660824062595782,2.930987347171388,2.025936498046182,4.1118338015191,2.235284088290186
192,5.4259400291407465,6.142923667206317,4.251944522920447,3.9004248970780853,2.7778416770360574,5.0639317777607,3.0738869166600846
200,6.351240553118135,7.145463925727702,4.929762642615687,4.833607005886734,3.219211631194018,6.047556197804796,3.8462843482897098
208,6.2393217223820185,7.203787838050223,4.8446413376335995,4.381202831441026,2.859810372977354,6.121643371906104,3.751705046515208
216,5.477958658189105,6.365184969548786,4.176281091118868,3.266743714413183,2.274995246048938,5.372890750480281,3.236247994624391
224,4.615710910058003,5.389442178531437,3.599347573744093,2.3650880888612438,1.830472648814581,4.723446417287303,2.8342860978865225
232,3.8937558580737037,4.571331397740988,3.1296038374864867,1.6841172685169368,1.3150156045436756,4.38296103717147,2.6813829218890595
240,3.874839959145116,4.122079886183451,2.8505949924498073,1.526485130444847,0.7916770081224666,4.639901465169721,2.539514074382092
248,4.172764651802976,4.005432124868346,2.587349346200643,1.9347523717548365,0.4433100275968859,4.88265487655893,2.0429728845056223
256,4.101830183261341,3.4663302915600607,1.7928834775514852,1.8370204609395435,-0.14465782046969303,4.422369105090106,1.3966811833825041
264,3.7550396079236603,2.879938858502604,1.1655076296374827,1.3168344918469133,-0.8224759049440078,4.006220285044788,0.7913738671442743
272,4.207443755276345,2.898854684280037,1.3515135366013729,1.580080113881691,-0.7483887963739412,4.256855378122805,1.0057535892274314
280,4.943585794236693,3.343377261363958,1.855936316219713,2.3272563311356036,-0.1478104252772001,4.770736045822813,1.3525441906421447
288,4.938856766122829,3.296087607936737,1.9284470932610283,2.566857168366285,-0.03273895078735958,4.813296768332381,1.0703827336860392
296,4.314633587023593,2.405466146793191,1.608453911937565,1.9694314501671628,-0.3290873615305638,4.600493354240914,0.3358170255771155
304,3.7408526497339447,1.6236108348711384,1.3152581415614568,1.2711211142384193,-0.43942986226191266,4.434979604244543,-0.14338459503687134
312,3.2411588723217695,1.2121909760537888,1.283731686921751,0.7761562731625005,-0.2691871684787052,4.165428684542437,-0.022007888072280934
320,2.5633407743009453,0.542254508245033,1.146591755600607,0.43724725031378636,-0.23293171925274808,3.7146008953035294,-0.05983959957045473
328,1.9990177885922316,-0.05832391060315644,0.609066262964967,0.2859204459766095,-0.5545012607219644,3.3031810231089995,-0.6194335769770757
336,2.095173384303918,-0.17812433582242135,0.40099187614070575,0.345820588229055,-0.7089807878906176,3.3252495646059916,-0.720318177096233
344,2.539695970870399,-0.15920847194542842,0.7603930761073747,0.2543939842249859,-0.4536167506871001,3.5632740047766815,-0.21431906577981208
352,2.5475775658615403,-0.011034269537125517,0.9463989686780979,0.014793144792995589,-0.2881029996747426,3.6326321595693587,0.32951176516268843
360,2.4262008067428864,0.0031526234600092184,0.8407855030031987,0.006911531175401714,-0.4662273353538836,3.6279032706458874,0.4556174126968204
368,2.460879818269319,0.05674755931473663,0.9006856737033156,0.05735380752858774,-0.764152033769011,3.7240588006569992,0.49187281010737577
376,2.5601881026075435,0.11822405070639558,1.0141807785648458,0.09360916277563013,-1.151927004490126,3.9683885872624547,0.6006390075883146
384,3.17968231810817,0.34048535541950425,0.9795017587411753,0.35843116967854194,-1.4057147198167816,4.45547178644244,0.7929502039222975
392,4.0182851681524845,0.8291449670686384,1.0851152291573527,1.022062459706583,-1.3284750352255426,4.934673426698867,1.1302829142073756
400,4.245275476426406,1.111306435708608,1.2127972495370911,1.3909215247258548,-1.1188242223856226,5.122255649782352,1.2926439830277874
408,4.350888994086038,1.1759356087842185,1.3909215972387605,1.3672768242487854,-0.9328183531826295,5.273582512538853,1.3099835441623642
416,4.741816622107386,1.3682468039328812,1.6588961317340702,1.6652014691551977,-0.608096225193695,5.491114855685329,1.406139145461986
424,5.167423376969835,1.4439102267598976,1.7124910711447567,2.2957299025729303,-0.5939093118767951,5.778005250501674,1.5606185847476544
432,5.233628851433211,1.366670494586542,1.4492454516499507,2.6519785715605724,-0.842968047857024,5.9372136603285375,1.3225940788763908
440,5.239934145883247,1.2437174394987265,1.3247160442056254,2.6488257625394245,-0.7830678675050188,5.771700051046543,0.9868376906375054
448,5.000333364870581,1.0514062414714298,1.4476691431502677,2.6236046539958227,-0.42366663841335284,5.4848095244903865,0.6904892848049115
456,4.711866585186103,0.7991948095834132,1.3325977076066438,2.4123776816678317,-0.190371137626886,5.16166367486015,0.48714389544553477
464,4.666153219769466,0.6762418510144823,1.1260995764506758,2.3792749967595395,-0.0689943490445717,4.879502206050851,0.43670161756836684
472,4.377686454139494,0.7534815259538334,0.9763490716386194,2.1822347274388774,-0.08475757644909011,4.559509036580583,0.28064580560642327
480,3.7377000102135054,0.6730891860943369,0.5854214277001214,1.7030332146889784,-0.5608065897155996,3.957354294162218,-0.14811355186222525
488,3.463420155529792,0.60845999998021,0.1456278399531756,1.3924979304217477,-0.9816843393239214,3.6200215803211804,-0.4523435462513691
496,3.167071775604899,0.23802449048815924,0.02109839423995924,1.1308285689658741,-1.278032773265524,3.2669257159520684,-0.42396976821567417
504,2.9180130438579552,0.14029257052897157,0.021098449441988167,0.4876895830543205,-1.5239387920022116,3.2874178146695967,-0.23638752735239435
512,3.1402743318072583,0.41141982819442274,0.11252510492279541,0.39941560858013986,-1.377340953464952,3.4513552900325593,-0.09136601136932215
520,3.157613813864081,0.5438308343551801,0.4151787312076115,0.5696581475944683,-1.3568487712670558,3.3094863366934812,0.0016369671736669437
528,2.9653027248861914,0.701462925861141,0.919601502867377,0.6390163489532743,-1.2874906330688536,3.1203277986757203,0.5170939577665261
536,3.1639191177966692,1.4155363964008083,1.6068775480665223,0.7998011070726949,-0.8476970536191458,3.184957007818913,1.2642702259891827
544,3.4539622561029186,1.7575981527488767,1.9631261179953086,0.8723119040951134,-0.4898721032248403,3.2952994423416935,1.6914532585330049
552,3.1812586894297925,1.67878211122918,1.8102229787427542,0.7272903049703348,-0.6285884180594677,3.3063337159688233,1.565347582212538
560,2.747770310451205,1.5747448831041166,1.684117318339437,0.680000645785847,-0.7436598094076021,3.675192828231549,1.3714600286114362
568,2.9857948803297294,1.5400658253502177,1.6226407766563595,0.757240413518792,-0.505635324702761,4.260008017643243,1.5905686807655892
576,3.1970219229302406,1.5605579853657034,1.759780709501486,0.7856142288073896,-0.02958632786139541,4.616256590112001,1.5968740292323325
584,3.0236265627029066,1.6913926315500403,1.7203726661358993,0.8754645258357584,-0.1493867115944729,4.5279825394387,1.3478152272128663
592,2.906978778697394,1.3509072717539703,0.9416700655307907,1.0661993290043692,-0.7483887713128975,4.217447365067534,0.7078288792977697
600,2.558611760072255,0.7455999070869666,-0.004122670108152724,0.6705428200181237,-1.2307431051064721,3.6909560656266196,-0.2742192562917001
608,2.252805472931245,0.4240304365675973,-0.0592939149705574,-0.016733313910662684,-1.09045050243059,3.4750000341971226,-0.5264306609173652
616,2.150344587680135,0.4334883378571149,0.3962628788451528,-0.06875184423882792,-0.541890693834976,3.572731889133061,-0.03934737757968521
624,2.17556578766268,0.9631322544667278,0.9463989671541158,0.2370544633912771,-0.22977912494378705,3.6720401553528292,0.5817231228835622
632,2.416742846356716,1.5810501513077875,1.35151353372274,0.602760973386467,0.19740388744960088,4.086612667237128,1.3288993633358737
640,2.4388113619460112,1.7339533518583004,1.4996877180125852,0.5854214115745644,0.34715443781179783,4.2899580642164175,1.4644630655737503
648,1.7263142314016617,0.9615559535869564,1.1276759066247755,-0.021462212824686452,0.10755362750480427,3.2621967000300653,1.0908748628832137
656,1.007511760687807,0.29950099339435127,0.8455144159717259,-0.6882461122321811,0.01927962966289347,2.264385320610932,1.0451615748510181
664,0.7332318182904395,0.6273758076391852,1.3121055455591815,-0.6173116518184538,0.2967121438481487,1.9995634313933275,1.4219023442495016
672,0.5724471563512412,0.9300294935286466,1.4855008058810044,-0.6078537471423096,0.5426182470811934,1.955426422735818,1.6741137007850555
680,-0.4395511060744734,0.2317192128019318,0.8943803904291531,-1.4322697024961766,0.1280458049614218,1.0474653870805155,1.1176723256459706
688,-1.5067205810203002,-1.0214561306695626,-0.0009700366836431294,-2.3150095291943713,-0.7089807635068996,0.014975008834804465,0.3263590848333873
696,-1.5555864741986658,-1.6220344882197937,-0.544800846967716,-2.250380384566432,-0.9564631999620086,0.003940836467838645,-0.10240024384892682
704,-1.2261353282557503,-1.3225334575985899,-0.6504143771578695,-1.809010393494232,-0.8729181687666714,0.3617657335227603,-0.4145118484690365
712,-0.9928398047788787,-0.8338739270591856,-0.793859609871634,-1.82477361344817,-0.9643447875025697,0.4437343998310656,-0.6336205194189726
720,-0.8021050356458747,-0.7834316183637074,-0.8900151679917546,-1.810586703687229,-1.2528115907241104,0.6675720342102797,-0.7707604583600286
728,-0.7169836370235347,-0.5753572437313054,-0.6425327632016129,-1.6639888302677057,-1.0683820059757443,1.0553470196632235,-0.8432712106789633
736,-0.5230961054355113,-0.2695509462610825,-0.20431548886496084,-1.2541454447094689,-0.5749934568050334,1.2177081592641499,-0.46810675621475545
744,0.31393036346595965,0.4003856118012974,0.46562101162475095,-0.5069691216234464,0.19109862940581346,1.6779938646937358,0.33108808229827175
752,1.2944021284111307,1.1349512552256351,1.206491989630659,0.24020708767189253,0.8468482817712052,2.3211328411227328,0.9143269196921192
760,1.6002085770942727,1.2689385299238714,1.1907287400437299,0.3363626625558197,0.8153218418633293,2.549699450445757,0.9017163329933594
768,1.647498160418304,0.9394874386749908,0.8013774406724984,0.04947222066535244,0.5095155171307546,2.6017181346961444,0.7897975181743919
776,1.6758719093290027,0.5532887678176588,0.6453216314198564,-0.06875182612037055,0.19582758487651597,2.852353106532897,0.86388463063908
784,1.1872122919226018,0.12137672375444743,0.4199076861703206,-0.5558351092887194,-0.319629469046278,2.4677308557646236,0.7740343590104185
792,0.23511435259524338,-0.25536400737514425,0.19291749371906042,-1.2478401174091478,-0.6348936358023877,1.778878480560711,0.5517730473547237
800,-0.30083488234012684,-0.4776253517117952,-0.01673329084251947,-1.887826493094591,-0.7609993928939207,1.3690348962074381,0.5706889188516286
808,-0.31029276889781426,-0.5154570058066321,0.12040668094882395,-2.078561315397647,-0.6632674531229621,1.266574065481032,0.8828004814775571
816,-0.17472916300949148,-0.2837377889667981,0.3442442965322546,-1.6340388143435118,-0.33224002052411106,1.2839136255996204,1.0877222992232318
824,-0.0738445711875711,-0.055171219267316,0.4262130060200611,-1.3313851580870422,0.01770332810579694,1.4163245474333535,0.985261360802069
832,-0.18261069653334275,-0.42403039299733153,0.20079905416660174,-1.4496092656627295,0.041348103596666116,1.3059821408502506,0.7503894839526997
840,-0.5719620548318943,-1.0072692376724284,-0.24214718444598526,-1.8247736733914777,-0.33696894653115456,1.1373157230551003,0.4761096677072086
848,-0.4127536621074992,-0.8165343559340577,-0.09239669656706645,-1.824773660352961,-0.42839560692257167,1.5865672398619097,0.6227074889726677
856,0.4967836922073694,0.06305285681273558,0.7793089232205613,-1.2257716194303196,0.17691174114995717,2.445662281586677,1.1066381111154922
864,0.9003219189500057,0.7455999201254829,1.370429385577205,-0.5416482340713792,0.7885243901071121,2.581225947248976,1.2090989543724207
872,0.8766771305899514,0.906384689251443,1.479195551223845,-0.05298864934593425,0.9130537638544933,2.2896065299067025,1.1838778510780918
880,0.9949011785609939,1.0072692577056328,1.545401021115274,0.1456278346648268,1.0691095297583022,2.2848775422630387,1.1712672570980824
888,1.040614519932573,0.8433318326340898,1.2269841416875698,-0.04983599763363569,0.9051721275464952,2.4519676383506575,0.9001400041739114
896,0.6575684526974288,0.3215695271021002,0.4955711040867275,-0.3115053303031756,0.17533543366626236,2.079955793265903,0.20971136348048505
904,0.4416124686807177,0.09930821713971887,0.31114153644083015,-0.149144221012565,0.07602719284620116,1.7505046576522014,-0.11343448411777506
912,0.3927465096324459,0.18127692510354299,0.4482814941776691,-0.09397296920757413,0.19267494230811194,1.6307042290463096,0.1624216773723079
920,0.2508775573093564,0.11507146621865369,0.3426679672048119,-0.37298186182637105,-0.19352373345982984,1.504598597090663,0.2049824010671956
928,-0.09591305765186547,-0.0961555560620933,0.3994155358067237,-0.6188879237425596,-0.3574611507421292,1.4793774038813732,0.08833462027897995
936,-0.9755002966450227,-0.4035381782878113,0.5097580023331346,-1.216313738460568,-0.17145522396646784,1.298100468643999,0.004789578246434874
944,-1.7668135936756235,-0.6762418055815712,0.3804997193425159,-2.062798183326694,-0.16830261695765322,0.6612667336643158,0.06626608504724882
