-240,2.008814656715132,1.0545778594172257,0.4075995684567706,2.674948444173941,1.156847369681916,2.2110394545734975,1.159097159269289
-232,2.2160533822251205,1.8350656774098735,1.1011808572942947,2.447654313317208,1.4844183256578627,2.399894181973852,2.2755123396249584
-224,2.6890257359434875,2.3080380269990024,1.527357314455221,2.293896398057364,1.3273179470885121,2.705738505795666,2.6565643510918457
-216,2.742506628419317,1.794955048402833,1.360229245779744,2.5328895323620664,0.7440411259003321,2.8177142282594008,1.632069478337968
-208,2.359783450288281,1.13647061281866,0.9490944009767959,3.0125469468098967,0.41312764324006157,2.6873544288714575,0.45381686608613486
-200,2.070651999922457,1.0378650373074052,1.0376722072082831,3.121180267543622,0.822591293730926,2.2946035845120596,0.03766809059332856
-192,1.622748853875267,0.8473390721482074,0.9708210092531633,1.8058827431100832,0.9613075282310752,1.6010222317611207,-0.4887851942002609
-184,0.8422609506048903,0.1721418072729336,0.19033306828105281,0.17805556769968736,0.31786463319205716,0.703544749663426,-1.0586917858512122
-176,0.5347453710710262,-0.09359172219281091,-0.4297118426625992,0.31510061704388803,-0.13839487812936688,0.4060568851906459,-0.6776399451193154
-168,0.8974131869430118,0.344283754394439,-0.4113278222909892,1.142384389762364,0.01369163904950191,0.7085585406773391,-0.0007713256098255382
-160,0.9625931742486298,0.867394478033548,-0.2274869385074422,0.9886265479311337,0.3278923322747879,0.9107834367535529,0.16802798136309216
-152,0.5982540956628444,0.8272837553107706,-0.04364612456186687,0.38863694610504007,0.4833213878075652,0.9024271018202373,0.44546047316396303
-144,0.5347454295984786,0.747062319559947,0.4293261765536049,0.3568827110973632,0.7607539271844334,0.7737384755595946,0.7964293324458476
-136,1.1481053218231698,1.2217059070874525,0.9624646220760166,0.5306957449912474,1.0599130532938201,1.052842331868946,1.160768436345654
-128,1.4923889927282945,1.333681654865207,1.1981151395712994,0.5875192934144857,0.8175774896111723,1.0344581879792771,1.287785745673814
-120,0.7286139198262118,0.6952526639453007,0.7702673582966071,0.16802794276369826,0.2175878574441605,0.15035094475447863,0.741277134527588
-112,-0.3326490674585629,-0.11030445597285589,0.23044383175760857,-0.25814852373289554,0.12566744643190159,-0.4864068737562549,0.1513151407614695
-104,-0.7421127324915243,-0.36768167133100443,0.2404714760830599,-0.44533194156158185,0.18416220370932135,-0.255770131655597,0.004242465224555381
-96,-1.1331923311926677,-0.3927508657168081,0.16526392829346362,-1.2208059739262778,-0.40245715116493336,-1.012860125515945,-0.33836996307436024
-88,-1.4072822354478456,-0.6852248930359354,-0.30770840818982526,-2.0347194948455494,-1.104394854109413,-1.784991609472937,-0.6091173875030815
-80,-1.2200989149255372,-0.7370345847365257,-0.28096788197037675,-1.737231600031851,-1.0759830308855407,-0.9660643278806712,-0.361767914135827
-72,-0.6685763666262993,-0.320885843534344,-0.02024823777287837,-0.7394772026898468,-0.7634537176084917,-0.09031338368277529,-0.1862834925738276
-64,-0.5014483695841143,-0.18551217647229665,-0.25088487628353656,-0.306615643507082,-0.5712564355168106,-0.47637919657643596,-0.4837713877465901
-56,-0.9058981692768889,-0.42951903033715033,-0.6118814508060377,-0.3901797156363202,-0.16847789656298387,-1.0396006603529326,-0.5907332861625119
-48,-1.0529708536108742,-0.6167024296740341,-0.5166183842054335,-0.787944367526581,0.20254629697094792,-0.8540885768713389,-0.08934922358219655
-40,-1.3437736158822844,-1.0428789207665206,-0.9544938852090433,-1.3394668899732012,-0.3322633837968581,-1.0780400375976287,0.07276496664725396
-32,-1.622877446698082,-1.5593045039639297,-1.450864156775446,-1.4932246481424907,-0.9272391111266292,-1.4173099149753918,-0.24310703219999494
-24,-1.479147311489929,-1.6545674885183814,-1.1985007974218174,-1.2341761822787227,-0.9255679081970063,-1.383884312945787,-0.3066155991626624
-16,-1.0011611452138018,-1.0228235576098108,-0.504919496376112,-0.7194219066781283,-0.39744330359842084,-1.2735798607361992,-0.09102050855797246
-8,-0.381116186694153,-0.011698918881462773,0.06498708468244717,0.11120437225801637,0.09892693852472341,-1.1064518873922466,0.20646741264693916
0,0.39602916062817284,0.7537473512052166,0.8738867287714795,0.9886265960457261,0.822591323533248,-0.3075799005549744,0.7095227438656129
8,0.9843197581086365,1.6311695565011246,2.028741417789315,0.9251180129251729,1.7468092934305293,0.7887799369311089,1.7223186397422674
16,1.9503198500663952,3.0551004142356315,3.404205098658441,0.8666232156121035,2.448747041796621,1.5876519338221764,3.0944397698697714
24,4.0778596303714885,4.666214559099484,4.101128938596651,2.823692353879057,2.5022279708969903,3.818811186755886,4.277706179060077
32,5.443295604078941,4.80158824608959,3.40921895466296,5.579633647743422,1.609764302254717,7.112904633674169,4.080495109006528
40,4.938568986986831,3.96929073011273,2.1457310700452457,5.8904916410359425,0.586940761514015,6.58143747815443,2.7752251944282844
48,4.652780055585453,4.240038077342665,1.1847448782568948,3.7997200422272046,-0.059844676367213426,2.707409783410627,1.4465573986265479
56,3.8722921352595288,3.355930840401488,-0.19740400535155533,0.6660694657333809,-0.9088550733404096,-0.2841819656513929,-0.1060620130171813
64,-0.8607736099390545,-1.474069254578154,-2.5104557940938395,-3.836359616717716,-2.4230350142032386,-3.513095411081022,-2.0681450591734216
72,-7.059552188075394,-6.598214614276703,-4.313767205789147,-7.82904825443825,-3.529422543770301,-7.370410323212057,-3.289850930168023
80,-8.944756452991966,-6.979266504918514,-3.910988743854575,-8.489203975536794,-2.8274848629082663,-7.798258150806022,-2.920498016942035
88,-7.082950164989479,-4.756463688892329,-3.0268814316894637,-6.973352653828067,-1.9851595984773578,-5.989932871975202,-2.44418314497735
96,-5.645649123318887,-4.265107309954987,-3.110445483711111,-5.510982471631291,-2.46648833147346,-5.406655930321008,-2.6363803866743165
104,-4.766555607912714,-3.9174810690983106,-2.152801870671381,-3.5706260964081085,-2.361197657890073,-4.766555729290195,-1.8926606192991515
112,-2.771046959906403,-1.5476055498872778,0.5880977704402909,-1.185709033061278,-0.5161042009740101,-2.405036636394301,0.2683047655489956
120,-0.24239992095542479,1.4974671288137091,3.3624230742634054,-0.10271948058783087,1.516172637146197,-0.10702627670775972,1.8459933758872973
128,2.0154997809989457,3.604951558349805,4.5122639009931,0.43877538119592097,2.3668542672104027,1.1915585494930816,2.051560865254231
136,4.388717747182068,5.157570901412286,5.12395248256893,2.4509968803962474,2.864895835242633,3.0901328760844007,2.4309414924641133
144,6.756921950896877,6.825508721628545,6.1952431727066095,5.350668148967101,3.7490031059358384,5.301236779146775,3.4303671042257937
152,7.876679650935119,7.751397938620334,6.8804680427693485,6.772927728907115,4.437570639486331,6.096766257073397,4.578536651006609
160,7.047724731121495,7.007678285068498,5.670461264809211,5.741747734382872,3.7322902768242683,4.876731625992024,4.271021079551688
168,5.458337155755082,5.082363366369465,2.914519917623824,3.707799678431881,1.800290262387017,3.10016067426883,2.2888826223036767
176,5.0772851986864085,3.7219411676975733,0.6967310254652811,3.1596196343754586,0.352961514452412,2.6355446974942813,0.6410003277206443
184,5.663904666486331,3.5381003480069717,-0.062030247984880486,3.891640383581024,0.11396841713131538,3.3090707224563274,0.5323670775430196
192,5.485077648581567,3.635034678219037,0.3975718858909892,3.9050106538720306,0.6136812814498414,3.384278279402059,1.1123012865896134
200,4.366991168708024,3.691858170987336,1.004246608948851,2.842076394717321,1.03985772227335,2.6572714169009948,1.3446092799140192
208,3.7536312158014957,3.7018858955636196,1.5574403797467067,2.2604708434242244,1.2989061902915027,2.2043544527305508,1.274415506800918
216,3.892347565740762,3.701885848346687,2.033755276486816,2.3724466755820486,1.4426363188569695,2.05728176965329,1.3212113394449438
224,4.0344063202825495,3.922494857073991,2.9847137341836842,2.7317719179118414,1.9039096502764998,2.0154997691360195,1.6805366130133148
232,4.323537817506242,4.540868575859943,4.096115110240068,3.072713103963612,2.7094667583455405,2.2394512946733838,2.5195193249072827
240,4.522420233037871,4.824986149575062,4.691090905432958,2.9456958109728704,3.2676743858660444,2.891250597176671,3.345131839759324
248,4.64442364183756,4.704654020724251,4.7963815323380095,3.077726894259397,3.673795509313521,3.7385896899641615,3.9434501652271816
256,5.267811180362556,4.769833952554462,4.6442950605807525,4.471574803757324,3.668781661208412,4.382032618755209,3.836488191407792
264,6.101780044330946,4.811615988260017,3.9975096261106335,5.905533181760628,3.1122453014286062,4.7313301939589785,3.2916508083256786
272,6.497873517169347,4.6027059251713585,3.2771877690431577,6.047592054434511,2.607518645737101,5.3179496518846365,3.08608336384176
280,6.019887368666893,3.8155328992329554,2.5685649635382446,5.579633571621827,2.049311066331191,5.597053491317974,2.863803012149824
288,4.838292194542451,2.5553875633820113,1.7747068108025803,5.435903412894974,1.2872072311879528,5.214330218394012,2.38247432601159
296,4.174793920547901,1.7214187414241242,1.328474980072084,5.4893844443286195,0.9696639638818778,4.793167643628817,2.4860937140806048
304,5.189261034075809,2.2779550362133234,2.1691289316997464,6.6860211308116835,1.8604563466507151,5.54190121817578,3.684401737962806
312,7.517354481854411,3.899096947843495,3.3239836862467853,8.987374126158509,2.9518023990474442,8.033780055702335,4.388010638810011
320,9.422613998258747,4.97707270589192,3.945699927587826,10.805727016819471,3.3378681390510883,10.767994579711475,4.150688960216076
328,9.695032695455064,5.097404907094152,4.236502750541072,11.397360267015767,3.45151524146306,11.331216180470935,3.8181041114315377
336,9.247129523375724,4.843370353967035,4.853205148983433,11.464211512367351,3.871006550641941,10.22315718513931,3.764623146245223
344,9.349077672788235,5.338069239660642,5.743997574480902,11.983979705911027,4.532833516321546,9.897257632091705,4.075481292499061
352,9.578043059357018,5.989868617746927,6.417523494416695,12.002363698993765,4.920570569307967,10.378586349648051,4.556810094974072
360,8.825966796726403,5.685695563102067,6.180201661066121,10.509910451864565,4.708317971815104,9.629852778332666,4.476588526908118
368,7.463873554728892,4.711339165115654,5.282724149884229,8.658131834399216,4.196906183581314,8.3396243680341,3.7696369518012336
376,6.3558147814784265,3.884055447693054,4.649308904736157,7.909398277984991,3.615300706794022,7.636015255877658,3.7646231422955174
384,5.6822886421544565,3.2807231559879915,3.95405634869653,7.598540160635814,2.769632800419205,6.2137558197428255,3.819775378992703
392,4.604312969742824,2.130882402327848,2.3663400466363114,6.5473048614823135,1.2119995884258954,4.0160223225181735,2.713387863608672
400,3.380935660811129,0.5565363254960873,0.9373954109937307,5.265432847337491,0.017034194638488466,2.944731580495726,1.5568618650191677
408,2.3714824777935477,-0.15542913146793438,0.36581756363072915,4.516699272072402,-0.0013498849787014365,2.413264496788812,1.154083323731424
416,1.6260913358561075,-0.20222489391492382,0.4777933288230951,4.214197532026107,0.6638196869179316,1.174845701889708,0.9401594694493207
424,1.4706623797840936,0.16211418915916334,0.905641143131687,3.6259069099497503,1.3557297193252784,0.6834893141552951,0.9518584504557828
432,2.109091442516825,0.9091765412075086,1.415381566677467,3.4688065586692747,1.775221072848578,1.3720567293941586,1.1908515237195831
440,3.28065887698429,1.7331176066324052,1.7228970709873965,4.408065946311779,1.4844183190151754,2.4901433785664353,1.4682840183929673
448,3.870620824251604,2.15762288366428,1.9719178720590576,5.021425878751653,1.0064321514823238,3.0834479011712634,1.3479518687164374
456,3.5814894690377717,2.2462007256226473,1.9735892342336208,4.36294141444235,0.8376327958562179,2.4600602569018832,1.0103532163507416
464,2.657271455334666,1.9888235495820217,2.013699868267559,3.2364985071764814,1.0465428828226402,1.002703893905552,1.220934505349127
472,1.1297211675206413,1.2183633102060911,1.9852881637143802,1.8092251710517746,0.9646501488106685,-0.509804868444013,1.5418203088547255
480,-0.30423727152356417,0.2306366591637505,1.3502016553139111,0.04602450308449527,0.5317885425905038,-1.9738463366937589,1.0788757447032489
488,-1.0897390392364679,-0.349297601049481,0.41261339914726913,-1.133899360929682,0.010349076638296864,-3.4896975217785844,-0.17291320863838439
496,-1.6429328340916198,-0.7403771699483027,-0.5233035684529554,-2.0012938728878846,-0.12168205404469469,-4.639538366102419,-1.0904460745389755
504,-2.695839332404569,-1.4974671347244561,-1.4224523491708625,-3.306563725707099,-0.43922534504900124,-5.08577023471418,-1.4564564874718542
512,-3.895818642160205,-2.531989656112555,-1.925507765308202,-4.538297354491417,-1.1495194116519272,-5.440081668794982,-1.6486536711799646
520,-4.373804750986072,-2.8545467435167375,-1.4124247373407146,-4.733837111562189,-1.2013291453630204,-6.031714802474968,-1.3026986524628423
528,-4.0462338811855165,-2.1860346291369583,-0.5416876331689847,-4.417965142158198,-0.6481353693587343,-6.315832451054956,-0.2932453974529038
536,-3.3459673646537103,-1.4590276486833291,-0.17400599199246192,-4.207383893015931,-0.4007858651119651,-5.91305394693035,0.2950452786626034
544,-2.8880365613547596,-1.3671072707049703,-0.4815215943268985,-4.197356227685228,-0.8587166623068255,-5.384929345742874,0.08446396578645343
552,-2.958230432133303,-1.6311696184258748,-0.7973935664238702,-4.190671032486249,-1.1545332854301205,-4.948725193628453,-0.097705595858181
560,-2.9047493809511304,-1.2802006851767802,-0.3695457882012233,-3.861428748087769,-0.7901941878139366,-4.517535004340131,0.27666123046352425
568,-2.2195245011936633,-0.10529064018351832,0.992547663489738,-3.214643381480769,0.27608267558294936,-3.85403657271643,1.0387649921781494
576,-1.4507356139385004,0.7671176617114052,2.277762193726488,-3.3249478500277743,1.1618612199414098,-3.2841301216390852,1.7072771133801465
584,-1.6713445738330834,0.8205986227684823,2.571907521640681,-4.197356092318051,1.4459788263313622,-3.8857910188538125,1.6003151621817986
592,-2.42174946531253,0.3409411986259202,1.918436898973333,-4.376183100348552,1.2721657245743594,-4.616140503191193,1.0203808375165568
600,-2.4451474027295603,-0.20222497416575622,0.8304335301719514,-3.672574171494345,0.7373559768410937,-4.465725194327909,0.16301412841061694
608,-2.2262096423534907,-0.514754274875561,-0.23417206781815342,-3.3032211557555478,0.03708952745427909,-4.12478405531354,-0.6241589240985298
616,-2.0356837339264247,-0.3843944923636317,-0.7806807479046917,-3.811290433821964,-0.17516304777660666,-3.984396427938845,-0.5924045648546657
624,-2.456846309409747,-0.8072283813683278,-1.3806704177734366,-4.907650264665363,-0.420841263995555,-4.594413775705537,-0.6492281407463102
632,-3.5030677940306343,-1.679636788828102,-2.0558675822902877,-5.967242016525209,-0.9890765367391707,-5.909711391520895,-1.1138440173419681
640,-3.5532061592835427,-1.866820058542837,-1.8970960058182118,-5.52936654424673,-0.75175470177281,-5.931438048450451,-0.9199754800768337
648,-2.752662916913753,-1.3336816494654344,-1.1032378525439521,-4.404594863788249,-0.021405268063470352,-5.015576421206363,-0.19631114587588283
656,-2.595562587536188,-0.9158616150290018,-0.7071444371558102,-4.620190102686423,0.1724632474782844,-5.1208670926353665,0.25827710434752993
664,-3.0267529041127434,-0.8155848112741024,-0.30269457839698705,-5.373937479378286,0.2560272792128082,-6.245638731442411,0.5908619035812194
672,-3.3125418473632386,-0.9710138572916808,-0.07707173484994785,-5.246920214035483,0.19084738023696515,-6.417780579103154,0.6293013612562798
680,-2.849597184110064,-0.9325744294189429,-0.03027586611997659,-4.556681439674102,-0.02474777823084491,-5.732555766131613,0.48222865843049256
688,-1.9822027373220004,-0.5465087154474492,0.2421427398740528,-3.876470257573874,-0.05483081587439213,-5.145936346625815,0.4421179694597429
696,-1.3304033682123177,-0.3158719440830647,0.07334349124905583,-3.3082350263021656,-0.1701491989533699,-4.764884344315062,0.29838784197146884
704,-1.4457217003041891,-0.5866193932872111,-0.5868122449301819,-3.5539132143345795,-0.44423915796582597,-4.4406559715760405,-0.5589789599525472
712,-1.8200885544533645,-1.1899515463935206,-1.4241236768752694,-4.0653249856923575,-0.7283568180358664,-4.333694117504538,-1.58681636711063
720,-2.3933376977435965,-1.656238843332129,-2.134417792490447,-4.409608672934898,-1.0759830899515896,-4.529233857519762,-1.763972047795788
728,-2.764361857345969,-1.9370138874904108,-2.3249437553157284,-4.478131250838257,-1.2899069772675922,-5.047330799660157,-1.3277678782667577
736,-2.7794033228467203,-1.845093421361808,-2.201269003012811,-4.829100179060454,-1.411910424128078,-5.269611049377882,-0.8999201386435042
744,-2.575507224918075,-1.7013633491694096,-2.528839934931461,-5.176726434279695,-1.7394813781291716,-4.895244364347911,-0.8882212080855533
752,-2.1493307085115676,-1.6679377387017975,-2.827999077378267,-4.775619130930325,-1.6509035090614628,-4.171579926197896,-0.8731796757988743
760,-2.0356837174094746,-1.3570796367923785,-2.366725701255252,-4.107107026783873,-0.9238966016773827,-4.077988246008682,-0.46538722608324784
768,-2.301417292476363,-1.0345225075572255,-1.7383243433502784,-4.1823146181997615,-0.17349177662479953,-4.61446915304528,-0.0074564608450949236
776,-2.859624919278738,-1.3721211155785022,-1.3154905003057897,-4.926034376957387,-0.013048832771731923,-5.055687209458344,0.3151006515140438
784,-3.190538358312718,-1.9353425789959338,-1.0731547876115304,-5.472542939450425,-0.3055229033580852,-5.124209653789846,0.5674639191267888
792,-3.641784050254163,-2.480179935686835,-1.2586669147194147,-5.611259283106069,-0.7300280854175,-5.919739079472639,0.37359542728326656
800,-4.560988237755072,-3.1654048448875605,-1.7750924932489913,-6.109300827978663,-1.0709692906792014,-7.273476131239682,-0.3651104725973268
808,-5.174348055653488,-3.5782110400159555,-2.286504293870495,-6.8948025633757934,-1.0609415452771984,-7.78154539727745,-1.1923941916357164
816,-5.099140430485573,-3.686844318739178,-2.712680780295148,-6.973352791349629,-1.1829450467154323,-7.36706779275756,-1.6687090574963104
824,-4.534247696095866,-3.4745917501509793,-2.8079437346882132,-6.152754098211482,-1.3634433321813615,-6.670143958564374,-2.0430758245724356
832,-3.8105833263475666,-2.841176548090601,-2.69596798278122,-5.143300822914422,-1.1913014706966498,-6.253995131545866,-1.8926606534102437
840,-2.968258097464006,-2.0038650461280083,-2.4352482233241366,-4.453062036703926,-0.6330937999089189,-5.730884360151225,-1.5132799509764272
848,-2.3799673761064195,-1.572674775691193,-2.0625527428395776,-4.240809433106975,-0.21025991234047967,-4.893573016715445,-1.4815256777284207
856,-2.33484290509836,-1.8918892917075667,-2.0157568908060886,-4.543311149455036,-0.3456336501381595,-4.377147290790045,-1.667037783112927
864,-1.975517577131772,-2.030605562473193,-2.1611582786742463,-4.240809456805206,-0.6949311619671104,-3.4913687505608224,-1.285985899831931
872,-1.1214933035078687,-1.3821487900653397,-1.9388779756355006,-3.1210516106278634,-0.8119208147616384,-2.120918972015492,-0.3249997306646193
880,-0.6017251948828604,-0.7554187056460889,-1.444178992815047,-2.7015603091688614,-0.4759934349840055,-1.9270505044087978,0.336827331423704
888,-0.8423895166774277,-0.38773699014329277,-0.8625734589365597,-3.187902778780661,-0.14842257146707155,-2.949873967412115,0.7295781894275389
896,-1.1031092402280989,-0.23230797015786533,-0.21411677324269235,-3.5639409179056116,0.1758058143777911,-3.9325868204387917,0.9702425320478255
904,-1.4139674064099954,-0.45291693184776877,0.0131773884935541,-3.279823254065399,0.4666086290725635,-4.31698122501815,0.33014212060543674
912,-1.9955729279007697,-1.280200697923557,-0.33277764638145346,-2.796823273615721,0.23095809595799208,-4.560988192167735,-0.6508993955606993
920,-2.4869293466942297,-2.1743356028884175,-0.9494800336928251,-2.277055061221179,-0.3840730293577085,-4.56265944464821,-1.220805974464875
928,-2.378296131704889,-2.2027474201877317,-1.1349921909620961,-2.1032420122466005,-0.5879693170517429,-4.64622355286339,-1.2508889959505365
936,-1.8952961157078656,-1.9253148551377792,-1.0363866127578607,-2.031376889167118,-0.5278031385337124,-4.398873954721353,-1.148940897166066
944,-1.6863860639297268,-1.8818616202727743,-1.0246876743004985,-1.8642489102576716,-0.6564918033937482,-3.8206110198786116,-1.0536779181771088
