-240,1.7592283144836376,1.4158328074466928,0.44735190420532367,1.6981694221485009,0.6278878059339501,1.0603657388117484,-0.3786404140774088
-232,-0.4224001690803246,-0.3440422029136778,-1.1696034325424245,-0.18500882263853266,-0.7830948585524241,-1.0049653881936453,-1.6495056206935024
-224,-0.47844715590104586,-0.3230245647938937,-0.49283612032638785,0.19611054782197745,0.14448269948699058,-1.3636659908382667,-1.3216307615194107
-216,0.14087202354235157,0.25145685745702756,0.5706551270421935,1.0059893200783279,1.1589328649959645,-0.9264996159465716,-0.5509848774185733
-208,0.08202257443280196,0.17018878111426186,0.8536924383926501,0.7832025654075586,1.0692576359908248,-0.9068832077670672,0.36678429350268554
-200,-0.4518248551028043,-0.41970555020008504,0.34086261822812386,-0.061705627797783456,0.5634337591691914,-1.118460530063489,0.27290564319864213
-192,-1.121586224126464,-1.3080501895290801,-0.9622295003879315,-0.5353024687441451,-0.05028058901695492,-1.3594624628229668,-1.6186797965459787
-184,-1.9412732350914255,-2.2510405879962705,-2.381619193059303,-1.149016854559486,-1.1221790594897623,-2.0068050674926243,-3.3673454357923323
-176,-2.8786589029970893,-2.969843012238067,-2.81738445902621,-2.230723490589751,-1.915243697257911,-2.7718463164595732,-3.3617407067359744
-168,-2.5409759053585605,-2.025451479709788,-1.4358264950119255,-2.321799869309726,-1.0493179046155972,-2.3893256901698976,-1.8428676300381814
-160,-0.9604511921060298,-0.22914592201568965,0.09005238414505401,-0.7244610882479275,0.281797714334592,-0.9250984511800583,-0.3450122825228249
-152,0.39168221487865545,0.7264550538746626,0.5202129598889317,0.5267876930297488,0.5284044133280725,0.3373596653886421,0.5601464488486401
-144,1.0292164047350691,0.9030030142246703,0.8228666226740671,1.043821102018354,0.37847872909155605,1.1584479105083527,1.2509253921729706
-136,1.327666635685126,0.7544784897876137,0.8943264967332816,0.8798836078596101,0.11926145101922657,1.7077081997378811,1.2719430022966338
-128,1.2253808822387302,0.6241692986220649,0.5524399173449622,0.5450029280138002,-0.19039801708491394,1.9935478657576677,0.9650857407533117
-120,1.6835649175266931,1.2897271290942505,0.9868040304361804,0.9415352961921198,0.27339062338409786,2.3354343713927657,1.6894929818027506
-112,1.4383594207784058,1.4256410825803651,1.0904908810670564,0.7229520406374288,0.28319891101066336,1.6670741857996998,1.5311602407830496
-104,-0.5737269831634622,-0.43651972863918714,-0.32749759987656646,-1.106981676005307,-0.975055691992347,-0.6602765641637612,-0.06057377840973374
-96,-1.3037388734953665,-1.075455239498533,-0.6946052851932591,-1.5105199169341497,-1.0885508302497884,-1.1590945450552876,-0.42487916881225746
-88,0.33003047582199174,0.3369285477601746,0.5188117603530413,0.11344127495365722,0.1598955370549461,0.5797628198099767,0.6610309843960992
-80,0.6228758398423198,0.35794618708409337,0.44174714323940817,0.012556675888117404,-0.04607712090733243,1.0057199163059902,0.76471781049274
-72,-0.5499070132528986,-0.6200736114102553,-0.5853136654685613,-1.2569072169498507,-1.112370783603506,-0.09280087724154377,0.1944398787784412
-64,-0.7474726218073162,-0.45473496332220453,-0.813705060541306,-1.1714357494115368,-0.9106016328852126,-0.5201590700189361,-0.28336051276073687
-56,-1.1061732970010243,-0.7265628710470186,-1.3349419165671843,-1.1658309190573857,-0.6653960700600575,-1.2627814098347412,-1.5920574183821123
-48,-1.0935626507916922,-0.8666802082028426,-1.1738068541423614,-0.8323514658404859,-0.4426094076560743,-1.1843157321122044,-1.6537090820298694
-40,1.3220619225835462,1.3471752743597807,1.4604009895382137,1.5664590994806464,1.3789172908862888,1.4723109915192594,1.7749645795380786
-32,2.2090053393475837,1.9090462167224118,2.2002210338377832,2.2866627383100133,1.8104790374173514,2.0986358798004074,2.4643424002405925
-24,0.5738348367029878,0.23043929038116345,0.42493301943789696,0.9485411409465211,0.5284044199508108,0.1061659219682729,0.09355533404945864
-16,0.8554708228360427,0.8035196681284769,0.23016981161094574,1.248392514838159,0.7792146364234176,0.31914438073405393,-0.10681260117816642
-8,2.178179466884175,2.5045453300750244,1.0988979223470121,2.447797665871803,1.4139466457584149,1.5759978156591816,0.7955436823540823
0,1.214171493965799,1.2813201496766904,-0.419975097154404,1.441754477974187,-0.054484134341684774,0.4466512194880242,-1.066617095450745
8,-0.3929755188808389,-0.7209580885572034,-2.168640755666904,-0.008460976982311462,-1.2412788965496888,-0.9937560136177419,-3.0450752787320936
16,0.2739834914095373,-0.027376827289637955,-0.9482178396278326,0.9555470666789506,0.0716216127969262,0.030502428229038724,-1.7840183040513578
24,2.7246375194495274,2.2439268932568535,1.3118764167852706,3.110553247487952,1.772647318393339,2.5189881671651357,0.6890544186533655
32,4.288348231872756,3.448936776658223,2.1049412080805343,4.252510322794815,2.1257431629318635,4.036460078343832,1.6166319127231492
40,3.779721936863711,3.198126705735343,2.1035399597772075,3.9414497362833294,2.279872390385875,3.4843974308325714,1.811395184519733
48,1.7115884448033298,1.8067604599646483,1.9592191077010437,2.3090814352324966,2.1789879227214852,1.5717942989326399,1.762354057806124
56,-0.8903924287778057,-0.6523004970697815,0.6561268641560591,-0.2410558988662218,0.4233163265857296,-1.035791351418673,0.8361778141469021
64,-2.8029955049865265,-2.8073067248400183,-1.1331728263566356,-2.128437776729268,-1.740096883010337,-3.00584245533932,-0.12362672768897945
72,-4.211175785753831,-3.886210996116328,-2.140617208672569,-3.4735652122244223,-2.6676743742203004,-4.3005275034751635,-0.5565895388928972
80,-6.210651526026419,-5.307001936037412,-3.0836076673464703,-5.599146742382389,-3.386476820136514,-6.176700074344342,-1.8849029643772268
88,-7.795379790473834,-6.523221335500454,-3.747764216702672,-7.385644143098485,-3.879690141961985,-7.575072051078756,-3.1459597801122445
96,-6.932256360478241,-5.531189812727927,-2.6212199910051064,-6.589776961912964,-2.8876587992075256,-6.360253964490732,-1.9227346307203668
104,-4.192960468136067,-3.2921131247453386,-0.12432723035623443,-4.129314834241869,-1.0283002923846982,-3.239838535065973,0.8557941816868763
112,-2.4905334985825847,-1.8110718524145735,1.1843695927819449,-2.728140385886588,-0.06569353947249507,-1.4939752676478635,1.70490594821307
120,-2.7483496680311577,-1.9273692860377332,0.28201324512954806,-3.0392011664142045,-0.49585406976030505,-2.153928358678032,-0.16566204471859544
128,-2.3784395849973357,-1.6065003087956868,-0.42417857700433537,-2.7449545713999797,-0.5743198672941975,-2.358499893115394,-1.2669849730304443
136,-0.4854530307588047,0.12675237954357552,0.3324555789048858,-1.0719523423560477,0.4583456941012643,-0.6728870247859035,-0.40946631724624133
144,0.8526685247610226,1.0417192352308995,0.6000799164696999,-0.19201477410933188,0.9123261595302617,0.7268861082860829,-0.11942319771696053
152,1.3346725009098113,1.3415705695366242,0.5090034909390069,0.06860365909643655,0.8324593117731249,1.7455399733994865,0.16361402076464332
160,2.599933018808043,2.639058093959356,1.765856995101854,1.255398445537643,1.6395357186734534,3.342878664753284,1.758150494118347
168,3.4392364388556103,3.3970934077113184,2.753684941994746,2.1969875606310953,2.293884192932782,4.08970468310117,2.748780825482892
176,3.5597374453480706,2.891269482573799,2.1595870028912056,2.3959543310922067,1.8104790074645127,3.967802548267256,2.014565411801707
184,4.95530709796806,3.9267372798808524,2.394984260479331,3.9876884282526803,2.242040669706179,5.619787167338037,2.200921598517951
192,7.436787015479856,6.427833600906133,3.960096018309267,6.459359972493864,3.6404127462332156,7.9765623664105645,3.5936890442760854
200,8.201828145086997,7.382033290261901,4.308988530504305,7.246820058965971,3.7230820607946837,8.476781703224916,3.8080686848167766
208,7.519456199392761,6.492287606730329,2.689230897788773,6.592471641300951,2.2042090357241464,7.748171057433421,2.453132943934077
216,6.646524540472143,5.25505059368173,0.6126904318799502,5.730749381942024,0.6418995856023055,6.910268750525113,0.670839192098254
224,6.161718172777413,4.771645496416296,-0.11592017959372011,5.320205313869244,0.00016168304650308814,6.503928187739598,0.2883185807097399
232,6.411127341134011,5.290079996267674,0.6883539031921844,5.286577072286894,0.38268225620375534,6.887849960282223,1.4316768028716205
240,6.685757477696127,5.853352064864527,1.6131289677857996,5.419688672608846,0.9501579027874764,7.542198385774115,2.584843409141322
248,7.048661610011733,6.289117276193842,2.5841427832008255,5.910099687177771,1.9702128562048693,8.018597661916283,3.7338063758627884
256,6.783839708545825,6.074737588089848,3.22588065986774,6.145496924897682,2.6539859290364274,7.487552595930499,4.266252658543377
264,5.164082125049279,4.41294483507013,2.264675101975925,4.933481130062977,1.7530308554257263,5.500687258481608,2.8888983021677723
272,3.849780573757841,2.8660482392236073,0.7387961699875547,3.8910073982935227,0.6208819498907902,4.050471815415937,1.0029175141138817
280,3.1744144767314406,2.005727247434155,-0.14534486079966336,3.3039153358539406,-0.012448884593070064,3.174737850141878,-0.1558536109402365
288,1.1048799490479417,-0.027376781683052926,-1.5549262992591935,1.291828887810657,-1.24548237594807,1.0323421690893804,-1.7686054607637645
296,0.09603430503268699,-1.1343045335757977,-2.0733608611234877,0.22553517363774467,-1.665834666473651,0.27150453317971196,-2.1525271753574304
304,2.6363634732729166,1.4382515504273137,0.32544978803548963,2.501042337308072,0.3742753019224979,2.811833620140882,0.1355905511359334
312,4.326179799025339,3.782416488312434,2.581340515078641,4.1810504764306895,2.237837175858186,4.0995128719887255,1.7343304864280709
320,3.0062735570593224,3.28780178527732,2.3473443170458013,3.1890189461323213,2.293884101117546,2.402690661594955,0.8642013065036455
328,3.3747824280643615,3.6437000881912374,2.942843446955259,3.8153438955232812,3.161211095704021,2.7053443943703925,1.3363970513191454
336,5.602649660191987,5.46102330312075,5.062820244293947,5.744761035627836,4.876248564863493,5.049509125445459,3.3022446815610484
344,5.129052764005967,4.840303005721556,4.592025638807625,5.06098800193064,4.378831718033058,4.643168515849224,2.4181035854495487
352,2.854946695412882,2.487731257599736,1.8106945302820807,2.838725362039622,1.9800210742926811,2.367661456487025,-0.3366051632751767
360,3.5751503961046436,3.1827136980834263,1.7168157970432918,3.508486802859787,1.7446237560462925,3.2770235706250985,0.31494089445242524
368,6.579268266074215,5.889782684747342,3.962898427616188,6.118874677532898,3.6558256054755884,6.218088611126778,3.06824858904047
376,5.903902151587869,5.10232265968608,3.336573397397717,5.484142688969215,3.392404880968053,5.179818365980512,2.1700958223852806
384,1.487400503390596,0.9044041415125056,-0.3274975185975052,1.360486437303898,0.20613427402881493,0.8249683711958555,-1.4561434469845005
392,-0.42940602121004917,-0.5219913364591391,-1.4106054471830298,-0.3629579927595715,-1.095556717449922,-0.4557050419182585,-2.4229538952866636
400,1.181944508062098,1.236482578071403,0.3058332522177565,1.0830539800892431,0.2677860358135126,1.440083890169188,-0.6042294937657029
408,2.216011125249925,2.1444434395411625,1.565489050692705,1.838286962351461,1.0230190120550586,2.4209059927592285,0.9622834520103316
416,2.4682226052280534,2.1794728738861466,1.855532191745885,1.88592690397879,1.0104083909820285,2.9239275745161772,1.653062418213211
424,3.2150485486185816,2.4821266470000825,1.8036887154805172,2.716823322783864,1.102885807131322,3.7660334881600623,1.8141974502336455
432,4.195870612224777,3.1154573073360283,2.3053091353307704,3.6415983694659793,1.619919304322761,4.671191983822249,2.685727932647439
440,5.138860945066649,4.064052373298213,3.710687042162597,4.501919388498968,2.6553871282712835,5.628194102503664,4.763669544959726
448,5.405084206970885,4.083668776811697,4.128237008122205,4.749927318937896,2.7786905341365578,5.914033833396183,5.566542546515929
456,5.103831595914163,3.5372108192224334,3.0997749733873925,4.410843150813217,1.6591521394963678,5.633798817260929,4.437195954860274
464,4.841811994931545,3.249970080100852,1.901770892595727,3.920432061437451,0.7231676136291854,5.476867288571044,3.267215363264501
472,3.985694498796286,2.4456959389144353,0.5636493402367516,3.0727215298185913,-0.24644502302126617,4.8085071704094995,2.0622053964768345
480,3.549929119941794,1.7086782577131354,-0.2154035572984373,2.683195064494151,-0.8489499921160052,4.437196031282277,1.1248196849213061
488,4.38783159858975,2.510150032038362,0.6407139215273919,3.263281208275591,0.1304710105802538,5.174213637375701,1.731528146358868
496,3.9674791890053953,2.4176724429452894,0.7303890949918395,2.589316341942053,0.4975785739783546,4.4456029306249105,1.553579102220374
504,2.140347694878256,0.5527093714304274,-1.0729223143804327,0.7257544395586916,-0.8027112495730159,2.5862445329267487,-0.45850733694241946
512,2.119330110793995,0.4896565192345043,-1.2606797370576257,0.8350459414287509,-0.8825781911021066,2.673117408466692,-0.895673763912921
520,2.689608137785415,1.5909795768402673,0.2021463759990282,1.8452927155916599,0.5382126142569724,3.171935487344642,0.11036946342009038
528,1.078257576302678,0.547104773323667,0.05222069657904797,0.6262710343094047,0.8857038396163882,1.505939138577071,-0.26374418450564213
536,-0.12675242751211563,-0.6396900143216734,-0.42698088456191363,-0.5142848873691871,0.3756764638291929,0.25889383218227274,-0.8690514655229464
544,0.9535530661786359,0.521883597254475,0.8999311580570892,0.479147705344285,0.8997156277136835,1.2887571188328153,0.9412659084150841
552,1.9848173700892469,1.8123651632826354,2.5322993901712363,1.516016724463712,1.8062754645480505,2.2821897544435688,3.01080046379367
560,1.6947743635980679,1.5629561749441083,2.0979352862615417,0.9667565514331378,1.4699935425701023,1.9052737932406203,2.3144167336145394
568,1.5770756508156416,1.3093434915166542,1.2656376680710937,0.7733943224844768,1.0286236151288717,1.9136808387350461,1.1234184990824423
576,2.63075885815776,2.1402400101143533,2.123156484155666,1.9349678834869866,1.8216883448627728,2.8230430416780203,2.202322841703707
584,2.6826022076879994,2.549382858933546,2.825144827192202,2.0694806142576274,2.314901724035135,2.723559665478471,3.103277936687791
592,0.9605589083742518,1.6806547856761571,2.245058586176923,0.44832197526974893,1.8076766135103033,0.9510740483441651,2.2387533596866622
600,-1.1299932496021587,0.14356649777596542,1.15914840241366,-1.4460658984665458,0.5970619458129173,-1.3076190408941555,1.0407492861198007
608,-2.4470971283193887,-1.5056157512727788,-0.6819946465097664,-2.6861052493265922,-1.3071339882696063,-2.795666238355284,-0.605630678400432
616,-1.7465100367470305,-1.4285511364168961,-1.2999126246110726,-1.9294709594574364,-1.68825344452468,-1.882100501526856,-1.107251136933497
624,0.08342385314051834,0.30189925008442586,0.5622482447079565,0.09662705692864239,0.2243495920981288,0.2715045060866926,0.5881698686562955
632,0.7251616340787631,0.7754961461199283,1.6089255157814717,0.46793834943246176,1.1673399819858608,0.6217980570656988,1.759551735196868
640,0.6340852788394062,0.3845685775903362,1.3048705461419825,0.46793835530261657,0.7357781797635896,0.5097041603383297,1.597015463001014
648,1.8923398415039199,1.3780010973031698,1.6439547597227306,1.4964003036407971,0.8464710101624192,1.7511446399913806,1.9781348733484694
656,2.7554633530796084,1.861406348396755,1.4940291394558445,2.527664783053975,0.8688897684957502,2.5049764928585274,1.57179421874772
664,2.8843714642195906,1.5587526816981834,0.9041347131654095,2.8457312644419512,0.6741265743658263,2.485359954482007,0.6596297862148598
672,2.9334124479422585,1.4858914825720848,1.2179977976382017,2.7882831577087144,1.4840053511376792,2.4993716748467505,0.48168064559511
680,1.7984612372580102,0.7642866648276273,1.0456533743345013,1.7037741603863823,1.9113635139622325,1.4134615905750785,-0.09700439588427985
688,0.29780346764180654,-0.08062145763482816,0.6519233326788727,0.3726585497146161,1.6997862329074087,0.16501525427680105,-0.7779750571511655
696,0.128261357464805,0.22483454371434133,0.8761112703286872,0.21852934739690608,1.688576788190686,0.42563372255297893,-0.5551884259041556
704,0.12405781575247773,0.34953915363100907,0.611289283670282,-0.029478620671216114,1.3312773877912558,0.4774771903894072,-1.0245818253823646
712,-1.0207016694633744,-0.5500149251466219,-0.38354445273735377,-1.1686332820051384,0.59425961718299,-0.8564409066538714,-2.2450047636979202
720,-1.413030514593447,-0.7657957148000825,-0.21260127773698004,-1.465682251857942,0.8885062978412629,-1.0357912103844513,-1.6004644838952695
728,-0.378963762994135,0.2332416060666472,1.168956635252117,-0.5128837406646859,1.9954338716726565,0.30092913084884165,0.4032148685314999
736,-0.6339774849045244,-0.3230246280109413,1.040048640010055,-1.2064650755349569,1.5778840628525685,0.19303870734866502,0.7408979245705395
744,-2.5465805596080773,-2.395361575537536,-0.8333214803106018,-3.5590367961122067,-0.5533022562674336,-1.614476160650672,-0.5649966185546326
752,-2.3882478322854044,-2.0843008136740013,-0.7506522878182424,-3.298418506499447,-0.9428287164743038,-1.3804801977250407,0.2743067671751088
760,0.4757526233132344,0.7825019977981019,1.3525105309676277,-0.3937839386751694,0.587253744131433,1.2915593101914387,2.888898208546333
768,2.2090052725181337,2.189281102811169,2.064307083663037,1.2315784498887088,0.8226510772789831,2.890299330826592,3.6693523420424734
776,1.9834162364797066,1.6568348101964727,1.2880564399509347,1.06623984379484,-0.01805366316944793,2.492365858690537,2.993986284150435
784,0.6186724235104698,0.6577975064886566,0.44454951341196686,0.10923770178332279,-0.720041992358441,0.7240837787530555,1.6726789159502002
792,-1.6414218715854456,-1.1301010719383977,-1.7496895636804548,-1.7010795184770753,-2.0987975405935835,-1.9451534247666995,-1.3314389361078736
800,-2.215903415905476,-1.5700697795239735,-3.082206388638755,-1.946285147228579,-2.7769659968048175,-2.4369655934154486,-2.9035566265940114
808,0.28239057182385724,0.6984315335217982,-0.967834245248552,0.22553518838838948,-0.6990243304570053,-0.060573871469628025,-0.5201590639577413
816,0.9577565735731366,1.208458991039605,0.34366498358414516,0.7019344684439943,0.47235740152156513,0.30092911519509674,0.5755593704049595
824,-0.7264550280899804,-0.4729502368385518,-0.8809614482783682,-0.7370716448997746,-0.8027112161582904,-1.3902883121067917,-0.7149222743434778
832,-0.34813793764247786,0.22483458013940238,-0.30367756238396826,-0.2522652705823068,-0.6583903238941456,-0.8256150548112605,0.2701033329317617
840,0.0988366244810901,1.2140636476973923,1.1549448775592106,0.08822006772749123,0.6755278112298775,-0.2427264844134691,1.7595517138234857
848,-1.9678955762281658,-0.5205902160950752,0.5930740751771854,-1.8608135211960977,0.7161617161939094,-2.170742437173992,0.638612170672593
856,-3.7221658847757157,-2.6167470716698373,-0.42137628043448183,-3.519803899979305,0.08563330953053565,-3.740057776753717,-0.8704527044942333
864,-4.419950671951346,-3.655017326449182,-1.6684214516652116,-4.395537969862526,-1.3421633086733886,-4.217858205169508,-2.187556547990537
872,-3.44473338646998,-2.93761603506434,-1.976679805124926,-3.636101452059169,-1.6237994180796862,-3.3561360322072114,-2.3150633941198286
880,-0.3047015551874224,0.17439230295837402,0.9293558988676759,-0.3615569636086766,1.0272224608985325,-0.4907344908633708,0.60498408532666
888,1.198758594083897,1.6582359918208667,2.7662955593048557,1.2217702078687283,2.533484913362443,0.7240838284235919,2.5456105208352926
896,0.03298151349502631,0.3145098010166351,1.3202834902758178,0.38947259058138134,1.1855552160668117,-0.4865309759430312,1.0505574017056873
904,0.19972124025399307,0.39157439434861796,0.8677042424447238,0.7747955110326422,1.0244201908196324,-0.25113349483748637,0.27991153461324597
912,0.47855502690051804,0.45462712583008347,0.8480878211702589,0.8686742244032163,1.1168977118791212,0.19864348863434636,-0.0017244828272992647
920,-2.1584552154002865,-2.1473535915146345,-1.812742356572766,-2.225118837393848,-1.5607465133534084,-2.1497247704560194,-2.1399166978774087
928,-4.285437968875793,-4.232301148674981,-3.726746710134552,-4.594504681622094,-3.5462106961204074,-3.874570468389996,-3.6770048533228374
936,-3.0453986962844724,-3.108559343121546,-2.6100106373510337,-3.1723127816373196,-2.4771146071089185,-2.79426503761526,-2.7115958321379323
944,-0.40838846467035916,-0.537404275174371,-0.4003587121544834,-0.6011577650163648,-0.491650560108052,-0.34501224658983864,-0.061975041463704805
