-240,-0.7458171257032801,-0.7544403417645711,-0.38823179788021156,-0.41019314431547066,0.4794272248614881,0.6704412402388553,-0.22240508083847213
-232,-1.4539151349319859,-1.0883271063616318,-0.2866141181872334,-1.9392980403784985,0.45361956140969417,0.6559244324928,0.2260032745348106
-224,-1.2829393323357607,-0.9108993369612794,-0.18177040744312983,-2.2054397235882734,0.019728014648813613,0.862385932955897,0.7760294154686237
-216,-0.9571173716009942,-0.857670955893072,-0.6124360449612141,-1.5489569390342581,-0.7012739753174013,0.26719625778696154,0.3743974282697828
-208,-1.015184653353126,-1.2222044270532295,-1.407635054182868,-1.165067709715827,-0.9383820478866052,-0.05217369144019373,-0.7740442168520687
-200,-1.276487395680494,-1.4609254687118187,-1.6124835306302066,-1.318300838120721,-0.657723541856345,0.16557858034648487,-1.4563347034969352
-192,-1.4087517545600157,-1.4657643579599682,-1.0850390976424826,-1.5360530832239259,-0.1028585071693807,-0.2166976906252567,-1.3482649805880615
-184,-1.3910089606395881,-1.2625288933995364,-0.5221091492404774,-1.2682984563953545,0.26167498062463057,-0.679622817531308,-0.8337244898720588
-176,-0.4974181182442604,-0.3673251370144661,-0.22048195234911375,-0.20211882672017714,0.40361716772874484,0.16396556672688445,-0.4337054750547213
-168,0.8461940442820035,0.5504603467228589,-0.1398329778985921,1.0640703936195757,0.37135759482496766,1.593065725849385,0.061479347429783233
-160,1.5026768210389003,0.439164740561586,-0.24145066417580416,1.733456985815053,-0.052856079527645004,1.7704934268083579,0.26632776340613024
-152,1.4655782876732844,0.031080863143655692,-0.3237126570974669,1.6495820695471035,-0.7399855191837695,1.1188496763556395,0.4276257778029749
-144,1.0445905521925212,0.3488379054851096,-0.17047956022758798,0.6656643485847014,-0.8674108832941283,0.838191131339783,0.7050582746140432
-136,0.09454546124409471,0.6875637156192433,-0.03337630326318182,-0.6989166070315624,-0.4690048616506116,0.7107657426251813,0.7050582846636636
-128,-0.5958099195363803,0.22141254518667572,-0.37048903705422265,-1.2473296613993923,-0.42545445348687577,0.19622517185875468,0.05825336402771942
-120,-0.6167786105707531,-0.49152461232780786,-1.0382626885764819,-0.7440800127008521,-0.8093436401810545,-0.24250528199701496,-0.8498542722521182
-112,-0.23450247284311507,-0.5560438364530932,-1.2205294220773284,0.09305650351672344,-0.888379664082007,-0.04733472907239286,-1.303101585834739
-104,0.336492435710108,-0.26732041601471496,-0.6495345564948958,0.3575851963249854,-0.6561105686084953,0.15428779550789742,-1.0724454251432887
-96,0.33971835119060007,-0.13344302514904482,-0.04950608096497018,-0.0069482365426524065,-0.35770927628165716,-0.1941158487419855,-0.38370308189358004
-88,0.1542256857486769,-0.08827967111401101,0.4714864184863347,0.13176799817460577,0.08263416953504824,-0.31025045140511426,0.35665467818649177
-80,0.7397373074429086,0.584332994237036,0.8473107108716353,0.9527748260973605,0.4681363500961252,0.4817226147862261,0.9163586840779928
-72,1.3978330957401737,1.6085750924853184,1.0408682493103096,1.4205389035888993,0.598787731049526,1.3011163287664462,0.9341014334682067
-64,1.5526792100415774,1.9876253585695998,1.3102359296104233,1.047940574506421,0.8310568525134343,1.2672438255856096,0.9937816572797107
-56,0.854258924902605,1.4795367265376715,1.590894422818754,0.3350035464241164,1.0165495144899714,0.1510617447040694,1.3050867861839865
-48,-0.3538629724469188,0.48755420136643685,1.6118631284077494,-0.07630632756434527,1.031066351345272,-1.2925551914958173,1.4325121788837831
-40,-1.002280878806104,-0.16086368437369972,1.3666902045004587,-0.17631113190663755,1.040744197936412,-1.861937048829999,1.0760436465627183
-32,-0.8248530532664924,-0.286676148182591,0.7876304543122299,0.01240753634351311,0.7052443776153071,-1.5861174982367667,0.34697677892147955
-24,-0.4377380174539704,-0.03505125296617036,0.23921730204723593,0.0898306050166248,0.1326366115581371,-1.1489999313407275,-0.2449867808141735
-16,-0.38128359857713395,-0.09795747975917118,-0.005955573691185162,-0.41503207566806394,0.06489139917924698,-1.0764158853331385,-0.5369361357926684
-8,-0.29256977122910105,-0.530236079435869,-0.17531851479826968,-0.6989165205701735,-0.04317825528824706,-1.203841265211005,-0.34821750791426864
0,-0.10223815138976536,-0.6834692267271189,-0.01885947974961859,-0.3956763670648149,-0.30286799508525153,-1.334492625545357,0.04534951202931266
8,0.32681446783044704,-0.13021707969296148,0.5843950328958589,0.4640419284858089,-0.10124553478787743,-0.9828630997757686,0.49214494786823376
16,1.6042945814753788,1.2311378336096708,1.269911400194085,1.7657166228284782,0.31490329169203424,0.7688330448230914,1.0679787520805712
24,3.5237404964064565,2.915088755953291,1.7570313074041244,3.254496979598816,0.550398330542397,2.654406471474493,1.503483287510269
32,3.0059739727333636,2.6989495052367927,1.2957191031512827,2.7593122071891454,0.29716054975240064,1.7398468430932075,1.1357238946319266
40,-0.17966113689360547,0.40851814385123625,-0.03660222965964041,0.062409929331385366,-0.2528656036568031,-1.431271414084223,0.2905224499714182
48,-2.431381012458014,-1.310918363560931,-0.9737434940802505,-2.02639892532062,-0.6286899017599912,-3.3152319258795333,-0.4449963472210443
56,-3.2410968479655398,-2.823893376054619,-1.8221708887018446,-3.0974175866713254,-1.3513048670532877,-4.11365686271053,-1.3579429013384683
64,-5.047634189205381,-5.43208179988087,-3.172234989962606,-5.034606324285534,-2.6481406241522074,-5.831480275586328,-2.422509577171961
72,-7.349356365751657,-7.825743750963954,-4.4287463373742835,-7.199225285278769,-3.9514283397383254,-7.668664398934685,-3.6886987162484033
80,-8.197783845621752,-8.696752820263928,-5.206202536041653,-8.22830633619177,-4.770822093743757,-8.302565437076824,-4.554868935978901
88,-8.175202105967378,-8.58223131179063,-5.511055722226237,-8.40896007582572,-4.8095336074612645,-8.644517197691851,-4.695198146543051
96,-7.939707047537582,-8.28060413915697,-5.2594308538665615,-8.255727052248762,-4.609524035509776,-8.962274126368634,-4.561320787039128
104,-7.102570519710963,-7.2579749339328465,-4.630368734948164,-7.536338028079816,-4.17724548833368,-8.165462072685441,-4.2338859272157805
112,-5.352487418187486,-4.732048468374397,-2.8786726582708746,-5.618505014663091,-2.9239601835821745,-6.283114724041152,-3.3386821048150965
120,-1.908775521392313,-0.4463611144792416,0.10211405599879683,-1.9634927260774402,-0.5835264825756948,-3.5184673514543676,-1.296649610193876
128,2.222065812286676,4.116758746969679,2.7054634708478007,2.331872549434468,1.1439749035511122,-0.15701735505504333,0.9744259311762603
136,4.896386365737759,6.978184933046107,4.218438556807679,4.970707516950657,1.8956235065149911,2.6979569106534367,2.576114829929549
144,5.454477345707538,7.42498036143445,4.720075213718553,5.3820173503941,2.190798824969578,3.5318674670335755,3.5535806398805447
152,4.67863405877741,7.0685117885683635,4.565229185531998,4.956190633485912,2.4150029630641816,2.717312678688061,4.072960156207649
160,3.902790713628791,7.247552580771589,4.458772524411595,4.504556356047903,2.7069523556421173,2.0092145327498643,4.153609157688185
168,3.6463269641646217,8.113722789412854,4.67329883566776,4.020662397066257,3.0053536266568295,2.314067764331009,4.353618607311534
176,3.7608485325891023,8.899243808922913,5.242680694561365,3.8803331664028677,3.5102163073415196,3.0318436539383717,4.7939621243419275
184,3.9898917068642348,8.973441034715378,5.521726225091275,4.49971742434877,4.190893811381994,3.1350743994050143,4.985906709112185
192,4.315713630692637,8.713751224397761,5.623343919858683,5.082003131775396,4.563492133533698,2.84635100616992,4.973002843252233
200,4.902838280387823,8.965376039390488,6.3830574297800995,5.427180814455149,4.8006001957067435,2.891514455329807,5.776266873269366
208,5.73029696179657,9.802512638604068,7.823448438024107,5.520733605557138,5.132873993640189,3.2544349198011373,7.182785190855133
216,5.9399843165760915,9.60895503207055,7.9040973915090404,4.978772405714918,4.734468016526887,3.51896361763421,7.56990035436714
224,5.45770333482749,8.60890759647639,6.834691729396581,4.612625936702669,3.787648851974919,3.6996173512037305,6.671470663441954
232,5.33834287005082,8.202436590077411,6.3153122880950905,4.919092145690125,3.579574437868615,3.841559596006528,5.9182090399277
240,5.441573537373,8.320184177597435,6.4927400257871595,5.028774787613554,4.282833652974028,3.706069265507256,5.871432641257859
248,4.8302541979936775,7.878227703259968,6.512095792089091,4.298094905832906,4.763501639123039,3.5270285601119564,5.9649854853802555
256,3.7027812409606207,6.870115354124036,6.155627325783634,2.991581271474179,4.587686797573976,2.8495770727412535,5.9230480480386
264,2.7720919369331734,5.7345775584015515,5.778189959654281,2.3915527484684604,4.37799944158157,1.44628458382805,5.864980767672623
272,2.4107844088033294,4.800662227308175,5.358815218560224,2.7738290352077097,4.279607684299855,0.5333379855269504,5.4230242569486
280,2.7737049195375656,4.368383593497422,4.892664146544628,3.564189053645395,4.052177519139322,0.9607776966485756,4.763315513423496
288,3.1656589896246548,4.31838118248954,4.94589244271087,3.786780225596191,4.1328265589123765,1.7446858291989045,4.527820409943678
296,3.3124402468700844,4.678075752445966,5.763673211859409,3.4996698996941835,4.697369417145662,2.2366446065974688,5.171399363464875
304,3.439865623282566,4.884537205260001,6.3330550802828265,3.289982483923862,4.787696376629507,2.3140676995282847,5.898853286794237
312,3.4995458994214044,4.408708160686471,6.023362943512756,3.662580842808663,4.0183049670965385,2.2882600260268706,5.863367755092639
320,4.104413247565623,4.236119295781967,5.444303225899157,4.761020108977457,3.3698870595244674,2.8737718112873374,5.632711641357174
328,5.185109653105303,4.544198440071296,5.187839358092047,5.778810436562477,3.5360240099521785,3.9125306606226093,5.347214220954714
336,5.91901555710034,4.32322015785254,4.858791473733131,6.1143101633181525,3.910235306911157,4.336744462328169,4.798801070595682
344,5.925467452864049,3.8861026140013193,4.552325340291095,6.273995152139814,3.9699155483961324,4.319001639818303,4.140705279179571
352,6.360972084804757,4.371609548483317,4.660395006540902,6.982093271394535,4.397355157808669,5.194849664555306,4.031022717133298
360,7.2448849600135015,5.016801505401224,4.903954962051884,7.633737208978116,4.679626662557368,6.390067723248161,4.245548976408669
368,7.441668444428066,4.758724706104169,4.762012727991785,7.901491921748267,4.310254266455583,6.751375183109893,4.542337221674929
376,6.967452483994749,3.7925497548044915,4.260376053234172,7.8208429771000665,3.342466420745593,6.241673514413545,4.97622886945182
384,6.267419219890039,2.37957945135497,3.468402936448192,7.43050177560616,2.3069333697607557,6.031986267580809,4.864933263463815
392,6.014181376030015,1.4924405624220325,2.6877206739817936,7.075646077397686,1.7133567974451187,6.827185192766843,4.203611496962567
400,6.194835019326222,1.3537243254522733,2.1005960137171793,7.23855710038932,1.7375514957927205,7.144942273920624,2.9229055135802446
408,6.814219364080053,2.2263464534218707,1.9747835530271365,8.070854744685677,2.2585439429166914,7.035259585907559,2.3309419469138164
416,7.556190171047433,3.3828529653027792,2.398997298593438,8.782178794148782,2.397260193401458,7.256237829833795,2.613213380795367
424,7.181978873222108,3.581249495911577,2.8554705695877236,8.385385804318146,2.034339804822089,7.020742809696518,3.155174572840467
432,5.822236673783158,2.9505743167641345,2.894182104097549,7.443405531613367,1.940786919981401,5.786813187731134,3.2084029308638566
440,4.6931508563005755,2.2569930274339396,2.9619272092227322,6.482069591543434,2.2601569612145633,4.917416984945107,3.214854848632768
448,4.433461086874518,2.1521493499575444,2.940958547990682,5.753002729446816,2.4327457992623227,5.36905142438993,3.1309799016961493
456,4.207643981769761,2.0166590360921264,2.7215932842430672,5.570735984856733,2.545654358745473,5.746488808192754,2.940648326040489
464,3.7931082390835225,1.5230872270539533,2.4409347478906773,5.3142721809859985,2.676305718733287,5.107748714983731,2.5793408585549042
472,2.920486023959458,0.6456261831527318,1.9392980459297806,4.588431249097764,2.658562977313461,3.851237450048247,2.2244852745309065
480,1.2542778884322248,-0.8189594458142204,0.9989307780078676,3.5754800065552184,2.0327268000392236,2.3834258997096462,1.7422043237975116
488,0.24455252463707633,-1.627062394015478,0.6392363295132334,2.9512567888405536,1.4923785275284849,1.2736957788747303,1.6438125651296422
496,1.2671817851341152,-0.2528035762138359,1.4441132116629636,3.7206481580017714,1.5181862337777992,2.0205053846436773,2.3970740756723026
504,3.34469979482308,1.6553515796957796,2.2715718705467007,4.99006324998488,1.5714145930140728,4.1496386129429075,2.998715575391257
512,3.505997717733727,1.6650294068807563,2.1118868614525295,4.820700449919017,1.306885858447906,4.556109553846083,2.477723098638232
520,1.3413787702554985,0.11656882820487637,1.2618465327419512,2.830283314256207,1.2584965024709913,2.2672912532093807,1.5599376178464852
528,-1.1571269225868983,-1.3512428484470558,0.5940729002793171,0.7963157330034885,1.114941281994575,-0.019914148512007776,1.108303246496508
536,-2.4910612797601193,-2.0286943273275613,0.2376043390222763,-0.5085850010537721,0.8004102280799942,-0.997379880838349,1.0792695973901507
544,-2.5749362379592426,-1.665773964392052,0.2682509662280247,-0.9989308421108504,0.7391170223571746,-1.02318746649222,1.1292719810214793
552,-1.9894244556443548,-0.9834834183158089,0.3263182465940017,-0.6134286532328468,0.8342828194549127,-0.9667332224441231,0.8905510020863823
560,-1.6119872444177676,-0.9221901424189162,0.12308280143973417,-0.5521354246384771,0.576206026049014,-0.7909185269610929,0.5292434784615402
568,-2.0732993736449954,-1.725454127212756,-0.2882270713358428,-1.1521639682632436,0.28586964275894516,-0.8296300152080112,0.20664753058462115
576,-3.1475439783725516,-2.6013022073959404,-0.8156714530358482,-1.6715433749108703,0.16489614045150827,-2.1087229134105074,-0.13853013840685588
584,-4.507285997438145,-3.0255159177885713,-1.043101643840241,-2.0747883554568003,0.2455451462637759,-4.0104261998933515,-0.42080165649729223
592,-5.1879634574682125,-2.917446195919314,-0.8043806212412753,-2.7586917683935335,0.49071810725070064,-4.637875273830403,-0.49983764730380575
600,-4.949242453582333,-2.7642131522431157,-0.780185874551535,-2.873213378575919,0.4826531687581477,-4.065267533763632,-0.6692004872216099
608,-4.639550286143593,-2.851314079462949,-1.701197416716537,-2.2909275810492478,-0.13673106458351314,-3.558791786958739,-1.567630307925515
616,-4.86052855034234,-3.238429149756065,-2.536720934562212,-2.699011512007398,-1.006127184026996,-3.9668756848224485,-2.5983243605025335
624,-5.5573359060706,-3.7045804572446617,-2.594788201759721,-4.016816124053462,-1.433566827920127,-4.813690097186187,-2.3805721103745188
632,-5.921869299086294,-4.159440692960682,-2.0028246182861724,-4.549099375422182,-1.2416221816392616,-4.895952072087842,-1.3740727058970008
640,-6.118652803773372,-4.433647243449321,-1.7673296080252459,-4.341025006192633,-1.5351845890496842,-4.4201231018468485,-0.912760493327232
648,-5.9863884778150185,-4.388483828596757,-1.9076588669315326,-4.18779193080815,-1.7045474282744109,-4.1959188497410365,-1.2079357979202734
656,-5.3992637886144275,-4.051371050275503,-2.091538482540569,-3.7361576273797454,-1.328723123413719,-3.9055825132336826,-1.6966686362737196
664,-5.060538103407472,-3.8158759767712764,-2.162509629632845,-3.4248523855038755,-1.0093531462902035,-3.810416660689763,-1.601502846453292
672,-5.5234632933835535,-4.243315636605184,-2.238319715008487,-3.9845564754309932,-1.0545165637418066,-4.12978655880247,-1.2143876928176345
680,-6.062198527323914,-4.890120533156695,-2.188317295856948,-4.394253338572162,-0.9932233774251502,-4.541096515093858,-1.2014838399528813
688,-6.35576092347183,-5.0223849116156485,-1.9173366935967013,-4.411996095066419,-0.5480409255767763,-4.889500069763505,-1.398267398526715
696,-6.750940939534809,-5.077226214643987,-2.060891870755789,-4.581359001173102,-0.2560915491128861,-5.17499760036525,-1.664409024037807
704,-6.992887842267326,-4.896572425801554,-2.0496010290848656,-4.536195524983199,-0.49965153979753957,-5.610502129383986,-1.688603768475047
712,-6.736424115154898,-4.272349218483048,-1.6092575647283436,-4.305539541199723,-0.598043261905582,-5.610502155547652,-1.356329893436756
720,-6.002518300220291,-3.312626287354445,-1.323760138781265,-3.865195880529066,-0.6415937594762856,-4.7314281352797325,-0.8014648653340252
728,-5.552496857761216,-2.794859786899443,-1.2140774909666805,-3.634539860532301,-0.8416032423673458,-4.229791392600546,-0.511128483256842
736,-6.026713005325396,-3.0561625605885587,-1.478606197463219,-4.344251019397019,-1.1351655683411896,-4.9572452902860515,-0.44338332805682595
744,-7.297741071076159,-3.9981426714597967,-1.9995986631270068,-5.545920941798759,-1.343239946754013,-6.544417406244068,-0.896630664164457
752,-8.436504786437599,-5.288526581656954,-2.691566980768775,-6.166918161730006,-1.3690476484983252,-7.612210122485226,-1.832158934544898
760,-9.00104780789058,-6.438581169184715,-3.2835306186488893,-6.399187275570065,-1.4577615666394792,-7.52188329260683,-2.691877193882236
768,-9.323643761831924,-7.161196097051841,-3.5835448299902817,-7.0379271975890045,-1.8674583819583195,-7.563820727002909,-2.995117403353582
776,-9.463973050713804,-7.206359547424614,-3.710970255264709,-7.226645932028032,-2.3997417475115213,-7.66382541005668,-2.754783421195044
784,-9.038146277146549,-6.314381701841763,-3.3851483355947707,-6.400800161663448,-2.594912323827501,-6.975083143911817,-2.183788551800685
792,-8.296175585923073,-5.28852650923038,-2.6996318896322755,-5.905615380243772,-2.009400635771121,-6.542804454654883,-1.5321447037973435
800,-8.262303029028747,-5.111098737750794,-2.0802476490133035,-6.413704031162059,-1.2045236891652051,-7.075087839614247,-1.1950318873568384
808,-8.238108281126122,-5.356271727500427,-1.8641083825292981,-6.589518810160898,-0.8561200580837898,-7.39445778676217,-1.2805198562299842
816,-7.620336986205178,-4.959478696258423,-1.6237743899746,-5.799158768678392,-1.098067014183256,-6.6266794218640115,-1.2111617458021282
824,-6.354147797227175,-3.8497485598292687,-1.0995559074677699,-4.766851736096021,-1.2964635186283875,-5.133060099260486,-0.570808732712205
832,-5.581530469614674,-2.896477503325518,-0.9318060548326299,-4.097465088974171,-1.1061319573540809,-4.429800911704895,-0.4869338037955953
840,-6.055746588242878,-3.0787442193261625,-1.5157047264971015,-4.002299234697558,-0.7625672144811994,-5.539531059396555,-1.0547026754065363
848,-7.1896713455682475,-3.8658783572837585,-2.067343827510296,-4.599101770142748,-0.5415889799115058,-7.394457785895825,-1.6337624557436263
856,-8.026807907528921,-4.444938132249499,-2.109281284084847,-5.620118037639234,-0.41093761732465245,-7.92674117588,-1.9015171151468289
864,-7.671952372193603,-4.619139980278203,-2.1657356000397097,-6.063687463565887,-0.5012645217088552,-6.8250758840314285,-2.075718889709343
872,-6.058972478599317,-4.120729212337615,-2.383487871999659,-4.621683541158871,-1.3529178314644026,-5.102413580174788,-1.9837790585134674
880,-3.9814546066594576,-2.9045424329813345,-2.191543295892866,-2.313509381521153,-2.0400472120356903,-3.652344787716598,-1.2272915285287262
888,-3.2410968114057135,-2.3948407521561346,-1.8657213802081207,-1.6376707908132637,-2.1239222048886774,-3.5200803193308676,-0.5579049342540167
896,-4.134687717737421,-3.349724861265082,-2.152831792224979,-2.703850465191924,-1.9658501686958165,-4.052363676393874,-0.6998471210115922
904,-5.239578802565077,-4.354611247098191,-2.5996271712315644,-3.8055157442185665,-1.7851964382451424,-4.429800849674479,-1.1643853549294052
912,-5.647662627482405,-4.315899704791247,-2.74156937081107,-4.297474556270992,-1.638415258970905,-4.944341521803458,-1.5289187424004826
920,-5.121831240169104,-3.3110133413098795,-2.4528459853730933,-3.655508532507048,-1.0867761505071292,-4.8427237362429265,-1.6805388296359556
928,-3.739507590435539,-2.0448241034699257,-1.873786235877941,-1.8796178494881648,-0.45932700899504597,-3.658796585409874,-1.4918202351985337
936,-2.6362293345223926,-1.333500011209298,-1.517317711873803,-0.7182723346944356,-0.0705988947601993,-2.984571045747756,-1.3402001145220828
944,-3.265291554110261,-1.9061078905846005,-1.694745487338582,-1.361851300864292,-0.17866850816286534,-4.199144826905406,-1.4531087237335276
