-240,-0.5696071835709848,-1.1653991466923521,-0.9085354129387898,-0.6246443660816683,-0.3843479657372241,-0.0018252248947436239,-0.550723206387599
-232,-0.14068188874978513,-0.7054452184240829,-0.618326317601901,-0.19206866713972232,-0.1434197164016214,-0.027378213731383265,-0.35725053687870245
-224,0.5510742660038748,-0.10312459577131376,-0.2715356333128473,0.47961010378201,0.402319288084864,0.40337229001256625,0.05707306518909432
-216,0.7682746856243384,0.16700708318637442,-0.2624095610535216,0.7278392113564227,0.5173077733380347,0.7592890304833779,0.28522481422433976
-208,0.27364173135625963,-0.09217332341229385,-0.4467562524156891,0.31899126762380964,0.14131369040562558,0.23180217482903706,0.1830127890776045
-200,0.11667328245696512,-0.1870844446363962,-0.38469888925220536,0.016005721003541095,-0.013829535846164842,-0.05475644031275628,0.2669726116695868
-192,0.5017934699999056,0.01733955565975744,-0.1036159963637346,0.12186812027263245,0.10480942862176222,0.5475642039074831,0.3691846364241863
-184,1.0347559663433175,0.320325010128108,0.002246447020636664,0.4376301995444636,0.11393546166750582,1.096953586241615,0.3929124322195769
-176,1.180773107003164,0.553952490827936,-0.0032292681742412898,0.6949853231067119,0.30740818587934915,0.9472860630284922,0.3071273393355883
-168,0.7317704210955245,0.2874711922667769,-0.16202287717537583,0.4467562416093309,0.6395971001642432,0.29385947387831424,-0.07434238056060262
-160,-0.32867891090330087,-0.58863151875826,-0.8702058430218141,-0.3709396105636712,0.1413137149141143,-0.7410368443832465,-0.46128775879197764
-152,-1.2631884950933305,-1.251184206048728,-1.4195952947639867,-0.9422316656481883,-0.7804194164239927,-1.5094519834890057,-0.8062531784749948
-144,-1.3635752673981039,-1.2092042914195822,-1.3283345941303353,-0.9586585673243412,-0.9592903557305156,-1.2283690208003588,-0.767923695416103
-136,-0.8944952625570145,-0.796705929645401,-0.9778935121907759,-0.8327187591266295,-0.5139381306072479,-0.6954065513182505,-0.5160441498011954
-128,-0.6152375083989823,-0.5357003207902915,-0.6110254558338687,-0.39466743282822947,-0.2219039037944333,-0.6132718998079114,-0.2951932641025255
-120,-0.17171051004064478,-0.2162878679843084,-0.1328194426515928,0.23685662160337184,0.19789531249326728,-0.24822909982218908,0.18666321966751873
-112,0.1458767097262358,0.20716178026578197,0.3472118598412767,0.3664467870615997,0.44794962546120765,0.5037590656504942,0.27062308990400336
-104,0.44521180556159506,0.6306114724350845,0.6246443850776326,0.286137431136027,0.4917547794036296,0.7264351690949701,0.16111023945786687
-96,0.7189938982473572,0.9427230417094975,0.6483721918528259,0.49056135535783135,0.5136573343172006,0.7227847628174765,0.20491537496990533
-88,0.7135182516762482,1.0485854666634848,0.8217675143905618,0.3865241371698466,0.36764020522536056,0.6954065603524565,0.4202906146856696
-80,0.5163951625572406,0.6707661377514907,0.7122546706107343,0.35732074009503423,-0.03208168330583491,0.6625526703381346,0.648442378818144
-72,0.16412883326562067,-0.0355916528958783,0.3271344956161402,0.2423322750368583,-0.050333803119929715,0.29020902681869537,0.33998124660388684
-64,-0.4035126541775127,-0.5393507433414215,0.19754429584602853,-0.15921485555256423,0.19241969101885067,-0.4982834327890562,-0.34264881687186016
-56,-0.7210999406074825,-0.521098581764862,0.3307849013054301,-0.4749768565932988,0.34391245903515144,-0.998392065587314,-0.35725053707477056
-48,-0.6444409607649453,-0.34405282765687245,0.39649265290422725,-0.4202203926468183,0.06647990282006595,-1.1206814167259431,-0.18933085346149525
-40,-0.376134512689613,-0.24366608515442137,0.43117172635247114,-0.1719913280112782,-0.17627357092765172,-0.6607274602238948,-0.08711887693960164
-32,0.06556728223587595,0.3878579612383961,0.7432832768043646,0.16202284186052884,-0.01565471908401855,0.4051975103072553,0.4385427766543653
-24,0.11849852059383385,0.7382990835679447,0.7761371721125206,0.18210019902722072,-0.041207694980176394,0.720959546836282,0.41481498419212914
-16,-0.12973061737110475,0.43713876292833437,0.2687276842125394,-0.02414901862260298,-0.49021033932141916,0.2482290947395059,-0.12362312852793372
-8,0.18420619788289308,0.3184998380661252,-0.1875758479737678,0.003229225408813763,-0.7749437382859503,0.27560730641971726,-0.5835770936569705
0,0.6405096994826065,0.3586545533798483,-0.28248696449224014,0.5179395866448339,-0.3387175958136077,0.7027073803580242,-0.5726257867899985
8,0.6806644314621021,0.20351135987139884,-0.39017462248533097,0.8008477390415756,-0.22555430105280286,0.6607275004328986,-0.35542533050483543
16,0.6386844723255406,0.1432793046449601,-0.8410024879055346,0.8829823660434256,-0.7694680830878527,0.5585154903833924,-0.5507232403073475
24,1.1369679067887157,0.3860327593740905,-1.149463611492804,1.4360222222984804,-1.1053074736464843,1.12615699900186,-0.9394937982473542
32,2.3470848365064696,1.015731596452022,-0.8975840615644025,2.4909958834137753,-0.8899322368717386,2.2796923074162434,-0.8737861091942202
40,3.2286631750840287,1.8681065395233116,-0.40477634680566754,3.1754511405189745,-0.35879497219495415,3.2434052516242513,-0.3974052553295126
48,3.3582533523063307,2.209421545674323,-0.39382504346791775,3.498514024307009,-0.11056583913171318,3.5609925323682514,-0.06704149153913082
56,1.6389017690968537,1.1033418770834256,-0.7351400827544057,2.2555433108437404,-0.6544796109712319,2.3015948623298152,0.05707302715191948
64,-1.9512941606327707,-1.4702098812561055,-1.6550478918425096,-0.8856499823873581,-1.6346195221460058,-0.7848420124425585,-0.6693621541897535
72,-5.344367008105763,-4.377775772214541,-3.284964051768787,-3.864399230145371,-2.835610384898268,-4.031897689061246,-2.1368341911961184
80,-7.220686968649747,-6.537003940446414,-4.582691144281131,-5.538120494801023,-3.8778075510070393,-6.276910987430014,-3.277592953234187
88,-8.098614903694763,-7.570075046844205,-4.843696786271718,-6.646025385647289,-4.178967860078643,-7.410368829860015,-3.478366466080732
96,-8.266534650441907,-7.411281454508843,-4.478653960993235,-7.047572484081573,-3.8540797750145073,-7.70787879127843,-3.5294724590473088
104,-7.580254206569628,-6.330754754559592,-3.9986226608531807,-6.644200205546522,-3.4415814146128016,-7.3008560323522165,-3.443687414199958
112,-5.826223519717452,-4.74646899024183,-3.246634474597298,-5.326395679204933,-2.83013474381706,-5.649037364372599,-3.0038108585877445
120,-3.4242418734243643,-2.9632349480773037,-2.2646694190061165,-3.1324884343877257,-2.0124388594889204,-3.1211159328217453,-2.1331837582533897
128,-0.8579909978321327,-0.9865281469969132,-1.5802141411177175,-0.5972662026341627,-1.3170323135549968,-0.8432488844311429,-1.0964622177364618
136,1.489234221767378,1.0723132346172324,-1.1038332364714218,1.549185472355801,-0.8461270641067977,0.9381599952787276,-0.4284338883844465
144,3.40570892527066,2.921255000734979,-0.4577074992858805,3.146247727562661,-0.3533192883709426,2.9842249032577524,0.0990529629563995
152,4.540992073873098,4.062013776105666,0.24317468125900987,4.14646505943013,0.25630216565933306,4.566685441202723,0.522502612775033
160,5.243699401579346,4.410629631280296,0.45307425048338024,4.546186865416736,0.8787001443023862,5.112424406083489,0.7470039347495866
168,5.371464404582919,4.388727033427853,0.3928422054524723,4.803542088973618,1.4426912476237,5.001086374556246,0.6393163149897386
176,5.172516091836068,4.361348872921366,0.5078306887449643,5.031693805069454,1.92819818257079,4.632393172606524,0.423941053314368
184,4.915160906120293,4.038285991094011,0.7195555200264884,5.026218151832037,2.045011884589427,4.13958534236379,0.49147394638855424
192,4.199677006548898,3.4815957193462714,0.4439481823414806,4.358189872281271,1.4372156375212222,3.4971100043972982,0.29617608423054437
200,3.606482503799956,3.0198165690187,-0.17114891355427386,3.45105846428316,0.6998291499007808,3.121115937542457,-0.048789407997599545
208,3.52799826425308,2.822693531857689,-0.6402288911419237,3.106093025777623,0.5045312846056844,3.0316804726928597,-0.13092399245271322
216,3.7032188339468086,3.023467009804146,-0.6037246097512693,3.104267805286867,0.628645855254731,2.8455086349536045,0.3399812318987931
224,3.642986757545035,3.4158880059807157,-0.18027499581306308,2.9199211943125425,1.0575711196854043,2.336273874800938,0.9660295952518702
232,3.4823679204064946,3.8630654263019806,0.17199131485210473,2.85421350035771,1.4153130863329415,1.9986093513939054,1.4460608761772695
240,3.15565461132238,3.9944808679342514,0.1263609745347426,2.803107496999534,1.5376024076692485,1.7996610347256963,1.5227198573922822
248,3.0078122831111855,4.118595407016364,0.2358738238044718,2.6497895186880087,1.8971695653973566,1.7211767802776596,1.4734390976608764
256,3.343651639946137,4.2281082278562465,0.5242576519864414,2.9162707566641837,2.344347016305214,2.0223371230729428,1.526370323862624
264,3.652112798629563,4.366824541452081,0.32348410169092495,3.2849640197870933,2.222057667323332,2.5662509123625057,1.3109950741473964
272,4.146745797797194,4.59497621892254,0.0022464125126844025,3.55509569149027,1.9446251350285315,2.997001397676072,0.9897573932040076
280,4.783745470762195,4.761070722042912,0.06247850950158804,4.005923524755335,1.9281982221765075,3.046282177602473,0.8327889909688765
288,4.880481798164096,4.635130926393546,0.10810881491886229,4.460401850175639,2.260387170185082,2.56442567304923,0.7415282889627491
296,4.511788607390244,4.585850181759369,0.05335240685173645,4.394694129947707,2.371725185242621,1.9840076276617729,0.681296237069465
304,4.261734369516313,4.438007865312249,0.1975443503529077,3.8562559986011955,2.169126433867072,1.5751596902033338,0.7652560498580516
312,4.424178351463398,4.339446331340413,0.5680627439714033,3.5350183235398425,2.1435734560102353,1.591586612662685,1.0627659475543958
320,4.940713923582847,4.5876753849961505,1.1156269560081633,3.8252273400574315,2.4283068459556407,1.9219503688064175,1.9498199427025293
328,5.831418338929295,5.419973005604769,1.6175608655686675,4.7068056682433905,2.798825307217566,2.7761505407993843,3.0558996583497233
336,6.497621459750696,5.867150420632199,1.876741192367697,5.161284009937331,2.9703953867167354,3.7617661022705597,3.2804009462084616
344,6.43008847648527,5.611620460701014,1.7142970843489476,4.8090175986893255,2.817077433894038,4.090304575181804,2.8624269866840804
352,6.096074382295676,5.421798239232075,1.6321625067562107,4.27970561724503,2.7951748748630405,3.754465185211376,2.791243616747953
360,5.696352471608807,5.363391420966098,1.7891309756544318,3.825227385545187,3.183945436724406,3.1138150938126716,3.0175701639188928
368,5.201719541653149,5.09873529838828,1.7800048663382713,3.493038374010608,3.395670272711559,2.661162007705644,2.9774154595849724
376,4.920636580533045,4.859632348166667,1.491621076977749,3.434631521040611,3.309885201591109,2.2942940278152224,2.776641910073728
384,4.801997618221865,4.854156636893147,1.5080479859084133,3.363448189925929,2.98682231172497,1.9511537639205507,2.6196735121520907
392,4.347519351229798,4.626004881779796,1.4222628726333617,3.1079182078390692,2.5250431735536107,1.644517798866579,2.521111949162203
400,3.611958187231834,3.9123462619116673,0.8363692453772071,2.8870673546876726,2.1088944025609173,1.4382686547422212,2.104963172483541
408,3.0990729872740594,3.249793561876784,0.28697979618391756,2.368706571292659,2.0961178818694974,0.8487244837649687,1.6468344527458847
416,2.7723596607399017,3.0709225976696373,0.22674772919340438,1.7280564065645572,2.0450119006669962,0.3321889098809075,1.384003617321913
424,2.7303797429736694,3.132979832212571,0.2979310552103199,1.5218073238094574,2.19467945387851,0.4563034868041271,1.3913044494836908
432,2.8015630754608254,3.249793484233892,0.4202204057607453,1.5802141826614922,2.552421371901205,0.8067446010948919,1.5081181444438834
440,2.8453682062672336,3.5582547391866624,0.6921773491284027,1.7061538875314148,2.8535817099908587,0.8834035819177688,2.0191781221462874
448,2.9019498463931233,3.8210855150059886,0.8327188006704035,1.780987658059066,2.96491970406913,0.7611142435235534,2.3659687633004025
456,2.3927152062340182,3.434140189124746,0.588140078786354,1.3119076761579225,2.789699198685677,0.4873321214276042,2.088536216496575
464,1.3559936216018094,2.5014557736635443,0.055177681849372176,0.3773981343185614,2.3808512416204466,-0.2792577232697958,1.4770895013894865
472,0.4890169920512906,1.8681065487385031,-0.24050700653208676,-0.34356140182447814,2.066914478128377,-0.8414236896252825,1.3219463449378726
480,0.3886301581811936,1.9648428641802618,0.044226336357022285,-0.4822776950292499,1.9720033276901558,-0.7465125582056488,1.4497113140216957
488,0.5711516114064918,2.094433060225083,0.011372489085504022,-0.5498106222192528,1.7967828025038426,-0.5366129297687698,1.4734390880535482
496,0.4214839942768404,2.2075963630246718,-0.1163924998011786,-0.580839280763015,1.6836195295065761,-0.618747620296623,1.3986053402697747
504,0.19333226327984274,2.1364129887750516,0.07160454372373919,-0.5333837295622237,1.791307130639973,-0.6132719305905736,1.595728421349998
512,0.16047843424264038,1.9429403257363955,-0.014180465243183756,-0.40014303724473765,1.8040836623111955,-0.4982834025945982,1.553748551424336
520,0.100246357840867,1.6253531022442254,-0.6457045539866697,-0.376415281055065,1.3915852499514936,-0.7830167872461716,0.8181872850789235
528,0.0016848426915491914,1.3095910092476404,-1.162240101205494,-0.3928421888093234,1.0393189675201044,-1.1790882718526883,0.33815596984163926
536,0.14952711286664233,1.5870236036959684,-1.2352487318262997,-0.33443535956354276,1.0995510499999828,-1.0787015095473782,0.2669726444129275
544,0.47441523067411895,1.7567684917224315,-1.0600281021357905,-0.07708018031800802,1.2072386701519668,-0.9637129735126184,0.3418064455271732
552,0.37767893542735437,1.2146799499809984,-1.1549393033556006,0.33906862479050154,1.1342300734509096,-1.2922515164201078,0.128256379834071
560,-0.07314896155978265,0.5576028553429645,-1.512681192164177,-0.13731226495463356,0.7089552025533156,-1.4765980817106092,-0.1217979276439679
568,-0.5641315736645749,0.2856460286357141,-1.4853030373436595,-1.1886355182238917,0.5173078172572465,-1.305027994368723,-0.12179793940804261
576,-0.4819969096058899,0.5083221458049433,-1.1038332654894725,-1.522649696330551,0.8951271016618252,-1.0129937806924585,0.19943973369262943
584,0.10024635686052759,1.225631254299087,-0.7077618171555189,-0.7670110906606259,1.3952357185785824,-0.6899309196483024,0.5553564743595084
592,0.799303387695177,1.7001868172846573,-0.6785583777300379,-0.007722062635638518,1.5595049829738823,-0.3559167362478095,0.42394105880426985
600,0.9215927043258535,1.6107513818452461,-0.8683806668424051,0.32081648556568415,1.4463417093884126,-0.2591803700244622,0.04064611978979722
608,0.8358076390874408,1.4191039091028903,-0.7606930464943531,0.3262920825316116,1.2875480694085484,0.029203421100672422,0.3673594159334294
616,0.9745239130775578,1.4373560436220782,-0.38652417170042186,0.27336087809340204,1.1141527539292573,0.33401411370589146,1.1613275052504504
624,1.4162257134929477,1.7056624779726561,-0.15654719295922787,0.4047762944329125,1.21818995349079,0.5585154729333488,1.5081181740501395
632,1.3267901486487161,1.6144017840053142,-0.26423480036679764,0.20765319923579958,1.0447946072288368,0.35774195302835815,1.126648461408461
640,1.166171305236003,1.4556081708867539,-0.5544438417850115,0.16384805450856932,0.9845625802361768,0.12046410389214353,0.7743821429005758
648,1.2848102569595161,1.6454304245108293,-0.5526186532533238,0.8355267662177928,1.3021497758867042,0.19712310392967564,0.5444051565127335
656,0.9526212787564831,1.3406196873981941,-0.6712575318435063,0.8884580026150719,1.3423044568885432,-0.20807440548773248,0.18848844545210894
664,-0.14798274267510128,0.5868063516281395,-1.0655037683136914,0.09814033800592756,1.1287544580545978,-1.2101168821637451,-0.021411117302020107
672,-0.653567014986023,0.35500412984837865,-0.8592545937988078,-0.5060054898443009,1.181685664257419,-1.664595207584049,0.5334538841537132
680,-0.029343837811818825,0.8313849909675994,-0.39930065788388913,-0.6282948386301153,1.221840390354877,-0.9764894708719576,1.108396274735209
688,0.5492490092405544,1.209204292822222,-0.5398421145236564,-0.3326101892661708,0.8896514325429071,-0.17157007527616844,1.053639874314731
696,0.7372460864891527,0.9354221475902594,-1.145813197960798,0.1857506382441231,0.49540518411257967,-0.21902566647481359,0.6794710218725418
704,0.877787517836159,0.5210986164990468,-1.4268961900596313,0.698635743305027,0.4990556513671932,-0.4088479620574216,0.6411415223439453
712,0.8266815213403607,0.2874712216769637,-1.5400593718853188,0.5234152394901166,0.6560240500731024,-0.3723436363554194,0.3856115339829131
720,0.3667276209137339,0.05749422783854048,-1.7554346972827606,-0.10628359386252484,0.6286458462356074,-0.36869320517730114,0.18848843153128753
728,0.12214899176980568,-0.020989965632376845,-1.5491854737508997,-0.569887945662264,0.6596744438022495,-0.33583937888505,0.47504704667308056
736,0.3101459913755117,0.2546174010706815,-1.3520623279682658,-0.8126414437224029,0.5300842765794108,2.971182948797198E-08,0.4768722755947575
744,0.9288935298213227,0.4736430127520554,-1.7809876572974177,-0.3618135722240936,-0.05580941930051289,0.46542957886631153,0.12460597061555878
752,1.3797213685762906,0.7492503378887168,-2.111351424420954,0.3682720412760368,-0.4810843056874723,0.9016557223189943,-0.015935529159148077
760,1.48923419627855,0.7693277038784644,-2.1916608317163186,1.016222980129816,-0.5121129448205115,0.947286099301055,0.02421921517262587
768,1.6754060804858988,0.6616400782365793,-2.3029989057902984,1.2790538173183983,-0.30038811059796844,0.8341228121868991,-0.2221847013212166
776,1.8195979249727752,0.7163964859115693,-2.2226894588892154,1.2388991278856387,0.07013034184090032,0.9399851867514338,-0.2915427997889306
784,1.3596440237618774,0.5411759477847748,-2.2975232223584223,0.5818220773628849,0.10298421009168458,0.7957933340297059,-0.19298130091324991
792,0.5948793644590785,-0.09764891135909788,-2.835961352136393,-0.30888239190223704,-0.3989496831951838,0.13324059497730953,-0.125448339411363
800,0.3594267446366761,-0.36230499139017885,-3.2010042058447232,-0.5443349774127547,-0.6033736350625631,-0.1387162876092952,-0.26051419614418303
808,0.5090942556935887,-0.27286949830680257,-3.2940900501105097,-0.40196827851869343,-0.4956860276549932,0.07300856994532862,-0.10537099930257926
816,0.040014268498611304,-0.7273477919641053,-3.5021644880550222,-0.8418448396208068,-0.7585168252378578,-0.19712314724560193,0.015093122326169462
824,-0.7046730328532248,-1.1781756415028082,-3.8124508105655783,-1.2999735656326354,-1.0815796984382249,-0.45447830786468507,0.17023633210825542
832,-0.5805584043641442,-0.8660640363479677,-3.858081242446655,-1.0298418882434905,-0.9647659913218211,-0.11133807985044193,0.1976145024181378
840,0.012636095247711155,-0.59958284464382,-4.097184250116166,-0.33261018338413345,-1.0998318415844013,0.1879970530417528,-0.025061586713380615
848,0.44521185732352353,-0.6269610300509312,-4.089883359918287,0.005054414332636793,-1.0505510677361056,0.1788709831352416,-0.26781504163857894
856,0.45068747448444574,-0.5849811152257179,-4.022350523507727,0.06346131612354435,-0.6198005545808963,0.031028620023959248,-0.6529351982027897
864,0.666062667143912,-0.5210986121553886,-4.051553852743043,0.3773981323578823,-0.3916488118198237,0.40337229373785677,-0.6803134004717414
872,1.2318790872253271,-0.3239754581379022,-4.144639800924822,0.945039683130951,-0.49386078108720466,1.1498848322462214,-0.7898262899353918
880,1.2921111004932324,-0.3696058227676854,-4.203046627033516,0.9030597267393402,-0.6179753291884414,1.1042544654596915,-0.9212416641203015
888,0.8631858482187695,-0.8295597890731293,-4.254152620588297,0.37557287794737715,-0.6928091142251183,0.46177915906013267,-0.9084651708783891
896,0.4105327677977108,-1.154447853354066,-4.396519321443035,-0.03327501735646233,-1.0560267233263387,0.21720045423399098,-0.8464079014353663
904,0.09659592156498309,-1.1708747626768672,-4.126387674836554,-0.3161832381809047,-1.3006053809001141,-0.025552994220966147,-0.6073048733747921
912,-0.5148507655043953,-1.4008517474961664,-3.684685804228852,-0.5589366680094102,-1.1162587767881664,-0.585893721263177,-0.19115608963768488
920,-1.1354235305190692,-1.6910607761699668,-3.569697355836448,-0.9823863401797854,-1.1783160468193925,-1.177263041362468,-0.29884369233962493
928,-1.4073803972241734,-1.9630176813043807,-3.6646085192151525,-1.3967099055828829,-1.4356712115559018,-1.361609631357526,-0.5342962717720369
936,-1.3453230950378092,-2.1674416172902604,-3.4802619372588772,-1.6193860362807981,-1.3334592342497367,-1.25574723816654,-0.41018174955176423
944,-1.2522371850892722,-2.0999086877474427,-3.372574192995906,-1.6157355972599639,-1.1618891225954302,-1.1882143197995931,-0.6857890593951289
