-240,-0.8254222927894224,-1.1266708626019672,-1.166877699036573,-0.13338103148315195,-0.8400529565305859,-1.0492273655547977,-0.8659041229632525
-232,-0.8382928902600892,-1.0265663545829826,-1.1111051583873852,0.006765306811309948,-0.7027667724630078,-1.370991893538069,-1.0918543089024613
-224,-1.3202245946350215,-1.429844560088334,-1.6173480261386055,-1.383257427733631,-1.264782161968129,-1.9444478346621306,-1.81546699100903
-216,-1.5633356040853243,-1.8231123183557763,-2.140751680685687,-2.420054301725882,-2.2415162065937158,-1.9344373411845346,-2.243056282158838
-208,-1.1500469278381704,-1.6286235179849602,-1.7675048064478893,-1.39326792413001,-2.2415161844724043,-1.3924428870182102,-1.5037129184055384
-200,-0.8769045874275544,-1.2196251163222218,-1.175458081681089,-0.23491560962585895,-1.2805128282528375,-1.0034653060935872,-0.4826467981079001
-192,-1.0027502851647858,-1.05659769537499,-0.8451131639867714,-0.3936527817968716,-0.4567956282955895,-0.9119411676613988,-0.4325945594604292
-184,-0.8683241995599515,-1.1509819763589246,-0.91089613144238,-0.5938618345500739,-0.4053133064666785,-0.6373688110477581,-0.5570101601904012
-176,-0.5065178520546177,-1.009405583917244,-0.7993510979198921,-0.3965128854827025,-0.727077832606508,-0.15686708738957963,-0.35251091150633396
-168,-0.14757167874679594,-0.4917222051028219,-0.38034220262593815,-0.2935482396741978,-0.4853968978885334,0.05478245092586902,0.1194103835748834
-160,-0.07606842511235312,-0.10989498524298073,0.09157911964605832,-0.23062544257559542,0.15384195108649135,-0.08536386094591517,0.5298389163485697
-152,-0.306308853836593,-0.035531624543061975,0.24173593021852535,-0.04757718476012623,0.14955175930337256,-0.03531160324953699,0.5083879806296302
-144,-0.5880315397156316,-0.5003025929704248,-0.19443378075189205,-0.2577966277581373,-0.3137891477566215,-0.09537429174646113,-0.06935814229223478
-136,-0.7195975032002085,-1.1466917725934291,-0.5376492748709067,-1.0429021181046823,-0.43105445762625016,-0.23695071491218567,-0.44117492029087363
-128,-0.5093780190319791,-1.1152303669007877,-0.42181405709269115,-1.0600628597361998,-0.39387277589370867,0.2349706560574194,-0.18948359594257178
-120,0.0941092436815613,-0.4130686486256587,-0.1758429477970624,-0.30498877362681254,-0.2008140906573381,0.9800342548340202,0.050767327488225066
-112,0.5574501753207901,0.2719322568917917,-0.09718936535808223,0.3213795281113564,-0.13503109247768613,1.074418478824854,-0.023596093891680377
-104,0.49452733152164147,0.11748530292657507,-0.3989330214477077,0.2398658055785532,-0.49683743691061544,0.49667245329820764,-0.42544418841033194
-96,0.17705302174416554,-0.1127550715697274,-0.3832023046219471,-0.25493647737175973,-0.7142072240751857,0.2778725360980307,-0.31246912685606226
-88,0.3744018814045698,0.27622245113283383,0.1473516466230462,-0.21489468212169274,-0.16220233772573345,0.5781861328173498,0.5713108354894346
-80,0.7676696720858776,0.8267973516960639,0.7579892390628452,0.2412958726298704,0.395522829118605,0.7183324744914561,1.0689732600697721
-72,0.7404984478838005,0.832517627735964,0.9152963557040569,0.44579514113094565,0.31686929998584057,0.7254827499897777,0.7843904078278533
-64,0.3601012528297165,0.5093229743256915,0.7780101289300576,0.44007487768790365,0.31543922740419555,0.3636764470343073,0.6042023050073686
-56,0.12414061627295359,0.5736759009990399,0.8752545223561758,0.5029977346983908,0.6386338775884434,-0.4814917334989835,0.6714153092511107
-48,-0.007425376553085408,0.815356831876509,0.9052858883418988,0.35284089294101945,0.785930461732524,-1.1278809501444604,0.6185029437211562
-40,0.07122822662462436,0.955503144055534,0.836642815049776,-0.004675217616851133,0.6972664876661535,-0.884769978177491,0.46977619958552563
-32,0.623233165819431,1.1986141283121212,0.7494088550357473,0.5015676567400382,0.8445631085254669,0.03190144108908244,0.26670706127367744
-24,1.015070821088425,1.3945329733057026,0.623563119507942,1.4897422534454254,1.1305760437952062,0.7169024014489505,-0.21522471146225258
-16,0.8448931483003851,1.174303061255711,0.4691161718411546,1.4625710807061216,1.4795118420666222,0.5438645306522649,-0.6442440963932956
-8,0.5145482436637857,1.0441671529936942,0.6964964437269673,0.7260878152619457,1.5367143528327687,0.2521313843239782,-0.6142127070572997
0,0.8534735736513215,1.3344702531630133,0.9581982907407064,0.8176119501608694,1.244981228472173,0.3093339911027618,0.013585605660806318
8,1.056542689688238,1.3959630170067463,0.9553381047144381,1.3481659350486899,1.1391564225992166,0.4022881634043,0.3138992054525299
16,1.4626810354410325,1.7763602214316627,1.169847830131497,1.7786153406377443,1.6854411140202439,1.397613115490523,0.28958809169557337
24,2.848413617836872,2.9289922857041133,1.6803808693879656,3.190089027338988,1.9056710446582814,3.029316838827757,0.6156428082359396
32,4.40718405367031,4.131676543920549,1.9735441339231026,5.233651350501226,1.6110777700649284,4.413619326059777,1.0932843799715377
40,4.594522460716097,4.457731331894316,1.8491285205962726,5.1263964987765425,1.6139378642263065,4.8640896878799795,1.4636711262515096
48,3.1687481203999055,3.2278757336461594,1.2570817976729158,2.6180632085695237,1.6768607141702638,3.265277459100776,1.0875641000911318
56,0.37011174338852754,0.7209725502780936,-0.5119081072739714,-0.766899648200038,0.23964584358834165,-0.4371597541468089,-0.5241186628672075
64,-4.025906794736256,-2.951433294064982,-3.277653006625545,-4.944118272811527,-3.0123210242764054,-5.455256315892077,-2.9595186483649667
72,-9.437271239642207,-7.59056277327907,-5.99477575189367,-9.570377189426738,-6.413014550556703,-10.636380363258697,-5.157527920269332
80,-13.440021928095518,-11.649086044934371,-8.039768099708038,-13.421541093042878,-8.51663961091347,-13.655246677974644,-6.750619863637805
88,-14.026348360077813,-12.783127316039627,-8.368682893511558,-14.99318207396249,-8.313570389032224,-12.81150852270797,-7.0452131744855295
96,-11.429351158020614,-10.356307720406532,-6.904296788895867,-13.099776632806122,-6.380123096093551,-9.323581022741449,-5.413509448843991
104,-8.198835295003907,-7.3717629427206965,-4.900776347318261,-9.05841406744969,-4.732688735505828,-6.329025752960598,-3.788956084420858
112,-5.641879760845612,-5.559871073395697,-3.6180083498973215,-5.337386014334364,-3.9890551612277445,-4.645839759257226,-3.2169302753294677
120,-2.743138910533415,-3.2903585741259467,-2.381002518857264,-2.337110537028237,-2.8035315833483585,-2.4092187863448893,-2.118640657310492
128,1.3296850417739905,0.7767450542120494,0.0014850415058972046,0.7646994999861736,-0.37957213564371867,1.5034378952480423,-0.05076729290004151
136,5.885870815434216,5.511688889142402,2.622793447034261,3.7721253180792176,2.0658382938659257,6.287003877041691,2.0785988885067352
144,9.452451902294703,9.565921915861987,4.697817156072129,6.780981201687381,3.7647550315858345,10.059514288547538,4.009186040583488
152,11.400199841320935,12.097136318677713,5.860459652374083,9.526705227762724,4.725758365684089,11.586823237269614,5.081734486704162
160,11.900722339631162,13.089601075981317,6.2437169842959666,10.570652328094823,5.131896749688319,11.149223518238047,5.038832581469835
168,11.783457124084348,13.658766772169663,6.582642304451811,10.071559828167677,5.7654153688631276,10.0609443612828,5.06028356972689
176,11.749135534669742,13.923328810586376,7.247622298134358,9.616799305902882,6.563391376029722,9.70914848897426,5.672351158552704
184,11.444531868295378,13.787472658544704,7.430670563016358,9.68401232043918,6.939498361480743,10.065234561054169,6.194324758491707
192,10.821023618165789,13.508609967588383,7.3205555942408855,9.568177135535691,6.866565098709806,9.849294802996722,6.205765237141042
200,10.58935322639112,13.401355178387128,7.4535515977396205,9.51097452368744,6.795061838162454,9.551841417036528,6.1056607595388614
208,10.775261555632174,13.534351195711684,7.41064968359532,9.601068524863871,6.780761224181521,9.962269884368002,6.200044990596226
216,10.696608006682402,13.169684728851257,7.360597429124969,9.214951108305064,6.7750409631964015,10.412740205939706,6.231506416873975
224,10.164623994991759,12.291625065742313,7.543645596150888,8.642925364348645,6.710688052038695,10.318355961056522,6.420274937518003
232,9.618339312634324,11.71673915327233,7.841099143873174,8.717288632876434,6.583412313058343,9.917937891343627,7.0509334742065715
240,9.209340841535248,11.41642561154905,8.128542116084667,8.70012789278112,6.64347498972651,9.338761713967303,7.644410195666629
248,8.535780473350057,10.867280733640897,7.944063737450804,7.337276329592901,6.114351063901754,8.540785639668671,7.622959262712855
256,7.703482899811887,10.06930473323359,7.615148863457531,5.429570214543714,5.549475615414288,7.825753346197806,7.408449502577627
264,7.410319601941161,9.869095649756344,7.949784042985786,5.260822559955762,5.902701553084325,7.66987640045518,7.7559552216617265
272,7.257302757580062,9.807602953044647,8.37594325525552,6.30047954654382,6.614873731347844,7.62840444966855,8.276498729509314
280,6.3420613731045625,8.859470152511047,7.942633675776195,6.2532874393874405,6.473297311561763,6.683131765110401,8.092020393889113
288,4.914856939467998,7.330731027513673,6.758540225320872,4.4556962453378395,5.449371086810193,5.132941770911644,7.243992109362751
296,3.710742566270739,6.0150715733252795,5.820417792142669,2.608052763943158,4.48979777352357,3.9030862722093875,6.5690016712074595
304,2.9399377544256176,5.212805423994893,5.259832561860995,1.8544087593253893,4.056488181601006,2.937792698244884,6.0112764541293116
312,2.204884611950519,4.397668582256545,4.368902293600373,1.2494914424646288,3.401518603049744,1.7994613080188735,4.875805221509831
320,1.4784117730055233,3.2507567754359505,2.894505706721359,0.5487597887828934,2.2846381866404877,0.7469337044503838,3.2784230739150044
328,0.9407074832779182,2.1810684841566377,1.5001927839265654,0.43149446324400265,1.4094386152349987,0.35652609856638223,1.9684838797900048
336,0.3300699257099088,1.2987186315688797,0.6750454737507198,0.041086844916763586,1.1177054653734466,0.34794573051578753,1.2992137036951734
344,-0.053187402525088044,0.7552940783982329,0.47626648175040537,-0.6339036244234334,1.0104506248630383,-0.08679393706082533,1.1461967402784052
352,-0.320609447539656,0.5822562982374762,0.3833123300339761,-0.6081624711131781,0.8974755563958591,-0.5544250485007958,1.2820529204325768
360,-0.47076632293985526,0.2261702121781229,0.11732027188097068,-0.4451351011678585,0.7930808286348758,-1.0520875090282653,1.018921024955566
368,-0.4435949833689938,-0.2157197554760464,-0.07859855621438673,-0.46515604649197,0.6557946138432538,-1.6827459509331593,0.5312689551337667
376,-0.13327104986470212,-0.2614818143227762,0.17881308580489488,0.04680708485591215,0.6200430076111412,-1.0806887843051571,0.49980757939706816
384,0.2585666743797691,-0.05126228898432793,0.3976129730491294,0.49441729152750913,0.6414939494748896,0.7426435496897381,1.037511854223511
392,0.4716462728336251,-0.13992632495964666,0.36043127180682005,-0.15483202757483697,0.39266273249930367,1.7565593347307893,1.4293495574220125
400,0.558880253432763,-0.12133546527489884,0.26890716732470016,-0.44227494340771073,0.2682471030423512,0.9843244641298435,1.4007482452762678
408,0.4215940188241324,-0.04411195971892978,0.07870855904424312,0.3700016837310073,0.3311699431546145,0.08338380285925039,0.9474178017379269
416,-0.03888675812735227,-0.43165950385541957,-0.434684636436172,0.5244487108194477,-0.08497881204551609,-0.2469611586168302,0.06077774492381217
424,-0.45646564059792566,-0.8320775861651717,-0.7922007709587975,-0.15769210622057267,-0.4096034672185126,-0.03531159541490635,-0.36109129860583594
432,-0.4450251200102701,-0.816346843531215,-0.579121168971676,-0.7197075313655844,-0.04779715704289251,0.2721522923183762,-0.26956716908362066
440,-0.24624612370858961,-0.8006161472905639,-0.43468463259566703,-0.6553546037705147,0.38408233403190556,0.2735823933197618,-0.2509763387403347
448,-0.16902262445104968,-0.824927271340075,-0.44183496140020395,-0.07474844306589243,0.30971897686525146,0.3693967178511205,-0.3696717098237124
456,-0.4321545761530594,-0.6933613258290632,-0.2931082274035079,-0.24492606746356335,0.019415900199825406,0.4437600504385393,0.15087181384675918
464,-0.6581047911264893,-0.684780902014329,-0.09432924492764698,-0.9985700928200627,-0.0006050374432747681,0.08195372705158034,0.5226886514500436
472,-0.6137727474074438,-0.5446345981307961,0.16594247251134595,-0.9642485408887893,0.382652315985438,-0.0052802489389511,0.6656950505702957
480,-0.1847533014891735,0.017380797979994284,0.6864860393490996,-0.12051044046453381,1.1291459848857608,0.5724658414154273,1.0861340453294321
488,0.18134318172789893,0.5093230118090251,0.9481878021789586,0.23271553468883843,1.6210881921091223,0.5839063934952284,1.2906332977003843
496,0.34008038354761294,0.8754195457207692,1.2127497421251137,0.6045322994761386,1.5996372290457839,0.3393653661520777,1.1590673340621866
504,0.33722027264163223,1.0470272860209868,1.3242947830213723,0.9634784397556138,1.2778727018306129,0.6825808214051774,1.1919588135654353
512,-0.02744628577644531,0.8110666367137461,1.2499314676394173,0.4972774293170289,1.0018702446764465,0.9500029043639396,1.3678567926565586
520,-0.4235741386661256,0.4792916349162665,1.1898687250681768,-0.5280788455876352,1.0419120743374424,0.4680712202668752,1.3935979622505563
528,-0.6152028290526814,0.5179033899985545,1.570265972967615,-1.094384439165492,1.3436556966306195,-0.2526814212917715,1.170507860333791
536,-0.6209230103089071,0.751003940535811,1.8233873379445562,-0.9013257213616356,1.7097522090355333,-0.42714930552631797,1.4322096938289508
544,-0.8740444520959586,0.6308784802798049,1.6560698067865416,-1.1873386294405959,1.6596999628606717,-0.34849572493078007,1.463671121796524
552,-1.3502559461804449,0.20757939796495975,1.3099941900864094,-2.0039055068917357,1.2206701160977986,-0.6573896417711861,0.9517079649476851
560,-1.3216546908741809,0.48215177270578635,1.4386999657012756,-2.0482374668877616,1.5124033151178204,-0.9019307219596918,1.0689732930981197
568,-1.0728234470150573,0.9168914224624535,1.9778343309293083,-1.8222873221187716,2.2388760824757945,-0.7317530694495198,1.3692868274476298
576,-1.3316651511698077,0.39777798980805334,1.7747651437662317,-2.182663585213703,1.798416215976631,-0.5529949436589042,1.2048293969030421
584,-1.8636491668545745,-0.4373797545479836,1.1970190598639017,-2.424344446193973,0.5299489287028798,-0.899070594155486,1.0360817833316884
592,-1.702051837077034,-0.423079067904688,1.2585117856098211,-2.518728730711173,0.43699474534068583,-1.0864091253264097,1.253451586626381
600,-1.355976187502175,-0.1384962204249956,1.481601951739838,-2.744678933394986,1.1949289391300306,-0.7918157141646821,1.3092241484751588
608,-1.305923985877177,-0.0655629349182653,1.3600464405626371,-2.530169276338924,1.0762336293411205,-0.3556459879858633,1.2749026272679296
616,-1.0756835665237703,0.09889443786512,1.435839854488054,-1.9853146702500208,0.7773501267102765,-0.015290717069210041,1.6381389932805914
624,-0.7024367174796884,0.3777570924134504,1.6718005426612106,-1.6578299290575171,1.184918506946902,0.18205823199816118,1.8240473767495837
632,-0.39640291507852926,0.44640013098740355,1.7290030976699808,-1.1272759132920318,1.3779772163016466,0.323634588646331,1.5208736783414958
640,-0.23480561771485498,0.49502234022051056,1.5273639594310344,-0.6911062626943615,1.1677577476490593,0.6210880773784527,1.4508005287808425
648,0.032616488747801015,0.6466092312092538,1.4944725043534008,-0.901325698933083,1.1076950273527502,1.0901492117807372,1.7682748996991664
656,-0.3377702109852449,0.3834773008604545,1.3328752148243577,-1.7565043700251857,0.7101370874411241,0.9557231785603972,1.6066775934255186
664,-0.8897751741448063,-0.1070347972196496,1.0568727103551643,-2.269897496069262,0.2167647842858446,0.5653155367292646,1.3592763881979713
672,-1.0442221645180148,-0.18711845070407285,0.9810793214698427,-2.0954296259677765,0.5728508482238874,0.6453991856050814,1.3192345844987923
680,-0.9827293707183384,-0.09702438516077029,0.9782192022683694,-1.9567133868312574,1.0190310428402045,0.6997416267890856,0.9545681107254556
688,-0.8826248722238067,0.09603432265777241,0.8781146693629088,-1.7393435907567139,0.6572246621529039,0.5567351308880958,0.6027721935598082
696,-0.7582092240251878,0.21472970142216083,0.7308179956582407,-1.0729334521373997,0.5070679035040713,0.4795116747978375,0.664265004872189
704,-0.8883451183077637,0.25477149298534213,0.7579892346078589,-1.0529125539746955,0.7458887085743976,0.20207915781250468,0.6499643680018439
712,-1.2415710175727486,0.2919531853176789,0.7608493419805753,-2.2155550249293157,0.9575382660923735,-0.39425784722265944,0.5441395768764283
720,-1.232990687927209,0.42494920586825913,0.7694297292336976,-2.4801169618030663,0.9904297259322337,-0.2684120757477232,0.8558936525523234
728,-0.8926352827464843,0.4649910157122468,1.0096805958250135,-1.5949070302623312,0.9089160835891842,0.21923990896847623,1.0832738963256368
736,-0.5465596262587145,0.705241823467019,1.1126452586853623,-1.143006611529747,0.868874237951686,0.4695012337047368,1.0861340663754018
744,-0.5150982869300076,1.0241462277938314,0.9224466754450011,-1.4261593856596932,0.8102415636607242,0.6382488170129078,0.9588583470584376
752,-0.5594303202028784,1.0756285542313488,0.9267368420344035,-1.5834665095210543,0.7287278862922651,0.782685299929081,0.9660086388405018
760,-0.3792421284362878,1.1943239434419126,1.2499314504339525,-1.4089985921045416,0.968978755187884,0.7140422959196769,1.3163744388746417
768,-0.2662670324710891,1.430284575850929,1.63604888942131,-1.3546561249587201,1.3522360818866788,0.3465156232159736,1.6281285349820258
776,-0.24338597869891918,1.589021714225494,1.713272366250298,-1.556295326335576,1.5224137443821641,0.31934442190330875,1.759694471890306
784,-0.42357419227958154,1.4402950284655462,1.5573953361701716,-1.5419946058958318,1.2449812565846732,0.5653155502478441,1.7568343211966881
792,-0.5608603215047421,1.0684782546146534,1.4243993461900148,-1.4218691958736376,0.8888951391867951,0.6883010636486298,1.5594854100735103
800,-0.568010628956069,0.7481437770917149,1.1097851175161988,-1.381827390484636,0.8073814304798115,0.4866620059066783,1.270612393392872
808,-0.6337935954899561,0.4378197798350326,0.9896596927464626,-1.5906167959264115,1.186348584137154,0.1520268928959769,1.0889941775886243
816,-0.8611738633816438,0.16038725194266426,1.1112152066888272,-1.9538532428969284,1.3508059939430122,-0.32275457100604477,0.8830648612387588
824,-1.072823440870248,0.007370357347754031,0.9581982658542312,-2.0596780350976855,1.031901601137716,-0.6745504322539334,0.7729499139701155
832,-1.1142953019426693,0.005940287838513619,0.945327711397225,-1.9467028951971046,0.9689787392113817,-0.7217425964034143,0.7486387985233366
840,-0.8683241637664395,-0.029811314553093025,0.9796492173960528,-1.6649802093180668,1.0976845768888162,-0.18689845383616274,0.8473132645311005
848,-0.5436995662010251,-0.19283870861678679,0.6964964552484837,-0.9885596044119356,0.7744899750949372,0.4008581912902782,0.7929707936983937
856,-0.08607890430326753,0.03740167217794483,0.8366427898560606,-0.4994775650876563,0.6343436303484261,0.6825808178719128,0.858753766069849
864,0.4001430436247971,0.8511083964775427,1.3343052414735566,-1.117265486331992,1.0533525743399885,0.7412134608243497,1.070403331729696
872,1.0436721630364918,1.7220177487555137,1.686101140819259,-1.1730380130017402,1.4237393186228984,1.0515374533188049,1.3850175384358216
880,1.4927123688592694,1.9136464207076438,1.8462683930993087,0.3042187198086637,1.738353485080527,1.5778012703882613,1.6252684113255673
888,1.7915958876202356,1.7077171057403604,1.6746606246865903,1.2766626119779085,1.6754306673968153,2.344315882615632,1.5823664600051741
896,1.6128378523119287,1.5146584056028285,1.2628020257833075,0.9119961856732192,0.9789892125647285,2.861999253902664,1.370716912933373
904,0.9964800250024476,0.9655135889891399,0.4776965959631291,0.2513063482875204,0.4598757628584833,2.199879351769951,0.7314780464456443
912,0.4873769793668309,0.28766298216666414,-0.24591609167376716,-0.3307299038940344,0.08662892840832216,1.011495717212522,0.005005190909665389
920,0.4716463130821223,0.2619218366910406,-0.5219185623465125,-0.5738409062778073,-0.04207691280237744,0.8956604872983094,-0.16517248448991873
928,0.523128634757413,0.536494211739108,-0.4175238361217313,-0.32643972824103884,0.12524064324211281,1.2946484942612524,0.1694626587839661
936,0.039766837676586245,0.2933832658875755,-0.5576701456892121,-0.6782356630730119,-0.20224412283686583,1.0272263811929274,0.1680325729909821
944,-0.6480942819796319,-0.43308954648112263,-0.7206975503527012,-1.1916287594683865,-0.880094689564465,1.0215061403320576,0.12084045446670613
