-240,0.8571953946291406,0.49752653539707753,0.07015536048315354,0.3886140612547744,-0.22230168594052369,0.8472607528459805,-0.1820114340853837
-232,0.6403515900490985,0.5118764923617019,-0.15625511375968165,0.15423137139920992,-0.2223017292737853,0.4502452816204833,-0.34783318213242337
-224,0.08070325712441964,0.03832790482160164,-0.6218314606805064,0.10320930544593296,-0.4040678266755359,-0.4394521724785142,-0.7352820609413765
-216,-0.34820113649919543,-0.1003883912250282,-0.7446034107979794,0.06972610678401925,-0.4008789870864937,-1.086794734811435,-0.6794766249591329
-208,-0.5554782888867708,-0.29172116017362715,-0.43528205285443333,-0.14552326190139633,-0.2238961550630266,-1.17927225665984,-0.3382665770413283
-200,-0.6399836220130474,-1.2436017528980001,-0.3396156795988244,-0.20451754997595556,-0.2525960530634478,-0.8954619754543883,-0.4562550886187482
-192,-0.25731805791035894,-1.6310506310218418,-0.4448487338215561,0.13190923461889822,-0.37536793775283356,-0.4346688228315953,-0.5662714383646411
-184,0.38045786661742287,-0.5771258945727541,-0.10363853552191797,0.6357522148023027,-0.037346691057863264,0.1313572874132981,-0.2457890416619844
-176,0.6180294164440778,0.6984259743510255,0.6393703652972356,0.8685404519780248,0.5717293142310613,0.3609566575955437,0.369664758931315
-168,0.1636140428542775,0.8291700114516648,0.8641863813793418,0.22757558355307178,0.5541904354640915,-0.026492241424179885,0.47649221102502065
-160,-0.7994276295645799,-0.1418437902559548,0.10204416932414627,-0.9841986640918904,-0.17446851404260263,-0.9050285695837094,-0.033728538942379156
-152,-1.2426818621424738,-1.131990956466984,-0.6903924451371823,-1.5502247431642393,-0.9318274269778049,-1.3259607035762224,-0.3605886929257582
-144,-0.7946443100625391,-1.1814185748787502,-0.5165985261808972,-1.2313368017105915,-0.7835445364592982,-0.7647178662458317,0.017293475970138316
-136,-0.41516759633938893,-0.589881395431982,0.478331901640306,-0.7434382118172714,0.34850778953756106,-0.08389206311667943,0.6072362582310441
-128,-0.2190515226186324,0.4050490510584925,1.350490506774656,-0.4436835404930127,1.1425387729239291,0.12497955359762271,1.1270236497716923
-120,0.05997549115320306,1.4924570151154288,1.690106216083577,-0.059423548031917864,1.4247546259422514,-0.06475882330344473,1.5527390899065845
-112,0.2895748082393569,1.8256949159315907,1.814472509091877,0.26424774769314824,1.608115225865659,-0.3661079046593946,1.613327823981155
-104,0.32146362153357044,1.3856295191746293,1.6789451511189757,0.42528617161364834,1.5539042555803646,-0.4171299599934533,1.286467658864725
-96,0.49047421841864863,0.6011651234090274,0.966230567238375,0.4220972556347453,1.0102002742370075,-0.061569866046612465,0.6614472235492854
-88,0.47612422685592604,-0.2359157896194708,0.11958294600959789,0.34396972346500837,0.5015739836292813,0.20948484116402694,0.09223222353097926
-80,0.12215857942293021,-0.8800694781078059,-0.45441534370842723,0.15423132378400475,0.31183564663592106,0.01177437214146254,-0.4578495168058773
-72,-0.23021256497457532,-0.5866924809945779,-0.49746522744812877,-0.20451759519327228,0.05353639832146927,-0.2130417198166714,-0.6810710831198618
-64,-0.20310706758557132,0.33170479231709205,-0.46079312959252783,-0.4181724990381275,-0.23665165883397543,0.10903519619285908,-0.41320521601209786
-56,-0.1600572561250652,0.6984259733233589,-0.6585036412632433,-0.2236508749142144,-0.41841779031999116,0.3657399209184945,-0.36696647161619506
-48,-0.4757563112308556,-0.07806621899022978,-1.136835594550368,-0.18219544265541107,-0.7580334929490806,0.2222403797043519,-0.77833192053092
-40,-0.343417805692825,-1.0076246256063084,-1.3393294462764507,-0.2284341524532155,-1.247526519764693,0.3896565936196176,-1.2040473839595818
-32,0.41713001106056263,-0.7413531863431184,-1.250040821052567,0.22119786840666733,-1.379864985223738,1.016271468083959,-1.1769418627629755
-24,1.0724447919179334,0.3763491069843658,-1.0507358469391799,0.8653515726525521,-1.2443376507158834,1.3048650655371756,-1.0366311498335459
-16,1.1984055155112512,1.0252861636176143,-0.59950935952596,1.1268396992648098,-0.8170277698905885,1.3957480429008826,-0.33986100317312473
-8,0.7264513051175207,0.6489982886271176,0.2742436695135766,0.9323180379736328,-0.19997954025377104,1.0959933938427273,0.651880611607082
0,0.2911692717096955,0.095727697739445,1.1798853940082588,0.5640024082269108,0.3006745414210568,0.561856048249176,1.4044561735251433
8,0.44423546306097206,0.06065002002092081,1.2707685294612967,0.3359975402237673,0.3899631721258266,0.4980784250863035,1.4953392394394287
16,0.8858952897178404,0.19139408024405064,0.3412101055461681,0.693152043345911,-0.1951962255475058,1.0784545486461892,0.5482420330154066
24,1.742109519805822,0.4943376403140558,-0.48630415666008486,1.8953596617496202,-0.6384504982043857,2.0973016414610193,-0.32869990737853444
32,2.4532295845508263,1.4111405577177922,-0.1945216502503524,3.095972835009705,-0.16649631572892246,3.057154387966866,0.0220768329819997
40,2.2475469201263025,1.921361287303145,0.2104660953361307,3.1039450982376384,0.16674159553517934,3.3489368560103907,0.722035915832094
48,1.7644315969814885,1.8655558518347335,0.24554377065676697,2.529946729218033,0.08861403013756604,3.4764920271452184,1.013818478420917
56,1.6033932229028038,1.5402901842729062,0.34121011616538627,2.1616310996425883,-0.038941128322711537,3.594480576575013,1.2210956277254936
64,1.20478327005153,0.8514921453202542,0.3523712225791947,1.3899222638270272,-0.2573793874666504,2.9981601704587253,1.5543335239171563
72,-0.33544558117365425,-0.44159852512424563,-0.03986099816918068,-0.35917819777518395,-0.6990392110405192,0.6256336741524916,1.4602615606932388
80,-2.4975059769131986,-2.3549263074427547,-0.7063368450188193,-2.747649094305609,-1.045032665983277,-2.0083809263286176,0.9612019003544316
88,-4.613327664910272,-4.60308639512823,-1.0826246345417356,-5.493274473576132,-1.1422934833548426,-3.657031718809503,0.3632869649971617
96,-6.644643985011692,-6.242170602214958,-0.6808258325098682,-7.621851580219128,-0.9780661773684273,-5.332787966545075,0.23413733946971418
104,-8.028617755454743,-6.731663571652537,0.1163941113876093,-8.551410031881247,-0.43595662626753195,-6.763000461344538,0.8288634432879939
112,-7.95846237415476,-6.170420771146856,0.5309484634354092,-8.176716613852536,-0.1872239977740586,-6.409034853305416,1.1078903774156919
120,-6.3528615257033305,-5.149979307009097,0.253515913819023,-6.491393756401372,-0.3753679262772266,-4.577023433325409,0.8320522631800987
128,-4.525633406213539,-4.475531262530889,0.030294342709262397,-4.302227918081691,-0.30521258385728456,-2.9363448785520774,0.5338920464197374
136,-3.3409646725715207,-4.121565604649953,0.2630826052340864,-2.683871480563011,0.19384709874762568,-1.8824201590594836,0.8655355300105431
144,-3.120931956808352,-3.7277389630793896,0.35077678976756727,-2.430355564253874,0.3070523190838273,-1.5587489112921775,1.083973794806647
152,-3.6534748509210044,-3.3610177896093414,0.10842188241521819,-3.0968313794171354,-0.24940717271030965,-1.783564907163513,1.0297628395937908
160,-3.918151886318501,-2.8492026487933533,-0.26946032022238847,-3.4125304960116254,-0.8010833739483383,-1.9876531882756685,0.9532296982726414
168,-3.5881028021401686,-2.079088214788153,-0.6489369967782742,-2.8146155464383056,-1.0179271862358779,-2.0322975330878204,0.7953801838224912
176,-2.6234667520611077,-1.206929617190024,-1.0268192083223218,-1.5247137251744007,-0.9525551545828135,-1.6480375269245084,0.4685199904452375
184,-1.4340146322900176,-0.6935200149590312,-1.3425183466690813,0.12553144770713112,-1.0673547995093122,-1.0118560525074032,-0.02894520351151028
192,-0.13614059489954905,-0.691925529393867,-1.6279230046783473,1.4696442616937122,-1.1231602091147872,-0.31189696126470073,-0.5822158425282208
200,0.876328652597812,-0.7254088167776376,-1.68851176855524,2.169603295044548,-1.030682734881588,0.4279230785556956,-0.9600981189865226
208,1.5125101348936922,-0.08763284874531606,-1.395134830532825,2.724468368585661,-0.6065617032368875,1.2299263657628179,-1.0382256105634415
216,1.973303270217437,0.9774529410214897,-0.8992640868580308,3.2857111992362213,-0.21432950509717055,1.732174900117488,-0.8644316994859302
224,2.1327472190207133,1.6965452820115343,-0.4432542749757155,3.1406171931815186,-0.3099958934252186,1.7847913755886236,-0.307972176861805
232,1.9270644478901735,2.257788147260193,-0.0701553521037207,2.831295858017908,-0.437551088367649,1.2506540884007717,0.4222812818463772
240,1.3482828196582806,2.3598322539889223,0.20727718038489393,2.254108602307888,-0.21751839932380357,0.3641455119144697,0.7347914658480256
248,0.21941944920547674,1.753945143097909,0.1642272942473041,1.2209116489577885,-0.2781071643996406,-0.37089124933926026,0.5609974888285949
256,-0.3625510895244321,1.3393907439487371,-0.07334422560575055,0.693152013886143,-0.6272894174822339,-0.4681520788715439,0.47170889426342266
264,0.24971376682914112,1.6056622608007323,-0.11320523019125765,1.3038225162158381,-0.5427840793889036,0.013368753398497945,0.3473426075923983
272,1.413654839493183,2.587837071807695,0.5739983077812363,2.4534136005714346,0.28154124320212137,0.8520440946141241,0.5370809250600986
280,2.0259197556226796,3.8522279685993945,1.7124283699916594,3.0672729678392736,1.5634709127398845,1.1565821265470757,1.2434178247955605
288,2.1518804852107167,4.558564778585333,2.528781534005435,3.1406171924964097,2.3909851410331497,1.14063770936639,1.9561323828132253
296,2.5249794553553606,4.450142858225513,2.7695419765172233,3.547199322251648,2.585506820993598,1.577514190315725,2.0645542716579457
304,3.631520665391528,4.486814912062742,2.995952441511062,4.8913120747495284,2.83105054840933,2.806827313987215,2.137898479529865
312,5.01708888114948,5.1102409159367745,3.464717713831063,6.321524553791437,3.299815877250978,3.840024308272689,2.4599753508359106
320,5.324815755925749,5.386079060317245,3.71026149485672,6.4522686708787695,3.320543560666335,3.973957315647266,2.6066638575282166
328,4.82416170062769,5.234607246283616,3.6783726986902776,5.6965041803072545,2.9713612378737126,3.854374260612815,2.8793130237559734
336,4.61847889952355,5.194746211724509,4.120032524148201,5.0922115412791875,3.2041495019400354,3.972362818777773,3.5075223109924503
344,5.066516510523019,5.564656273255192,4.995379972297148,5.380805086492701,3.921647369868191,4.311978534766524,4.218642479017916
352,5.659648070541712,5.912244180363959,5.775061044107487,6.311957957264229,4.594500994551878,4.954537788901733,4.830907386240971
360,6.429762488618083,5.634811617045355,6.041332497244173,7.335588350740553,4.6646563272089905,5.982951429943452,4.963245839196742
368,7.152043816667284,5.263307158842643,5.91856058840463,7.782031471892915,4.299529626287,6.912509858311801,4.976001349990077
376,7.249304564671373,5.038491156120199,5.70650008225947,7.326021699233197,3.9870194023776437,6.990637488966224,5.121095457612465
384,6.224079777434742,4.445359547629913,5.811733152753584,6.141352902732256,4.368090510546214,5.813940774310121,5.030212321131761
392,4.763572911230417,3.692783908294325,6.02219916357075,4.824345675370368,4.808155982836648,4.072812553498464,4.913818218044533
400,3.4226490306930666,3.0279025692759522,5.8260830658711145,3.6396768728747086,4.682195174118305,2.6617332707652475,4.755968666940952
408,2.379885412647227,2.299243541324066,5.430662104018382,2.7930292769950333,3.9312140383320404,1.5886753323553002,4.193131400224488
416,2.3591576718538336,1.3983850327084062,4.611119919032465,2.785057091869737,3.242416023700822,1.6046197324082148,3.3656172072144326
424,3.0878166556160713,1.0332583393226358,3.762877991052458,3.3542721254584755,2.8661282254427425,2.5501225185238825,2.4376531977842166
432,3.875469907927208,1.4414348755127346,3.7246113911890335,3.7560709021412415,2.78321737188691,3.3505313155413425,2.2479147996447124
440,4.3123464875325075,2.468254149513472,4.080171509114754,3.9729148093166344,3.07181101404361,3.921340776974654,2.614636035117294
448,4.714145329814638,3.1666187754017816,3.785200120810384,4.282236044967891,3.1579107167800378,4.455478130960812,2.8745296900378823
456,4.878372573284687,3.2351796860377626,3.2351183369689873,4.31412488703676,2.827861675763688,4.7632050096764695,2.863368639974442
464,5.133482982695209,3.4599957194189197,3.436017822167918,4.77013474653428,2.990494515539322,4.844521404386462,3.247628589102274
472,5.573548317792192,3.7661281954678265,3.907972020572209,5.412693875979311,3.5294152100946814,4.9688877229151425,3.51868340147743
480,5.43164320014068,3.365923781544104,3.8154944773140893,5.455743729402858,3.6266760274662477,4.665944208062455,3.030784789660564
488,4.451062696398779,2.4523097504882236,3.7612835525886665,4.307747143629534,3.51984854557022,3.9085852526503793,2.641741449607883
496,3.580498613311747,2.0409442887276708,4.1168436163906295,2.8743457182925645,3.698425822394755,3.4669253502887614,3.1423955850639147
504,3.304660524253978,2.085588532828527,4.553720128855065,2.113797897942345,3.8020643960193765,3.4366310778824127,3.6669662849735496
512,3.106949937392347,2.194010539341037,4.7211363616108795,1.9878371579063676,3.759014527180836,2.920032579540732,3.536222236226027
520,2.690801238343054,2.13023286102674,4.818397162197229,2.01015937861276,4.020502616454552,2.3699508361208776,3.1328289412640546
528,2.2204414307873512,1.8432337715760683,4.732297388551828,2.0691536081103403,4.361712795228531,2.114840425682691,2.861774153724168
536,1.5013491120634102,1.656684293868687,4.217293346315543,1.710404702150168,4.14168011937307,1.3750203605131919,2.5843416270589947
544,0.35973013507302776,1.2979353080931009,3.4742843723608057,0.6150244911366809,3.3157602896358864,0.5618560468789541,2.088470834398775
552,-0.8504496532122607,0.4401266720840936,2.4474651723520404,-0.6732828945751534,2.272996569679807,-0.17796408508885306,1.3438674627443412
560,-1.5376532285232967,-0.18489368444359697,1.725183863314668,-1.352514239029743,1.6256540664376993,-0.8731397523501081,0.8384300535174204
568,-1.7369581408054293,-0.45594846085043356,1.339329437870667,-1.531091505235059,1.3131438134111308,-1.3084218458764114,0.7890024513770373
576,-1.90596881545059,-0.8354251399754845,0.6903924470080619,-1.4768805577297006,0.965555980294337,-1.4758380236520794,0.4637366711144735
584,-2.4353228466804313,-1.5959729491926526,-0.38107108599469275,-1.8483850267229092,0.5669459926736871,-1.7181928837317795,-0.48017171713022055
592,-3.3186424962260577,-2.5494479783254835,-1.4126737514341114,-2.7332991304898764,0.20181926417598461,-2.6844234267409455,-1.2614471624900976
600,-4.5718722605697355,-3.5954004768957395,-2.4123874525123736,-3.814329319281931,-0.24621832935315774,-4.119419247550999,-2.045911563565308
608,-5.252697935240601,-4.336815019237795,-3.496606535188503,-4.4760218397784195,-0.9461773693838237,-4.733278590154847,-2.905314644032829
616,-4.938593409547069,-4.485097851693157,-4.220482206299807,-4.276716867206531,-1.6572975524817288,-4.513245940504876,-3.8253064320268737
624,-4.587816597763728,-4.424509133889967,-4.687653034161298,-4.077411938139183,-2.103740699839582,-4.216680099349386,-4.5077266306291115
632,-4.752043867096713,-4.4978533662546,-4.850285932685187,-4.302227893075144,-2.7016556281744655,-4.15609132896394,-4.440760202475294
640,-4.584627719808478,-4.011549263639222,-4.19018786949304,-4.426594184370667,-3.050837926645653,-3.875469965964001,-3.5510628066107204
648,-4.0760013483576705,-3.046913209278218,-2.9768191520404645,-4.114083977417805,-2.854721863544114,-3.355682633514165,-2.4429271104955546
656,-3.6455026777851485,-2.782236182273329,-2.2433768340463023,-3.7090962472463156,-2.210568195780382,-3.2950938521669464,-1.81152899309031
664,-3.674202652860542,-3.177657190713599,-1.9324610545954584,-3.581541123384138,-1.8215248620649762,-3.6012262716942085,-1.8577676927827296
672,-3.664635960246534,-3.781949899622974,-1.753883845254343,-3.2307642953294136,-1.59830326063906,-3.384382496060099,-2.1001225309388816
680,-3.1958706002323427,-3.8473219535421412,-1.7602616013361225,-2.7380824217310944,-1.2347709918435856,-2.831111902603261,-1.956622936799925
688,-3.0810709702070045,-3.485384136741399,-1.715617264231467,-2.647199429123671,-0.9461773686987125,-2.8024119597280794,-1.8131234101443878
696,-3.0858542691557207,-2.9145746723963653,-1.604006439882185,-2.7604045860871174,-0.8584831798832889,-2.7434177292028328,-1.7509402275006403
704,-2.7334830576173506,-2.6371421621738533,-1.8782501326104784,-2.076389886333444,-1.1502656674524732,-2.253924577011933,-2.01083392506938
712,-2.285445543218513,-2.5893089776013816,-2.4777594833090486,-1.3859975250432908,-1.4914758121421863,-1.8967700853653966,-2.3807439696435697
720,-2.2264512669621164,-2.8412304090304663,-3.0374078545999357,-1.5932746390646575,-1.9682133242250759,-1.981275454117438,-2.7729761131456954
728,-2.5804168268722005,-3.7803554878785053,-3.643295049074473,-2.2055395884220306,-2.476839615517913,-2.4053964662364784,-3.3182745329528456
736,-3.2564593618826247,-4.762530406105318,-4.113654749581604,-2.471811035735273,-2.755866577735155,-2.875756168970221,-3.5127962749158264
744,-3.612019395197154,-4.949079874563701,-4.017988332307621,-2.6264716826781127,-2.663389101446624,-2.842272984010525,-3.2018804392858917
752,-3.1416597215806243,-3.8823996454767165,-3.8697054876915438,-2.443111051239606,-2.711222271974322,-2.0338919182842434,-3.007358826466308
760,-2.317334272415368,-2.912980245236903,-4.298609791223081,-2.1130620711981236,-3.0205435893250465,-0.893867496055222,-3.519173984752622
768,-2.2328289656658598,-3.011835458595387,-4.952330062707686,-2.0652287883122433,-3.4016147204448317,-0.7471790138556298,-4.075633479801034
776,-2.5963612406273313,-3.714983476436212,-4.917252344225066,-2.165678574073693,-3.479742270256172,-1.2956663398788522,-4.034178014999466
784,-2.9327880170008553,-4.271442884304268,-4.395870544708059,-2.3155558718834475,-3.060404581064728,-1.4343826703523026,-3.7136956302862494
792,-3.3106703193220914,-4.788041397718388,-4.061038227865486,-2.99000399240896,-2.854721816956576,-1.421627079743553,-3.5207684641517862
800,-3.546647438049896,-4.815146938098098,-4.065821541544086,-3.792007186441005,-3.1449099119643953,-1.313205139515518,-3.4394520136052593
808,-3.4079311154552205,-3.935016152120394,-3.8824609164428545,-3.846218130178255,-3.3314594001197166,-1.008667190994813,-3.185936102434454
816,-2.964676858384613,-3.2860791244330807,-3.606622897780226,-3.3200529404215104,-3.1305599255400054,-0.8747342096544483,-2.8383481898447998
824,-2.441700597281323,-3.3323178734534813,-2.952902544938706,-2.5435608311776137,-2.6602001611462858,-0.6084627979669708,-2.248405466160872
832,-1.5551920600176172,-3.0309687419131612,-1.924488872724439,-1.5725469433173052,-1.8279025861178222,0.01336872873450683,-1.3124692837660772
840,-0.3609566949077354,-1.8431111253488386,-0.8243254453180957,-0.5265943935350123,-0.7676001184222233,0.7627554901148457,-0.45944400648170597
848,0.32784139628461956,-0.9406581457266229,-0.35556003409186676,0.010731770237866466,-0.4471177357643392,1.1007767070074932,-0.024161946354557328
856,0.0902697726372698,-1.1272076160690616,-0.7461978307637785,-0.09290680372931027,-0.7404946381609906,0.7994275833459478,-0.06880620587040727
864,-0.3609566274243152,-1.5672730219037416,-1.1177023074644836,-0.1359566862700681,-0.9860383801353283,0.8679884506486666,-0.21868356636780506
872,-0.44546190625555626,-2.323037485927211,-1.5545788360290242,-0.435711329162226,-1.178965618891541,1.3877758997386263,-0.7081765895865851
880,-0.7659443339594799,-3.394501098574103,-2.409198561026183,-0.8454823872283639,-1.615842120908037,1.260220722609078,-1.6281683856306837
888,-0.9237939239431019,-3.7564388812905802,-2.9959524422093478,-0.9746320636252928,-2.049529764152385,0.8345052542133624,-1.9582174199672007
896,-0.8520440742057259,-2.8189082803002083,-2.7121421527825653,-1.228147954242774,-1.9650244337665521,0.7930498137332297,-1.4416189346426262
904,-1.2522484946380033,-2.058360478790537,-2.35020426952607,-1.8133073234840058,-1.6780252526823032,0.6383891827192166,-1.4256744927979492
912,-1.9091577041963366,-2.5558257015219406,-2.7966474487415787,-2.2932337527447415,-1.772097190043286,-0.024897739245077655,-2.3042108266096433
920,-2.2439900934893817,-3.5794560278574,-3.37861796777455,-2.5738551118052913,-2.3540677561776295,-0.5414963095233989,-2.709198543592748
928,-2.387489677351675,-4.269848516920729,-3.6098117591215373,-2.962898476693242,-2.883421743389096,-0.7535567718214631,-2.64063764991326
936,-2.40662292692774,-3.895155147534888,-3.5221175305696835,-3.0952369798333845,-3.100265584965124,-0.7934177781197476,-2.43654937890649
944,-2.2966066095533355,-2.794991710879547,-3.050163412323365,-3.0713203521783004,-2.865882952830151,-0.8460342866474817,-2.0299672236308712
