-240,-0.008033560847519175,0.19961162539286306,0.05598937444698488,-0.7641045965853774,-0.16300076834534669,-0.49844645768746565,0.3895952453940554
-232,0.31085443884055247,0.2155560227053343,-0.1289656391049469,-0.3527391194098297,-0.5568274249883485,-0.015331140879926873,0.49642270348248035
-224,0.8609362172010616,0.3781888357616443,0.0910670504527315,0.5720359641073761,-0.8932542035884818,0.4645952123335037,0.6000613233520863
-216,0.8880416575545867,0.3351388948151858,0.09266144472687352,0.8223629315522896,-1.3508584700346942,0.46300077249949023,0.3385731902312752
-208,1.0044357885600825,-0.023609945374342474,-0.15607103406987738,0.6868356331840328,-1.5278412813335578,0.829721958815366,0.3800285651120436
-200,1.3408625621931622,-0.47961976547798807,-0.6088920467846907,0.8080130023346549,-1.511896913994687,1.5233032465323635,0.2269623727331005
-192,1.2149018425392324,-0.4046810734111261,-0.817763626674284,0.8112019321870528,-1.0702370522258873,1.131071078023691,-0.04728128436942955
-184,0.5962591564544633,0.23309491791496448,-0.2262264564765122,0.2659035115235156,-0.00993456106524269,0.08352412625976022,0.17753476374160906
-176,-0.04470561365708104,0.7624488141779667,0.6108544896085845,-0.26345052176165856,1.1747341611011701,-0.4840964620140774,0.5458503816701686
-168,-0.6713204733915394,0.08002862413961434,0.5885322617085288,-0.5998773534578841,1.552616436874361,-0.9193784776090211,0.41670075117566746
-160,-1.195891207214165,-1.1094234964878655,-0.13693784255695807,-0.972976259202108,1.112551064952668,-1.0405559878924802,-0.34703596734057224
-152,-0.9981806559782969,-1.3326450645146277,-0.530764513929843,-0.9028209101023347,0.4381030155074058,-0.8300898746512402,-0.8779843846232248
-144,-0.0670278186059229,-0.32974239367626046,-0.3442150202936353,-0.11038428981756346,0.0299264400947104,-0.0838920953630028,-0.6882460930184595
-136,0.9167416017999913,0.38137766438891246,-0.1544767036823232,0.8638184504776164,-0.250695039716629,0.834505253653417,-0.23701961262762597
-128,0.9837080539326878,-0.3568478360851184,-0.6104864986081445,1.1811119812144628,-0.6365494593371869,0.8759607379806451,-0.5176410276959893
-120,0.2853433794015072,-1.8683768518262474,-1.3646565382125946,0.7522076901861992,-1.0303760425020483,0.07714637034925963,-1.3595052591988623
-112,-0.3301103778585303,-2.5699303969477354,-1.5799058911404609,0.3456254773612679,-1.2041699571763906,-0.24493050712278486,-1.5635935774782816
-104,0.13068273554166626,-1.1827677293663312,-0.642375270966984,0.6820522737742839,-0.7800489995236631,0.2445625354503764,-0.5431521016936401
-96,0.7126532151807632,1.012775870858569,0.2983442341841289,0.8143908358339605,-0.2570727519513127,0.9190105271750482,0.40235076389488783
-88,0.5835036973869983,2.337755379603828,0.4944602827270611,0.3153311581961038,-0.1885118401163875,0.7244889232619053,0.34654539916417343
-80,0.5707481266464627,2.7475264436646856,0.7989983011290736,0.3264922211053726,0.02354862235295454,0.49967292602034796,0.7818274310304988
-72,0.48783723695103226,2.001328524956389,1.446340944647631,0.8191740994994666,0.2515534951518743,0.5124284409243481,1.8756131537383798
-64,-0.31894930792687565,0.006684366597157708,1.4670685860999495,0.2547423585221688,0.06978741659067267,-0.24971380607150093,1.85966871737459
-56,-1.3218519261829833,-1.935343249663908,0.5885322642776945,-1.3109975368983446,-0.383033453107249,-1.4327881653075931,0.7770441048486265
-48,-1.4988347763618883,-1.9082378362009853,-0.1465044952632577,-1.8068682327866554,-0.36549469080912556,-1.5029435008764267,-0.09830338440697131
-40,-0.6266761720839272,-0.33771464508603233,-0.3984260217514743,-0.7864267477530171,0.19734253805496335,-0.21463612407103327,-0.5686630766927723
-32,-0.023977892731903535,1.0239370185503067,-0.4239370431668669,-0.2698282603731098,0.7059689249207652,0.2812346687604641,-1.0167006578899191
-24,-0.4002657552191262,1.3396360693741538,-0.04605478657677979,-0.9107930888903553,0.9355681782916095,-0.45858539897820044,-0.8779844077457168
-16,-0.7669868165022701,1.1658421362018185,0.7336262999634422,-0.8964430776306954,1.3038837898828939,-0.8795175327994356,0.11375717140872536
-8,-0.5628986028735341,0.7465044536902039,1.1609361258085906,-0.09603434672643421,1.4202779590833199,-0.19550286045019646,0.8392272588889966
0,-0.4178045848293914,-0.3664145161958526,0.7559484326330885,0.01398197099052595,0.48753063443300515,0.23659035734746647,0.8264717755000959
8,-0.5676819737588897,-1.6451553000708683,-0.26608749994206,-0.5504496824638595,-0.8167211319773617,-0.1699918359518047,0.04519621658309382
16,-0.19617743317159672,-1.8205435944607473,-1.17810702111134,0.020359773659843396,-1.6394520801624604,-0.23376938289609442,-0.8636344894898565
24,1.5321953539216981,0.3702167208602113,-1.122301646275239,2.1457480554436827,-1.3907194472157673,1.320809358495405,-0.8556622358534741
32,3.8552941514869152,3.7265125024342405,0.33820520913859164,4.274325193944336,-0.00674569664093189,3.6582581991779395,0.21739572071191174
40,4.864574593650778,6.271238413462323,1.9804782152215425,4.896156759354578,1.7949712875337862,4.685077403811204,1.271320410230906
48,3.7883276072068095,6.649120666798134,2.624631916041874,3.583932769281428,2.8201960403435953,3.6168027604105824,1.6763081672929974
56,1.886160977204536,5.180641639961224,2.399815912976873,1.656255060657003,2.635241111916688,1.6986916685241396,1.6380416275480503
64,0.8418029135012394,3.3342802505133204,1.9948281935958818,0.5831969843684947,2.1967701061795926,1.2283318885441483,1.4546810442385794
72,0.08603837634218592,1.3842803473879974,0.8563981764314978,-0.04501228162954601,1.4633277436532246,0.7595666372913054,0.36089530868487035
80,-2.0329721003744465,-2.032604131435895,-1.163757090009651,-1.6059688111317563,-0.11038429869765438,-1.7484872037994448,-1.6624488256061423
88,-4.893397107786252,-5.277289218831704,-3.0659237385099165,-3.7090350179665377,-2.0715452520576956,-4.789084007513933,-3.24572753436554
96,-6.403331597198121,-6.06494242249997,-3.4342393745939144,-4.990964590389836,-2.8783318190304286,-5.820686583032552,-3.1006335194043952
104,-6.4766758677576854,-5.146545149873412,-2.8267577529599146,-5.612796162651186,-2.7762876912345407,-5.581520576586668,-2.348057920661623
112,-6.444787125201168,-5.020584274356762,-2.941557469480496,-5.985895048013365,-2.683810125881597,-5.755314539390047,-2.635057102430984
120,-6.545236756812673,-5.5754493777002,-3.2987120298093955,-5.840800931827087,-2.6343825281944344,-6.102902376960063,-3.3621216621167584
128,-5.763961257329037,-5.398466660261524,-3.0021461370993134,-4.652943336501201,-2.486099658229254,-5.2371215609640895,-3.307910719578453
136,-4.469276155956966,-4.387591738869774,-2.8299466997688043,-3.2594029470935624,-2.6056825981650804,-4.0604249554118885,-3.122955716988296
144,-3.7501837810539342,-3.2969948655137653,-2.938368549390927,-2.731643413932158,-2.639165836734702,-3.669787219029733,-3.467354613744138
152,-3.1905353948618855,-1.6642885782503118,-2.241598380635683,-2.3394111810230642,-1.7462795339689419,-3.4561322548951234,-3.2265942779383656
160,-2.4108543276760446,0.5487939291736595,-0.7093417815053809,-1.2695420554828367,-0.3798446215682599,-2.910833826010255,-1.971770126171653
168,-1.914983579034198,2.0730784387516303,0.7272485831042603,-0.4340555740670218,0.7219132533795953,-2.2682746400435763,-0.7057849484916605
176,-1.8033727610221904,2.5402491617911584,1.505335189046372,-0.40535572539458264,1.6801716592212255,-1.8760423941173772,0.5697669423556664
184,-1.7778617072353107,2.792170735552025,2.039472518882374,-0.598282897695043,2.2159034083379145,-1.734137242039045,1.4961364583419443
192,-1.159219089661627,3.107869840670908,2.021933630352574,-0.23315616148984256,2.0819704329922706,-0.6594848461534785,1.9250407998971344
200,-0.24401063041861987,3.4985076306629876,1.8577063882527463,0.28344235620621994,1.624366229918813,0.678250208839603,1.993601668398798
208,0.8896360907087699,4.73898177099876,2.3009606424116327,1.574938528411004,1.7582991490853666,1.556786482532819,2.307706362629601
216,2.3979760954118645,6.4689490558179354,2.9770031159333588,3.5520439558159347,2.7420685217047978,2.6234667871532773,2.693560799377931
224,3.2525958654550613,7.181663482979427,3.2129802425399383,4.162714450095577,3.2475060343834605,3.1655763117061264,2.4623669881627275
232,2.820502764640079,6.668254013317385,3.300674397442376,3.2969336113196688,3.110384130041805,2.5533114048256267,1.9920072246253964
240,2.0918436801665456,6.011344760425789,3.1380415215271427,2.8520849058511617,2.7723628879713336,1.5743253624987326,1.6284749897429098
248,1.556111974040563,5.499529544247608,2.873364478079594,2.8233849379694327,2.3418641667006086,0.667089027234878,1.2266761341011172
256,1.1288020200796836,4.915964682495087,2.280232893910743,2.48058036663409,1.751921426745298,0.38327881025856964,0.8583605355269398
264,1.3504292073632427,4.0055394569439855,1.3602411403435188,2.368969635973717,0.9849958463739126,0.821749803834948,0.49004491091854907
272,1.5529231034502535,2.7379598070584916,0.36690516691493547,2.2812754178698036,0.27387573504136986,1.2410874603123496,0.439022851816381
280,1.2675183599734074,1.8913122861984555,0.25051106160109704,2.042109472227507,0.47318076362107075,1.2012263962934753,1.1262264300391382
288,1.3584013438456677,1.77970150552499,1.0285976947763655,2.3322975220180098,1.2209729440345585,1.2857317462049684,1.771974565212597
296,1.7091781540875095,1.6489574100186504,1.1928249985361705,2.3450530218495715,1.463327832546359,1.4690923158122204,1.422792217413426
304,1.484362142629902,1.239186363770675,0.7336262369332427,1.401144608769609,1.1396565029083046,1.3160260989405643,0.6542722347178468
312,1.0714021882817981,1.5628576055432608,1.0461365237015203,0.9929680177706414,1.028045719494396,0.7452166861501238,0.8806826981701857
320,1.0618355874726462,2.270788911199748,1.9071339991282932,1.5908830387667685,1.275183890512251,0.5475060931224933,1.733708016047375
328,1.058646695472623,1.9550898314299672,2.0889001530516897,1.6961160239645805,1.2719950509232087,0.8520441665046513,2.082890346033662
336,0.5803147786676517,0.7305600930311643,1.5005518087407423,1.1444398662310902,0.704374458538706,0.41676206698362855,1.1294152929219496
344,0.9566025801800089,0.4866107843822872,0.8866925786663533,1.6020441047590355,0.23560917011859878,0.2636958072925437,0.3385731689928381
352,1.8829721126089471,1.202514265743797,0.6204210791134076,2.673507610528633,-0.2379394213608894,1.0704823920781585,0.26044559982711507
360,1.7745502104045658,1.0143703338150747,-0.050838115841651495,2.2828698928157487,-1.0208093812318633,0.9716271030149244,0.08984055865480248
368,0.34274326343909556,-0.20697053570619806,-0.9309688843490275,0.8861406170602506,-1.57089113201666,-0.3310302292135941,-0.45705232308118543
376,-0.6075428712958255,-0.9914349408920733,-0.8528412787011507,0.3344644238722734,-1.5294357160292404,-1.0230171500608842,-0.05047015324696069
384,-0.7398814100617332,-1.07434578742552,-0.05402698249257237,0.37910875275559824,-1.1706867985934628,-0.935322918254754,1.0576655017615524
392,-0.6330539711564115,-1.1413122772393134,0.47692149953305624,0.3456254991135378,-1.0383482855192128,-0.9241618579146506,1.623691672810036
400,-0.5772485550423825,-1.5558666505255496,0.3015331040893263,0.6724856493288075,-0.7497546395944034,-0.8412510252546993,1.414820013790137
408,-0.40504907506372273,-1.661099710914279,-0.21506538945657827,1.1635731099837126,-0.2857726843785545,-0.7838511588587158,0.230151279463007
416,-0.5150653878136298,-1.5112223242113911,-0.8655968739344,1.0487734967435915,-0.10081773779620966,-1.443949249455298,-1.2606499831527336
424,-1.13211360820145,-1.2593008203318328,-1.3598731866816205,0.283442342161447,-0.3367947330327816,-2.2539246786257308,-1.7963817552206363
432,-1.5689900862390644,-0.8909851871595563,-0.9628576978145182,-0.2443171500645835,-0.8613653926921571,-2.1152083848057126,-1.216005642622524
440,-1.143274679332049,-0.5848528584094832,-0.4239370003474382,0.039493033512570344,-1.798896037187068,-1.1633278223974954,-0.487346697397773
448,-0.1451553197743933,-0.5162918480898722,-0.3888593109820289,0.8670072707122771,-2.2628780499522287,-0.2592804572363006,-0.1780252992039647
456,0.9868969777903659,-0.031582163213682055,-0.3713204572216052,1.629149502464409,-2.108217354023963,0.7930498508543801,0.26841784061766905
464,1.4524733584529004,0.6779436103663651,-0.1257767743380801,1.7152492252403286,-1.5884299787546965,1.3383481654970126,0.9604047057997009
472,0.49262053024758345,-0.047526586902921504,-0.1480988821724577,1.082256647447745,-1.0000817241932733,0.1488961577415463,0.895032701893626
480,-1.277207603123101,-1.8540269109617282,-0.49887567905463787,0.4189696867746868,-0.3750613161109909,-1.6655763783331579,-0.2322363621505038
488,-2.340698968470887,-2.719807710001207,-0.9867743127950518,-0.19807856941017596,-0.2634505342385813,-2.73544543467719,-1.262244413395196
496,-2.5384095096013706,-2.5747136710611835,-0.774713731801531,-0.7529435674178188,-0.6477104999803526,-2.980989182303692,-1.2478944687625668
504,-2.4459319718241384,-2.4280251885190367,-0.5419255261409083,-0.8709322055694703,-0.9235485612911322,-2.8534340913268346,-0.5335854126764654
512,-2.0887774678456057,-2.28930896046966,-0.736447205416246,-0.26663939646263246,-1.2408420848343142,-2.1168028554697145,-0.08554778352155787
520,-1.1241413855663347,-1.5622443891370017,-0.793847009980974,0.18618154157509742,-1.7191740804270337,-0.704129159621809,0.14564595815489306
528,-0.7063981478557873,-0.7060302267037164,-0.5913531997040979,-0.4117334376292668,-1.9870399199590854,0.018152063776706685,0.28755114311854674
536,-1.4685404287646235,-0.9340350859716972,-0.881541222775277,-1.6904742415437752,-1.7813571916479751,-1.1107113503519144,-0.1206254812795751
544,-2.34867117551973,-1.3517783132343038,-1.107951691194671,-2.1114062366300614,-1.2121422012212208,-2.438879648501845,-0.4745911108996887
552,-2.2848935032001534,-0.9388184739848242,-0.3601594098986089,-1.2567865595906624,-0.15821747778923909,-2.3400243866717676,0.07070729434885485
560,-1.7427840778171007,-0.4796197142659509,0.6379599477749921,-0.49145548037071307,1.0280457362796118,-1.4949713676482779,0.6080335153284904
568,-1.8639614824222102,-1.0312959370849721,0.5167825503635469,-0.6445215908789091,1.1699509044580505,-2.041864182585957,0.33857316522472825
576,-2.726553431595984,-1.8237325169482022,-0.09069902022969523,-1.4242026787893525,0.3775142840020012,-3.030416756697085,-0.08873671337395611
584,-2.799897686397997,-1.8859157177473878,-0.634403064089418,-1.9599345219375066,-0.23953390915266284,-2.529762734113068,-0.22745295512555033
592,-2.2131437880870615,-1.8476491348404571,-1.5767170402470885,-1.8578903943128964,-0.9410874412570457,-1.5428044861075523,-0.6786794365440503
600,-1.9404945747579325,-2.007093127833384,-2.464819944894335,-1.165903460448501,-1.631479910965992,-1.4088715433046735,-1.2654332432214082
608,-1.6901675288678262,-1.7519828148522183,-2.5078698750502975,-0.5600163970014145,-1.5597300900032731,-1.467865824356846,-1.233544473774289
616,-1.328229745980072,-1.2146564827133453,-2.0422933477740397,-0.4579721361227417,-1.0287816326416355,-1.0533115209519175,-0.9513286140761361
624,-0.8833809757685889,-1.3230784309914334,-1.630927976619397,-0.08327876536668062,-0.6572771300779939,-0.08389204346585534,-0.7902902088249079
632,-0.13399425172679286,-1.68182748407916,-0.9931519900890811,1.0296402076023747,-0.4165167550496248,0.7914553863563754,-0.414002427180766
640,0.47508175527490887,-1.5399222544120224,0.051206026341565215,1.7359770175883142,0.3360588849710741,1.2586262693692898,0.2907399275561647
648,0.8226696106578062,-0.41265331608573474,1.262980336674171,1.9416597279152656,1.5095665868763688,1.5982419185597312,1.0640433097404787
656,1.3073793508566984,0.8310098455647368,1.9071339400374818,2.6894520578541967,2.2461977687810086,1.6030252187073903,1.288859308694814
664,1.615106199598756,1.111631140909977,1.0923753056072425,3.193295047457876,1.5988552263163027,1.1836875918610337,0.27798444485237467
672,1.122424287291674,-0.0028822593898182682,-0.5243867597321193,2.1202370520124507,-0.1725673951887116,0.8743662743390291,-0.7201348867870141
680,0.3459321165590766,-1.184362132375637,-1.20840145743046,0.66929675612984,-1.4656581165026927,0.4119786638980628,-0.5702575607164363
688,0.06531073917181122,-1.1636344434793915,-0.8640023935075672,0.91005716113181,-1.2807031000390396,0.11222405491889233,0.09462385537690826
696,0.2949100829772889,-0.5290473891993626,-0.40480372884782617,1.7184380788741451,-0.45956660847317116,0.5538838880843128,0.4900449600752532
704,0.23591571731392488,-0.21813156367481373,-0.026921466605575414,1.5334831365737436,0.06978745718349093,0.6065004235026484,0.38002860416336265
712,0.21678248983268517,0.03060100966723644,0.08947266508503174,1.4489778186911826,0.3886754118255238,0.32906788399164677,-0.048875721976832966
720,0.6201757517380597,0.1406173316661394,-0.4462591203425328,1.920932036278578,0.321708909337179,0.7484054971357869,-0.6563572990786284
728,0.821075169282293,-0.396708912949821,-1.29290669361355,1.8619377701275663,0.013982022742746594,1.2251429701673557,-1.1490391874068293
736,0.6552534643972369,-1.0504292570561775,-1.2594235030016891,1.4202778694787253,-0.0003679456974847039,1.352698175215172,-0.6707072305228727
744,0.40014304916327503,-1.2178453430269907,-0.17679877846010164,1.4808666383226705,0.4014308893909822,1.346320456643214,0.31784543898994166
752,0.37622643538168554,-0.6805191556177871,0.5566435299425075,1.5621830984607508,0.6358134960055772,1.2044153785568543,1.052882230559827
760,0.8960138075679515,0.5695216381093975,1.0652697796148605,1.5653718770749274,0.6262469457233512,1.2777595429242345,1.5535363211410957
768,1.4221789918438086,1.916823302989349,1.6233237583443823,1.8986098960727111,0.7713409519493317,1.8071135708997998,1.6236916596216509
776,1.7825224467418976,2.5657602871721235,1.712612372435215,2.3402696855623155,0.8430907083403526,2.2423956084182897,1.1389819468271933
784,1.9228330985251831,2.1113449546889758,1.0301920613035178,2.290842121616864,0.2148814286400954,2.1068682336601725,0.36727306134109466
792,1.835138892581989,0.8979762081191875,-0.03011037299292608,1.8762877041409762,-0.6971381252432269,1.7736302691287011,-0.33268599821523065
800,1.6725060894597858,-0.45729754785459487,-0.8273302384452096,1.9671707474466034,-1.0351593577221474,1.6891249762526883,-0.6164963218975553
808,1.908483100967741,-0.608769358976503,-0.8464635342662572,2.4215861314843448,-0.8358544207760237,2.071790622054846,-0.2641251310837891
816,2.7583196275562036,0.701860114530217,-0.1752043697986324,2.941373536384655,-0.24591167465471583,3.0077268323679087,0.3082787977592488
824,3.8935607194926853,2.1400448081571897,0.2584832540913347,3.867743013490893,0.6134913715572615,4.004251628257762,0.2524734475871402
832,4.422914729141534,2.171933711200925,-0.22463205980448275,4.610752004573402,0.8622239556898068,3.9867127825473925,-0.6547628424593984
840,3.636855914951636,1.3683360081386717,-0.9022689443855662,3.8884707828876635,0.4412918789040504,3.3058868619217274,-1.2399222543487816
848,2.9464634930291704,1.3444193991528584,-0.43988133291693304,2.695829811709366,0.24039250092496933,3.2835648291069894,-0.3916802657364639
856,3.0819908756660626,2.146422618191449,0.6347709637988358,2.408830661455105,0.5959525602737115,4.001062814702934,0.8440106063093051
864,3.3179679957640897,2.406316251359767,1.0238143375932272,2.6129189012893317,0.5831970172801658,3.8049466173196667,1.0656377394691066
872,3.1569294980228952,1.8068069472487365,1.0636753570798967,2.6001633230125774,0.6405968317790014,3.1177430712971193,0.9651880355784053
880,3.0150243892778246,1.5086466477612392,1.3873466170079198,2.3322975737438805,1.152412028602802,3.3457479619089208,1.3542313698076445
888,3.2876736543328233,1.613879670126316,0.9313368046117716,2.1202370059387436,0.6884300872604475,4.0010627509876215,1.3669868117473383
896,3.3147790558063073,0.9665371454744924,-0.581786591701282,1.946443030803368,-0.8167211539009104,4.015412732273682,0.2237734677159712
904,3.0564798068067436,-0.09535975657423211,-1.8206662824402124,2.244603283018216,-1.5581356493128709,3.8033521733749867,-1.0007563391939185
912,2.7997749722920937,-0.4572975927293559,-1.795155286373921,2.593785603755507,-0.8326655020566773,3.4079311205737897,-1.4216883990231803
920,2.442620511646823,-0.13362636534409844,-1.2466679075971623,1.943254267946742,-0.057767776296425495,3.2181928007082012,-0.9593008636018535
928,2.1604046087866866,0.11032298132843106,-0.8815411808122372,0.9323793638540412,-0.35592801189733564,3.3425590279458577,-0.3071749269580228
936,2.0392271456045994,0.14858954145542624,-0.7444194417535784,0.8207686241159499,-0.7975878392393142,3.411120034326083,-0.053658991123226016
944,2.05038833645832,0.12626742351566342,-0.784280395640882,1.043990021721385,-0.7465657804797015,3.112959767723906,-0.27688058038842456
