-240,-1.3832502208904829,-0.8838123212449064,-0.1995972926736388,-1.0298200557056136,-0.5575919803327476,0.16367340874977637,0.6367313402585496
-232,-1.8826286361704012,-0.8375735486738188,-0.32135931687095226,-1.5708134496632296,-0.06591987474224505,-0.6023486638171043,0.24061939825869044
-224,-1.44798436556489,-0.019147625584633014,0.387634859450607,-1.0591045806232169,0.6584873126931174,-0.06597911706592227,0.5981990492369377
-216,-1.016422698341119,0.32918435680942665,1.011858089236367,-0.5443131181355725,0.9883237380438888,0.727786101324436,1.228587399359442
-208,-1.266112025024799,-0.14399218329379712,0.32598324017519614,-1.04985681749944,0.5274774909337873,0.08198483545556058,0.9342006909541593
-200,-1.5327554457144354,-0.8283258155179332,-0.666608698035662,-1.7033645260092027,-0.41733441548342376,-0.721028210630274,0.15738958991490884
-192,-1.4695624701933467,-1.0333176015342915,-0.7082235252182199,-1.6478781394915187,-0.8257767172004934,-0.4682562716241577,-0.08151062468432979
-184,-0.8515044821060113,-0.5832604027647752,-0.4785711295393285,-0.9296360848105353,-0.4589492903496974,0.40257352649146677,0.010966859197514677
-176,0.031655767286180456,0.0779537747112603,-0.6974345546948093,-0.2838348797052842,-0.44816018488799403,0.9142824635801149,-0.31578697369903574
-168,-0.262730965954371,-0.25188263010902306,-1.4665391493493163,-0.7153964701052911,-1.2080171250316325,0.14209522895323967,-0.9153495314029549
-160,-0.7204946033911316,-0.6248752413715565,-1.4264655815548877,-0.9789574803004402,-1.5162754293626708,-0.3619071636699204,-0.8059178180801565
-152,0.47246526220542767,0.5912039552934655,0.3660568054860981,0.26640632257629654,0.026557620563822982,0.7493642205229173,0.8648425472470428
-144,1.7779394024521367,1.964495027874015,2.118505607844673,1.282117649307873,1.6834463628120413,1.5924508479797939,2.2504639311988135
-136,1.246193717642982,1.6069153149731648,1.7285587641609532,0.5839124559273579,1.5462714041591203,0.8957869656447673,1.7017640275450854
-128,0.1364636127064881,0.27523915434622326,0.4508278591446893,-0.6059648422158173,0.3240269376490362,0.09123266232319371,0.6166945511459286
-120,-0.49238346842491715,-0.41680087647759007,-0.10711976789638523,-1.2471422188238708,-0.2601226498364893,-0.1630804895463152,0.05258175475984549
-112,-0.43843825255066915,-0.15786385322865282,-0.10557848201730309,-0.8124978795074499,-0.10599341323105703,0.20066436653972677,-0.32811730940881945
-104,0.40002447571127875,0.4725244907678195,0.32906578047535373,0.15851592675615575,0.028098896343229117,0.7755662220283455,0.012508161964579765
-96,0.6389247966054674,0.3014411210822752,0.17031276255973388,0.24482827043304078,-0.4250408819661691,0.1467190710270507,0.11423347006496166
-88,-0.3505846254782289,-0.7096463268192915,-0.9424999209232311,-0.4996156137277429,-1.181815183130849,-1.1787917740579341,-0.8675694704692587
-80,-0.5278331794099418,-0.6664901572988075,-1.0627207138790538,-0.1312468952029685,-0.7918682920945505,-0.6963675211637447,-1.004744478627148
-72,0.7868887163443952,0.6528556538761681,0.39842395497820304,1.3468519213044239,0.5197710367031078,0.6414738316566516,0.21441741032987546
-64,0.9502656963709588,1.0813347756671596,1.1459504983172966,1.6628167591734322,0.9544153336340035,0.23611399937643981,0.6197771874757915
-56,-0.25502447231839853,0.2012571329680772,0.42154330045112165,0.6440228830354341,0.06200737906699517,-1.3483339770736853,-0.2787959670663894
-48,-0.7050817373152977,-0.43529641961312726,-0.248918639486417,0.0922403812981575,-0.6546933521508659,-1.6627574529021216,-0.705733809435469
-40,-0.17179478334947504,-0.7805458039236377,-0.416919487912176,0.8197301540682972,-0.49902290781466413,-0.664000360247416,-0.7735506435872143
-32,0.12105069646341159,-0.7851696410303955,-0.3290658732573702,0.9368683181448372,0.41342190292019115,-0.37886136148729876,-1.0324876845519766
-24,0.2273998441540788,-0.5508932209868209,-0.059339750010488454,0.5469214603877985,0.8865984822631389,-0.6069726113580233,-0.9877901685543549
-16,0.8593294574727873,0.16272484856920352,0.49706662145053215,0.8443908246600227,0.9467088373489364,0.22994885089305742,-0.11233648283359315
-8,1.3956990658154345,0.5804149238408634,0.7637100787307969,1.175768520326442,0.8742681581431474,1.1501001012885672,0.6598507806021946
0,0.5572362681803029,-0.5786365173120274,-0.3506438919557974,0.2833605831441204,0.03426411933241713,0.29160064467762287,-0.2787959541520498
8,-0.5170441424935801,-1.8085874413641603,-1.1798589118971263,-0.6414145275377306,-0.5745461423873395,-0.7102391285137236,-1.3176266432445272
16,1.0689451653669537,0.11340348553071633,0.20267983274454737,1.2589982864502658,0.5798814265582807,0.9466495614148611,0.010966844793059217
24,4.27329089266495,3.5998056250950716,1.7501369105126605,4.924190267812239,1.8406581175314563,3.7394703216914436,1.5121851003195483
32,5.757554879676328,4.806637109465831,1.4557501310785101,6.715171379073815,1.1208748316089823,4.664245461844481,1.3534320617078714
40,5.714398706016634,5.401575767809253,0.7267190792175949,7.118989824809324,0.2392558957458048,4.792172643134737,1.0143478750545756
48,6.238437963582767,7.130905192077926,1.1906479302061417,7.977489428776197,0.9451675378932403,5.283844781838931,2.076297940746841
56,5.222726609697965,6.193799737739004,1.8441556506368342,6.958695444687563,2.0965125153780493,4.056976502560652,3.1290002227848404
64,0.7437326074219669,0.7931132341233581,0.6481131995399283,2.2854986653305014,1.592510155703012,0.6692170076135899,2.071674137912754
72,-3.7753350555323633,-4.562875953170224,-2.489956907131987,-2.9564348240120295,-0.7040147002881918,-2.5351286017996637,-0.8552391417133501
80,-4.966753719193049,-6.3923892511452856,-5.167180867690561,-5.068004650482508,-3.4428902453528,-3.5708767931430776,-3.4476920262615907
88,-3.941794594568319,-6.511068728088568,-5.714339447053324,-4.5254699035905865,-4.751447015306635,-2.886543185754209,-4.773202886578874
96,-3.379223106247492,-6.719143096459471,-4.737160438496587,-3.935155134011281,-3.7758092869996522,-2.470394311425014,-4.867221791940368
104,-3.6227471251709336,-6.5233990743947325,-3.0833542935040765,-3.8257234339339594,-1.8322402809738605,-2.797148196475628,-4.164392664761115
112,-2.976945875693335,-4.977483432841861,-0.7914533502844157,-3.0658665355135737,-0.02892886463266135,-2.3532561706936264,-2.194621734219229
120,-1.255322820056453,-2.440517043920919,1.6715309902707225,-1.2039860433429217,1.4676654789501271,-0.6439635896784622,0.5026390247237984
128,0.7360261381245572,0.0995318758627804,3.407025563685047,0.9676941652010145,2.837873940863925,1.7250019233323561,2.6851082223348133
136,3.0417987459808855,3.2807582043748122,4.781857878765743,3.3397423104024857,4.389954789511412,4.365234763181617,4.300382069351837
144,5.446213941830092,6.016551169568404,5.614155538182737,5.207787928208074,4.813810078169289,6.193207132408762,4.85370580911891
152,6.7701836334907615,6.693178351535503,4.760279806919841,6.0262138951729,3.700997312729938,6.957687768760398,4.1524179616927075
160,7.610187641505757,6.670058930563367,3.505668248535476,7.229962837091113,2.9688837296751323,7.625067092070722,3.323202976024049
168,9.197718227794791,7.853771051579819,3.2806396767178656,9.299917780251326,3.4436016591377223,8.411125830732857,3.0796789377290987
176,10.726679698517945,9.370402177652494,3.0941433184358287,10.716364932779822,3.6331805058969886,9.315864197171136,2.389180146756335
184,12.17395269247329,10.580316264246013,3.1110975826461598,11.94939855491885,3.745694839820646,10.431759503241782,2.2412161930758727
192,13.705996818732244,11.555953994043112,3.8909911971634776,13.76658140078951,4.265110136434816,11.398149411966141,3.0581008223386923
200,14.419615020743034,11.502008795222416,4.321011569401901,14.62662230719231,4.211164950694027,11.808133030026887,3.1582847914125165
208,14.242366333528713,10.584940126188041,4.040496520500663,14.096417895513467,3.731823170382496,11.734150968912312,2.6696952800974887
216,14.196127738612581,10.181121697174946,4.236240559122246,13.84210470274855,3.4389777650754145,11.530700450728075,2.9594581869932317
224,13.806180928208121,9.690990883920696,4.1961669651680005,13.3689281638043,3.0305353772627486,10.787797821153937,3.058100793033073
232,12.400522649014352,8.232928818610747,3.1511711256053205,11.83688419135844,2.4880006772267005,9.702728489296048,2.030059165857796
240,10.35831099737786,6.23387336480694,1.942798335652831,10.32641813677982,1.863777476249853,8.443493101752212,1.029760769277047
248,7.9831803216447685,3.7076960354852377,0.8284443747347746,8.729639766505382,0.6754415068679893,6.8282191704608435,0.43019820412254717
256,5.572599896845909,1.3464369831622667,-0.21963411142301353,6.265114211100037,-0.4080866523596466,4.8800263170630505,-0.2078964916177285
264,3.8124445440613823,-0.07309279725210278,-0.7298017089883999,4.355453548554937,-0.47744478265571827,3.193853010988643,-0.8105416439282584
272,2.8013571420222783,-0.7389308853472911,-0.6743151597169221,3.8298730365677285,-0.31715043945572313,2.1796830926568083,-0.8968540061488107
280,1.8349672028333208,-1.3616127713050095,-0.5957092672904845,3.2965861172057127,-0.5298486916236897,1.7743233501146998,-0.5685588403517363
288,1.0519909612579732,-1.8240003036319195,-0.4708646695137533,2.2623792410469976,-0.39575631002712447,1.569331486446735,-0.061473831432497385
296,0.4647587339656474,-2.3865717647995197,-0.3213593912111897,1.2281724739978968,-0.1630212334804555,1.0052187110878457,-0.2294746439299013
304,0.22585858211685447,-2.787307718746429,-0.13640434281566222,0.7534546268228285,-0.0042682407312412945,1.0761180915002126,-0.543898193270732
312,1.2169091563003185,-1.689907938426631,0.8561876266876347,1.2297137716323394,0.9898650750836251,2.7283829511103472,0.42249179823785804
320,2.0877390213056004,-1.016363415968978,1.232262826596315,1.611954122839065,1.3967660791662517,3.6577819864846695,1.3210649620518717
328,0.9672199784626824,-2.7549406177658815,-0.3460200579948405,0.6008666901697964,0.04351181655994879,2.1288203414179314,-0.14624488906473213
336,-0.5987324940916315,-4.658436009141369,-1.9551286833472223,-0.8602779096454122,-0.8766393598264605,0.6676757137872209,-1.8986936553293816
344,-0.6002738811330407,-4.319351819838977,-1.7085219456408267,-1.1253801747583423,-0.3618479201872634,0.8387592099670671,-1.6906192897731422
352,-0.386034297885803,-3.5625774905276604,-1.2862080443554966,-1.2980049015174053,-0.22621420270994166,0.7817314615743799,-0.8983952973260838
360,-1.4618560414602106,-4.028047587327723,-1.663824512427434,-2.2736426622758055,-0.9413736574861227,-0.7318171703917343,-1.0679373662313845
368,-2.1693090133623687,-4.3332234149368904,-1.4989062533100956,-2.6928739576958693,-0.6069132845944322,-1.6750877101324566,-1.118800025083061
376,-1.8826287300477178,-3.716706684416431,-0.7236365257356414,-2.2859728822532372,0.04659445222753753,-1.1340943254466747,-0.5238613703821459
384,-2.0059320671117713,-3.437732880498864,-0.566424805123327,-2.2227799151761416,-0.31406785776345164,-0.8874876639017691,-0.39593414720307035
392,-2.807403798178474,-3.8153493810222194,-0.6142048374136801,-2.860874735092759,-0.5930416582040806,-1.7983911801479817,-0.3404476317075582
400,-3.6273710170808506,-4.350177653484111,-0.347561303475219,-3.5452082962880267,-0.26166396618016763,-3.20250805127315,-0.19864875349478828
408,-3.910968744200772,-4.519719780007233,0.11174365394772659,-3.7594479293713707,0.08358543352820949,-3.7203820704522292,0.19900451246489825
416,-3.9325468552863994,-4.282360788371065,0.41846074442196113,-3.959815822153264,0.20226493530675896,-3.715758122083468,0.4363634463176768
424,-4.630752046845661,-4.752454782048098,-0.7729578677469342,-5.023307172234495,-0.8334832302079753,-4.521853761948072,-0.6579537720124946
432,-5.507747106362356,-5.732716344978311,-2.670288081333422,-5.75233821018766,-2.2992517058729613,-5.138370469123379,-1.9665105346813156
440,-5.128589257871747,-5.425999391429189,-2.43292917049466,-5.026389785219205,-2.0002411224457446,-4.777708195226313,-1.366947969692385
448,-4.1637406073765355,-4.359425417435729,-0.3768458370023813,-4.152477304580119,-0.6408216853618114,-4.5249364542400725,0.24216066195159902
456,-3.9448771461271313,-4.034212756341595,0.2782031544062317,-3.87196220402152,-0.3649304831702994,-4.734552043090519,0.6475204198915728
464,-4.119043133102166,-4.402581587784057,-0.7760404044045854,-3.6870071458574514,-0.979905923341329,-4.711432606554948,-0.3234934284264204
472,-3.872436449536655,-4.652270809331766,-1.4172178439286525,-3.2446564274784326,-1.0939615176465265,-4.145778602272527,-0.9662121425709159
480,-3.511774141863625,-4.427242234533924,-1.0149406476471667,-3.053536222155531,-0.3633891852047199,-3.6941800176205795,-0.5038245736533759
488,-3.692105354973648,-4.257700109169778,-0.6542783874922842,-3.186087446188569,0.01114473577875344,-3.960823547419829,-0.07226284417586441
496,-4.083593423938395,-4.316269237484432,-0.5910853856458114,-3.4404004349731463,-0.1291127894997087,-4.40163298074761,-0.378979963955716
504,-3.949501015354171,-4.21916781881044,-0.3521851440589144,-3.5698690314514496,-0.38496729082658737,-4.167356710874627,-0.16011651164700821
512,-3.3792230698224306,-3.65197244139436,0.15798239936558606,-3.2107480497250687,-0.45586672968461983,-3.427536621766212,0.556584163277577
520,-2.8890922252757427,-2.9861343927044635,0.509396951034283,-2.917902571071161,-0.1059934278010812,-2.9697729541959914,1.3303126940487795
528,-2.614742299194773,-2.616224330351649,0.32290065848292443,-2.8192598979760937,0.3101553185436971,-3.1192782826657983,1.117614403634499
536,-2.4344111761539917,-2.704077934410073,-0.42616715037033115,-2.429313096346762,0.17914552476543635,-3.239499030090295,0.18050900476101117
544,-2.7087611004137067,-3.1787958491370722,-1.1798588928567544,-2.6312221860974763,-0.4019214651332451,-2.8834605752530265,-0.6009259646774359
552,-3.111038279476074,-3.80147775976449,-1.629916098414577,-3.1059400905592307,-0.9244194109916178,-2.790983094020277,-1.0263225254722133
560,-2.2170890610505882,-3.038538296705383,-1.2014369602323092,-2.1457153723726403,-0.8350245049939711,-2.274650333567053,-0.5099897625354618
568,-0.6187693673130282,-1.5311548926955103,-0.30594643076133565,-0.45645952715705596,-0.10753471351459495,-1.126387937608947,0.28069294105228204
576,-0.17179476613035555,-1.1643274519369646,-0.1286979463683745,-0.1266230503144935,0.0419705889609634,-0.5699815134971574,0.26219745089865143
584,-0.35520854570035265,-1.5404026755219342,-0.2073037891242748,-0.23605479343961444,-0.29094849606482387,-0.5746053847110174,0.07415982495006343
592,-0.2288225781013319,-1.577393651855552,-0.051633272765793346,0.317269047820925,-0.16610384961096655,-0.34803561145423806,0.32693173117362534
600,-0.07469338023891792,-1.5496503581794412,-0.2504599300014161,0.6733074187149857,0.02809892730453058,-0.2247322076660958,0.004801694157286729
608,0.14108745593927866,-1.4371360146528134,-0.34139610366561496,0.8598036860999391,0.10824608872206834,-0.08447457079449203,-0.25875914682689904
616,0.49558461579120056,-1.387814725126721,0.259707636271532,0.9152902388483545,0.3471463339514713,0.5212530554232432,0.3639227527074327
624,0.25976694761815217,-1.4278883290150737,0.5926266373541114,0.20167214909297823,0.39800895472240255,0.3378392894298601,0.9372832335722748
632,-0.15484052360949366,-1.5126594002239213,0.29515736878045634,-0.34086259879235525,-0.1275715597483338,-0.5823119718931681,0.6814288151951939
640,-0.19645537827641577,-1.5635219557608804,0.1317804207086056,-0.03876939128734081,-0.596124255294219,-0.6902023246655097,0.22058259060240223
648,0.401565802320201,-1.0487305489042378,0.6249937866806472,0.9384096253822504,-0.013515932495013401,0.3532521964011031,0.4856848120052594
656,1.8026000804944422,0.21358744814737235,1.5019888569592925,2.33944387259519,1.147076786755242,1.507679902768543,1.322606195445753
664,3.103450325354297,1.1953903921585307,2.0044499807569203,3.4168068056878385,1.7867128920542383,2.0748751091524076,1.865140919985934
672,3.4163326340162357,1.0844173901419858,1.7223936249494047,3.5185321571671566,1.5663081631382814,2.5557582379278965,1.5784606942891066
680,3.428662945553025,0.6343601559408197,1.0842988199339463,3.4476326689697254,1.0222321432816164,3.243174398200125,1.1546054096048703
688,3.4348281615883374,0.3029823955371343,0.5417640679094015,3.6033031517178085,0.7879558174464948,3.30328481785762,0.9342007162861331
696,3.4132500387473503,0.5942865416216547,0.9055089862491837,3.53394503301153,0.9574979275783412,2.896383834305482,1.3226062060421346
704,3.752334204207883,1.4358318648213504,2.0260281218104383,3.6788264404313713,1.430674488543191,3.3402757711772217,2.5679699925275945
712,4.188519844801254,1.9999447227988993,2.721150712802625,4.284554228078353,2.00095246189043,4.104756497266965,3.027275007071658
720,3.6182417442974373,1.4204189893081145,1.7871278787334253,4.478756923037464,2.0626041622943854,3.5252307848033735,1.6092865411797137
728,2.2372443696436206,0.1827616323836344,0.27512059655581816,3.344366186417831,1.0160669664860285,2.2844908834395246,0.1096095865990361
736,1.1660464962896628,-0.4846177391071095,0.26741410126416143,1.8893866632292928,0.15602616455692503,1.7820296905998494,0.5550429219364101
744,0.8069255240006833,-0.5262326277155651,1.0935465838855656,1.5580089130908508,0.3748895647115684,1.3951655054321657,1.6185342297976848
752,1.2184504247947125,-0.43837892348822344,1.4095113591696966,2.191479798215322,0.7340105830285797,1.3489267865052599,1.5399284082345477
760,1.7871871761722955,-0.025312821420593976,1.1274549709107629,2.8573179642932542,0.8711855910209001,1.7203781360617054,0.8710077099693124
768,2.3651715320590725,0.6867639963634501,1.0133993580618983,3.006823250874241,1.2272239347617344,2.2305456265042993,0.7800715108075715
776,2.9015411622567577,1.223133613646794,1.374061615567686,3.034566453487701,1.2303065585083943,3.0458889899218176,1.5907910564898424
784,3.023303255992824,1.0181418292861208,1.9196789222968444,3.1147136649069127,1.0607644414226722,3.6053779804935813,2.4122995311378412
792,3.032550858018491,0.7931132279973251,2.277258666324565,3.1486220214675136,1.2950408516977079,3.4743681521115133,2.6388694610223813
800,3.732297415923105,1.5622177410265823,2.630214483176287,4.085727505608756,1.8653187818315808,3.7595071313345523,2.762172792788245
808,4.3149057474974395,2.0477247564138,2.5223240982836646,4.837877960560413,1.9870808220890348,4.243472781866535,2.1441148139727426
816,4.080629373978602,1.4466209414741416,1.8426143644266153,4.588188646791073,1.4954087989516236,4.423803782552226,1.580001941590737
824,4.140739709527321,1.1645645340092667,1.4865759850885625,4.61901445742219,1.1301225742022705,4.798337919933673,1.8512693411137304
832,4.085253311750982,1.119867053774432,1.1490330411009806,4.620555803733759,0.7879558200955898,4.963256091630866,1.7017640573474075
840,3.629030890323414,0.6220298098002232,0.7251778229752668,3.9192679455456068,0.5228536329654037,4.890815398351759,1.1576880250731083
848,3.575085733722674,0.1334403160354518,0.8623527703695321,4.054901661036107,0.8064512473332069,5.12971554606134,1.4351205402969294
856,3.5689204554336205,-0.1809832313185576,1.1490330041792145,4.632886059639546,1.0191495822854026,4.918558595170323,1.4767353515849158
864,3.6136179393109615,0.21050490304572975,1.4187591395125938,4.734611269392266,1.0561405654073268,4.622630601382663,1.6185342129097027
872,4.060592515658366,0.956490153551866,1.7747975372287461,4.787015379525912,1.5031152081476835,4.937054112311612,2.1487386264098003
880,3.841729257727026,0.7021770076428214,1.3000796493238373,4.526536977679557,1.6094643766999766,4.610300256235478,1.6693968667943249
888,3.1897626874092824,-0.17173545494930437,0.34910261114565744,3.7004045366158347,1.045351527828692,3.76413109526675,0.590492612225377
896,3.0294683369242748,-0.19639618928488525,-0.050091933739236524,3.35669642709132,0.4473302815013963,3.593047598921336,0.37933564130057595
904,3.0417987108803723,0.3954598996183298,-0.11636759443288128,3.4707521877928187,0.17452163616688765,3.5745521355897956,0.7122546655627396
912,2.7551183573646933,0.6728924527573275,-0.12407400694030966,3.387522250305639,-0.2770768541110374,3.18306398284741,0.6043642377878868
920,2.5162181914425816,0.6867640372588592,0.0685874879041799,3.2580537518438626,-0.48669253534868245,2.865557942214685,0.647520396380853
928,2.1725101711594665,0.4601941845292204,0.28590966708257665,3.213356319458312,-0.044341750245573505,2.276784451560587,0.9557787576674397
936,1.1460097594966747,-0.2503413697274834,0.09633074962557898,2.670821608163607,0.36410056504810967,1.4506519770520367,0.9002922552518353
944,0.2273998105436822,-0.9577943219269953,-0.35218520614708587,1.696725156463873,0.3009075973087399,0.9481908534199761,0.7276676008461884
