-240,-0.759968668697858,-0.4652572952119724,-0.01339871876619077,-0.975197130781631,0.3224183120276336,-0.8506071858329478,0.20825630055180364
-232,-0.9948405184542075,-0.6764842785465027,-0.26876276680691674,-1.2337138400172125,0.07493587608051894,-1.2525690478578837,-0.09755003620329869
-224,0.14011070745104873,0.2976821902553204,0.2640337866138329,0.0903959515068185,0.4579819292611596,-0.284707866055513,0.4667729476427697
-216,0.6918231255954482,0.41590631628812863,-0.027585597200827126,0.3047756387077118,0.04183314003415038,0.40099189181037076,0.26815647328389663
-208,0.4932066378593963,0.20940817023099917,-0.5729927278377794,0.03680103681851308,-0.479929177181704,0.6011846319974199,-0.28513225759347016
-200,0.6208886465552697,0.25039254478667383,-0.4642265967347407,0.3709811021645482,-0.3806209453362061,0.8092590318601971,-0.21262149189735624
-192,0.3292692618939531,-0.014429415550108914,-0.15999661267481052,0.09354860491243079,-0.3932315272936872,0.46246840656975957,0.03958991509894794
-184,-0.29810657789214284,-0.07905857016859957,0.24196530726145593,-0.7891912675052356,-0.16151228183685065,-0.07032817225069647,0.6007602321622256
-176,-0.29810662615158545,0.27403737293960134,0.8204751781780609,-0.7939202229759388,0.6408351936566452,-0.010427949735178415,1.051588102341532
-168,-0.38795688406440565,0.13059217104414775,0.7873724267225374,-0.40141625851522994,0.8016199570253385,-0.1964338243567756,0.6086418742274902
-160,-0.7583923728980282,-0.44476508693704436,0.13950440338389447,-0.4487058840027743,0.17424413027775876,-0.7055855960213949,0.20352732035871954
-152,-0.6748473361147554,-0.6087025126859128,-0.13792807981371877,-0.4092978485957622,-0.05432245262957105,-0.7355357216723213,0.31229347364416893
-144,-0.29810659855057087,-0.2619118162762973,-0.13319914076815945,-0.021522832493838392,-0.0669330349257151,-0.2121970495599862,0.3769226350359149
-136,-0.10894800448412449,0.009215462047580609,-0.05438308620994743,0.12822765911037068,-0.07323829347749718,0.23705441577008338,0.22717215850219852
-128,-0.17200088988781184,0.17157652290941738,0.059112036600709045,-0.024675496228664485,0.36655529968805245,0.14878049819124523,0.02697935955716174
-120,-0.19564568891574227,0.05808136098321311,0.051230451261455465,-0.17442600696731897,0.5241874132070927,-0.17751801669779962,-0.3056244215035773
-112,0.15114489912179188,0.001333795937260321,0.02128033356910414,0.1660593557073833,0.20419420140398145,0.0983381695146642,-0.3245403036683592
-104,0.7911313305172577,0.45373798054284786,0.2135915122926235,1.1544127779576436,0.1490229992130838,0.5948793439819784,-0.02819191358358325
-96,0.9913241504593849,0.53728302342205,0.2766443802551788,1.688785659859178,0.09542805878640878,0.4876895384810915,0.039589923396185674
-88,0.4963593022715483,0.11009997394509047,-0.20098095285621553,0.754027202588643,-0.5035739811202448,0.3505495484019596,-0.11173691362194665
-80,0.08966840925411522,-0.2004353167567323,-0.5004819772121583,-0.49914818389302157,-0.8913490200819045,0.4908421754615601,-0.13380539957824708
-72,0.0770578692908158,-0.3202357025217863,-0.4626502691006117,-0.44712954722475123,-0.5839663426541573,0.1944937721689367,-0.06917623090525202
-64,-0.2445116213789876,-0.5298864271400586,-0.46265030906281673,0.05256423069541893,-0.46416592776410626,-0.4250004446863398,-0.4270011584398214
-56,-0.537707451698403,-0.5724470947862607,-0.4594976168803191,-0.2973790815282432,-0.5130319200013275,-0.5794799271515093,-0.6823651766782249
-48,-0.10106645351914055,0.1384737541820932,0.0969437242231586,-0.1712733494977538,0.2168047948759961,0.04947221131304951,-0.1763661132825839
-40,0.3655246249302387,0.5688094172717914,0.4516160511835055,0.8801328423335314,0.959252045821998,0.2528176595997456,-0.08493944171529551
-32,0.2015872538754051,0.14320271270076093,0.09379112026230874,0.6783637802696206,0.5352216397600992,-0.3272685430149409,-0.4790197470179805
-24,-0.10421904799743344,-0.17994311271508875,-0.010246074843135672,-0.48023229122969424,-0.21825984332684467,-0.675635502035436,-0.4396117434452675
-16,-0.1767298619529896,-0.01915836340089996,0.15053868480026733,-0.7592411645447142,-0.1630886328387093,-0.3524896745876102,-0.0013944330410316306
-8,-0.25081697052305574,0.17472915599526465,0.21516783400015402,-0.28634481721433935,0.27985764675207075,-0.3099289815417014,0.27446175164744985
0,-0.20510365929246144,0.006062760551857332,0.4074790470979432,-0.37934775376314656,0.36182634218537324,-0.39662662702710255,0.4699255895338483
8,-0.5944549613729954,-0.34545689708572797,0.388563135638833,-1.0524369669244527,0.283010274249982,-0.6488380504485507,0.4604676655539265
16,-1.4724658549522294,-0.871948129302086,0.1647255686535074,-1.9745847777222523,0.1316834622928938,-1.5079330684669259,0.3122934734748376
24,-1.4898053927190764,-0.8530322662717499,0.03704354607246136,-1.791731514004091,0.004001424641354864,-1.7270417272250027,0.23347741231270172
32,0.07232888554177287,0.19522129619897888,0.17891246435994457,0.10615917163008798,-0.0527461365099762,-0.02619117629303991,0.417906984361214
40,1.604513106900235,1.3144093678508704,0.25615220364521857,2.052915815127218,-0.013338091451075718,1.654167209712828,0.380075278112313
48,1.8772166097354321,1.624944601826683,0.12847020290792,2.119121329552801,0.0008487883382117912,1.679388297767333,0.04274256444060716
56,1.8724876405488877,2.0694672175181603,0.5020583212714306,1.754991116712092,0.4359134665032576,1.3357503069173937,0.29022497498801536
64,2.219278332217226,2.8576277978132136,1.2965242039750924,1.9331153673868813,1.3076190629231559,1.4224479837290998,1.1020303646402139
72,1.9938644157540226,2.4966502051891664,1.3422374823553993,1.5201192950647509,1.4920486154985602,1.3310213460280866,1.2123728841673456
80,1.380675504016657,1.0086030332970763,0.43112384189258923,0.6216161625616099,0.7669408992714398,0.8849224582431717,0.5802680650348221
88,0.06917623806275881,-0.8955929569470197,-0.6234350062229418,-0.5669299976743912,-0.2671257888286054,-0.12077044674123699,-0.043955111524441856
96,-1.8176801837655108,-2.717820230083397,-1.0301258790899408,-2.9361406925062727,-1.1940026604212246,-1.5473411263950119,0.07111633807368621
104,-2.3489004715274153,-2.8250100897703234,-0.40275005335834896,-4.216113529050841,-1.1120339605853062,-1.7254654051788108,0.8309031594674905
112,-1.0578933950526617,-1.3511497841210107,0.9859889024360615,-2.4049204565597697,0.06232530072696136,-0.521156036503405,1.6316742841284593
120,0.35133773701304544,0.02970760851655591,2.21394309621643,-0.15551015782215558,1.4557932595741911,0.5586239848403141,2.1912683111491735
128,1.4468809197220451,0.9644660187129691,2.907524422149767,0.8880144964213241,2.2975487694587113,1.3420555893448993,2.7146069709003178
136,2.205091443284043,1.6864211453724054,3.3867260766300293,1.8747915192409517,2.630152545439508,2.1365214784831537,3.083466127358532
144,2.514050415326301,2.1624701615175477,3.7240588058802215,2.473793596400508,2.8634480577405097,2.4013434289987163,3.089771393191563
152,2.4100132205595193,2.465123801179543,3.6294795515185045,2.0986290870729345,2.7877846674251177,2.0167210847595247,2.8974602178546713
160,2.873451608519715,3.007378314309135,3.396184002980591,2.136460861901043,2.4961651970821235,2.248440299736713,2.654706734160964
168,3.35738225521559,3.05151529536563,2.9374745398421185,2.934079389205085,2.280209246593025,2.667741718662942,2.2795423266015473
176,2.6622245679511787,2.0663145703778087,1.6606543678790333,2.691325903310069,1.465251175934202,2.007263144862454,1.3022231962662063
184,1.5966314661896204,1.0180609897886228,0.36807098510590475,1.6840566984618777,0.528916394077502,1.0583178237197801,0.4021437710112
192,1.2309249761755332,0.4695012020207681,-0.24038898775523368,1.520119291000797,0.25306017721605883,0.427789303604383,-0.16848449069042717
200,1.1678721115996051,0.10694731359689183,-0.5966375741091642,1.7408042486066686,0.048138416027064174,-0.11131252496262324,-0.7501470111180228
208,1.3712174958790408,0.21256080280885195,-0.6770299458029592,1.5800195201202398,-0.28604166201882414,-0.010427966668316115,-0.9440345083317763
216,1.8803692785501995,1.1000296897938724,-0.0023644801906563466,1.5343061892472056,0.06074900662044551,0.6090662578068726,-0.3828641597728634
224,2.1672597451630486,1.730558144039364,0.8188988534225661,1.6935145531852662,0.7086170297897575,0.7477825113435411,0.17515354723363485
232,2.2460758098811433,1.9212930007166902,1.384798146445643,1.8211966142045342,1.0223049313950165,1.214373578786381,0.6054892313204235
240,2.5629163400003026,1.8535111986191857,1.6149410385299825,2.1002054258829332,1.104273612096489,1.758204382805192,1.1256752056623254
248,1.6786001599296105,0.7106783336966297,1.0285495856607507,1.343571287527733,0.5872402784603458,0.6784243783946119,0.8025293614506932
256,-0.6669657834564577,-1.0752935281440197,-0.15684394995597273,-0.8569731178621833,-0.364857738928778,-1.4165064737760835,-0.10227902367763195
264,-1.9958045016648578,-2.0809864840971737,-0.8882570060139351,-2.3166465339009887,-1.017454690814435,-2.567220930133823,-0.5231567334930799
272,-2.039941499654491,-2.2890608668574823,-1.0127863523296334,-2.0849272561018597,-1.2680897701766105,-2.5782551786999086,-0.7123152823480485
280,-2.090383790908838,-2.530238008354562,-1.0301259049976412,-1.673507455534503,-1.0426758469401538,-2.79105855147452,-0.9661030110518837
288,-2.6389435529383225,-2.8975208683356226,-1.203521232036027,-2.2583225733190258,-0.5808137214215068,-3.2513443214193605,-1.066987569176859
296,-3.2631667413507826,-3.2033271712244495,-1.3674586256119339,-2.9266827915554177,-0.6769693154398796,-4.0205890673010805,-1.347572765215398
304,-3.7045366724796738,-3.450809580586538,-1.5329723610458053,-2.745405837352928,-0.9717413917756997,-4.725204606918239,-1.629734223526154
312,-3.904729473795349,-3.550117822422588,-1.3595770241861995,-2.5956553291542437,-0.8030750169907204,-4.72362831365838,-1.3381148148197812
320,-3.893695260450191,-3.3215512425632228,-0.8992912193590943,-3.3554421287043015,-0.6312560081039064,-4.0158600828747115,-0.4995119364971259
328,-3.5358702893974576,-2.6689542789937004,-0.03546722030097787,-3.79523577588656,-0.237175719903691,-3.2592259416408793,0.42578859120555257
336,-2.8927312633543676,-1.8681831170798284,0.6250113341957331,-2.9455986310486932,0.3098077590258181,-3.00228557764989,0.9144481891388452
344,-1.7435931239628808,-1.068988245039188,0.7258959250016649,-1.4622804024354457,0.29562086738333404,-2.419046762777115,0.8592769325925754
352,-0.39583851512313084,-0.3013198557472625,0.9513098262250422,-0.24063151106368608,0.42803181156880776,-1.2636033240249842,1.0042984617834951
360,0.029768220774204105,-0.3312699470239189,0.8173225496641613,0.060445836185106155,0.7086170043900507,-0.9845944556205732,0.6732710130981631
368,-0.9601614767867889,-1.6080901277922346,-0.3507314756173979,-1.0540132300433265,-0.21353089581471635,-1.7569918589718585,-0.7375364482949877
376,-1.9012252444245072,-2.8202811141491875,-1.495140648700974,-2.06285880587448,-1.2223764564060462,-2.1762932524983816,-1.7511109714689377
384,-1.7814248444356187,-2.9400815110901135,-1.5818382906304158,-1.3929222393455303,-0.8976542713524366,-2.1148167170805636,-1.6565316686784473
392,-1.7562037015177465,-3.1087478664019836,-1.5014459362084205,-1.0209104873930341,-0.6690877140141448,-2.5167786735924085,-1.6234289499038794
400,-2.473429818689771,-3.794447603609439,-2.0468530629507513,-2.237830404328977,-1.3973481070146079,-3.361686830278616,-1.93869317575664
408,-2.760320297325147,-4.104982898375213,-2.1666534295813604,-2.978701405025289,-1.6621700592234838,-3.375873691272121,-1.8535718247164175
416,-2.1991499789072186,-3.5359309294254526,-1.8056758996099227,-1.8138000301013764,-1.14828935782653,-2.627121128773617,-1.5745629774784298
424,-1.335325918212481,-2.8391969229934824,-1.4005613946779207,-0.31314228539569977,-0.6296796650606225,-1.9508793800613369,-1.4027439690996089
432,-1.0768093043104647,-3.1071715677235203,-1.3784928834912453,-0.47707965187858625,-0.6217980814146828,-1.998169015708764,-1.4106255903371145
440,-1.604876891592635,-3.8307029925534253,-1.8734577464109115,-1.5789281586706112,-1.1924263371897117,-2.7059371770665677,-1.8803692883258314
448,-1.8570882281470864,-4.03404843457486,-2.2880302036011764,-1.8705475819394815,-1.6337962727212207,-2.9613012420404314,-2.129428044456494
456,-1.0531644854707627,-3.4476569261649384,-2.253351166505704,-0.8096834273513906,-1.7378334847598027,-2.166835399637636,-1.8583008106667684
464,-0.23505370383365795,-2.9794895717275,-2.273843338374387,0.3946259890754639,-1.8040389641337888,-1.1926688558220135,-1.885098235837959
472,0.01873399726916232,-2.9542684051032353,-2.224977358329024,0.6231924925663775,-1.4288745338839661,-0.7402646503886662,-1.7432293805417487
480,0.14326331835448525,-2.5822565557851966,-1.6165173615921626,0.33472569950472014,-0.6265270030191101,-0.5999720863203382,-1.3286568737373903
488,0.379711520298013,-2.337926800844709,-1.3532717056911094,0.3946259325187836,-0.4956923764772135,-0.5448008822667953,-1.141074668772363
496,0.17794235595795024,-2.5570354772132484,-1.695333415811711,0.41827075593043256,-0.78258285392727,-0.6456854214266564,-1.5430365480690993
504,-0.33278564834589514,-2.7871783508404673,-1.786760073493827,0.35994692878159423,-0.7100720443743298,-1.2415348138542965,-1.9859828134360433
512,-1.0216380321857093,-3.0441187476817433,-2.0058686978776348,0.016308854789948753,-0.7683959780326043,-2.1337325674110468,-2.397402631783194
520,-1.2312887336055824,-3.312093309608737,-2.062616259875622,-0.12083109854427443,-1.271242396489203,-2.3276201865433914,-2.04430665514738
528,-0.6575078584605473,-2.787178387754707,-1.4068666677922004,0.19600942344697836,-0.9701650607549431,-1.514238406604455,-1.1442273106634409
536,-0.27130915627691066,-2.259110800980532,-1.088449757546186,0.4466445564872006,-0.6580534629080885,-0.9136600090920194,-0.9361529094460127
544,-0.6338630516433735,-2.2748739897774963,-1.376916555010459,-0.19176556742457052,-1.1073050132425093,-1.2305006174422743,-1.1473799381613519
552,-0.767850322616319,-2.071528544708097,-1.3753402117978444,-0.555895707452787,-1.2743950615786797,-1.2289242159796656,-0.8888632798945152
560,-0.3375146170244454,-1.6648376830169682,-1.3059821518307382,0.30004664632276873,-1.1545946395767108,-0.9530680375564454,-0.8794053210323299
568,-0.15623771074273585,-1.6837535353794275,-1.6606543771922586,0.9526436388479557,-1.2349870190597496,-0.9168126216887696,-1.516239091571603
576,-0.20510366589638512,-1.9202017107379286,-1.919171027161858,0.7414166289283997,-1.3185320235007296,-1.0318841037985225,-1.9907117751720074
584,-0.23347746713047882,-2.118818167825001,-2.062616268511522,0.391473302480902,-1.302768806256094,-1.1075475652330928,-2.0789857841897894
592,-0.30441187285017074,-2.1251234842881144,-1.8955262079834931,-0.15866277685349858,-1.0868128469617635,-1.1564134340277394,-1.7842137215698102
600,-0.3769226629300032,-1.9737965893586507,-1.518785461614077,-0.17915500544819177,-0.618645436814302,-1.4117774879950633,-1.448457292522063
608,-0.5739627988175391,-1.8130118962624797,-1.3248979628763418,0.47186569009184665,-0.36801037658657215,-1.73807601033469,-1.3144699702417102
616,-0.9648904446186823,-2.0289678611447446,-1.4841064106334336,0.38043907609722627,-0.5146082605046407,-1.9130475793255273,-1.2640277255534917
624,-1.0673513154766259,-2.426200816297083,-1.7457756955515251,-0.3761951401504083,-0.9496728680585022,-1.8342315914838778,-1.3696412210307132
632,-0.8309031584059134,-2.6311225553036675,-2.3164039487865833,-0.6693908092663529,-1.6069988192716897,-1.5221199777198735,-1.8125874848736752
640,-0.7773082416856312,-2.6216646726406014,-2.7861476630311115,-0.4376716398393042,-2.083047830336891,-1.3802511093851464,-2.2492284767876765
648,-0.6764236683208315,-2.3930980839760054,-2.8145214627412227,-0.07511777461382688,-2.0798951894618005,-1.3329614463060364,-2.3327735029030725
656,-0.3895332494594315,-1.959609711601341,-2.4976809346540403,0.6925506654775122,-1.7189176362919651,-1.381827402306343,-2.0852910271630845
664,-0.03801363296937082,-1.338539227224573,-1.8293207408013672,1.3766740367819483,-0.8881963634589956,-1.3692168218728442,-1.4657968255476315
672,0.10385529734064027,-0.9870195968493402,-1.1578079213134265,1.2552973052643086,-0.16939391831418013,-0.8190807686154762,-0.7328074657312641
680,-0.074269014124114,-1.3842524910423835,-0.9623440515927292,0.3694048019621027,-0.21510720617704465,-0.6661775678956321,-0.6366518679876008
688,-0.7741556285808868,-2.0447311134409754,-1.3879508349028493,-0.2926500827087076,-0.645442893819792,-1.5977834046108428,-1.2687566708643125
696,-1.3211390440111286,-2.460879871849673,-1.854541878977959,-0.4171794857504168,-0.971741413619447,-2.214124987872279,-1.9166246794711257
704,-1.0531644158755677,-2.1802947164506654,-1.7851837350224897,-0.27688686597206547,-0.7873118085513163,-1.8042815120604176,-1.6738712372636053
712,-0.2303247913731252,-1.0879041382105095,-0.9576151145791467,0.405660221555069,-0.3128391506892815,-0.9152363453620483,-0.594091194922795
720,0.1290764599009515,-0.22092749319736163,-0.08118052391166036,0.9494910382737338,0.1080386343092977,-0.47229003427563254,0.14835607989893076
728,-0.46362036785071753,-0.5787524176839663,-0.2529995771632953,0.29058874689589687,0.2672470553120326,-1.057105229783256,0.06638739123888354
736,-1.5654687937023446,-1.7862144323144031,-1.2981005073948342,-0.9216022613048033,-0.18358082096320352,-2.4820995868828435,-1.041766392223381
744,-2.318950328604689,-2.5538828197436834,-2.347930397330359,-1.4323303015069018,-0.9953862011328443,-3.531929489010226,-2.0490356702227275
752,-1.9721596943396895,-2.3631479427465925,-2.4157122299075118,-0.9389418112635095,-1.141984068456438,-3.2939049956694855,-2.0332724456968427
760,-1.1051830682916555,-1.5954795561639679,-1.928628991611979,0.14556719298259616,-0.8030750425597586,-2.1841748747518746,-1.382251803157526
768,-0.9239061362715756,-1.4851370803243327,-1.912865761498159,0.4734420217899283,-0.9528255317933284,-1.657683653711388,-1.1726010782005905
776,-1.3353259388709082,-2.0573416899798525,-2.0452767214314513,-0.4156031813146866,-1.2633608187698608,-2.064374491526791,-1.1410746345674243
784,-1.5843847016054953,-2.1724131024944096,-1.8813393259928985,-1.2352901835684909,-1.2349870307436144,-2.169988031368833,-0.9440345064691317
792,-1.2675440905459372,-1.5781400226304065,-1.5818383045155893,-0.8317519495446052,-0.9449439012425972,-1.652954644901301,-0.7075863299253111
800,-0.21456153331962702,-0.7237739509388386,-1.2177081328224058,0.7398403055275552,-0.4184526309266782,-1.1816345959107262,-0.6003964851395446
808,0.4301537641395745,-0.4621046275825245,-1.1341631224548276,1.8369598539702439,-0.16151226913699743,-0.872675721742005,-0.808470887372961
816,0.11646586625960538,-1.1273121444925247,-1.501445901834152,1.3325370494601927,-0.3806209275564113,-1.1091238380038562,-1.289248853400871
824,-0.49199409136170846,-1.521392474009597,-1.3958324185487896,0.3835917025791494,-0.4294868686555565,-1.3881327070855904,-1.2924014964772692
832,-0.43839917396410166,-0.8561848615966994,-0.7495407296175306,0.4403392479826625,-0.01964337709587752,-1.2462637479892462,-0.6776362667576623
840,0.24099528149317376,-0.2429959595112219,-0.4248185599730773,1.1733286032270822,0.21995743642841178,-0.7118909470281088,-0.20631621641243686
848,0.7170442444682642,-0.10743237563597764,-0.5903322833844207,1.8322308935889315,0.07178324011603857,-0.19170490850961508,-0.3734062246170702
856,0.655567718702336,-0.33915156487479686,-0.8598832074891439,1.4617954464108274,-0.14102010421090186,-0.005698989015202433,-0.5420726032966707
864,0.4254248550656689,-0.4573756602586251,-0.8409673420881685,0.7887062596652163,-0.20564931047546284,-0.09554932244981697,-0.24730054744994723
872,0.37025358920617324,-0.23196173414353513,-0.5682637742297214,1.0834783398956582,-0.10476472813610044,-0.23899451994265467,0.0017581878529561875
880,0.7911313764060608,-0.0018188617016362339,-0.37595260803672415,1.9536076081734335,-0.08900150716617405,-0.08451500191789574,-0.14326334235395183
888,1.5887498391948485,0.3891088101765389,-0.03861986168406208,2.9955558577370085,0.3649789940670031,0.5475897481274249,-0.01715763877113404
896,2.521931973741865,1.2529327714737584,0.568263796412132,3.876719404891186,1.2098871390693462,1.324716095096217,0.48411246813781583
904,3.1035945051760025,1.7794241047809491,0.976530980488116,4.076912240073136,1.3580613154006171,1.9237181573546123,0.7268659408249843
912,3.177681625599264,1.6816921831284475,0.8441199677234343,3.9082458224473187,1.1026973041047998,2.0971134522200363,0.47780718858894355
920,3.102018162132717,1.5413996017883187,0.5572295312515714,3.9113985654292303,1.1121552101355958,1.8512073041141754,0.3501252046154514
928,2.9727598718608492,1.349088412227591,0.5808743636377833,3.6528818197874027,1.0648656171596758,1.8196808642063003,0.5140625914181028
936,2.7363117430684767,1.0212136293090621,0.4311238407072697,3.2840227227645005,0.856791192235855,1.8228335152412731,0.5534706188665401
944,2.354841959102639,0.42536421198971014,-0.07645158893005406,2.9593004499972384,0.5446796164020792,1.2522052830033055,0.21140889249012604
