-240,-0.5648131087685054,-0.1777301823947194,1.9500305033288905,-0.9638446152078884,2.1848923606881625,-0.4304872624194009,2.091081006589751
-232,-1.8060347272966721,-1.0938355533633,1.9326909088219208,-2.1732770924945948,1.6271373661628992,-2.2179041354534914,2.1647740461063583
-224,-2.548744600540839,-1.0996153558520836,2.0425080498680477,-2.8726382159496624,1.1661947541332869,-3.6802046792820473,3.060649917908727
-216,-2.171609818433913,0.07802783180243121,2.4918908770196135,-2.0143313467060806,1.3497047892544798,-3.5299288373058406,4.218063676867108
-208,-0.739653403214059,0.989798381560458,2.1581050339154904,-0.3916400095316556,1.1445203882415231,-1.8624436944030602,3.2773939423704856
-200,0.24869999013697885,0.32945109789785154,-0.15816765992591797,0.008614243611168101,-0.33078494813078263,-0.5301896052984287,-0.02723192239108611
-192,0.036290813583689574,-0.7354851270942255,-2.2678108789647626,-0.5361360999313783,-1.6904932197410245,0.26453901110933403,-2.460546366112214
-184,0.06230005097742649,-0.4190387207931143,-2.098750426744423,-0.5159066993301398,-1.7352870574447892,1.1185110138179974,-2.287151012587578
-176,0.5651464141332191,0.9883533513877921,-1.1768651640353103,0.28315676902182063,-1.3176934204291177,1.9002350085797024,-1.1095078014947761
-168,1.2067092156085444,1.888563997679367,-0.5800962713547054,0.8611412523135259,-1.0864995051091773,2.4782193880289416,-0.3234488836979159
-160,2.299099695283729,2.400080361815457,0.37791295691082877,1.4246760603482247,-0.08803158864163996,3.1140023666816075,0.7082531447343244
-152,3.356811305078177,2.7150818830750034,1.7390661969160048,2.0503442375741616,1.5144302816524238,3.579279834380707,1.7934190489483095
-144,2.628550895525572,1.9044587395858406,2.025168600957841,1.7194481775916828,2.4724395436007907,2.8784737094687536,1.6286935459953764
-136,0.27326445502396196,0.4537178075645502,1.7665205285884433,0.30338630171564346,2.5013387663683924,0.895986958227765,0.6258904199557718
-128,-0.9881866105163516,0.1343813775501284,2.1783344449164956,-0.33817652149054295,2.8120054322688914,-0.011448534695097231,1.112842291420421
-120,-0.31194482352107017,0.6747968075259655,2.7693233904428767,0.4262078596720806,3.2772829004336526,0.5116272854069489,2.1994530516497504
-112,0.5738162737077054,0.3670200807436444,2.370514286526788,0.8293520601597644,2.8596891241852567,0.6662382491004583,2.1402096967033755
-104,0.5535868225046077,-0.4782820459371666,1.3055778006091705,0.05485289805950858,1.6097978930383057,-0.4593864207705243,1.244333742168517
-96,-0.02006267224892196,-0.757159600398527,0.5339686884544793,-0.8280182754179126,0.41337001426981185,-1.5069833408969526,0.7588267537275654
-88,-0.13276972090347836,-0.40603403535146154,-0.1307134483940896,-0.5289112616819928,-0.752713564837065,-0.8090671097788101,0.040681118438116316
-80,0.7197574177183785,0.39880925442617493,-1.0034699329795933,0.9160497948969123,-1.7352871043213574,0.8063994770009929,-0.9462270968151874
-72,1.5809540991098265,1.023032405359957,-1.6435876176692552,2.1153674232594386,-2.3421708451500396,1.5014256786626687,-1.9634798565127236
-64,1.7442347792645874,0.637227834148619,-2.1319845683562257,2.392800013516815,-2.7742141752730665,1.5100955483264842,-2.4171976414688214
-56,1.169140251699644,-0.2832123938864333,-2.353063628077507,1.8364899187790569,-2.884031118257926,1.3540397442948935,-2.0097185674612996
-48,0.15766751552478248,-0.9767936999515561,-1.8632216753127666,0.8539163737068289,-2.329166095757571,0.618554539488963,-0.728038062980303
-40,-1.2034858551759944,-1.283125440799034,-1.2202140299292896,-0.5809299345307338,-1.453519743610508,-1.1616376703843854,0.18228736098927315
-32,-2.3074361110368793,-1.7339533668859166,-0.8792032132235666,-2.2989886709047136,-0.7108097387394174,-3.4822450902862236,0.2718750104749909
-24,-3.3001243692154105,-2.2339097502557794,-0.33734289292867,-3.0864924406811873,0.2110754261808234,-4.852068152302542,0.013226966666153084
-16,-4.008155289691132,-2.5344617691738764,0.3649083096534016,-3.2483281449904324,1.0910568069129325,-4.681562839255023,-0.355238080973952
-8,-4.164211139357529,-3.0633174297937114,0.25509117000425907,-3.722275325735936,1.3236955482906734,-3.8405953545051705,-1.3696008017465757
0,-3.2351011611783917,-2.8610229620005545,-0.045460683759300714,-3.463627313281625,1.3265853733218342,-2.123981630143064,-1.4606332873794223
8,-1.3263076000178275,-1.7657425084378182,-0.05991034752999713,-1.7773577645600123,0.9335559559448693,0.31655769606526823,-0.6066613110582327
16,0.6706286212787608,-0.7860587180818978,-0.3908063649820784,0.14733041619332735,0.2486444933113091,2.32216357654677,-0.19629241403741535
24,1.7933634051169536,-0.29477198660158743,-1.013584645620237,1.4203410868664301,-0.5460840838256839,3.1949200566308824,-0.723703270175089
32,2.2889850205168707,1.1559688012199243,-0.5222978674185778,3.2800061787920396,-0.5374143830416954,3.595174375587167,-0.5286334329463827
40,2.788941677385129,3.35230979597411,0.5166291108665361,5.561599649781456,-0.04901753511064925,3.635633318816337,0.35712774685966053
48,3.4666283772064337,4.563187121049477,0.6972492928616701,6.128024496896288,-0.5171850041713187,3.694876626265259,0.6085509249450968
56,3.154516735770858,3.764123668995662,0.11059507851799355,3.892669563163787,-1.3090235009395443,3.6703123201687746,0.1721726911894692
64,1.1301262976649484,1.4810851665918172,-0.5627568035076062,-0.5448058561290593,-1.388496452375339,2.6328302474143226,-0.1153745626588949
72,-1.8508284443941616,-1.1790881688312551,-1.0627133605691295,-5.3680860900188785,-1.1067290598443018,-0.5576438450803737,-0.36968775452353353
80,-4.178660756251653,-2.8595780314794035,-0.5295226722955699,-8.458857788101366,-0.04179270446706462,-4.690232481986571,0.11870899841261025
88,-5.974747366236091,-3.519925184756852,1.020920485723764,-9.480445197180442,1.9074597035307812,-8.214492632876132,1.38449499831917
96,-7.845971942688217,-4.738027406289267,1.6350290857565908,-10.233270058115853,3.0273047026951256,-10.79374817916407,1.5578903696941546
104,-9.633388892711642,-6.510994635731316,0.9371127386887871,-10.756345872785184,2.482554341612671,-12.380315425363973,0.4626098470583267
112,-10.263391796618892,-7.245034928952989,0.4862849176861344,-10.289623445228269,1.648811822237733,-12.608619310451344,-0.007002512321401662
120,-9.656508184623165,-6.402622486052748,0.7810570847553514,-9.421201756241947,1.5303249914282686,-11.371732599281062,0.459719895056855
128,-7.687026263178827,-4.586306530415103,1.3026880164009826,-8.010919827985793,1.7600738487910859,-8.541053912160585,0.784836202531527
136,-4.4156343014552615,-2.3061579044203833,1.7448459931959714,-5.027075230161876,1.9392489417850107,-5.175739507525204,0.5810967385589786
144,-1.7251168715719798,-0.16906051436224234,1.8098692838102588,-1.699329767549315,2.0346164398599793,-2.9577241686101132,-0.1991823927368015
152,-0.27582085113494764,1.6674851100975403,2.2144584660418336,0.9796280866930598,2.4392055421530334,-1.164527459093966,-0.2873250637382558
160,0.48567360612110083,3.4260027555521977,3.08576992790525,2.4231442546603295,3.1429015416114665,0.45816386116143265,0.4770595473058234
168,1.2052642832247498,4.600756021162782,3.808250534813851,2.8118386165991134,3.624073551137911,1.696495408944499,1.6041290941469086
176,2.4407059631358172,5.645462938530655,4.524951158867528,3.2438820954233107,4.2728610705667895,3.1746906069799876,3.0447553431746552
184,4.144315160381106,6.810101569576472,5.917893651872871,4.253909913028995,5.495298176018804,5.31467794515909,5.0229069830981095
192,4.566243766377179,6.694504700236929,6.618699798515685,4.103633906363916,5.86376326758629,6.265462326017232,6.430299125128212
200,3.4521787315965273,5.217754432101711,6.043605232145635,2.6572278436715107,4.947657890564119,5.615230023371391,6.593579818476706
208,2.1690533195670016,3.701990324794913,5.332684434484689,1.7281178713907506,3.969419277995492,4.527174241506519,6.157201439124317
216,1.4552425441379917,3.271391949096983,5.1477294399713465,1.793141169145178,3.8451525945610445,3.9000611233596616,5.983806044311048
224,1.170585160489934,2.9954042691821012,4.73013577191159,1.6385302909781243,3.80902863210903,3.0879929818284624,5.5199735876925
232,1.4451278676637092,2.4867780512282383,3.9975404809229063,1.4449055023933157,3.1848053942518084,2.677624098311824,4.710795489587606
240,1.7962533341458007,2.0489547800045838,3.0929947869541743,1.5200434957141395,2.559137308916363,2.9550565058747567,3.5765009117133633
248,1.5246006741236222,1.2787905957322954,1.866222674182306,1.652979932397079,1.8857854503290483,2.683403869601302,1.7991988492640072
256,1.0766627206825294,0.44793795680221243,0.5383035132351022,1.712223362159701,0.9032117993964884,1.566448932489715,-0.33500869077248296
264,0.9206069046989652,0.3410108450573319,-0.1625025410515567,1.9174077428387808,0.578095669338766,0.7991746243161081,-1.512651959141621
272,1.1387960651937201,1.010027759654734,0.1886229249648744,2.4245891123830985,1.0115838607546324,0.7341513437911485,-1.2930179846962582
280,1.9508641789404633,1.875559488568122,0.7059190493697921,3.1644092860142092,1.2471125735363986,1.2644520615920063,-0.8797590431625931
288,2.90164860419165,2.413084934411857,0.6322260429151355,4.269804476121535,1.0708273193882534,1.625692376998279,-0.907213273010432
296,3.3987152201171313,2.6269391729580005,0.5151841688590744,4.894027565432807,1.134405542576972,1.2384427917571996,-1.0329248818437546
304,2.7311430833039765,2.4983377358338883,1.1162879372326031,4.264024584381004,2.0562908046652013,0.657568422432704,-0.6919141199308426
312,1.6344177107064004,2.309047831168687,2.2606972584811347,3.2612215868639134,3.3249665943678863,0.31077775186023215,-0.00989232524536913
320,1.1532456848818142,2.3437269137014103,3.28950950068732,2.8811968075863725,4.0965758465314055,0.27176388738772456,1.085388107052168
328,1.6575370304023795,2.612489699953212,4.030774475540965,2.988124004236827,4.16593395602794,0.4263746460350471,2.45665627421262
336,2.2543060019349634,2.9910694589921984,4.422358999804903,3.1976433854060566,3.9130657780378204,0.6922474961178618,3.6631986584024836
344,2.332333846053538,2.8552431524193937,3.8602692402588814,3.061816950155516,2.975285958910648,0.958120340612742,3.7412264866885754
352,2.416141649433532,2.566250958426211,2.8545762016437934,2.9129859466547465,2.004272151529454,1.6820458691949265,3.076544471067161
360,3.0519244852834038,3.099441622795825,2.413863130224248,3.1846387395456137,1.6791559278738133,2.8741387583387006,2.4768856378713964
368,3.67181281407531,3.254052391222036,1.7491809410663945,3.745283653010399,0.9899094583860669,3.6977665804398163,1.7399554994399065
376,3.583670222236275,2.7642105078408274,0.6481206739942232,3.977922357135237,-0.1617244789914157,3.486802337046426,0.6432299186917352
384,2.958002035231449,2.2469145246865003,-0.2231908941951888,3.5227595604777044,-0.8668654903065026,2.437760462650122,-0.22085684353414115
392,2.1228144922031036,1.7036091164769376,-0.7101428171930211,2.7670448568160055,-0.9969120131721957,1.2947962550828478,-1.3016876825310577
400,1.9855432650432556,1.398722319189125,-0.7014730153605339,2.775714638625059,-0.5345245128413905,0.8338536768912888,-1.7525155330255913
408,2.629995933304039,1.6082416744365426,-0.1523878068352734,3.4360618997807024,0.3729112115151323,1.3222505554007615,-1.6788224910254563
416,2.807726225075431,1.9449176278669764,0.14382917697851968,3.0155782280310697,0.9899094527981314,2.062070558444622,-1.7106116051033429
424,2.223961861219066,1.960812230540726,0.21318733723213293,1.814815599763862,1.329475344104979,2.1343186866874126,-1.6311387840527096
432,1.658982097517508,2.106753273192459,1.1466322170260053,1.5735070273721936,2.241245898674839,1.6719311102985959,-0.018562119937717652
440,1.4841417742009535,2.5662508569120503,2.789552969702829,2.1269271572251833,3.6515278790850587,1.4595217960647855,2.4841104567182275
448,1.4884766275421362,2.839348461890881,3.7807962958080066,2.5979844524035576,4.226622359773431,1.4089482252557692,3.6834280448786623
456,1.43356813214576,2.327832326704923,3.2967342844543346,2.748260491820148,3.3726503617213806,1.1849792836926498,2.9320483119047887
464,1.1142317983680048,1.0909456056005398,1.6581484430159128,1.8639442121120522,1.5375497207129136,0.7962846921828505,1.020364829321177
472,0.8613635610836822,0.07224806532478693,-0.2506451349084576,0.15022038821823505,-0.583653124413477,0.6893575944078084,-0.9650116698064194
480,0.6446193190028845,-0.6964712509801855,-1.8574418566810584,-0.9436150767709105,-2.314716472809848,0.7659404764954861,-2.360844055519033
488,0.1128736739405068,-0.9753486902679868,-2.4484309850571058,-1.1849236500939015,-3.014077726650076,0.6416738053234531,-2.9185990570292173
496,-0.5156843789184514,-0.8091782206275425,-2.3891875801297524,-1.2253825979796835,-2.9649489690155644,0.8454134147375441,-2.6137122858184365
504,-0.7280936962566692,-0.767274345169799,-2.1608837402115264,-1.3120802187850356,-2.38407459239571,1.3049109824694307,-2.17444417053141
512,-0.22813719491928022,-1.0114728306026122,-1.92246516312783,-1.1820337545926656,-1.7555165789627407,1.6531466697103896,-2.0978610826214443
520,0.3455123850502648,-1.3091346811419593,-1.679711597505957,-0.8092337929201907,-0.8986546192855503,1.3858288530952858,-2.063182083442091
528,0.17356216212591313,-1.7715222379730005,-1.4514079595295082,-0.4638881012976456,-0.5850980363081754,0.5911002200789369,-2.4330921940063743
536,-0.17467360272525959,-1.7845269625302025,-1.2823473533305019,-0.23847417286836006,-0.4160376446238028,0.06224447455352616,-2.31894021545155
544,-0.1645588168205739,-1.08950071181887,-0.6003257283009604,-0.1329920239304788,0.21541032267328478,0.26598391555345197,-1.1239574871515527
552,-0.37263323906331464,-0.35112554740566654,0.1770633201425272,0.01150414563166254,0.6532335920342937,0.3642413445199146,0.49873387501336147
560,-0.5893773110225223,-0.4248184959631029,0.012337691305825516,0.25570257502990107,0.09692351794085245,-0.10537100446004505,1.2587834150972184
568,0.2371403191907285,-0.49128675962893853,-0.20007151504978582,1.0547659518018075,-0.7021398771470655,0.5130723087499155,1.8165383588654012
576,2.1184796966039214,0.6545673751045401,0.6755748976332452,2.391355096655063,-0.48106085467868703,2.625605454334081,2.9768422210099517
584,3.8509880886771355,2.358176419302488,1.383605811279268,3.3392495040913137,0.12437780009797554,4.028662657030882,3.5750561193383934
592,4.186219014728872,3.0416431286766277,0.7232586713507775,3.024248010461004,-0.16316947284250127,3.7483402713894463,2.539018808690927
600,3.348141571232238,2.4188648832735056,-0.23764047197376695,1.6948837294685062,-0.8350764227947453,2.851019219626695,0.9047679262987985
608,1.6647618779649902,1.2787905673269566,-0.6754637296932432,-0.021730003275502785,-1.2165460133841497,1.8337668074677005,-0.3321188078441009
616,0.13310308090578302,0.35690542025706545,-1.1609706085485714,-1.183478765207558,-1.2642297292044626,1.1604149305643758,-1.005470715946733
624,-0.7353184755222921,-0.825072737464395,-1.929689943014334,-1.7311189230710555,-1.190536720266279,0.9422257804693895,-1.988044159970461
632,-1.7800253672787962,-2.405860232087807,-2.7995565289941946,-2.3654568866074364,-1.356707303062416,-0.2657617018796887,-2.8261216449109514
640,-3.226431309985809,-3.664421289281632,-3.0394199641111004,-3.467962219397752,-1.3451477027414613,-2.1297614809054024,-2.6787356472132413
648,-3.7639569301420868,-3.6673112153612926,-1.8892310665299492,-3.676036560304988,-0.46805618087856765,-3.0285272870141147,-0.9953558471543383
656,-3.433060833217146,-2.9173763393340857,-0.16105762232715934,-2.973785519307384,0.5997699854047732,-2.850797059348761,0.9640113214472635
664,-3.086270150227042,-2.7526509101108574,0.5700927517997724,-3.0070196017802044,0.6980273317939671,-2.636942807453661,1.6286934440155536
672,-2.4750516196975525,-2.1558819952337305,1.0252553652971985,-3.4144986115264686,0.5101824531104805,-2.2092343879481544,2.1546591937673303
680,-1.7150021185740252,-0.7831689317006236,2.3329452839680016,-3.280117097639073,1.1112862449222936,-1.3639320708118767,3.839483879799118
688,-1.4693586562091525,0.19795971498108314,3.2909544853804005,-2.966560757116008,1.4522970450194308,-0.8769802195258825,5.035911716658093
696,-1.2988533355558347,0.5129612570401664,2.809782398398965,-2.550411816083419,0.7298164988020198,-0.2729865371798863,4.44203263829844
704,-0.7873370938886634,0.5982139276113749,1.0729392468929284,-1.7238942003056688,-0.6067724358827737,0.6951374866140002,2.5216793462765428
712,-0.27148594269051296,-0.011559750628060543,-1.2967970916070046,-1.095336004799137,-2.6037087695589545,1.2687870141190403,-0.4303760291256298
720,-0.09809071380788285,-1.628471187835272,-3.757565678407749,-1.671875520627229,-4.253854310193742,0.7139219743892168,-3.1613525680134997
728,-1.1370176397837126,-3.6225174340025426,-5.037801374060413,-3.290232001200843,-4.480713087498232,-0.7122546520012499,-4.785488882119986
736,-2.743814355657937,-5.295782437912211,-4.8210570051645245,-4.599366691912741,-3.516924126282666,-2.384074746189305,-4.695901249398074
744,-3.844874683421296,-6.334709347279456,-3.9251812632816527,-5.363751122125021,-2.284372267677474,-3.642635765198906,-4.271082589420708
752,-4.2480187940363505,-6.568793106257008,-3.169466428924352,-5.573270432513731,-1.1674173903257519,-4.076124090104338,-4.128031588643077
760,-4.242239032836201,-6.130969834567693,-2.506229339943579,-5.180241028175286,-0.3900281722263362,-3.6440807779868822,-3.405551068968356
768,-3.9734762088658324,-4.730802636336869,-1.431178411158423,-4.365282952958624,0.26453899152170995,-2.8840312264167163,-1.881117096654356
776,-2.7322546431126113,-2.5633609531363697,0.03979202623789543,-3.138511018535026,1.3150256846804556,-2.053178533625144,0.09703461979277056
784,-1.116788122611932,-0.5042914233397308,1.400945310946554,-2.1082537844956204,2.304824060241047,-1.5055383586873987,1.8887863564125906
792,-0.6298363624403303,0.062133246668590734,1.9644800202610584,-1.9377484557708389,2.0490660656016693,-1.5257678159440935,2.58959252649369
800,-0.9824067810192133,-0.5360805724974341,1.7881949421328818,-2.6168800676420614,1.1546350280837847,-1.6095755032192065,2.671955399197311
808,-1.1023385324157209,-0.9796835884678724,1.1220677521390219,-3.0373637743162902,-0.2339725991627434,-1.1731973051642763,2.582367676757991
816,-0.8769246028998916,-1.153078999579287,-0.11337387996415256,-2.6515591231664297,-1.7728560406010219,-0.017228293722160976,2.0390623840324262
824,-0.7309836296316906,-1.456520741083062,-1.3531505088321862,-2.3278879321669828,-2.9909581722608074,0.6199994520045436,0.9206625654493479
832,-0.3943076460884936,-1.8004215658248324,-2.3284993154617637,-2.353897146588096,-3.683094582263714,0.1590568582909422,-0.9115481196771354
840,-0.1833433255505487,-2.7526509180270984,-3.5957301555511862,-2.2671994334265877,-4.250964259316858,-0.8856499674968812,-3.08187968021808
848,-0.7136440303128877,-4.261190214713747,-4.969888013942789,-2.4694941879118772,-4.711906995057153,-1.9823754860016585,-4.675671717946014
856,-2.003994311170223,-5.39692961041911,-5.455394931913665,-2.5850910226372683,-4.3607814078135645,-3.0429768750372417,-5.4617304811433245
864,-3.1151693417953363,-5.578994712225183,-4.813832379877568,-2.3669018289253407,-3.383987693169798,-3.605066778627819,-5.587442170070389
872,-3.658474719736915,-5.287112615901067,-3.462793558680762,-2.1096986970112015,-2.317606363188809,-3.8680495421330527,-4.799938355435211
880,-4.035609499515536,-5.08337315875822,-1.8473270912654696,-2.3683467460975325,-0.8726452794463305,-3.9894263932409757,-3.584726127969008
888,-4.191665281040163,-4.8102754854824,-0.562756765789041,-2.9550009754975908,0.6257792058794838,-4.063119431981481,-2.7177495759470083
896,-3.8896685357157796,-4.502498765840216,-0.11337381461635228,-3.3725948160072448,1.2413327800503997,-4.735026335212377,-2.7220843622329642
904,-3.755287122100782,-4.862294009009088,-0.9471164201386273,-3.20064442917012,0.4856181707627211,-5.792737821296144,-3.5775013701238056
912,-3.785631384664717,-5.944569884853149,-2.7417580725935604,-2.6862382705812937,-1.6312498928895465,-5.831751897178877,-4.513836192295484
920,-3.6917088059350274,-6.182988507571654,-3.9063968329379963,-2.7584862403440256,-3.3637582200806193,-4.555851249048152,-4.492161809639913
928,-3.0458112625667866,-4.9085328242657935,-3.728666587111851,-2.875528194959491,-3.6354109774260093,-2.7756591096448786,-3.4662392758943437
936,-2.498170990616273,-3.4693515751427277,-2.8746943934820597,-2.4203654074599625,-2.8623566981942328,-1.9072375799147168,-2.467771306496639
944,-2.3132160184546726,-3.0069639447372016,-2.0438419144290187,-1.7643529869174248,-2.2092343086603656,-2.1312064375035846,-1.9288007373479792
