-240,0.441531583446815,-0.44546568866098385,-0.31504867644437823,-0.031418666839831466,-0.6789767039127841,0.9009012323286806,-0.12152493610202432
-232,0.4555433412902377,-0.2521035738040424,-0.22817586728233455,-0.2710194197811168,-0.9480022238545762,0.9065059743294821,0.04521483235009037
-224,0.29440831453789057,-0.1442131644524431,-0.06143606481342816,-0.5344402019365776,-0.6285344753486757,0.8532613459410092,0.41652604598311693
-216,-0.030664186354468995,-0.316557663315567,-0.06143613600786468,-0.36910171836336764,-0.044244760504135734,0.3656525931725596,0.3492696644172431
-208,0.0800286044584475,-0.3109529125847925,-0.12589012256591198,0.11850700309759168,0.21076895839591878,0.04198140560677563,0.09425592083243667
-200,0.42892102860116954,-0.03912512000531494,0.09129188408338472,0.4533876722567101,0.36069462441990513,0.08822005332419362,-0.04025680150926455
-192,0.601265463946212,0.23970854652882015,0.24962463007014027,0.49262056041222335,0.5176261364024279,0.24515163258771724,-0.23502007360688074
-184,0.3378447216776982,0.2495168224150764,-0.0109938019314939,0.4575911966596074,0.23458895163658353,-0.05469971165211516,-0.47882438572044034
-176,-0.008245436450077102,0.17105104309371374,-0.24639111370566105,0.17175165737494996,-0.21799038650457847,0.006952004676515496,-0.2518341447275189
-168,-0.39917300287243374,0.09678882113842412,-0.1525124320941278,-0.5806789860221979,-0.22359508034001044,0.12465062248285363,0.07323830709637072
-160,-0.739658372188689,-0.06574741779322205,-0.036214966561411044,-0.8693208915659782,-0.12130934691234618,-0.41340034184130764,0.09425590051267169
-152,-0.8937875945251306,-0.3894186726400066,-0.20015237161422206,-0.5862837353983219,-0.3412937320126239,-0.8547702864414509,0.07604065935743246
-144,-0.6037444578369366,-0.455273872280454,-0.15391361973919232,-0.3368746730055378,-0.4898182367319828,-0.4330167251855437,0.25118745795126196
-136,0.050603957269297284,-0.193254290865018,0.07868131629329567,-0.16032666704894596,-0.14232699948174135,0.25916337312170923,0.36047906292531484
-128,0.6475041980602618,0.28454618165218837,0.5186501035022477,0.1633445984845303,0.3803110506614233,0.6374804447546149,0.7009644287796845
-120,0.9487567407823665,0.86323121184282,1.1043409874782881,0.5780922275357869,0.514823757198863,0.7019344767687297,1.1829684142605132
-112,1.220584611329536,1.4391138729145099,1.4182040457611595,0.8359083182640843,0.5764754611851174,1.014396384433664,1.3665222697880437
-104,1.78105435400576,2.048624754345686,1.3887793914977216,1.392174525098135,0.598894248116637,1.6028896095325251,1.3875398635053782
-96,2.225226561610516,2.033211837304871,1.3033077516176947,1.837748026612802,0.7053835079039178,2.302075594287329,1.1955790041765686
-88,1.4195513083384592,1.081814456560302,0.8128967174815871,0.9087693539289603,0.6955752750654604,1.6883612352639747,0.5482364354804211
-80,-0.3725507117072648,-0.25910950962109647,-0.00959266561265098,-0.8931409007614216,0.2331877739256268,-0.5969542050451944,-0.3050787919305885
-72,-1.6952593221901548,-1.1250352966942896,-0.7858432334642963,-1.7730783976631845,-0.3805266248341579,-2.4226844016500193,-0.8081004040919262
-64,-1.9923083256082006,-1.5495911363075203,-1.2538355280816698,-1.4942447195392576,-0.7490354607687868,-2.4941442663771944,-0.9426131210150234
-56,-1.459862058581357,-1.7205343609784314,-1.3813423799305997,-0.9660019713461908,-0.8050824597813679,-1.3185589804944369,-1.1303705146424792
-48,-0.47903993582206816,-1.2063033241191023,-1.1767708977225593,-0.035622173030198497,-0.6789767514760863,-0.01406561658538973,-1.0967422787797665
-40,0.2453672176266051,-0.07975919399969138,-0.47478257876870783,1.0825150208699676,-0.26983384290173135,0.5506076413122091,-0.5881159780510843
-32,0.04920277353766915,0.5003270429516357,0.217397549340868,0.5178417260957573,0.14351259323637353,-0.06170558124178572,-0.033250937187681205
-24,-0.5154705090446814,-0.17784128742757147,0.0016166902991724688,-0.8539079989088816,-0.0036107143553629267,-0.7426763146062093,-0.17336838693005618
-16,-0.6850126082339576,-0.8994461896119421,-0.614899998106693,-0.7320058127487453,-0.3609101982916056,-0.35034751628685495,-0.6651806087112283
-8,-0.19179920618304372,-0.5365420058195961,-0.561655357526362,0.2712350403477534,-0.38753250375586906,0.4931594692546913,-0.5825112977621624
0,-0.005442974462283001,0.3251802744611622,-0.04602316974806246,0.327281982916542,-0.04844830567834903,0.697730982168154,-0.005227499920078774
8,-0.1946016212096025,0.8422135711642512,0.6027205614568466,0.03163424932572271,0.656342441698055,0.35864674044076816,0.6224986201075499
16,0.6461030813086011,1.7361628612808788,1.0160669820917232,0.9073681814860909,1.2546438731444196,1.106873809162416,1.0036181270867797
24,2.2112148317632143,2.4507617645816637,0.5971158603966096,2.441654175977282,0.9127573327399461,2.40716365634492,0.5720563680628238
32,1.8399035969073214,1.5988477261703704,-0.22397233956806747,2.0871570184132153,-0.1843622212342357,1.7990540707803735,-0.16075780363673847
40,0.20753549980672623,0.957109836257977,-0.5000036460142684,0.8359083212744193,-0.481411194247892,0.3782631836906841,0.0017784008265656233
48,0.3798799345497018,1.252757637731864,-0.4705790549678774,0.6887850028454743,-0.20818216284764518,0.6921262455859569,0.3058332788013357
56,-1.0997601856579593,-1.1054188660877844,-1.6503678492987544,-1.3457202581687315,-0.9339905203477117,-1.0131029702647774,-1.229853908452491
64,-6.497083917480159,-6.3023745975085905,-3.7255070976096714,-6.125126010836006,-2.480887020014011,-6.288524558071535,-3.405877688999497
72,-10.783276376619108,-9.84594458844093,-5.1729202579530345,-9.293181306178152,-3.9016778187503545,-10.186591606775318,-4.573055968221158
80,-11.454438878800756,-10.514304759885418,-6.2167952163514,-9.529979821552162,-5.09127489257989,-11.039906883856867,-5.296061973911712
88,-10.68799654273395,-10.653021098595769,-6.802486096112972,-9.090011036450445,-5.866124338863336,-10.52847823854348,-5.6981989769228845
96,-9.359683198679205,-10.292919279256344,-6.4255701653144115,-8.226887641374743,-5.619517652663781,-8.702748039379864,-5.3997488690955535
104,-7.9122701453532756,-9.20981146280582,-5.554039698253329,-6.6323512241638,-4.1917209941213605,-6.679452114559783,-4.969588309758007
112,-7.280340436802601,-8.123901262937263,-4.77778911294174,-5.397916541099781,-2.7176854884267874,-6.2773151071836235,-4.804249735573695
120,-6.410211204046786,-6.505544849475316,-3.93147978221342,-4.222331241369478,-2.146006335652698,-5.7140430275990495,-3.9607427447640613
128,-3.834852630661826,-3.707399666969314,-2.5415147644262857,-2.3153328651673775,-1.8657714781621295,-3.365674759176644,-2.101384369041351
136,-1.1502024992640476,-0.7285028899836742,-0.7620232817662626,-0.6157083916184788,-0.8275012524325253,-0.7272634067469176,-0.3849457263853912
144,0.22855306748465815,1.3732586717688957,0.7372333054729653,0.4617947215140556,0.55826017743363,0.8644707272901677,0.7107726804327394
152,1.2135786931229455,2.7716307669600138,1.3971864558067446,1.671008228358364,1.1859863409606086,2.002224304685088,1.1129096939800878
160,2.43119923101207,3.710417515493311,1.2472607833105371,3.028746264155234,0.8384950647265209,3.1862166786585204,1.0330427897791576
168,3.0505183290258886,4.0803275947642135,0.7988849686691719,3.363626888911902,0.3578922902208569,3.60096428091779,0.7149761863220729
176,3.1051640771763576,4.059309952730993,0.8563331175471057,2.974100460012522,0.5694696207957017,3.3977939687443515,0.609888094612676
184,3.353171951322009,4.678629055711864,1.5176874702765946,3.554186634499386,1.1649687436308709,3.5196961752242535,0.8550936193570854
192,4.0705732643812675,5.806574429017033,2.2631121877907963,5.074460821025069,1.8375324477566808,4.4458724393537565,1.5640878745795408
200,5.237751530507966,6.807013002401559,2.9552923746019166,6.503658726817199,2.6558182618950537,5.649481277197903,2.5042758739749496
208,6.051833867204679,7.326848651817258,3.4765292483887755,6.870766359904568,3.1546363233130563,6.411720130404442,3.1908513219461216
216,6.056037366170242,7.475373132303416,3.648873685088469,6.4420070384846895,3.256922092563714,6.417324833872946,3.6308201351944756
224,5.714150787986056,7.489384875998262,3.9010850384819853,6.1113298446599975,3.3802254409315777,6.06422883836609,3.988119538905275
232,6.1008749380765614,7.671537558781888,4.359269112904312,6.67039851408391,3.709501373659016,6.183328721484152,4.010538325535761
240,6.669751736181321,7.696758738915034,4.465758367423504,7.47887605128241,3.88044464348496,6.56444808547244,3.6812623590925644
248,6.965399569113217,7.621095302221659,4.359269104475373,7.791337980922795,3.986933944212806,6.556041069930854,3.7289022537586587
256,7.062080614575604,7.6645316076121235,4.2822045155083766,7.588167661223517,3.9883351372764735,6.593872776763007,3.9082525735945333
264,7.810307744407062,7.915341838985891,4.2695939255923205,7.575557113151126,3.7137049397550617,7.246820077525847,4.2067027560781876
272,8.629994704948905,8.309071832024598,4.467159509010435,8.026735230232497,3.6380415262412704,8.00345419821414,4.8274230132894
280,8.708460456876212,8.649557285630252,4.988396401160339,8.409255836202409,4.157877229391461,7.860534407348946,5.2912117336828235
288,8.700053384138249,8.659365476474527,5.303660618189054,8.526954501722566,4.705736410448784,7.5620842347994,5.05161090999865
296,8.969078899715052,8.523451513505853,5.278439477039755,8.79037525573139,4.9509419099063745,7.8661390954647405,4.578013920341709
304,9.053149377537869,8.488422206046511,5.328881755575433,8.948708000664528,4.99577954051424,8.29489847483358,4.641066817391632
312,8.614581796337028,8.150739185529433,5.400341658232837,8.260731363091574,4.774393951663602,8.063704716662565,5.125873168529517
320,8.278299985139428,7.796242046930481,5.209781882391481,7.746500397276164,4.335826348637829,7.588706547789503,5.23516476326843
328,8.145188385871094,7.668735161365793,4.849680121302049,8.302766594778177,3.884648187605557,7.267837673500934,4.939516908210567
336,7.722033689349958,7.39690736999045,4.63109687974542,8.735729476574463,3.6590591134863844,6.661129156372164,4.840033611032328
344,6.875724372017633,6.812617648673689,4.285006808616344,7.92024596276886,3.542761660597077,5.960541983671264,4.704119652729677
352,6.298440561381621,6.138652843299447,3.90108509808663,6.8987898789027815,3.2443114859402957,5.946530182479009,4.405669522324828
360,6.1891489988533,5.519333689443902,3.7385488352228164,6.568112725717623,2.962675468349235,6.039007685627001,4.1282369662206495
368,5.712749619908172,4.999497944299529,3.758165274408778,6.481239934316558,3.091583508445296,5.0960173518820255,4.091806432583948
376,4.542769037794955,4.342347207637656,3.529773832675832,6.023055903544097,3.19947396385503,3.406201073542388,3.7933562978141144
384,3.594174032340516,3.8659478852868365,3.2579460063805947,5.10668784245073,3.1083975831783364,2.5206587851198035,3.3659980982634674
392,3.6039821951886704,4.048100627825625,3.3364117914215945,4.446734762859836,3.20788098300902,3.053105073971581,3.2440959432603056
400,4.2583306656850795,4.607169090740516,3.466720980931458,4.67092258686948,3.339591378225961,3.912024997626292,3.3477828739661075
408,4.20788832498597,4.4068012814954365,3.1108227090239993,4.906319905868454,3.0159200794282772,3.7887217111208233,3.3281663802930725
416,3.4190271920535382,3.361525108358984,2.407433178492915,4.48036292436726,2.3994033550489027,2.67478801287485,3.0745537971097936
424,3.2340721642336545,2.660937961245936,1.7362706641194054,4.019376544043039,1.4157789318063227,2.1773710755838285,2.986279829803973
432,3.423230734217416,2.780037769256124,1.271080761800557,3.760159264465544,0.42094513865386046,3.208635469804509,3.011501025891897
440,3.222862803354778,2.723990792369509,1.3229241805685148,3.163259010730137,0.16873376042507554,3.792925203764682,3.0437280387381014
448,2.4297980457752737,2.178933910741858,1.890399816465544,2.388409562941521,0.8623150680518096,2.6579739611708755,3.081559699361604
456,1.8763341471008677,1.7908086265902607,2.23088521332637,2.2496932356704455,1.6133445647444582,1.3955158462578594,2.76069078232627
464,2.1467608406896646,1.8300415571915054,1.7839105885878217,3.224910645478672,1.4255871258114523,1.259601844154825,2.1287611496360523
472,2.4746356503437363,1.8174309186585302,1.3509476985131113,3.775572191590983,0.8749255961054689,1.6855588810461943,2.012463649484476
480,2.3317158638435282,1.8398497426171776,1.603159079601715,2.9614898887605463,0.8833326656825798,2.4225766429244873,2.627579234083124
488,2.016451636429156,1.8412509477221881,1.8525681069240894,2.1277910952674106,0.9547925359788753,2.999860461387369,2.952651666189316
496,1.8567177252243359,1.7291569974108452,1.743276495327298,2.5481433627639234,0.7207964147095912,2.66217747127468,2.8055284048062292
504,1.5806863651941612,1.4909573323219987,1.5008733491843858,3.331399878774999,0.4461662704711194,1.3240559029609267,2.451031216837773
512,1.7180014829952401,1.573626594654145,1.2584701780556893,3.5163549044876476,0.3915204527818982,1.1965490163426216,2.3599549181927246
520,2.2994888499437054,1.6885229447898518,1.238853735407842,3.3930515871262403,0.4195439221095741,2.4688153911871136,2.3165184792938773
528,2.092115057769819,1.2359436171848643,1.1491785634485618,2.423438917061064,0.30324648863693127,2.6341539638662583,2.130162294233318
536,1.1351129220800058,0.35460487213029174,0.634947588752663,1.481849723849402,-0.020424804742149395,1.3352653109515553,1.714013512757923
544,0.9151285652768828,0.1009923738384768,0.22300234823701154,2.221669792683205,-0.3160725890571237,0.5337935366263299,1.3118765263035954
552,1.6507450793033993,0.7497360743379636,0.3294915687394124,3.3356034721145824,-0.2151880626911887,1.0984668092745724,1.1787648740533534
560,2.527880257208308,1.7431687555553008,0.9810376318856183,3.4841279288190874,0.31025234498112514,2.237621601407575,1.6705771054675993
568,3.2719038779895797,2.610495678495787,1.82454463488711,3.790985072056222,1.0935088114721803,3.5799466617631195,2.7971212968473393
576,3.9290546763633327,3.2031924522307467,2.4410613723614456,4.153889210693533,1.58952456322537,4.731711995044743,3.6336224463644577
584,4.209289478614242,3.6207424442297556,2.805366692924183,4.193122105020235,1.6735950548957281,4.920870549374761,3.8157751171067424
592,4.596013626597514,3.82531389543134,2.9987287733127834,5.075862055179817,1.6679903183135314,4.559367584384453,3.5201273023873783
600,5.431113575826156,4.189619192965011,3.0239498530512368,6.877772304903144,1.6834032413750177,4.670060340879544,3.0115010037659316
608,5.869681212266656,4.140578093645456,2.816576096098276,7.1818271983811455,1.6862055791864685,5.111430247699975,2.5827415911328817
616,4.440483295486801,2.7660259804062455,2.027714942244012,5.0170127036051415,1.5194657816846162,4.33237731675006,2.2212386285508434
624,2.181790198722642,0.8253995072684187,0.8801531041650318,2.4234389358756614,0.8525068848838898,2.4674141784057477,1.8541309716818215
632,0.9207332554999116,-0.12179437255386985,0.039448457940104535,1.592542458971109,0.2766241475001919,1.796251664483788,1.5696925643510198
640,1.5946981499800876,0.452687111408931,0.0450531019544824,3.027345080574123,0.5092191163453373,2.5991245897279835,1.3174811626416172
648,3.012686657113628,1.4166950935088298,0.6923957224284019,4.885302313656289,0.9814149183572124,3.5309055814086796,1.62293716895784
656,3.8884205067908004,2.0234035859528494,1.3537500062212051,5.599901192422836,0.8917397465484497,3.9064202542708384,2.2955008822651726
664,4.713712271948422,2.991615071834847,2.052936082189177,5.752629280246636,0.94218200912935,4.508925300279652,2.8909999894465965
672,5.412898361763939,4.126566394052028,2.9861181999535744,5.967008913562522,1.621751574716924,5.443508629922314,3.5649649293828407
680,4.811794478414404,3.7188246053901874,2.932873578488873,5.340683995479053,1.8347300559097048,5.051179771245732,3.9334737475564903
688,3.1261817420881295,1.625470086272224,1.5611238196179578,3.9254978639366764,1.12573578804384,3.1932224883425127,2.7985224677850415
696,2.4592227316472357,0.1304169913758204,0.1501412263260208,3.5583901623641703,0.6605459439749856,2.6061304692517635,1.2264048341942464
704,3.465265943477017,0.3672154504565554,-0.13850069727977293,4.661114416947038,0.8721232635621057,3.7326747100010076,0.5230152890630348
712,4.907074375215571,1.5554113833012275,0.5536794786941387,5.726006957021394,1.104718225784513,4.876032948117667,1.2782482731314528
720,5.593649895434796,2.71558372414705,1.6129673043122663,6.447611763778126,1.5166634729229034,5.212314845260347,2.72986492160317
728,5.8822916861342724,3.81550559772015,2.7016798270911138,6.901592184955194,2.2144483255733336,5.506561468270694,3.7709375518231596
736,6.3895167995189235,4.5665351693701535,3.245335460114406,7.0024768303799005,2.532514901636365,6.474772963936283,4.014741875827545
744,6.746816342758779,4.514691689793417,2.9819147049014494,7.139791913863154,2.072929708656176,7.2342094532919665,3.513121426024452
752,6.451168490259703,4.003263001281712,2.3948226472784038,7.314938674978302,1.680600918615245,6.757810154572282,2.846162435150739
760,5.548812225090502,3.5380730866204884,1.8988068523268975,6.692817284308065,1.5026517433766358,5.754569269415708,2.557520523586288
768,4.680084047223952,3.056069133952319,1.35795353875201,5.522836658243948,0.9898219114718,4.831195394875426,2.1665928201936615
776,4.149039009083771,2.2910278673749054,0.5859064904867256,4.571439203144093,0.3705028799863962,4.260917433960871,1.4281739867187417
784,3.372788434157838,1.025767451677567,-0.4019214360864017,3.648065308886113,-0.13391994405320745,3.7508899342983653,0.4109213309248195
792,2.5180720486030523,0.07437004835548171,-0.851698480367012,2.95168165682519,-0.31186910107928645,3.090936847332151,-0.010832127377610915
800,1.8777354161755102,-0.1666319730583789,-0.36829325982833316,2.7835407151776215,-0.3104679174981752,2.1563535337947837,0.5580446346031204
808,1.8300954138899184,0.04634650979008703,0.4850219132461193,2.8900299152097406,-0.15914105916310398,1.951782002819307,1.5935124836879448
816,2.400373404456278,0.8085854183868004,1.2206385230013082,3.321591662041838,0.3550899081574736,2.4730188787133995,2.2590703736142586
824,3.32935204432746,1.7964133725044984,1.7026424983975126,4.075423524391541,1.2812661631054543,3.2226472004043947,2.497270036896904
832,4.220498903613266,2.4451571130414487,1.7362705849475797,4.703149593544499,1.8725618331837133,4.17544578083537,2.621974504575214
840,4.490925602771184,2.489994670799192,1.4574368952338603,4.864284659130174,1.5222682337383016,4.782154291341403,2.104941178370837
848,3.8323735753602537,1.8048203477075881,0.8072920352359475,4.3654665561695385,0.6059001518736168,4.266522141041781,1.1535437440422962
856,3.169618143207266,1.144867258634138,0.3182821660168706,3.879259017537107,0.02020923071993169,3.183414288166196,0.623899819944474
864,3.753907838033072,1.3186128399310972,0.5718947410722436,4.764801307314343,0.5680684518147185,3.089535643581791,1.226404856019179
872,4.898667359975018,2.480186441272104,1.3467441432542735,6.245842627960993,1.5278729042436336,3.8868038587347438,2.2646750674496903
880,5.4325147017593425,3.1709654156028906,1.6676131296778423,6.563909224644822,1.7198337774199868,4.2048704469896325,2.246459791826109
888,4.968726092898854,2.7982530445786713,1.1589868039633753,5.583087127172353,1.240632133212494,3.879798034450622,1.4491915422048134
896,3.706267908898638,1.6240688185522327,0.3673232364372031,4.215540973983399,0.5918883859022888,2.929801736290407,0.6014810584502893
904,2.522275552836702,0.1836615950795415,-0.4215379309635711,3.2725505377364983,-0.12831522402785575,2.0036254774289906,-0.19018244089178105
912,2.1663772640713628,-0.4790938774119445,-1.0548687151748264,3.0777873849986883,-0.6173251414123023,1.932165588468614,-0.5516854718084382
920,2.56711314220297,-0.16663197802543228,-1.0422581430197502,3.294969395711938,-0.37912546608831493,2.3973554788966362,-0.40316094917758266
928,2.5446944180369466,-0.04332861520795727,-0.46077077396405036,3.4014586372866877,0.558260181949133,2.3202909084432055,-0.12012377193757685
936,2.13975502077053,-0.15121903283797955,0.05486136038079229,3.5906172086250994,1.2280215315561285,1.9279620899546035,0.13769235867766724
944,2.3261111179292895,0.4106518864955847,0.4401843315562076,3.9927541854463544,1.1621663982935813,2.1409405708463516,0.7794301301333549
