-240,1.143642585352392,0.19899841716182023,0.20316843301136858,0.8623465873584297,0.3341577543056087,0.5931315998209992,0.9173548504262247
-232,0.8837489855832278,0.4078698870911203,0.3099958782539654,0.7539247344820296,0.7598732549015346,0.37469336123038577,0.7818274304507902
-224,1.5677635589339476,1.1349345123762582,0.6288838710909286,1.7759606797317293,1.0102002613977663,0.8402697653579673,0.8918437521071377
-216,2.655171575059309,1.9895542437106915,1.2554987193497802,2.8872852512329783,1.3530048031020652,1.8160668959879016,1.808646689721644
-208,3.2642475442086347,2.219153594538556,2.019235414400973,3.0706457670590286,1.769153617763814,2.6690923317041566,2.8386548322573577
-200,2.8257766299338383,1.873160192006778,2.1850571293914145,2.63376931625457,1.7340759453548997,2.5255926598051177,2.986937724659919
-192,1.2313367760518705,0.8543130974791723,1.1311324371319758,0.9851184985958612,1.1122444330407497,1.2181520142405573,1.5902084196159318
-184,-1.2001839307401168,-0.9234872295806945,-1.163266496688365,-1.998078414229932,-0.7102002319801602,-0.9582583540498846,-1.0996115661492196
-176,-2.595318763578602,-2.2564389726079535,-2.644501099404142,-3.2688469742708888,-2.4306008759111974,-2.3358543470014412,-2.966700557998121
-168,-1.8044766184110532,-1.9742231519611195,-1.8823589056756622,-1.6648404483282386,-1.749775011464624,-1.7778003850571351,-2.0435198834849393
-160,-0.5209525479193178,-1.1642477018948052,-0.17471377613479108,-0.04488955264883047,-0.2127350590905714,-0.5389206604052181,-0.047281309613129444
-152,0.4325224836114019,-0.29687242602532565,1.135915727859361,0.5163532124023644,0.7503066140133967,0.4209321242955593,1.1485485744610704
-144,1.1420481491152101,0.8048854672492448,1.7370195237015538,1.029762847861234,1.5092599311568486,1.1081356422285606,1.8166188565202246
-136,0.7657603381825797,1.0089737661742826,1.1933155399603088,0.5466475387611925,1.509259943317566,0.824325311866405,1.4451144099643969
-128,0.057829121933059335,0.11130414887353637,-0.19863040104943186,-0.31434995019651935,0.09499181157503361,0.08450531811971364,0.25885120822754104
-120,0.4165780722541584,-0.02262881585288947,-0.7088511314911721,-0.09272280676005441,-0.5810506766765754,0.2901880412924932,-0.3310915803706402
-112,0.6653106497068727,0.4158421881714296,0.09793540259623915,0.3282093171270732,0.4218520169417274,0.6856091656877761,-0.14932540949074982
-104,-0.6708298715920078,-0.09597295298711259,0.42798447803940837,-0.59975469401592,0.8156785812660403,-0.26946038052531945,-0.10468116247817315
-96,-2.07712579971125,-1.102064528500054,-0.14601386922792867,-1.778045725871197,-0.10431321220889153,-1.6661896096932785,-0.15570316522997332
-88,-1.3373057049107069,-0.6460547753659946,0.04213005345179702,-1.0382255796873385,-0.19200734261861457,-1.1607521828247527,0.30508993224139547
-80,0.3272894927614247,0.4939696716982949,0.5778617427925639,0.5179476462416577,0.319807830568861,0.14190517064220182,0.3864063797049242
-72,-0.050592817781142656,-0.0895952265363789,-0.7104456559363769,-0.06721176907327929,-0.7309280041173747,-0.43847095154746263,-1.2973221088212004
-64,-1.6083604773781555,-1.687223979783311,-2.1581969030998542,-1.709484810953273,-1.9809688151436087,-1.6853229197303772,-2.6525959367316236
-56,-0.9259402592502584,-1.0382869527811085,-1.123405492274135,-0.706582097980588,-1.126349093914559,-0.43209317456980306,-1.1873057131728797
-48,0.968254213544987,1.0488348038163884,0.7452779628738271,1.3582174349987959,0.49360178806263155,1.5035567469269067,1.001860111958416
-40,0.3751226346857459,0.9770850015229402,0.523650778844544,1.093540394976801,0.3899631719611369,0.4783319151580701,0.5920890883190987
-32,-0.9163736075716252,-0.28092807187483854,-0.5685404613811711,-0.2569501497424563,-0.32753475471527355,-1.0395747021723383,-0.705784945817092
-24,-0.9036180657770231,-0.5169051005105653,-0.8555396547974157,-0.3876941697153235,-0.6639615184142463,-1.065085797408426,-1.1330947798835709
-16,0.4915167420549163,0.6310915570281227,-0.11571955040532014,0.600858491404883,-0.3084014862986605,0.1530662371483028,-0.570257535090655
-8,1.6474856165765563,1.6563163977034006,0.6336672065217973,1.2466066777903773,0.19863039753165107,1.2643907858696164,0.07389611640169397
0,1.2903310420316052,1.321484003785856,0.5252452378616614,0.7555191448562766,0.12528619770978425,1.0523302187495902,-0.09670892922383939
8,0.6589329220571946,0.851124280841344,0.93661071880532,0.40952573050633667,0.9496115641479049,0.2742436633344038,0.09621834926880359
16,1.1356704757605685,1.4362836540219637,2.2073792790175526,1.2497955019644251,2.5807234989289793,0.43368764519427966,1.3988756960559272
24,2.229456088336878,2.257420158262384,2.2695624486441948,2.4615697759861552,2.132685930748939,1.455723520048839,1.8070522031288145
32,4.383544327725781,3.937959691073175,1.5090146836166773,4.102248350798979,0.9225061005006099,3.502984277027882,1.465842117187357
40,7.121197547733944,6.921156640038567,2.389145460345384,6.452452658085196,1.8791699781289253,6.085976819605767,2.272628674911093
48,6.480232709111312,7.0726283891579405,3.2437651738669366,6.146320291996581,3.189799515179677,5.621994799304385,2.781254939142051
56,0.5361610212677038,1.8635935255982625,1.6046810575573973,1.0393294428469435,1.753209250424943,0.3284546146078725,1.12782087100622
64,-6.833339765483459,-4.952636741859316,-0.9432337983955232,-6.306254748791907,-0.9669050654671448,-6.320359454349434,-1.2239778584724077
72,-12.208196435838433,-9.56853999384571,-2.733789749634571,-11.838960970421738,-2.7574610341765213,-10.92350721147132,-2.548957385373106
80,-13.891924981228762,-10.812203010595233,-3.1674773810607575,-13.326573381116436,-2.7367332745425803,-12.106581496544162,-2.8263898392452487
88,-11.93076400388984,-9.989472104201898,-2.6492844439127303,-11.837366471839466,-1.4898813395875417,-10.062509679351624,-2.5601184294418253
96,-10.213552237742775,-9.533462269539648,-2.4531682730775093,-10.671830974927683,-1.2826041147494929,-8.260792739195281,-2.5505518555232745
104,-10.77638939192978,-9.933666691170867,-3.156316265911786,-10.635158883238079,-2.8626940632214275,-8.999018328562444,-3.26486080490336
112,-9.711303623743968,-8.576798440382925,-3.031949963140656,-9.047096875358692,-3.907052145422717,-8.541414105278218,-3.209055456786584
120,-5.2628166110219405,-4.36747728149834,-1.0596278982284744,-5.0275140418205835,-2.7335443983001073,-4.462837064337354,-1.7884095920847636
128,-1.0423343941951415,-0.09916194569843224,1.222015500990929,-1.3969745515894307,-0.8281887718184038,-0.2933769180883254,-0.16208092079791853
136,1.252064493722772,2.5364471239051807,2.872260695967286,0.47489779864155485,0.7136344394253802,2.0105886062645046,1.5567251813888656
144,2.945359563018557,4.11494251949981,3.6742639023313264,2.1522484836419733,2.0338306473378687,3.756500175695414,3.052309821569794
152,3.36310285348264,4.256847659074871,2.7702165364850218,3.0658624780444206,1.7053760600290293,4.411814996803047,2.801982717959097
160,2.55950519049937,3.249161660341853,1.0705436956924639,2.577963867083943,0.026430889292168018,3.5141453902927964,1.3382869501631944
168,2.068417731557241,2.828229576362434,0.40406789423141926,2.067743156681695,-0.7293335771291894,2.8141863045309834,0.5410669517994038
176,2.5738551748684286,3.3256948629804244,0.6320727594941195,2.3770644522801523,-0.32115696660456233,2.685036672666261,0.6431111813342539
184,3.2546809492229243,4.111753636063674,1.5090146455930247,2.871340819322409,0.5637571464114014,2.492109441960101,1.3287203371933245
192,4.005662063942033,5.0747953250964715,2.8595051733557897,3.478822389401818,1.6607316881549978,2.879558294734841,2.304517455319985
200,4.924059440362886,5.854476453942288,3.4924977478940975,4.320686589560868,2.231541198059903,3.8888387168592073,2.6521053381073165
208,6.0449505806443575,6.304108454248845,3.321892742004994,5.583482982974521,2.4834626673413633,4.859852581597025,2.534116807860626
216,7.047853329071528,6.420502535241248,3.2054986243591617,6.763368356007846,2.767272985371523,5.430662046798448,2.333217309644589
224,7.738245728899169,6.586324281404232,3.120993299625492,7.295911235390615,2.660445438218687,5.972771603208954,2.264656442855703
232,8.588082166080662,7.125244906249561,3.3649426017658155,7.541455067970863,2.882072626529912,6.717374965271834,3.133626179455078
240,9.852472935099186,8.367313491386403,4.404517392725888,8.201553126024685,4.1161690448681725,8.008871209927094,4.570216483261129
248,11.0116305690519,9.430804877116236,5.364370102235748,9.277800019978688,5.200388159230681,9.183973351495126,5.36903083787541
256,11.215719007910828,9.182072346593614,5.3292923693658,9.893253823997542,5.517681652457709,9.0548236989058,4.879537769439313
264,10.244704998957175,7.640249005007491,4.5384503249095465,9.33519982951047,5.407665208337795,7.651716675289849,3.9324404905648156
272,9.091925114406411,6.326430569276886,4.342334209568303,8.515657819570377,5.638859137905898,6.304415064704933,3.6215247234459698
280,8.613593176191728,6.007542652829784,4.579905742609744,8.04051469713713,5.825408531687199,6.006254809235807,4.088695632664373
288,8.3281885001983,5.661549235910679,4.320012044184616,7.488838542657915,5.018622016954168,6.143376606357612,4.37728926454441
296,7.387468965758697,4.55181905423035,3.3537814720582375,6.490719180188537,3.585220629469575,5.749549965472161,3.578474863685146
304,5.667068375437584,2.863307290391833,2.239268021916626,5.129067546354521,2.548834730166971,4.370359543648362,2.5325223267486834
312,4.346872175232591,1.441066966501619,1.54728119373058,3.8758378938551914,1.9126531805589488,2.9417415261927355,1.9106907935386526
320,4.064656353386813,1.0727514008127612,1.5951144045085421,3.171095467352897,2.1007971183111134,2.8891249172962614,2.2008789017348556
328,3.5129802264833114,0.6406581809597662,1.7673138291645,2.3659034119795423,2.5855068247682955,2.9289859504851465,2.593111081034023
336,2.2071340313719814,-0.6141659170257423,1.1980988339419698,1.1254291764133593,2.1534136127940746,1.9117333588217544,2.015923833716611
344,1.8898404965244708,-0.885220664315367,0.6862837196740293,0.7523302937916274,1.5299876582480236,1.4365902386151204,1.4052534338109903
352,3.1414756751055215,0.503536306934268,1.1167824344362016,1.678699855680333,1.565065321236664,2.6132868578695385,1.8644520515406378
360,3.602268829954925,0.9340350862681389,0.9270440950449536,1.7073997764606899,0.9990391726255632,3.09480764663504,1.7273302545901112
368,1.676185532903692,-0.8166598478821296,-0.48722404680296333,-0.052861851502529436,-0.2446238806061153,1.425429179302682,0.515555973374717
376,-0.6453188512042811,-2.560976899547666,-1.018172504335879,-1.3650857802582566,-0.361018023601051,-0.5596483590642919,-0.02974244780265392
384,-1.7327268589370337,-3.1875918425230934,-0.7790064894973865,-1.9374896758734177,0.1842804301190856,-1.8352002430605103,0.0675183991999567
392,-2.7802737373941033,-3.8189899719177776,-1.81858126675524,-3.123752939955363,-0.6225060962608283,-3.0581355948926716,-1.134689220231418
400,-3.7576654399131697,-4.7549261902808935,-3.413021109332877,-4.220727512186392,-2.422628657900581,-4.057849371846961,-2.8295787166866653
408,-3.669971183614326,-4.724631795924813,-3.5724650480307703,-4.089983407602332,-2.8260219244304543,-3.708667014113683,-3.220216480473255
416,-3.544010418400524,-4.644909832656226,-3.023977758147146,-3.9751837015296907,-2.086201839906573,-3.0485689629109745,-2.6573792416750597
424,-3.8469540295112887,-4.858564778121567,-2.545645808114298,-4.244644064821838,-1.386242805014239,-3.013491292214837,-1.8234872168784746
432,-3.8007152977899357,-4.496626931347223,-1.8855477644478094,-4.1681110144491536,-0.9844439716385488,-3.1697464000588504,-0.752023681477832
440,-3.926675952529612,-4.286160882163848,-1.9955640578433338,-4.509321096622501,-1.2108543799394642,-3.4647177575332315,-0.5575019992907736
448,-4.597935191674321,-4.539676758565279,-2.878883774187268,-5.31610766684951,-2.259995787637514,-3.928699685858479,-1.5189491683315848
456,-4.996545120032882,-4.466332577070128,-3.060649932392607,-5.789656263809886,-2.996626993692312,-4.293826427202011,-2.0706254569212494
464,-4.735057003868564,-3.7679679352529907,-2.035425100452494,-5.414962895109157,-1.8247137247699217,-4.207726700486704,-1.3897996046353922
472,-4.543724153391773,-3.3693580053529315,-1.0962999875201886,-4.785159186879215,-0.10909647484673128,-4.40703164325627,-0.664329481529357
480,-5.015678359503559,-3.988000628921335,-1.475776723338165,-5.081725005597327,-0.42320113259538134,-4.8486915469881104,-0.9545175672881796
488,-4.817967790968642,-4.048589302877428,-2.118335952809383,-5.155069244470512,-1.5568478506397725,-4.408626118030939,-1.3116720224525626
496,-3.630110257131458,-2.6996932300211154,-1.4359157327974295,-4.032583684051964,-1.1996933237100262,-3.3993456936799573,-0.6180907436420072
504,-3.553577117009252,-2.1591780918636325,-0.834811894992197,-3.7216678013206583,-0.6926614496425441,-3.5205231130149492,-0.3613858899442523
512,-4.149897582730184,-2.6343212141256007,-0.6004292631997771,-4.133033338957239,-0.769194585825362,-3.9860995596194053,-0.372546990363341
520,-3.371810938593142,-1.7095460826506341,0.3068069864252202,-3.4809073923793017,-0.22070729936729175,-2.964063633038975,0.7563163973885126
528,-2.7659237641580963,-1.043070261321376,0.2621627029304904,-3.1333195087355823,-0.1266352981197213,-2.2210546870025043,0.9332992083448212
536,-4.114819844379348,-2.59446019189849,-1.5076655357759887,-4.376982564707704,-1.3304373577276647,-3.337162518401152,-0.7233237675485831
544,-5.825653828752978,-4.329210765389718,-2.8151061863076046,-5.788061840589812,-2.223323648675262,-4.8455025871621125,-1.9845256875577912
552,-6.25455813194196,-4.458360341417906,-2.646095494192117,-6.540637456289075,-2.3413122429798174,-5.36529000422314,-1.9797423625748631
560,-4.54053534394761,-2.758687533853225,-1.1297832327696418,-5.269868918685498,-1.2810097316084028,-3.947832967120921,-0.5288020600124227
568,-1.9368150504709456,-0.411672126959637,0.5236508166969194,-2.434954903400598,0.4728740899173905,-1.237285294172302,1.2505927330869477
576,-1.7231601625549167,-0.5743049379606148,-0.05513083071807793,-1.8577677036983897,0.47287403733513217,-0.8147587271968839,0.450183959705814
584,-3.143806076413441,-2.167150344643627,-1.4693989355700086,-3.2640635693012667,-0.3642068767210318,-2.3725264835658053,-1.1171503825711002
592,-2.2557031089072734,-1.235997523885191,-0.3628577013836831,-2.485976923794002,0.6801512236356942,-1.6661895714983483,0.13767375669233783
600,-0.36788633601471543,0.5402084864893385,1.4898813795742993,-0.4929272653872622,1.9413531141851355,0.20887164932294394,2.098834714334323
608,-0.8781071120163279,0.12565414848631204,1.1375101671795422,-0.5184382266841768,1.5315820840372638,-0.1849550121158335,1.6141250344251874
616,-1.9320317629978376,-1.175408746991192,0.1409852736613896,-1.3443580757757398,0.7965453220984244,-1.3871626430228152,0.5538226004712993
624,-1.1220563691106127,-0.9936427014865885,0.33550690549280004,-0.8181929050308219,1.027739102997472,-0.5883482921766456,1.1070931624130382
632,0.08971790491111654,-0.12148408778835244,0.8345666038552603,-0.12461162245215614,1.542743177776522,0.8562141681513257,2.0398404207788765
640,-0.3041086953815165,-0.21555598609801632,0.5300286176534588,-0.7958707446141856,1.227044083961968,0.25032709134457687,1.786324523652844
648,-1.9559483831167013,-1.2694807261439367,-0.11890844908517408,-2.4221993982594268,0.18906378404794794,-1.3696238363637638,0.9125714947845853
656,-2.6032909259239627,-1.8339124578722383,-0.11731394433690631,-3.042436519724989,-0.17606292595176115,-1.803311427882242,0.7722608116574783
664,-1.734321248244121,-1.3667415508804444,0.38174564714825926,-1.8545787414745032,0.6243458320143787,-1.0443580759694155,1.0209934533393359
672,-1.1395951841622722,-1.097281196837295,-0.1332583640867586,-0.7480375293830028,0.6626123527475004,-1.0698690922464764,0.42945627012445725
680,-1.3181724668102492,-1.6712795081363119,-1.1839942205252638,-0.7320932100018924,-0.2733237976183627,-1.4605068872056108,-0.2928249327207328
688,-1.2272893474573172,-1.7398404751226613,-1.1218110378815154,-0.7767374976072876,-0.5236508671447937,-0.9885526965088168,0.23015124856714214
696,-0.9179680624780779,-0.5982215914786339,0.000674537095635361,-0.3637775900179993,0.6913123011035696,-0.607481586284916,1.516864223562175
704,-1.2352615599870473,0.07622654754487312,0.5619174071400692,-0.641210139976941,1.4853433463211922,-1.1192967229902377,1.6428249182095576
712,-2.0101593708723233,-0.6619991851817391,-0.12847502745694553,-1.4001634447883966,0.6960956238598867,-1.7714226683692313,0.3194398806421344
720,-2.6734462347734724,-1.9678453641929639,-1.2142886135111228,-1.935895228674462,-0.7197669341857197,-2.377309798443349,-0.8205845847488714
728,-2.576185463646889,-2.214983562957808,-1.490126680302789,-1.9263286102237063,-1.1406990851347263,-2.391659730058872,-0.8460955967439895
736,-1.4887775232262788,-1.1259811347454234,-0.9336671559658862,-1.2168028450362667,-0.43914550267469576,-1.4031069870679163,-0.14294763028648022
744,-0.11755928584266663,0.323364624359985,-0.5733237716342157,-0.12461160121371974,0.366046586269093,-0.34439898318521345,0.49482827403053165
752,0.21089533366638383,0.6805191586546726,-0.4776573824497795,-0.1357727155063028,0.5063572944027465,-0.015944454795907424,0.8328494880114587
760,-0.9801512694432619,-0.3765944249196772,-0.9575837461111512,-1.6042517616975949,-0.41682337942532344,-0.6266148360322582,0.5107727076538784
768,-2.890290059735562,-2.0427840447842174,-2.113552645125503,-3.4362631441677802,-1.6891863691949087,-2.020155298061649,-0.4714022736031328
776,-3.4292107972816277,-2.5769213465306735,-2.493029294962066,-3.490474116508408,-1.4739369172685237,-2.8062140961514443,-0.9513286444581681
784,-1.7566433589902206,-1.4895133752800744,-1.2732828142340469,-1.4591577554716146,0.19544151460934703,-1.4525346594321638,-0.2880416594636742
792,0.16625109847196945,-0.19004494892507415,-0.3325633387139788,0.2181929516236302,1.0867333975805837,0.4639820025543741,0.2747955846441313
800,0.7928658525280781,0.20378170360726228,-0.6721790010928055,0.7013082790503872,-0.010241191435661589,0.9630416020895928,0.0021464101950435556
808,1.507174900221571,0.8192354185617039,-0.7949508770470278,1.4012673303853824,-0.5268397003965604,1.1926410022454383,0.27320115011972623
816,2.2454005461103823,1.82373250337115,0.4263899861369693,1.8955436929744183,0.8077064052184634,1.967538754896292,1.4196033801563963
824,0.7434381721137792,1.0536181257163177,0.5906172818467211,0.08744887804083866,1.099488909744142,0.9407195110404312,1.1214431008796695
832,-1.6577881053814731,-0.9346483812118189,-0.9926614632235493,-2.0172116262961763,-0.5523507481887214,-1.379190479649789,0.05635730820114263
840,-1.248017092361374,-0.9442149780815836,-1.3051716910722928,-1.2630416262568784,-1.2554986738821345,-1.3425183557599754,0.2747955646046384
848,0.9730375385279154,0.8064799284929728,-0.18746933642738584,0.7985690673047415,-0.16809067882393242,0.7669256434674604,1.1453597472040236
856,1.9201347778372593,1.7105273099255502,0.33072360996963923,1.6117333275003312,0.5031684097676653,1.8336057715005942,1.3717701503666078
864,1.9440514085753415,1.6260219773131064,0.47581762356056134,1.6372443826574332,0.7550898713416277,1.690106172565862,1.5423752006166391
872,1.8818682709776327,1.6706663049974868,1.1550489810322575,1.6531888320383303,1.2015330375400293,1.2691740627235062,1.8198077375584731
880,1.032031826602474,1.2385731675290714,1.0051716451988497,1.029762839468626,1.2254496204916296,0.40658215191594066,1.7177635761921535
888,-0.045809489201382385,0.020421132972343443,0.097935408077125,0.13528206072925583,0.2735690272534238,-0.35396565182034073,1.2569704886548927
896,-0.09683155412699254,-0.22990598091501557,-0.2161692578928538,0.06353230827762221,-0.05807448151520552,-0.22162705858811976,1.3813368222560114
904,0.3719337673497135,0.38714225403141034,0.16330746490801462,0.006132479220180938,0.23849140554271248,-0.15147178142498705,1.641230487624541
912,-0.4013695463235143,-0.025817659723874467,-0.2241414394213184,-0.9170482437645932,-0.17127962220726994,-0.8865085130476721,0.8408217450733948
920,-0.7473629271030214,-0.30643905218358,-0.8364063612029787,-1.0653311204096052,-0.8600776522534809,-0.9104250942864955,-0.10468108129253638
928,0.7896769788547705,0.7490801071430283,-0.6371013442701622,0.580130798226695,-0.42638996858759126,0.42252647540771693,-0.04887572529698556
936,2.3554168735901713,1.909832308702928,-0.0009198683115570898,2.214431627234403,0.46011852174602064,1.808094727990377,0.8583605957508202
944,2.207133948816123,1.5463000244924596,-0.043969756675757435,2.2989368795175977,0.4362019884649574,1.9388388094519429,1.4722198407263698
