-240,2.8702968283611177,0.8295358555619,-0.8488682193521462,2.1895201731321507,-0.3688847936723568,2.505115392999681,-0.25339252159201664
-232,3.1379376884768986,1.059641608191292,-0.6840406623563615,2.9924425259299947,-0.13388319055284323,2.940847644054782,0.09095015754392272
-224,3.410474317915298,1.3289143535481318,0.03402004866982998,3.2584513530202592,0.5580661620691886,2.554073999404099,0.7045656153451809
-216,3.45616900272229,1.829924909278279,0.8940608371099733,2.7721284111700446,1.2695990291993002,2.1265014410221204,1.3051254673983177
-208,3.289709629732019,2.2428097962793734,1.5631628745888684,2.4506330881992615,1.7885610499330777,2.4512607329234277,1.7392257665954027
-200,2.922519435952691,2.0910378411749377,1.757365572742477,2.3641393627381424,2.044778116087838,2.72869327052821,1.7604412315590352
-192,1.8486923589425928,0.9209253808491904,0.779823939704517,1.9235112710101565,1.2647031671388655,1.6499703381193709,1.003213562691643
-184,0.7193788048099068,-0.25245103929107543,-0.04268193917171995,0.9851365497074512,0.2316750305068438,0.3852045671230525,0.20029121392587743
-176,0.7079551177866319,-0.041928680382702664,0.24127844022544803,0.5102373423889209,0.19414001768665606,0.40805167400054776,0.4385567614328268
-168,0.9266371393904965,0.6467566687731725,0.8630536993906507,0.4743343171895357,1.005222131878272,0.6707967274531518,0.8514417029546394
-160,0.5986141101402394,0.8703347142465522,0.987082299529427,0.6032588961437276,1.502968729546976,0.3362457079248188,0.645815185069768
-152,0.5512872695922847,0.7822091088036073,0.750448762257984,0.6342659839003334,1.2973422996666095,0.43416306501195456,0.24598602425323912
-144,0.7781291696955169,0.6124856290908963,0.2380145067070944,0.40579210879845834,0.7473730826607117,0.6038865494579747,-0.35946968144555985
-136,0.7911848013891891,0.5406796084944484,-0.1895579724357678,0.2050615108255886,0.2039317956270135,0.19589754204809345,-0.33009451153726055
-128,0.6606283403494779,0.7512019535535065,-0.006778879436702505,0.02391444629403811,0.23004301921949152,-0.13375763435304439,0.19049948454577462
-120,0.33750111898955154,0.5488393644536784,0.1825279680514764,-0.2763654799078389,0.3116408451043104,-0.2838976332167695,0.30147248542281824
-112,-1.0447657034677627,-0.7273502551996865,-0.4359833479534445,-1.0401209255284303,-0.4668022164999094,-1.4148430760966715,-0.6385341742392041
-104,-2.467831448947683,-2.078609876826877,-1.5685608315724056,-2.10415628630651,-1.3088915499289655,-2.64696994614682,-1.7237849678995911
-96,-2.1006412683164384,-1.458466554618529,-1.281336546706129,-1.8920018985800073,-0.9988198631422014,-2.2030778283379733,-1.2831568340977395
-88,-0.8783061658634859,0.0005021625919037915,0.011172595559471766,-0.8638697158696967,-0.21548096752679233,-0.984006666415687,0.2639374973210274
-80,-1.0855645902016582,-0.06967197451656208,0.30329272144925,-1.2571710622418517,-0.5337123596088381,-1.2793908557268825,0.5038350240340059
-72,-2.121856787274865,-1.060269314104615,-0.4947337799819348,-2.156378832189746,-1.1212165719041454,-2.2944673993805944,-0.4231159362655418
-64,-2.0255712765104628,-1.1402350801418266,-0.775430178177033,-1.4693252813222724,-1.0135074689579766,-2.1769666056220345,-0.7544030906455548
-56,-1.2765034889473637,-0.7191904927540684,-0.1895579929467781,-0.4232415394680534,-0.18773768461263024,-1.2793907891099272,-0.24196885665752219
-48,-1.0007028572699606,-0.4254384190383539,0.5725655101071111,-0.39549828022044164,0.3605994874468217,-0.6021292258509146,0.4532444128286247
-40,-0.4034070369075325,-0.007657663841053535,1.1665975599874199,-0.35143545172872587,0.6266083899194297,0.4504826410930626,1.1500896466196393
-32,-0.06559204844867492,-0.04356066958127519,0.5170789767107274,0.12346372210601866,0.0652154790532535,1.0314589796899671,0.5397381055071883
-24,-0.26632266202393723,-0.7877326515330452,-1.069182242776744,0.2589161957955468,-1.406808923319724,0.910694122860604,-1.0856901631568354
-16,-0.034584883731954195,-0.8660665524895916,-2.1136341479501577,0.39273645694439246,-2.394142275745243,1.1652794683883096,-1.9016681660556682
-8,0.6394129211411756,-0.32915300399199854,-1.7660275679031112,0.874163501322,-2.2276827602297473,1.8768122736347754,-1.5459017227610312
0,0.9135815141832125,0.060884521409397235,-1.1148770781731174,0.972080854727672,-1.4231284857268252,2.268481669025454,-0.9551336135866958
8,0.5463914755512684,0.19144101943905,-0.8456042938979502,0.4939177859422848,-0.8780551314825925,2.3484474426009,-0.622214646718351
16,0.8988940666703615,0.8311677451856534,-0.4800461773216993,1.0128797896712078,-0.31829419140767184,2.8200828321042106,-0.44433142805126474
24,2.1212290995261247,2.139996533480166,0.2739175690717286,2.502855739793086,0.7620607019751854,3.494080717794226,-0.04287021965867264
32,2.2126185278682153,2.652430678762463,0.8859010850075141,2.8586220970116045,1.555191325568237,3.6327969160352356,0.3798064032089118
40,0.7308024087372946,2.2444416517181094,0.8614217133476179,1.7113570638506654,1.3332453427473883,2.883729089203195,0.4565083251347369
48,-1.2063293870757612,0.9600923087127601,0.14499299940884927,-0.5586938597632749,0.47157244344507404,0.6789564623754488,-0.10488455890934929
56,-4.088363783499773,-1.660829094456871,-0.8243888452379414,-3.9368429572199255,-0.12409146800974377,-3.2834328181401107,-0.9616614799221713
64,-7.996898491943581,-4.998179191054263,-1.573456702748845,-7.367214479422142,-0.251383985713866,-7.304572469852357,-1.983266005614494
72,-11.22817140256657,-7.9993464163660475,-3.2968023162284594,-9.751502336204325,-1.7772629408747365,-10.207822381553335,-4.235365331516817
80,-13.876836096363906,-11.607601187914204,-6.554186562290289,-11.970962571302156,-5.003640053249324,-12.879334352627334,-7.301810713543877
88,-15.725842334593041,-14.440676889052758,-8.538645116431951,-13.753058626452187,-7.149662246120192,-14.485179138689292,-8.755883571323494
96,-14.826634469453026,-14.517378885484389,-8.507637936112836,-13.1296513845748,-7.272058941558746,-13.370553064852011,-8.46049952471283
104,-12.288942783369738,-12.673268508088531,-8.3917690989456,-10.856336466084784,-7.2949062730055045,-10.694145176846245,-8.238553502097114
112,-10.017260040956382,-10.659434746347403,-7.98704401190599,-8.917572780998588,-7.172509543031318,-8.401246952990329,-7.752230575849294
120,-7.694986662794558,-8.015666008926086,-5.930779326723981,-6.802557686578098,-5.437740347011867,-6.028382739755094,-5.8640574499020754
128,-4.5567351730430845,-4.325813383969786,-2.9100287026072515,-3.71163299950809,-2.0677510621388575,-3.0924938999352407,-3.0603569914245505
136,-2.3095316538039383,-1.2250968597053944,-0.24667645278155,-1.2065804287723831,1.0280695194235219,-1.3919957861978542,-0.7299237266992014
144,-2.2263019253225886,-0.31936122710348813,0.7977754713251038,-1.2114762924105873,2.3744333128246806,-1.9338051892176464,0.2688333753344701
152,-3.0879747026106905,-0.43523009161873655,0.9348597091180166,-2.115579906888137,2.7595749135807646,-2.7791583094324466,0.588696787995181
160,-3.0993984050610495,0.08209994149423812,1.4277104934618488,-1.9948151105399585,3.3601347270661903,-2.792213962864282,1.169673102399612
168,-3.352351544709767,0.14411425637713415,1.7687892515262864,-2.071517156583691,3.35850271788253,-3.273641084727928,1.4797447870826832
176,-4.907605619114987,-1.1386031582614413,0.7031219769319796,-3.4260405914680985,2.2047098276774277,-5.1862934931033875,0.6441832488141447
184,-6.298032262746023,-2.249965234768336,-0.5534841681834801,-4.8556340742569715,0.9856386489255937,-7.032035856542272,-0.5634642378304878
192,-6.61463173855753,-2.67427380441001,-1.064286419985252,-5.431714660886727,0.19250804321393702,-7.575477145679666,-1.255413574148896
200,-5.940633902479618,-2.2875001695765627,-0.9272020964668352,-4.840946535759383,0.15823691622838723,-6.9912369095025,-1.2684692125042634
208,-4.52409592446159,-1.1239155410506594,-0.4800461490971471,-3.50111067268104,0.8257070190294298,-5.863555244818262,-0.9567656061161159
216,-3.455164789978196,-0.028873012400320957,-0.22056515398203516,-2.39627642236414,0.9529995465507874,-4.801151974216034,-1.0269396930865573
224,-2.8203339250648725,0.20123272129583147,-0.35764946312521384,-1.905057605656024,0.36223147278862305,-3.773019517674974,-1.1183292686871817
232,-2.0157796186559342,0.36606028284961817,0.027492167783808426,-1.4627975462923228,0.1761884757229105,-2.93093034044515,-0.5112416314660694
240,-1.354837371496594,0.6614443398034411,0.5497180783843016,-1.138038317151199,0.4960518717293827,-2.503357782589095,0.2786251040133417
248,-1.2487602128702058,0.5945341351614818,0.3424596996261522,-1.1461980513722652,0.298585191847782,-2.374433222042219,-0.10814845894391704
256,-1.160634574644706,0.4068591743168247,0.004644771999093834,-0.9536271383589747,0.10275046224642657,-2.1573831088200417,-0.44922727731423123
264,-0.5829220461494785,0.8980780025952542,0.5660376961886611,-0.2371984552743749,0.9578954335049265,-1.6172055715821447,0.20029125547382073
272,-0.05416838737095142,1.5720758537496382,1.3346889407588887,0.21811723946446224,1.6677963103846183,-1.2663351130633875,1.0668598664224958
280,-0.12760634334648352,1.552492324866321,1.2971539880692688,0.11856791018360861,1.298974242408621,-1.1259868709277783,1.0619640245224555
288,-0.4180945904815899,0.8997099604137337,0.8206228799072864,-0.48362382079950833,0.6657752820202129,-1.0199097414024818,0.7828995184054199
296,-0.7297982541953817,0.0967875630877134,0.46812035961253606,-1.3534564343378013,0.5107394957771668,-1.2434876731011129,0.3439033688935218
304,-0.92563289754531,-0.20512433933995955,0.2657577678830917,-1.575402334413376,0.3850788419265555,-1.7249147714735165,0.09747796322290717
312,-0.5861859640654393,-0.18227689955299253,0.11724978135856563,-0.9111963800580253,0.11580605414523264,-1.622101513407619,0.4206052937995796
320,0.2281600161510357,0.31057378854686835,0.04054781893664347,-0.20292754111246822,0.13538959056678404,-1.054180737082506,0.7306769790085734
328,0.6459408323554429,0.5977980297615085,-0.11611991706072486,0.2801314907106339,0.2757378469023231,-0.7114701316434877,0.2068190355578695
336,0.7569137634599906,0.504776546480429,-0.5224770060963762,0.5983629969180438,0.14354937054318043,-0.4046623308666697,-0.6907567592160737
344,1.0930967274834125,0.6385969313965664,-0.7607426193437425,0.8578439466284407,-0.11593166313964332,0.5386082712544037,-1.025307770504941
352,2.096749782737564,0.971515967336176,-0.3886566050519236,1.5954881171160686,-0.10287598814494985,1.9551460981571298,-0.419852112840473
360,3.3549878008225393,1.8805155071602686,0.6802745844781124,3.0120260178233687,0.2594182587249785,3.4532817732087633,0.813906668045672
368,4.2378760067855605,2.389685790274478,1.4162867883818722,3.9716161302851334,0.41282209661616426,4.164814600018086,1.310021353651226
376,5.073437558202182,2.642639011616622,1.5729545692580307,4.58849544867671,0.6527196373537649,4.5058934292574815,1.203944199758147
384,6.449176587953288,3.54674266098042,2.1571948129734295,6.129062030865594,1.6743241111549851,5.7217007174413705,1.54502304582709
392,8.038701593875887,4.4834854419954215,2.8393524292030485,8.20654200307384,2.741623363202244,7.549491427245455,1.9595398140371652
400,9.061938069322531,4.545499708668679,2.7512268321748765,9.16286833032763,2.9031870362917767,8.691860608338501,2.015026339018776
408,9.647810272960104,4.522652391246541,2.7071639751079934,9.76179613427878,2.7432553592378213,8.956237552291398,2.01992222404453
416,10.718373620860719,4.878418773183456,3.0319232407131356,10.804616051831392,2.7612068289747613,9.888084462305269,2.4752379450795323
424,12.298107096552851,5.459395147893763,3.7140809197029383,12.405565141498771,3.1969391753972927,11.652228982328555,2.956664989457141
432,13.611831558101317,5.901655245299251,3.860956901251193,13.848214113982015,3.526594200157201,13.116093553359956,3.054582372665136
440,13.740756215593395,5.59484753883802,2.6582053439851783,13.862901840760156,2.759574913230148,13.462068333014908,2.065616980552402
448,13.71138089158956,5.118316307434669,1.3999672326364667,13.880853024745416,1.6645324014093552,13.382102385008224,1.009741390284099
456,14.754200688881033,5.713980359661634,1.9809436010356942,15.223953188787226,2.1280079029466776,14.413498489666573,1.6511001201304356
464,15.601186000599577,6.445096696771646,3.0857778117330366,15.964861334691768,2.9325623047230467,15.280067189496291,2.835900213619972
472,15.437990260124204,6.278637110431809,2.979700675546043,15.604198982178904,2.5931154752006913,14.984683198107579,3.10354104568651
480,15.53917152881622,6.07464247358061,2.248584360174194,15.676005019429592,1.933805158511817,14.903085316650193,2.392008209936488
488,16.02386250671218,6.183983636023773,1.6986151920791663,15.94527765995238,1.7085952405948464,15.379616665509756,1.4846406323135695
496,15.769277452546005,6.185615606990334,1.8079561830713196,15.16846659543558,1.8424156335751414,15.242532342166648,1.4666891546877796
504,14.385378638786428,5.707452440207899,1.954832261038851,13.911860365646463,1.8146723529399804,13.93370348707987,2.003602638496802
512,13.239745504715867,5.428387941453791,2.166986540775763,13.51039916338964,1.984395765685119,12.616714991211074,2.5666275092851514
520,12.97047273060855,5.687868947087369,2.658205349595029,13.636059888415206,2.3711693302201486,12.269108322984218,3.207986192850236
528,12.430295320819411,5.469186797158211,2.5194890752704437,12.503482384109926,2.3515859575360625,11.436810758554827,2.909338291434411
536,10.739588961881754,4.225636345269454,1.3820156892702584,10.643052566321183,1.8995341000716077,9.16839178381867,1.4764808449742488
544,9.368745916555914,3.64792388514426,0.9642349326704958,9.73242099522465,1.9370690527612267,7.717582950016224,0.7355727756792064
552,8.972180580742222,3.9204605769922294,1.4113908972203464,9.35054313216813,2.2585644006257155,7.8399796799904085,0.9917899156385419
560,8.919957922136085,4.204420936229003,1.515836034391529,8.632482582425094,1.8342558127520323,7.9036260094915045,1.1141866371979543
568,8.649053138845108,4.145670537859606,1.0703120653513327,8.015603316099929,1.1015075693640233,7.562547174992876,1.2447430928031247
576,7.883665756618277,3.662611477987259,0.5317666125041324,7.23063230261004,0.7147339785328273,6.870597773459973,0.9803662175708765
584,7.059528161497679,3.000037363117638,0.06502714869798028,5.993609667444661,0.47810038972089747,5.615623633496093,0.36675073575245326
592,6.571573170668941,3.0506279515330053,-0.11285603438162709,5.701489626579155,0.5760177541709591,4.6707210521689895,0.06320690530862182
600,6.9632426624788994,3.876397789171918,0.5644057441553376,6.442397551946509,1.4213709504693357,4.698464257421805,0.4352928796302682
608,7.2047721030081044,4.325185709611862,1.510940269626912,7.011950255761856,2.3940167873625855,5.132564586245904,1.3132852023206143
616,6.8979644344133515,4.258275494276129,2.1441391612946705,6.768788803244066,2.908082936744615,5.170099525787441,2.143950854511551
624,6.439384750758903,4.039593387472683,2.3644532644843075,6.282465872262936,3.172459773935075,4.708256036414009,2.478501905770592
632,6.436120852302105,3.799695810972294,2.2600080841874104,6.212291797914653,3.2785369472873174,4.349225715699509,2.1994373835252405
640,6.7771995973937695,3.7556330080755163,1.910769432021212,6.695350670032368,3.23284220515468,4.491205744027282,1.3589800319318313
648,7.299425552697746,3.7099382016049254,1.4880928463188765,7.121291325291894,2.772630563155829,5.006904075797058,0.8383861341964602
656,7.3092174530029315,3.3900748538080916,0.9103803974133811,6.840594801576426,2.2128696060760533,5.501386522565763,0.43366092987594573
664,6.609108189274284,2.7731954777402574,0.08461063690989262,5.988713901102272,1.4997048503740342,5.183155212878374,-0.002071302596530365
672,5.651149893157622,1.9262102675249126,-0.684040662882285,5.175999784739307,0.5890733462450729,3.949396400612135,-0.49329008459370616
680,4.9624646320062515,1.3436019858353818,-1.2062665875074015,4.7614829644628225,0.12396587128687742,2.7760200814491487,-0.989404770374568
688,5.0962849688880585,1.648777733250981,-1.2535932993794465,4.878983591503686,0.4013983906596495,3.29008620769055,-1.3516989602694682
696,5.871463982322638,2.4794434436441017,-0.7395271659504238,5.422425062435244,1.0378612638800926,4.739263213577584,-0.9698212442961754
704,5.8975752483395985,2.773195460384788,-0.25483624169864283,5.288604661916715,1.3234535800588079,4.734367315754363,-0.2093297362260156
712,4.461453941990348,1.934370065908626,-0.130807530239427,3.919393539172491,1.1733136392219574,2.6226160391490922,0.1921314055496211
720,2.9127276564345626,1.1183921222638222,-0.014938639953934896,2.6709470618364493,0.9921664623181201,0.9041663452308639,0.25577774977657064
728,3.0808191390598516,1.5051656326287475,0.7014900592589809,2.966331286384509,1.4752255223657762,1.6385465897383724,0.5870648231643896
736,4.190549386599484,2.2917683946196306,1.3151054686752919,3.757829828567094,1.8734227879487024,2.873937318625763,0.7714758340117619
744,4.22645231608082,2.324407563260777,1.049096667004656,3.4183829548671762,1.4817533271682204,2.5083792513109975,0.33574360224051747
752,3.0677636048373054,1.5883954130011997,0.5546140366887072,2.19278407299141,0.9252562834464045,1.375801812921444,0.27046536400711957
760,1.674073002268286,0.48845706313713705,-0.01167470555904278,0.7354472844983654,0.285529496868002,0.05554932638395977,-0.03471039866025678
768,0.6100377675364999,-0.5315155855535922,-1.2650169979730346,-0.4836238500759071,-0.6969079975291617,-1.1178271044500812,-1.3729144043714752
776,0.5365998261115136,-0.5445711886720961,-2.0304043570592394,-0.53095057790096,-1.2060782932655303,-1.347932900205187,-2.4793806065463917
784,1.5728917972129934,0.4101230754032395,-1.754603844240511,0.5608279751571597,-0.7866655686794365,-0.37202307755186553,-2.4467414365027835
792,2.3007441801183366,0.9258212027641446,-1.3531426191936795,1.487778996989738,-0.4129476267220744,0.7213873414634581,-2.0893430806190723
800,1.8731716752052314,0.16532969399275313,-1.4983867435501177,1.101005453141027,-0.8225686347255343,0.40968370825322015,-2.032224689154334
808,0.996811240560868,-0.6963431276482154,-1.5489773424839544,0.18874190827300652,-1.080417668691318,-0.5743857355476504,-1.988161848391073
816,0.8825743655948073,-0.3552642645744177,-0.9598412254884233,-0.05768332945275638,-0.4423229076001982,-0.49115608718195647,-1.279892937394019
824,1.419487905677627,0.49661675212879525,-0.20914140945780926,0.31603449049039106,0.07500720370004572,0.24322424866090517,-0.573255951958814
832,1.5223011642694473,0.8344316836126248,0.14172914197407085,0.7631906415677175,0.1337575947065154,0.26933569384241585,-0.2387049883536623
840,0.8858383091057049,0.18980897081113987,-0.12917560835904196,0.3274581790914369,-0.3541972378192982,-0.46014895244286635,-0.4737065688584726
848,0.06170049572692178,-0.4858207557670673,-0.667721117304731,-0.6060205846080953,-0.833992284408252,-0.8518182680685056,-1.183607504816886
856,0.24121555405504524,-0.15616561425217684,-1.0153277047147042,-0.7316813020954297,-0.9988198631422014,-0.6266083313936022,-1.3206917909947455
864,1.0963606581968415,0.7218267161517123,-0.6367139336547699,0.04349789856785558,-0.4080517790368781,-0.16150092270174726,-0.6042631364853134
872,0.6818438370438183,0.556999171252164,-0.3054267971561506,-0.27636546465606104,0.33122432437552574,-0.3508077905256287,-0.31703885021657424
880,-0.8978896614383248,-0.5119320363345731,-0.8651878301441938,-1.7516537013231899,0.1745565378895173,-1.2842866448592818,-0.7870422114276779
888,-1.4217475964742554,-0.8301635074804273,-1.3874136925350495,-2.324470325508808,-0.2171129388439709,-2.1231121296189492,-1.1493364358582105
896,-1.000702862178578,-0.36995188879750945,-1.4934909081364656,-1.714118688327695,-0.27259946627989073,-1.9582843946857689,-1.1852394540452846
904,-0.959903923553579,-0.4809249350792683,-1.5979360528458844,-1.439950181537085,-0.3949961292865052,-1.7559219619604796,-1.5132626472083155
912,-1.5229288749835082,-1.0684290690119989,-2.0483559440770844,-1.8871061630917902,-0.742602744395107,-2.2699880575230216,-2.1089265642729815
920,-1.4984495490789422,-1.2430483648545065,-2.1805443760833594,-2.185753945824248,-0.9465972585308607,-2.4201280404337386,-2.0844472064624
928,-0.7526455500546632,-0.4760290049994151,-1.4216847609678007,-2.0062387968620023,-0.5696154319660157,-1.212480602349361,-0.9877727534773664
936,-0.6596240220701002,0.18328121386771803,-0.5518522510364047,-1.9670720551752936,-0.06044519127628906,-0.5335869029838576,-0.011863069141882378
944,-1.5784153158173841,-0.4939805750124054,-0.6252902294513328,-2.53336068645322,-0.00822255773916467,-1.4670656565155378,0.03546366569548175
