-240,-0.4718599386000441,-0.16297754993443536,-0.22778671892427696,-0.3075906829976357,-0.2999528631748943,-0.7368248826156744,-0.2913041215676528
-232,-0.37110815462675184,-0.29585313454933976,-0.2540697890556292,-0.3659975479669902,-0.12327214504784428,-0.9295674372238183,-0.2314371614562355
-224,-0.45871841427888993,-0.40098547483624714,-0.28911387974072067,-0.4331653821987177,-0.16999763385486993,-0.9427089932295474,-0.19055230387067984
-216,-0.31708177899421486,-0.3732422323905022,-0.38402505727552677,-0.12214892988624843,-0.32623593032601395,-0.6433738706505245,-0.3774542685100426
-208,-0.045489964112337945,-0.22138439890464787,-0.3562817475392751,0.03554956650565024,-0.22110360792049993,-0.2520480472368267,-0.4008169863267468
-200,0.18521705294548263,0.0326853751834588,0.010221234211313626,0.07643432872377424,0.1424790279464684,-0.0008985412325934679,-0.03723439830034855
-192,-0.1491621010276953,-0.06660629215872735,0.12119421811118308,-0.11484808886220131,0.07677131865912597,-0.5659848346099675,0.11608362773410709
-184,-0.5302667806686658,-0.18780048963150014,0.024822883476853796,-0.33679409273843514,-0.20066122139996392,-0.9529302254681159,0.06789796927921209
-176,-0.03088827265298321,0.15095924716367415,0.23946806546526894,-0.03307853195710695,0.1132755993831494,-0.38200326777300825,0.38913559642156575
-168,0.5064547707496381,0.3699849192731778,0.313936765817737,0.33926514610949793,0.38194706665600797,0.1305168652643076,0.3438703630617272
-160,0.24070359163800711,0.012242994466532623,-0.10513231807995406,0.20784973867147077,-0.018139809780275247,-0.07390715899134455,-0.1263048472071467
-152,-0.016286499158814794,-0.11187159233850989,-0.043805126206353635,0.004885927355482537,-0.1685374618541858,-0.1366944999648974,0.057676769980052243
-144,0.1545535049276796,0.10715411474950882,0.3446003902235977,0.19470821246806425,0.12495696629107225,0.07357012618046536,0.38913560332315633
-136,0.1764561228966908,0.17724234145059284,0.45557338667181335,0.40935341720035684,0.23300962705119888,0.11445495694393092,0.5512146230892614
-128,0.15455353394573032,0.2882153198605604,0.4760158191506679,0.36408804000509887,0.17460276804230956,-0.0958097214339232,0.5570553476390565
-120,-0.16230365060239663,-0.01111973872189581,0.04088481265885622,-0.11922861349124203,-0.1831392047617601,-0.2418268186059076,-0.04891570042743391
-112,-0.8223010205003899,-0.783550362240689,-0.8761027139147766,-0.8595354155067975,-1.0826046196434662,-0.5236398616481407,-0.878292968290055
-104,-1.1756624774592601,-1.2289025636397397,-1.3842422911090397,-1.2479409518572477,-1.4972932673779578,-0.7163824502936739,-1.2301942468172147
-96,-0.9843800175226167,-0.9120453925810846,-1.1798183504567448,-0.9705084069356744,-1.06070204026062,-0.6097899676515505,-1.208291664140427
-88,-0.4923023499035643,-0.18634031167035173,-0.5388031677859512,-0.10754720736973696,-0.14955522004168045,-0.21554368243888314,-0.6402851199331554
-80,0.3312342431320836,0.5335241107262583,0.3372995473172984,0.9262539812246801,0.6476982528260844,0.5539664946526656,0.34241013318179586
-72,1.1664521182174628,1.1526366983287728,1.0381817045301083,1.4562961476836132,1.1587581481407532,1.3731225569419534,1.1002390014015229
-64,1.1810538383811595,1.2081231937295025,1.2367649993734813,1.124837285322458,1.3529609407852525,1.5264405508212717,0.9702837871395141
-56,0.5473395604172698,0.6853818977832313,0.8410586229401082,0.5947951710960157,0.8696442683095391,0.9555135583045028,0.573117188041509
-48,0.3604376740482172,0.2604720658075954,0.4979183539868849,0.31006172946710825,0.30747835469632023,0.4575952077020519,0.40665765682212734
-40,-0.08783487197961913,-0.3046141449075485,-0.19858326197032478,-0.4798908782210424,-0.5861464128079202,-0.1118715597972696,-0.1219242937169099
-32,-1.3231397624742158,-1.3019111086180823,-1.3827821250688204,-1.7400186185351754,-1.3060108286166479,-1.3077517807061372,-1.3090434774454787
-24,-1.1771226392644136,-1.100407539730371,-1.1097301050899964,-1.3895775436932736,-0.682517687523896,-1.2435042773000136,-1.0914779709056324
-16,0.6816752930341464,0.48825879376306264,0.4964582362577982,0.47506110892001413,0.8535824111236735,0.6386564284985364,0.495728125178862
-8,1.311009102993407,0.9496728628572184,0.700882167028271,0.879528548414649,0.7192466320779158,1.606749949842571,0.7322758812170758
0,0.8641967063792318,0.5641876934088675,-0.016061901955710705,0.23121247593811145,0.0023025710935051977,1.316175856287422,0.24019818897189396
8,1.5212737895276869,1.3497598307395748,0.7870322838546295,0.9189531074180778,0.9017680662846278,1.7980323384104955,1.052053361298584
16,2.368173034344366,2.3616584383826016,1.8383555287713946,1.84178134238551,1.9151268677310904,2.2477650708696135,2.0435096252423066
24,2.2542796546812,2.3105524436122,1.7595062813597173,1.7862948416517324,1.7720300759743095,1.910465536975427,1.8493068291470112
32,2.6704285065715134,2.8084708047238918,1.9902133402976427,2.380584529555036,2.1940195639485767,2.1338717238321485,2.002624825535998
40,3.457460795198133,3.4115215567864383,2.3990612951669124,3.215802423619788,2.950388262363581,2.928204841875595,2.299039559253314
48,3.1347629607628713,2.7252410653088734,1.5813654437781828,2.887263928631298,2.211541627643079,2.9471870858840608,1.6565642485010483
56,2.2601203531931766,1.6549356008529181,0.5534049328341175,2.0929307894125158,0.9134494090369842,2.4010830641215146,0.913337104052667
64,1.4132210614770533,0.8562219619449335,0.26575112759705005,1.1803237910755735,0.31331907281508803,1.530821013335999,0.583338406476897
72,-0.664602511716999,-0.8901428270014192,-0.4949980444693372,-0.9471456624537343,-0.5788455510791015,-0.424348189757179,-0.41833905206035493
80,-3.1906987104640314,-3.302345647653829,-2.061761768463894,-3.5462503610050624,-1.9937514420583666,-2.526994779193208,-1.80988220545927
88,-3.8740588813115235,-4.42229696813262,-2.79330749737951,-4.371247167764648,-2.5310944801279414,-2.8117281193373658,-2.5253660851885913
96,-3.1060088010874356,-4.111280477704549,-2.583042852254773,-3.5958962164004813,-2.3339713249732608,-2.205757128052142,-2.2902785008373523
104,-2.7993728702669203,-3.8995556522658483,-2.587423393980936,-3.3389061009775283,-2.496050377208212,-2.1502705647334883,-2.112137608670512
112,-2.665037041341486,-3.709733421895427,-2.5027334430379424,-3.073154963432295,-2.4449443719285706,-1.8261125322597227,-1.9748815593449207
120,-1.0909725469073304,-1.913722858647345,-1.0819868405277913,-1.2537816084891196,-1.0110562032171588,-0.4798347485270578,-0.6125418202355806
128,1.3314514906119241,0.70728446602942,1.2630480756221516,1.1482000224322446,1.157298003589576,1.1643180474276973,1.5470513638214551
136,2.737596362292284,2.3163931193803,2.6122462794305332,2.494477882709821,2.4042842114261282,2.399622902473217,2.779435873924478
144,3.1172408890687984,2.830373380812797,2.8195906247868217,2.9398300201123053,2.6422921316223102,3.144310219392844,2.8451436175629192
152,3.317284312464205,3.066921157869491,2.8181303992988123,2.995316582803542,2.823353335007964,3.198336585927829,2.6261179310228187
160,2.8427286533269323,2.7573648253252143,2.1654338801498363,2.3893455501087764,2.5400801610608816,2.2915701932451022,1.9807222510156366
168,2.2747220521815392,2.349977079003687,1.5711442165589526,1.9848781106141413,2.1823382061382057,1.6096702322001883,1.606918421496264
176,2.4119781937374762,2.631790129418074,1.9142843865370944,2.371823488139671,2.383841823807612,2.12365051010239,2.1355003699961945
184,2.2411381286346477,2.70917916545863,2.0515405280930312,2.111913021656906,2.1472941065124167,2.4770119788253355,2.30926075478797
192,1.8644139686033796,2.532498519327718,1.7273825353034116,1.6300564976537275,1.7457470309396501,2.2711277998229753,2.0683325054915818
200,2.4718452209825457,2.9369658965511847,2.2136195378204597,2.202443638015614,2.1399932187457797,2.6128079011674354,2.445056700344511
208,3.3348064047061965,3.5648395015703516,2.7582634136201394,2.8989453033819372,2.4086646872734727,3.158911889363155,2.874347048949616
216,3.873609575719726,3.9211213058245327,2.9802094436910465,3.0683251160178098,2.4057443672708168,3.586742043851116,3.1970448571902055
224,4.4678992131159365,4.353331950119874,3.384676835972528,3.38810262009803,2.8335745179942737,4.2321377759339365,3.5693884899259096
232,4.616836700404462,4.370854028715537,3.4868888187685947,3.557482504573186,2.983972202693885,4.432181170468146,3.6511580617321644
240,4.099936106734672,3.753201598996817,2.8517143531185902,3.2304041186867942,2.3707002869381104,3.6436887584656845,3.075850609680901
248,3.733433118239347,3.4056808904295988,2.4224240032586506,3.0069979431235843,2.1166304847730797,3.021655790628451,2.544348313885662
256,3.9758215155377075,3.6290870564246944,2.7787058413933647,3.1135904436471002,2.6539734681004936,3.0932042009374383,2.6597018409233826
264,3.853167194689092,3.566299704314485,2.6662726436127056,2.8492994784162593,2.7386634477478284,2.9836913545303014,2.5166050927721053
272,2.8047642213069963,2.704798672357309,1.6645951463324342,2.062267175045331,1.6741986151407597,2.1966591077837876,1.4506800883212077
280,2.2586602108379608,1.9980757885555989,0.9432705583661672,1.5643488018558578,0.7820339719534882,1.767368759178681,0.803824267056789
288,3.149364663358883,2.677055454067131,1.7565859437893765,2.157178286858174,1.462473805858056,2.6055070132439435,1.9252357615753715
296,4.04006908341096,3.837891521078614,3.1320672724712706,3.008458145867717,2.5108767226157394,3.672892178558868,3.3927077625444544
304,3.7480348297760555,3.632007380035001,3.273703838583186,2.656556855576482,2.4407885192859506,3.376477380060714,3.2320889618353315
312,2.442641774694688,2.3981627250670896,2.1975576469109126,1.4022697863248201,1.6303934557476507,1.8783417358632515,1.8960323402273513
320,1.5271144351797554,1.4140073162643052,1.303932893052999,0.5758129018340032,0.8287594695443569,0.9584339016784541,1.0856373166869042
328,1.544636492600084,1.2592291910095734,1.1593759223939437,0.5071848279973753,0.4140708774931518,1.1570172043645433,1.1834687677954854
336,1.8468919307898415,1.1380349500881515,1.1710573015365042,0.5670518630851614,0.31039868865901143,1.30741478601086,1.3470079222309448
344,1.4146812599861194,0.8430803982533422,0.9505714734254583,0.5071848601525127,0.4564158272405382,0.8883456917607832,0.9586024070558276
352,0.9401256143383175,0.7291870469808095,0.7636695371767288,0.32320325096488506,0.5703091570240281,0.3904272981802462,0.6592673117694579
360,1.1810538524980494,0.9613542347844795,0.9841553820711878,0.3261236109653949,0.7265474925518999,0.48971896960064515,1.0987788770845544
368,1.788485063153964,1.415467500813335,1.410525413810725,0.8999708836438203,1.0025198668844788,0.9744958045089298,1.6609447299951483
376,2.0863600369467425,1.545422717741868,1.4776932533754996,1.432933409005283,1.1061920234066274,1.0387432666623637,1.671165964586532
384,1.814768213751587,0.9920178802088206,1.1301725060652625,1.1116956962204656,0.5586278354470064,0.6240546990804343,1.1907696193287727
392,1.433663469643487,0.6284352137552586,0.7651296969427756,0.5787332254443089,0.07823144893655883,0.44591381742283387,0.8695319711679389
400,1.6220255342873968,0.8635228130076582,0.858580699339811,0.9685989336385901,0.3819470988111457,0.7379480365497867,1.04913301745407
408,1.655609461912501,0.9511330442691625,0.9753943525767521,1.1759432457417611,0.5104421740118792,0.5948512717719507,1.1075398774040857
416,0.6510117097241193,-0.30753451651527797,8.747645274809202E-10,0.06913345366233731,-0.48539459793432527,-0.5455424739703958,0.19493289459572147
424,-0.6412398072329131,-1.681555588965716,-1.1608361078599683,-1.3443122232792826,-1.5542398886641997,-1.618768293407523,-0.9235582659601684
432,-0.8135400410424845,-1.6114674325353713,-1.1360132045531077,-1.3194892911112255,-1.2928692760617149,-1.6070869163040686,-0.581878195045448
440,0.27720788820431785,-0.4272685330466701,0.11535353355924145,-0.28422797804298683,-0.3452181470418267,-0.5236398837646012,0.5745773994126295
448,1.3226904749206692,0.44299345013463054,1.071765663682932,0.5597510331977719,0.27973510378044153,0.3933476186534654,1.3791317046774543
456,1.2277793667154762,0.34224165361299197,0.7680500320034475,0.569972251319451,0.14831969634241401,0.14511859264330335,1.1294424453365657
464,0.4363665729097505,-0.3177556929137059,-0.11827389604528897,-0.07688362060891467,-0.3408376528425256,-0.646294235356665,0.3686932433110014
472,0.031899147688859646,-0.7762494852970004,-0.41176828152616973,-0.4784307200235392,-0.6489337459387567,-1.01717771695331,0.027013170200320746
480,0.2640663306300457,-0.45647197902081976,-0.05256616652373834,-0.31781186817990537,-0.41384618213543534,-0.8010723929233876,0.2869236737007071
488,0.6437109011689176,0.010782823877537576,0.1723002277827457,0.026788515051608716,-0.053183928542291974,-0.4287287143862194,0.3716135849595552
496,0.7809669635134188,0.004942128345792945,0.14747730988843222,0.19032771826876324,-0.11013061758960312,-0.400985497821439,0.08542001022983656
504,0.14579248123685348,-0.5893475666159563,-0.4701750919102175,-0.37183822373508885,-0.914684954225293,-1.0580625105422998,-0.4928077665297129
512,-0.7989382810377879,-1.412884125771069,-1.338977026064628,-1.1895341019459114,-1.976229418675427,-1.750183709315684,-0.9994871762720677
520,-0.41345311221685477,-1.1237702231959783,-1.0060579410388395,-1.021614368609813,-1.6900358141433864,-1.4406273885354814,-0.4913475973524063
528,0.6845956332710107,-0.034482500300957675,0.38694538639986575,-0.28130756565313103,-0.3846427840018562,-0.5601441219811014,0.6943114179831283
536,0.36043762714877287,0.01662349823394772,0.5095997718724644,-0.6069257519324779,-0.295572368034467,-0.6316925318195271,0.5293120733518825
544,-0.740531441949398,-1.1515134733275847,-0.6745990816579167,-1.5662582418998245,-1.539638205988687,-1.6625733431594574,-0.6096214530197719
552,-0.6207973633036923,-1.3427958992268396,-1.0965885652402632,-1.4669665980857878,-1.8871589652198535,-1.7487235057872792,-0.7351961848465536
560,0.28596894922647365,-0.39952528432675183,-0.34460039804218273,-0.5149349969830589,-1.2943294304947137,-0.7704088318866759,0.03285386494779425
568,1.0350367164261913,0.3568433761295034,0.48477682150930496,0.1494428642908569,-0.7934907329106623,0.09693285748664202,0.7775411947294764
576,0.9240637742495732,0.13343716041158568,0.351901246619369,-0.17033460606568246,-0.7993314182468754,0.022464168584539777,0.5380730888862841
584,0.3005706336273836,-0.37324225842832065,-0.3767241844100507,-0.5572800168443304,-1.1088876936961765,-0.46669320569709216,-0.15112772212337394
592,0.5663217681923854,0.007862465288716109,-0.17960106956693306,0.3056812205235005,-0.8153933295474843,-0.15421653950383338,-0.17887096801991414
600,1.9724666514799656,1.1146722404278724,0.919907845568802,1.729348144918559,0.11327559122672416,1.189141014417415,0.7468776131448472
608,2.3024653270961295,1.326397071983891,1.1345530440269218,1.5409860556485195,0.11181542251998125,1.6111304153375299,1.2141323539288904
616,1.1752131397123284,0.3451620424746981,0.32269783013383435,0.34218550469831915,-0.8402161745045348,0.6620191008274862,0.6432054503485256
624,1.2642836134021103,0.596311457973984,0.6775194211346417,0.8035996392007302,-0.5438014509827507,0.7379480007870002,0.8023640600775891
632,2.5360927101149247,1.7848908052331043,1.7580461211231078,2.1308951925712556,0.6958839189668415,1.7483865619128052,1.7091304006846817
640,2.563835993342795,1.628652531192129,1.379861785954069,2.003860360583072,0.40238947341075276,1.5498032484037676,1.5120072676464624
648,1.6497688557877233,0.8606024321455223,0.4818565082513852,1.1438195301151952,-0.33499697080025304,0.9905576444408187,0.6563469713757399
656,1.562158521002362,0.7686116248067576,0.32707834927297313,0.8094403027341917,-0.28535116700990953,1.0679467174989978,0.11462346702693428
664,0.9328247441393647,0.03852607902848308,-0.42344965282601416,0.10855811681704065,-0.8226941164567886,0.44153332275297014,-0.5453739522801718
672,-0.2995597030650751,-1.0726642091324943,-1.287871012471707,-0.8493142405200583,-1.701717191717403,-0.6696569574084356,-1.017009198243319
680,-0.12725954172220305,-0.6214713365141197,-0.5607057617562502,-0.41272296964036276,-1.097206349375277,-0.5455424556184391,-0.17595058511867231
688,1.0700808389527119,0.9336109882605218,1.0308808741721551,0.7670953020091484,0.5206633417833187,0.3305602831698141,1.1367432855763413
696,1.424902435129712,1.5965287038852807,1.5945069654328132,1.0562092411312982,1.2127844994608685,0.6225945181390536,1.6901481471081012
704,0.9737096203905852,1.211043514673284,1.1988005725297377,0.550989961195813,0.7294678130251193,0.16410074002950314,1.2447959519832243
712,0.33707493819326506,0.5919309429130574,0.6702185514062526,-0.04037933894376525,-0.019599993701888585,-0.3469591524617876,0.571657019962183
720,0.17937642988043756,0.40794934894029916,0.5826082995968309,-0.14697182425241265,-0.199201057241996,-0.2637294119487887,0.44170178656394654
728,0.9737095471396137,1.113212051016358,1.2484463763200806,0.4998840090897883,0.4753980615240359,0.5320639147992559,1.0885576437480051
736,1.2409208516661945,1.3994056321771036,1.2688887625269085,0.6152374884437937,0.47685822458402355,0.4152501989774376,1.1192212557623744
744,0.20711971514741404,0.38458662045750075,-0.016061874349348932,-0.2623253989738491,-0.49269547095665567,-0.9733725738730502,-0.07665897471460736
752,-0.5419481673402344,-0.34257860751407837,-0.668758428319987,-0.9281634411891456,-0.9993748777187789,-1.734121829072232,-0.7235148005278006
760,-0.10243661676944496,0.12905667170218607,-0.11097299243636459,-0.4886519080291875,-0.561323489266851,-1.2157609986209184,-0.16280907648295045
768,0.7707457571558142,0.9905576702493889,0.6950414838880179,0.2691769730525943,0.13225786237098902,-0.24474714801982367,0.6081613179401828
776,1.2233988522819668,1.3775030680091265,0.985615526622365,0.6239985157422692,0.43597344699417523,0.4459138023648185,0.9089566046771731
784,0.5823836650623968,0.7919743744648903,0.408847949156153,0.025328360148045532,-0.0926085509148686,-0.12355296529135727,0.368693244095273
792,-0.422214123045626,-0.2053224725460234,-0.4015470626202189,-0.9106413862784861,-0.9687113057022639,-1.269787325942323,-0.35263133195006424
800,-0.2323918624023194,0.11007445765289711,-0.027743281725688424,-0.8040488727360596,-0.8971628793941332,-1.2157610296780759,-0.02847332661209809
808,0.7619847180932638,1.3117953419383717,0.9549519607231687,0.18302682971785422,-0.006458453067883591,-0.005279099428460542,1.160106046527986
816,1.4424245498018704,2.049181806697294,1.7288426942851862,0.8415640538098361,0.7864145033272654,0.5714885487790538,1.7967406688069536
824,1.5066720721873679,2.03019959280486,1.8909217242468221,0.8415640332619191,1.0959708134413724,0.4327722822787308,1.690148186635393
832,0.9021611650644045,1.5337413425206645,1.3053930664653726,0.1888675265044336,0.6330965351720573,-0.03886301795601329,1.214132349850678
840,-0.025047553749943816,0.7248065546637608,0.48331664292073945,-0.9456854937469907,-0.15247556216079694,-0.8229749456409977,0.597940130091389
848,-0.11411798540276565,0.6313555971270632,0.3168571615810342,-1.138428072824411,-0.34667834915854195,-1.0931066515776309,0.2518795332927936
856,0.7780466442950338,1.322016563981409,0.5972100453277833,-0.017016629283486098,0.0811518021923328,-0.16005723331017999,0.6359045901882503
864,1.2701243174039887,1.57754651226616,0.44097169191851787,0.6634231448595826,-0.05756442697665987,0.4254714417252462,0.5833384094571294
872,1.3358320080256658,1.5454227428385598,0.3621224371346867,0.7247503287336123,-0.27366978284801097,0.6342758833215788,0.3949762905416218
880,2.070298157487562,2.306171953020549,1.1681369680443756,1.4227121922952928,0.5776100273798352,1.4037861115476382,1.319264661903806
888,2.4557833399548223,2.887320060762557,1.9303462983082667,1.6417378714632411,1.1821209177193854,1.6972805374969357,2.237712347772923
896,1.7987062759425958,2.325154134600991,1.5959670994747512,0.7860775499389722,0.8229188138536114,1.1146722370494715,1.9515188390788767
904,1.2847260476063627,1.765908566871393,1.2601277151510786,0.2881591850627771,0.4067700080784708,0.8576820968435362,1.6507235670861933
912,1.4205219334014034,1.8929435251273121,1.3915431583518931,0.6283790905646948,0.4943802958075337,0.9160888956203639,1.7149710850797688
920,1.4672474102875002,1.8374569829839917,1.0965885936550281,0.9204132932219429,0.5484066534018224,0.7394082091778882,1.253556989634085
928,1.3869379778562287,1.6403338606118663,0.643935502607089,0.9685989353639874,0.37026572625646675,0.5802495762343834,0.767319984607368
936,1.300787856010532,1.3512199788984012,0.2438485882120579,0.8371835534932163,-0.05756443011374608,0.4225509843181986,0.555595152110223
944,1.1883546972866001,1.0504246981218757,0.4307505031285982,0.4706805704877926,-0.28389098795078077,0.2765339985127871,0.5862587352633959
