-240,-0.642157270537691,-0.18371229406801812,-0.2803893754184522,-0.5267746999749328,-0.20884573494841147,-0.48659965837852504,-0.8433537323362745
-232,-0.9346313836731439,-0.7084942874226775,-1.1410987246729796,-1.0916674501634616,-0.9341814113958663,-0.9127761074605091,-1.3764921622393964
-224,-0.5535794429418884,-0.4812001605156509,-0.9255036101905255,-1.0315014434576146,-0.8807004512364494,-0.19078310760665082,-0.8466962724855036
-216,0.3505831022191864,0.40290710120095047,-0.01632714511151667,0.1617926888727169,-0.17876269461188293,0.6832963575413104,0.20621025796368572
-208,0.544451672159156,0.4630732350154981,0.23937878401413126,0.6765471194094811,0.24407117410568976,0.44263213053967154,0.35996806352943933
-200,0.18178380799304578,-0.004885298066165767,0.01709847720521156,0.21360257015916562,0.0886421259337272,0.20029642484716165,-0.26174819289229334
-192,0.038053792173714546,-0.4845427328011191,-0.34556934818197343,-0.027061881975679235,-0.3091225579132405,0.3456978665749378,-0.7882014945618967
-184,0.2051818150685164,-0.5630928997340521,-0.5093548126152756,0.23031526408309275,-0.3793163719596521,0.7050231940029285,-0.7146651021259268
-176,0.6113028395938256,0.07032234918419347,-0.18178382127151327,0.666519362337894,-0.17207757409824273,1.0259090549587877,-0.13640217266914698
-168,0.9188184404920053,0.4396752688733375,0.25442027608562784,0.7500835120249832,0.053545269089732804,0.93231727782226,0.520410940237516
-160,0.5561506529860856,0.13048843326835963,0.22767978487493173,0.36903156357384914,-0.2205447470139198,0.45433115265897545,0.4719438396732602
-152,0.15504337638699422,-0.31240086503278525,-0.16507106253651135,0.2837962075460277,-0.29575233681401913,0.09333460165517442,-0.05450946038055472
-144,0.20685310435306153,-0.2505634774810413,-0.14334446000517015,0.7985505630383894,-0.10021250092867236,0.22703693059995514,-0.23500776020904954
-136,0.6798254106749639,0.06196592771642396,-0.09989107558995723,1.2364260354964018,0.01510577604685592,0.9573865075758812,-0.22832257183228968
-128,0.9271748980457188,0.2458067276584981,-0.18679769217719405,1.2848931577840372,-0.016648536698203927,1.3902480561662545,-0.4539454360255167
-120,0.6514136501077816,0.21238120157095544,-0.35225446743888916,0.9255678949875893,-0.06845821816546703,0.9857982882506545,-0.7380630898119346
-112,0.49598457949431124,0.16224279646192918,-0.2737043202544827,0.7952080081675312,0.06691550329479504,0.48775680172598096,-0.5090976967799985
-104,0.928846206181131,0.3393984575780926,0.11737529155250172,1.0174882693753071,0.31092241640522933,0.6498709838764886,0.11261854456104092
-96,1.2463894050854902,0.6669693859061016,0.17921269508259963,0.9506370100202216,0.43626846068567227,1.082732520258681,0.2914455511552852
-88,0.9555866027784302,0.9644572803607356,0.2794894668807907,0.8186059107553417,0.6033964448015486,0.867137289259918,0.28977429777715236
-80,0.36395349153995094,1.0279659324216002,0.643828603634965,0.6163810426861291,0.8039500907312067,-0.2225374844446571,0.46191613861567693
-72,-0.2544203006746152,0.4931562507561343,0.2661192603236663,-0.3830445213200211,0.3710885074911456,-1.101630784771418,0.3633105997289629
-64,-1.1168009016914873,-0.38259460475292323,-0.5060122857514191,-1.4626916322073416,-0.47792188104404354,-1.3255823824806712,-0.251720535281469
-56,-1.0716763565366858,-0.4594734976615364,-0.27704687476627693,-1.023144953049533,-0.45452393788198736,-0.6437000276122078,0.11094728382209362
-48,-0.2527490316771931,0.4563880306603844,0.7825448395713709,-0.2376432224997666,0.5332027205211682,-0.1657138722875363,1.2407328075383202
-40,-0.217652118819195,0.5349382394242884,1.1101157905204193,-0.8058784986544915,0.8390469804295684,-0.6587415247106023,1.3777777962006832
-32,-1.081703978959226,-0.2288368455064417,0.3229427690703189,-1.7735497542243517,0.10368366252917519,-1.312212193338157,0.24464972389722095
-24,-1.8822472861400892,-1.0226949661058669,-0.47760046396380307,-1.9323214398519213,-0.60661047804096,-1.8069111908802393,-0.6494851992003778
-16,-2.0477040450643664,-1.47226936553119,-0.6915243423032029,-1.9105947945919493,-0.7720672157804541,-1.9790529994029922,-0.6277585893082219
-8,-1.7418597255513222,-1.0878749641834087,-0.23025101196086437,-2.0777227930703908,-0.596582775726652,-1.6314266208452244,-0.19656828565797507
0,-1.2705587521402564,-0.5012555331875594,0.010413346278711828,-2.0142141514223857,-0.4077281276794693,-1.146755430464174,0.10091958599608766
8,-1.1502265380117163,-0.6767399385916733,-0.35225443727750266,-1.8337159144301127,-0.569842305521207,-1.1083159253926493,0.0741791226128608
16,-1.1819808516544363,-0.7569614131214222,-0.4926419822469809,-1.5863663882804317,-0.5096762185645278,-1.2854716064368708,-0.18654062930387524
24,-0.22099470564676021,0.3009589961328586,-0.0932060482534575,-0.4632660489912608,-0.02333363746331735,-0.2893886116641447,-0.15144373009031414
32,1.4151887154695169,1.4758690644652892,-0.2720330106828145,0.9807201605894369,0.14045184671851185,1.6793795813969496,-0.5191253766527986
40,3.2318704622669063,2.657464214891499,-0.6380433676016892,2.2308378027436135,-0.004949562513960904,3.883798312779043,-0.9235752416952436
48,5.0251542195829675,4.571080142350744,0.31960019750297924,3.5611769120667245,0.7604968113422507,5.344497206948001,0.26637637364549493
56,4.518756326491685,4.938761775268791,1.370835509941852,2.936118030218033,1.504216504570674,4.264850216706223,1.8841756569761943
64,0.7884586588777359,2.226273904059969,0.7441054088261198,-0.3880584428537435,0.5616144701368947,0.8721512361076612,1.5766601277113075
72,-3.657146980714976,-1.9886950002543011,-0.6848392183784534,-4.255401027317231,-1.3520014645036336,-2.9868349613582126,0.46860123130184694
80,-7.4225414830904715,-5.53515176810635,-1.6876074327665196,-6.870954655027973,-2.540281773683813,-7.031333339073462,0.2095528052941971
88,-10.414133172368317,-7.712830011868386,-2.3293790241584276,-8.724404542388408,-3.2689599624530272,-9.994513219669532,-0.11801810687592576
96,-11.36007783169046,-8.431480543206309,-2.680347941967764,-9.812407990004365,-3.5497350306686046,-10.728205298554355,-0.9369454627944648
104,-10.709949844324333,-8.08385421419939,-2.396230237194241,-10.043044701405039,-2.882894237350545,-10.652997738915643,-1.560333004730569
112,-9.90606395785625,-7.320079156018934,-1.5254932481025631,-9.299324916435733,-1.7531087409231925,-10.169997768878826,-1.376492184501372
120,-8.90830965835922,-6.397532367866498,-1.0307942550487825,-7.689881992454709,-1.0194167081781071,-8.375042625510442,-1.2260769180076558
128,-7.763482666269731,-5.581947626782525,-1.2046074210782642,-6.4180377976791085,-0.9692783068392544,-6.67367933881128,-1.700720562446824
136,-6.436486096557254,-4.604248669616483,-1.1260572440915355,-5.694373347500445,-0.9074409198261062,-5.513810810664939,-1.9564264249660768
144,-4.705039682987115,-2.959708879635332,-0.52941017882403,-4.166823203132537,-0.3241640864297455,-3.7472675228361934,-1.2060215510807735
152,-2.3652472780798184,-0.8488817880477364,0.10400505752697171,-2.370196869760835,0.4696940404533019,-1.3205685839264114,-0.5458658292641017
160,0.09487728296716126,1.3204399909793059,0.6822680645416024,-0.7707816186508613,1.0228878239979342,0.9289747470086986,-0.02108383572990999
168,2.1304967064786786,3.4112116348505905,1.7000777428146312,0.7952079914710494,1.6278912891893615,2.5902273181663613,1.0819611614078035
176,3.35554514904062,4.868568041832277,2.717887423960173,1.9868308124343919,2.3799674114259,3.230327755640897,2.0813867491121854
184,3.708185328486564,5.386664978766243,2.803122756289762,2.4581318879992016,2.6239743491322267,3.101639130996044,1.9610545489871465
192,3.7800503547982656,5.24627731512607,2.5591158591576812,2.6787409611785153,2.3766248134673464,3.1551200757157027,1.5933729507187877
200,4.2446662732248965,5.196138997987755,2.642679816386399,2.949488304997341,2.5470954228306497,3.8687567578713242,1.864120293280888
208,5.010112654800987,5.547107866066711,2.9084133803223,3.470927822834315,2.951545322522783,4.6693000058066065,2.0830580358832824
216,5.5733340692061635,5.61897287298895,2.8900293068091996,4.116041924034533,2.956559115332017,4.891580302382199,1.827352164926023
224,6.131541675003289,5.543765340280047,2.953537935351364,4.838035087262569,3.0334379902874242,5.347839780669723,1.6769369307480773
232,6.6713652523498626,5.908104394629004,3.5318009473928935,5.775623257253823,3.6300850767397135,6.129999087945634,2.3304075255879546
240,7.314808106814636,6.407817217116559,4.123434184303815,6.512657855821223,4.335365375488362,6.287099302781745,2.937082300889646
248,7.665777012954386,6.334280840479411,4.213683287539727,6.6446889996100555,4.68132037912479,6.252002478433052,2.962151493659662
256,7.690846254736655,6.070218616994693,4.243766384787919,6.4474779347629365,4.6662788834626525,6.539462684756412,3.2897224056502536
264,7.520375525266402,6.200578428231753,4.549610656186371,6.517671806618671,4.835078152913368,6.696562932087823,3.9014110376745927
272,7.413413713564467,6.081917512543893,4.5044860550175665,7.004014222191321,4.611126590033335,6.795168612984401,3.8663140777791947
280,7.570514035940282,5.829554187839954,4.20365562795405,7.682554081793572,4.3253376202120934,7.528860605873366,3.6256497777080057
288,8.15546220224748,6.307540439573343,4.414236952679316,8.202322327760609,4.7264449521070615,8.316033506677924,3.796120343265486
296,9.012828988731737,6.842350084614271,4.865482634926029,8.606771958693244,4.983822127788623,8.625220494167024,4.314217205873178
304,9.597776926135554,6.842350132549333,4.679970473707051,9.141581816838727,4.718088603529309,8.921036928961186,4.327587479395762
312,9.992199082221005,6.362692604457705,3.9797040323991815,9.671377598334784,4.091358417315379,9.770047427908592,3.826203331178652
320,10.38662132035261,6.122028274943258,3.7407109770885882,10.055772223379515,3.7537597925976205,10.46697133211928,3.6039231171878088
328,11.360977741319124,6.765471187037825,4.081652105510567,11.133747869399935,4.37547610449476,11.193978159252529,4.018400582031754
336,12.25344154227653,7.490806786286493,4.684984356102785,12.74653331144774,5.017247694989008,11.914300134631636,4.399452517017983
344,12.487420726322377,7.464066360964064,4.487773277970295,12.930374186972813,4.873517555292553,12.270282722988869,4.3008469833377
352,12.273496811717502,6.7554434603071565,3.5535275980388277,12.332055761864664,4.081330776939632,12.342147833501107,3.9398504784736383
360,12.72139986440802,6.658509239250584,3.3312472653772907,13.003910542784245,3.813925914922116,12.764981739022756,3.886369484023599
368,13.745894670555503,7.417270463149899,3.9262231108391576,14.110298151524946,4.3270089802322715,13.592265642979166,4.439563299345406
376,13.983216509292035,7.686346685546656,4.0248286344656465,14.493021440427263,4.522548640894326,13.99504411604473,4.615047657891652
384,13.782662878802137,6.857391572017935,3.434866705869668,14.387730572051588,4.021164626249071,14.175542220003743,3.9599058227794823
392,13.780991626321665,6.284142494077372,3.075541417759199,14.67519086921817,3.6818947476145825,14.197268904042641,3.441808914929711
400,13.839486363671023,6.534834483177494,3.244340740890003,14.762097364262203,3.802226947201027,13.991701543220662,3.757680867996284
408,13.740880883670824,6.945969388662282,3.73569719002438,14.566557663205437,4.071303030101374,13.751037175824953,4.429535557534045
416,13.674029710670665,6.977723814871603,3.902825188861886,14.579927810337448,4.08801588757901,13.878054357146752,4.543182609856569
424,13.902994968335426,7.024519606043723,3.820932403324213,14.965993718921698,3.8891334946684197,14.048524933476155,4.493044216955724
432,14.511341044052651,7.323678764827946,3.9746902227139342,15.380471083586752,3.955984751150993,14.334313905631314,4.919220689197344
440,15.3937771116367,8.114194335403878,4.2705068646880955,15.77656453021347,4.28522692298287,14.732078518742648,5.290244958673338
448,15.933600674800239,9.08186563136845,4.603091656201904,15.972104281180151,4.756527933557073,15.362151202915772,5.358767457223524
456,15.823296134979005,9.173786072901159,4.656572537367214,15.88854044046774,4.957081615752208,15.607829427213664,5.350411042218909
464,15.012725298193677,8.4116823540947,4.579693705499503,15.465706463133271,4.746500321726924,14.982770813226807,5.2484629321239185
472,14.377638686023676,7.9721355867866475,4.798631372877963,14.882429579647468,4.791624893811534,14.055210213773332,5.328684330711606
480,13.913022737256128,8.02227392528928,4.883866743806945,14.43619773652926,4.7698982393954275,13.383355540572989,5.674639392875485
488,13.516929310557467,8.047343062045291,4.3858251779291,13.913086999425246,4.174922455513056,12.808435119667795,5.410577103143437
496,13.488517532396141,7.8818863758315,4.095022372749527,14.010021363568871,3.867406877056384,12.541030249571335,4.688584021961556
504,13.643946570873373,8.135920969891925,4.379140046104939,14.778810208633994,4.042891298079788,12.948822415087706,4.626746726150696
512,13.254538272587762,8.431737637539173,4.591392598355722,14.730343081678528,4.313638678523154,13.199514586233342,4.957660167159528
520,12.682960467414794,8.26962348878163,4.55629577310937,13.672422632927193,4.2668428701159575,12.51094720869621,4.844013122197817
528,12.245084970719953,7.818377761113306,4.567994699897149,12.505869105451357,4.156538401030355,11.260829479289454,4.416165347386279
536,11.61166994478053,7.285239351497307,4.377468758974779,11.640145707015812,4.009465642370097,10.592317374783937,4.27744907554346
544,10.781043381824663,6.51143662583176,3.956306141840019,11.046841534318974,3.8172684504035117,10.341625371859847,3.8295459212377954
552,10.221164613133565,5.9081044001945,3.5869531966573236,10.891412424567514,3.62507123186618,9.987314026288349,3.012289799128394
560,10.194424007740476,5.861308587119468,3.2844514350671816,11.008401964795441,3.5465210406964185,9.760019815001252,2.831791638257716
568,10.426732059951398,6.061862152618762,3.254368400655211,10.939879229621997,3.4228463677466734,9.79177425288016,2.9270545219151485
576,10.34985315357788,5.849609510601948,3.13570754493106,10.408412166920336,2.9415176284669506,9.719908959065684,2.7498988478726765
584,9.729808151431941,5.318142413609663,2.7964376440345964,9.539346597094415,2.613946671593345,9.283704913952374,2.492521744363003
592,9.006143843981267,4.945446938690597,2.5942126874560776,9.04631886908835,2.6791265479481474,8.48149044351847,2.327064996569714
600,8.82063161382198,4.927062883130703,3.025403015163621,8.857464164309034,3.0217390367493686,7.776210066673378,2.5192622030783958
608,8.285821988709113,4.701440086082467,3.3964271914624757,7.898149345826232,3.170482987208262,7.045860443557712,2.6412656671739594
616,7.045732091956939,3.9944885869176447,3.142392649466347,6.258623264274242,2.841240731175847,6.3405803934609715,2.405615119696824
624,5.655226816503507,3.222357006372403,2.607582965466963,5.162263439893999,2.351555684790278,5.229178943437378,1.900888499193605
632,4.632403310771558,2.50036387294669,2.450482563737977,4.528848251118994,2.206154250064252,3.4225250149320083,1.656881597573222
640,3.7566523439526223,2.0457756358291173,2.435441085310917,3.3890349504031207,2.0841507766330207,2.1991476900219586,1.7538158435847493
648,2.6619636690014485,1.3104123502444955,1.8087109529566063,1.5138585019832527,1.415638712701751,1.6175421667358634,1.1939369285750212
656,1.4252163461505316,0.23912166064541224,0.8126278782921108,0.07488626420525499,0.6501922971941013,0.634829395216742,-0.10631913789811225
664,0.33052790620682726,-0.5497226253138084,0.3396555827421321,-0.4448820483681778,0.3995002280226785,-0.8409111831230177,-0.8232983930573295
672,-0.6371434831144193,-0.9157330412987319,0.21263827197771595,-1.1835878466336227,0.192261522081685,-1.836994240372903,-0.9319315827326492
680,-1.6064861091173175,-1.2533316620667847,-0.20016795313253355,-2.6576570766227907,-0.386001456028284,-2.7060598927835717,-1.165910807352744
688,-2.58585629093636,-1.7363316197158893,-0.4976558454327829,-3.8710064889864855,-0.5765273926418836,-3.6336204757200994,-1.4767689245223878
696,-3.438209277789166,-2.0538749780447203,-0.2787181200654669,-4.676563733140827,-0.18210528646634605,-4.35394238449281,-1.3313676233682181
704,-3.846001537559871,-2.215989111003443,-0.06312299283623592,-4.8687610638856995,-0.040046432104731626,-4.633046113154864,-0.936945473745921
712,-3.968005207937775,-2.4299129441007623,-0.2586627430847889,-4.773497873587504,-0.05341669395773149,-4.856997580164775,-0.9854125375061042
720,-4.163544944003294,-2.51013447428545,-0.4859569012303944,-5.111096493996492,-0.26399799300991245,-5.2280218595150325,-1.7876271343305772
728,-4.247108900154821,-2.690632709661936,-0.691524370669269,-5.813034321356691,-0.5330741400032053,-5.328298686788632,-2.38427415579226
736,-4.337358049171407,-2.7741967747894227,-0.8436108637908412,-5.878214205790439,-0.6901744826661429,-5.116046072240225,-2.41268599355823
744,-4.676628008595322,-2.844390558315384,-0.8486246978924494,-5.328362966883335,-0.5965827529260802,-4.979001164008224,-2.2138036519938096
752,-4.649887438749583,-2.802608498193469,-0.7583755978881154,-5.049259220627141,-0.21051704469961202,-4.905464899937679,-2.1486236600203577
760,-4.345714456815207,-2.5953697811214873,-0.38735132607820416,-5.35008957031234,-0.11191149827255198,-5.047523554839172,-2.0349765735867402
768,-4.654901415579181,-2.556930346785595,-0.10490495672896555,-5.973477104349033,-0.09185615127372813,-5.3700806592989005,-1.5118658964464349
776,-5.9367733623994745,-3.581425118103857,-0.6597701108861678,-7.158414847347835,-0.7954651436822853,-6.401260675905587,-1.749187630515777
784,-7.054859762201715,-4.497286668508224,-1.2998703620064247,-7.982356032879675,-1.2818077186794055,-7.282025473953621,-2.245557939963445
792,-7.322264700340825,-4.345200263895958,-1.1427700304744752,-7.937231519322518,-0.7988077315870425,-7.36726073500898,-2.2789835148837088
800,-7.587998242014749,-4.296733144301303,-1.2196489104567798,-8.527193428349502,-0.7988077069911503,-7.596226148148508,-2.4661669273264337
808,-8.483804458346599,-5.132373263263614,-1.9984655305467014,-9.785667519798917,-1.5909945614656655,-8.46529177560422,-3.009332990962616
816,-9.150645321143566,-5.622058333886012,-2.1572371655462295,-10.397356065288804,-1.851714310509889,-8.893139631384718,-2.94248176643675
824,-8.61583550195654,-5.117331687171112,-1.806268282207048,-10.041373379086593,-1.667873476456723,-8.789520151395285,-2.4695094780680535
832,-7.721700599146064,-4.183086051404532,-1.769500182936377,-9.05197543283515,-1.684586232498744,-8.475319537164108,-2.496249951325544
840,-7.507776809495503,-4.064425153490346,-2.041918848175987,-8.47872633837764,-1.7514374850316112,-8.107637671392974,-2.576471424598568
848,-7.8871573480165456,-4.498958001239527,-2.1154551591044006,-8.99013808998689,-1.7230256901738044,-8.049142917347133,-2.509620208869774
856,-8.20637190747968,-4.880009894933382,-2.1923340259808652,-9.668677858386848,-1.6110499079258938,-8.801219028273149,-2.6884471648359773
864,-8.323361503542074,-4.774719294419545,-2.1973478911415203,-9.707117380693456,-1.6093786628062359,-9.529897400524135,-2.7118451184108934
872,-8.538956616767805,-4.854940657280351,-2.294282111479962,-10.216857699212978,-1.8751122062754815,-9.1922986594696,-2.660035416836039
880,-8.858171241042013,-5.150757267836402,-2.578399811944716,-11.187871708036626,-2.2895897158229093,-8.923222646945822,-2.8071080618525026
888,-9.35621275485556,-5.423175984422182,-2.969479388204352,-11.538840633745375,-2.528582795011267,-9.681983761151045,-3.104596018963826
896,-9.954531072603539,-5.76411718591371,-3.2803375183003043,-11.552210802241701,-2.57872122848636,-10.649655143470538,-3.1781322921905066
904,-10.165112356575028,-5.872750340221213,-3.302064221549133,-11.565581115979468,-2.4015655267959506,-10.694779779827627,-3.2015302315823897
912,-9.777375429799646,-5.874421690367127,-3.3555451585489133,-11.333272983338182,-2.354769637240261,-10.223478677333008,-3.305149649453727
920,-9.499942861159052,-5.742390499181831,-3.3756005243986036,-11.199570589223264,-2.525240257195956,-10.201752049128581,-3.2683814957848405
928,-9.506627941277978,-5.720663835609589,-3.4407803984194905,-11.565580986536851,-2.7709184026792713,-10.694779729738181,-3.1664333352413414
936,-9.436434141953196,-5.682224441129814,-3.6580468774104244,-11.60402046144699,-3.1436139558743172,-10.56441983483918,-3.082869327923178
944,-9.262621049172795,-5.593646608866178,-3.8435589655598528,-11.139404597598107,-3.210465144314239,-10.169997744103402,-3.126322607312135
