-240,-0.763072836563851,0.3373872789697577,0.20960825447422976,-0.38673829035833485,0.3948745114657169,-0.647698245355143,-0.4851734781422866
-232,-0.33825424739804416,-0.12211028829646806,0.13504826490265825,0.1663927973248064,0.10183645076333317,-0.41361453344042454,-1.0851213075005668
-224,0.6986498024529563,0.07556033983396801,0.38126966011208985,0.9882866977714004,0.17813033516733703,0.508848622842477,-0.9099920350843327
-216,1.7095445517665493,1.0222988105522326,0.8442351740641664,1.6471889759413902,0.6237563325020556,1.6393861701998573,-0.0933000046544924
-208,2.0320598950824484,1.7488252426640916,1.187557935048468,1.3645545843057336,0.729527484990943,2.2341321293551184,0.7216580568096385
-200,1.5881678860849484,1.7904401707606243,1.2395765582887601,0.5097155914641918,0.4330214984643345,2.166507942444429,1.2054310342511878
-192,0.7211911963513837,0.8783807560013465,0.9794835698647573,-0.1197094322182237,0.08449691775469817,1.4503852233577228,1.3493490696168293
-184,-0.5393928378605496,-0.18626656242144785,0.6656380166156362,-0.7040516988374296,-0.05768727362872324,0.134314737125085,1.3216058522677772
-176,-1.2191025374242321,-0.6180209445623822,0.7419319647221034,-1.2571828399784861,0.32378247267781546,-0.886983802140905,1.4932672746694433
-168,-1.1410746639379519,-0.40821260072720733,0.982951484513111,-1.179154927562922,0.8543721316310645,-0.952874032006814,1.4845974717504131
-160,-0.7335956787475597,-0.41168056063783887,0.7211245178101726,-0.612152196746319,0.8457023547890667,-0.5401931486737269,0.5187855039006819
-152,-0.09723478013363017,-0.31284516033215026,0.21134222958666787,0.10570442928001318,0.5509302936422709,-0.25062295381839444,-0.4244850896083966
-144,0.47843772976014465,0.17786358158605595,0.10903899696154103,0.724725795071572,0.33765407297043853,-0.2627606350641985,-0.7071195184969558
-136,0.5113828700250731,0.581874693292551,0.39860919926745336,0.9085248413495723,0.5093154191899184,-0.3667978079702989,-0.6551009155594957
-128,0.40214378686908325,0.22988220408128987,0.6014816935030887,0.9657452612183993,0.684444737986017,-0.22981550057346997,-0.8735790267371787
-120,0.4905753778508649,-0.08916516572666876,0.38993942354304245,0.8287629815749826,0.5457284560355432,0.11003937146698048,-0.918661766664053
-112,0.750668376333152,0.007936152364485638,0.07262596197856132,0.6623034664429723,0.13304758276073933,0.5660690680432777,-0.5805409051262982
-104,1.106128785594438,0.2957724209086826,-0.10943913731294179,0.4195500212721526,-0.24842213150830245,1.025566682248161,0.22054551525327995
-96,0.9223298315173729,0.48824121143239047,0.289370113131232,0.14905330734327438,-0.15132079069287713,0.9041899727943999,1.071916618778442
-88,-0.11804222220268398,0.16572590183036845,0.5338575645206637,-0.5063811025582253,0.23881875331728503,-0.11884249762560309,1.3892300438350778
-80,-1.3040662647941363,-0.7706088797046012,-0.1753293437095215,-1.4930005061440164,-0.003934765614282676,-1.0829205397229935,0.6609696928626643
-72,-1.8207843355619562,-1.5023371924502917,-0.9313330079572133,-1.7218823141418393,-0.5674695903506988,-1.4505186024766703,-0.4660999495321169
-64,-1.5138746317261114,-1.1763539218200516,-0.966012106570774,-1.1167326384224001,-0.6732407135960572,-1.4938674561392804,-0.9880199538328899
-56,-0.9069909393572466,-0.3648637969834873,-0.8585069750578935,-0.45956431748345505,-0.5535979451683277,-1.2736554171603462,-1.050442246326174
-48,-0.20300596372869148,0.2056068402858307,-0.7111209278138211,0.10917235808447012,-0.4634323693883534,-0.3373206522029177,-0.7990190431260719
-40,0.4593642357951744,0.3495250205652646,-0.6504325782092146,0.8617081013508139,-0.6801765104827401,0.1585900452274544,-0.8059548368462577
-32,0.18886752931687723,-0.27296424441469413,-1.2694539255605868,0.7507350790314378,-1.292262069701862,-0.16565921005721246,-1.2307734196790712
-24,-0.2654282329389108,-0.8139576819582051,-1.7636305873425535,0.2565584196709099,-1.5003364173767086,-0.2627605961349141,-1.3573519916990058
-16,-0.05561986135032274,-0.46369913880211777,-1.2625180621774728,0.14905328331515189,-0.6663048982691877,0.22448026130978876,-0.7261930001684681
-8,0.26689544918302216,0.47090165476816226,-0.4267525776432686,0.4039444533176721,0.5873432995679857,0.7013174183953266,0.1459855294069995
0,0.21661078969303219,1.0535100345643094,0.21134223983121592,0.26002630135044463,1.0208316784280425,0.8088225320268139,0.7788784805900203
8,-0.2931715069123758,1.0535100153790642,0.4142147882698247,-0.07636066442355499,0.6046828193518402,0.4169490527648194,1.0060263807168945
16,-0.09723477622207538,1.017096966612511,0.4454259398250053,0.6484318968839946,0.34285596478014047,0.14471840395663801,1.0216319440147628
24,1.1234683519444206,1.7470913526745364,0.5130500883652039,2.129227943252772,0.40701218041806264,0.9544745996880989,1.0389714660337908
32,2.1204914951911924,2.4510763886527944,0.36219618980271273,3.1227832176722576,0.29603919237135656,2.1578381657886956,0.6800431173509701
40,3.0498904528311246,2.938317263606362,0.24255341057164187,3.91346588777378,0.22668105139611913,3.333458567811893,0.3419222364417062
48,3.9567480754322184,3.4862464907722375,0.05355245572013333,4.537689106445757,0.08102900701789884,4.085994278295684,0.06275575107250075
56,2.593860766871904,2.336635478134625,-0.7804790857391288,2.7118362902663646,-0.8969206497144817,2.034727497241245,-0.6446971652814402
64,-2.032326643519963,-1.2682534315480063,-1.980374745945804,-1.6507902299053963,-1.9962470891025776,-2.881030118064239,-1.8237854247697851
72,-6.309989445635044,-4.937298690606483,-3.039820201057367,-5.448148012999447,-2.705434015214158,-6.6142315301757595,-2.6630188509606976
80,-7.740500971653427,-6.742344052050837,-3.9172005764351994,-6.831842680182308,-3.2568311173540474,-7.585245419264988,-3.179736906268562
88,-7.763042335935796,-7.371769074243136,-4.1582201079608705,-7.194238951336592,-3.438896196901512,-7.723961691529705,-3.2594987660431514
96,-8.137576202281679,-7.650935652558333,-3.6363001127870582,-7.662406364735217,-3.0106097746712086,-8.256285331369593,-2.949121090003217
104,-8.22080599067446,-7.538228580248185,-2.8560211365254444,-7.771645402070137,-2.3967903344032284,-8.391533677810086,-2.1515026001044766
112,-7.3122144965240015,-6.818637976315448,-2.5716527975307635,-6.93934785751626,-2.143633111759734,-7.266198022262408,-1.4249761795410172
120,-5.775931766607725,-5.767862258930334,-2.2976882004322343,-5.46895537124947,-2.3152945092019555,-5.488895890833093,-1.05911201813903
128,-4.246585079819821,-4.5038103324217875,-1.7775022407205632,-3.8910579291172347,-2.471350246302497,-4.082659711473834,-0.9446710645937577
136,-2.5004940453701865,-3.0889044341487955,-1.3838947815032534,-2.009718547854572,-2.2476703234088533,-2.707634755009069,-1.147543597013618
144,-0.7786784160667313,-1.9340915926588842,-1.59890501547175,-0.11103973733261234,-2.041329862929594,-1.1089298493873612,-1.7110784623556985
152,0.27729918362859357,-1.415639508035607,-1.950897568199211,0.8894513499923054,-1.802044340230238,-0.2055401785012621,-2.2624756324821367
160,0.5009791149041399,-0.9578758126912781,-1.9925124461905888,0.8495704148896042,-1.1344722960215918,-0.359861974389507,-2.6005965154403103
168,0.4905754339164837,-0.33365263890904895,-1.6856026531340411,0.6154867223463953,-0.4114138105955833,-0.8783140061136621,-2.621403907776739
176,0.5859428525185926,0.21774451724755056,-1.0613794933216503,0.7472671664319936,0.1209098795357231,-0.9372684549253721,-1.9607677561947363
184,0.7645400045654519,0.6442970029221706,-0.26896283693181744,1.0472410927526652,0.9341340003463513,-0.36332992256547403,-0.778211584293212
192,0.6761083847126704,1.0656476634697842,0.5130501371665072,0.9518737145699564,1.9675701541754484,0.299040267272637,0.3939408894843209
200,0.6865121420687776,1.431511849272423,1.1736863470493026,0.9709471902810037,2.491224081434596,0.7325285505789972,1.1828895956492764
208,1.225771596117948,1.9967806636499101,1.5083392998991676,1.3801601002924138,2.2935534017088886,0.9458048362571466,1.5921025622851002
216,1.5014702076307282,2.256873641643099,1.1407412054805237,1.3974997003562748,1.1318046739253285,1.1226680947754248,1.3077342022425278
224,1.3956990365153894,1.9135508324162884,0.48530680954886146,1.1668838818557556,-0.5345244195383901,1.020364834769414,0.773676601073776
232,1.3107352903327687,1.398566668774358,-0.1285126113476089,1.043773233238608,-1.6980071058568469,1.1712187758002142,0.13037994841400244
240,1.5396171482494816,1.1488774341674384,-0.49784464921372446,1.0507090325467296,-1.7725671099570506,1.6827350143629765,-0.19560325590607058
248,1.8777380675292368,1.6239806543247632,-0.48570697057562395,1.548353592772037,-1.124068587653052,2.0208558995563246,-0.1297130694397938
256,1.8916096568322527,2.1406986794577767,-0.13544839445071696,2.037328437995166,-0.29177098889620245,1.61857873912041,-0.025675847918654803
264,1.1494776772550086,1.9118168260114121,0.13678223330957423,1.6159777753986422,0.4677005460414175,0.6753081243771772,0.07662736105087838
272,0.02067407930556322,1.2355751495020317,-0.0764940132530257,0.28430170463398124,0.894253063939798,-0.1691271677326702,0.024608792386089616
280,-0.8237611854233997,0.8142244420157585,-0.17186144414859367,-0.5982805560342965,0.8959870150241139,-0.548862934083893,0.26216038337263886
288,-1.0231658203312413,0.4032774898366844,0.01020361956638759,-0.6884461642242967,0.9670791041034343,-0.5124499184724234,0.30204133654299825
296,-1.6040401885071052,-0.5087819187758635,-0.277632609489732,-1.2155679465271532,0.46076474934099954,-1.2129669794526239,-0.12104328496095065
304,-2.4172642597713727,-1.6202460166854933,-1.0492418042527367,-1.8380571587942538,-0.7651402203437802,-2.185714857810392,-0.5684032376640692
312,-2.519567508415247,-2.0849454686833684,-1.498335729646854,-1.779102771822363,-1.7326861796972266,-2.3799175876837513,-0.7383306894236455
320,-2.311493141182626,-2.1473678224576784,-1.5070055035086203,-1.664661830384284,-2.0343940625038854,-2.341770623595669,-0.7868813294702423
328,-2.4189982732543003,-2.336368637238271,-1.6370519981862828,-1.8796720848418775,-2.0742750000280257,-2.307091608801141,-1.2047640720167414
336,-2.3721815077373036,-2.235799391273982,-1.7237496563376713,-1.692405101563781,-1.8731363983896494,-1.7348869554411905,-1.5758301272773403
344,-2.1693089507305277,-1.8023110917626095,-1.5832994385765722,-1.5762302388437086,-1.287060202479076,-1.4054358685102601,-1.7370877949306027
352,-2.27161214852419,-1.5873009062228869,-1.276389687988334,-1.9264887875877317,-0.7373969955441468,-2.1163567248445294,-1.2498468495690478
360,-2.550778673008944,-1.6254478656543565,-0.9504064613165191,-2.2004534102044992,-0.4356890946698303,-2.6902952490087886,-0.8388999387406958
368,-2.5351731410035145,-1.9531650197548938,-1.0006911517264174,-2.167508296202868,-0.49117565360636684,-2.4388719871353652,-0.5597334814974323
376,-2.3739154448517814,-2.423066383679039,-1.2607841289745498,-2.035727848205715,-0.36979887765617353,-2.1440999777701046,-0.6065502304368869
384,-2.455411320717002,-2.5149659347577162,-1.0925906703950692,-1.959433934371918,-0.05595337581605904,-2.2221278335612564,-0.7643399439537178
392,-2.3427042824932585,-2.107486875992841,-0.653900470692091,-1.8900758066214614,0.02727643734990439,-1.9568329848062536,-0.7643399636977565
400,-2.193584319555128,-1.7346869383795334,-0.496110729794376,-1.7912404720671469,-0.18426586092234773,-1.6880702409606716,-0.8094227103301538
408,-1.8901424385392318,-1.3757585377289125,-0.5221200104014804,-1.3993670097552235,-0.5258546942916626,-1.2008293538999095,-0.4643660511606586
416,-1.489599261038865,-0.9075912211878367,-0.452761862348192,-1.0976591358892613,-0.8397002156895516,-0.8592405654203434,0.07836136987719418
424,-1.7982429645740645,-1.2838590062080093,-0.6070836919503142,-1.6143772204406557,-1.2194360315871355,-1.5146748762291207,0.282967864557241
432,-2.6704214827873956,-2.35370827436877,-1.1307375856818485,-2.2455362287349994,-1.6789335938242196,-2.6868273475852154,-0.320447900497283
440,-2.8646241677710065,-2.9709956248147558,-1.4775282873915363,-2.1813799520023163,-1.8488610861894608,-2.9694616878118647,-0.8822487557091968
448,-2.4172642882698425,-2.7091686387403078,-1.467124584238403,-1.7721669238992035,-1.4396480957117788,-2.7128366373192807,-1.2637185107701676
456,-2.046198338062431,-2.287818038169868,-1.0631134349064757,-1.3542842657305303,-0.45302866400004593,-2.638276624092116,-1.327874772042896
464,-1.7132792383217463,-1.6878701555399362,-0.29670607514249553,-0.910392132494598,0.8595740105885152,-2.475285035529389,-1.1995622178324714
472,-1.1861574325495619,-0.6249567589579295,0.5425272893948627,-0.3641968636773526,1.9172855429279685,-1.6620609525304573,-0.5406599696510686
480,-0.5029798347288031,0.4292868183137701,1.1129979199586586,-0.07289274474605935,2.2744798561486474,-0.6719735938769118,0.8360989442310084
488,-0.10763849818792504,0.7379305300446081,1.3193383890060857,-0.20293922061100617,2.0629375776204344,-0.05121829842145618,1.6510569825983392
496,-0.24808869192090194,0.5246542113976407,0.8910519144354533,-0.2948387338779866,1.36762233189522,-0.19513646696622555,1.6198458392387969
504,-0.28970358816620256,0.24201987061219715,0.2668287441922496,-0.10063597699627272,0.5387926621290928,-0.2870359178345936,1.0927240267610894
512,-0.18219850917991526,-0.2556247402770589,-0.49264280136244787,-0.007002525497228129,-0.21547707860143142,-0.26102668342108915,0.09916879052582846
520,-0.30010727381047136,-0.8382330520866581,-1.2642520292805366,-0.13704899242147794,-1.007893711521935,-0.5783401470344799,-0.8024869082280652
528,-0.5203194176563277,-1.0428395292578407,-1.713345893579893,-0.05035131489858029,-1.5592908566889283,-0.7916163665887253,-1.2012961352029097
536,-0.4197501059406652,-0.7445995337186522,-1.4861980247454571,0.16812676424160614,-1.6078415265378474,-0.48123868570591394,-0.9724143087648999
544,-0.4197500666388524,-0.7237921356080242,-1.122067854474657,0.279099800158292,-1.165683477192831,-0.43615591653551034,-0.8198264715978161
552,-0.4336217267223847,-1.1538125405876112,-1.2434445605756572,0.15598912229761486,-0.9853522868898628,-0.5644684286501546,-0.8475697096222297
560,-0.43535564055379783,-1.3982999698115657,-1.0457739382194209,0.07969515034928945,-0.6437635058608767,-0.2107420449789899,-0.9672124990978492
568,-0.558466356226172,-1.1555465147687263,-0.5550651417257122,-0.12491133129224155,0.36886519900738046,0.10483748170618849,-1.178754763283695
576,-0.922596562259759,-1.171152040999956,-0.5047804800005486,-0.5531978012062606,0.9809507654908185,-0.5228536553394336,-1.2238375466102016
584,-1.4670578907960308,-1.545686007928676,-0.7492679442422322,-0.7248591761104761,0.8422344913634543,-1.3395456384580873,-1.2706543395080818
592,-1.1584141535469548,-1.3064004693968365,-0.4423581822918587,-0.10236992007121441,0.9324000252339129,-1.029167989985301,-0.7972850644746077
600,-0.09896874723669448,-0.1186424461050101,0.3067096789224215,0.8235611551441254,1.3918976869362472,-0.06682387066002085,0.08529718334141818
608,0.4038777498743281,0.44489243022667696,0.552930999067254,1.1148652520962066,1.504604646370101,0.1169751441392761,0.4737026836938007
616,0.15592244083348367,-0.04581640556884499,0.44022408172918076,0.7281937065534294,0.8786474862995629,-0.09803503301854304,0.3540599689102516
624,0.19233543576959217,-0.4255521983696289,0.003267853227085937,0.5461286059580744,-0.038613800339114476,0.2227462683159574,0.185866460411881
632,0.6310255928179966,-0.3561940436108183,-0.5047804829807807,0.8599741541780539,-0.6108184099269031,0.741198367281602,0.2257473780057179
640,0.7905493131122336,-0.3388544625459385,-0.7457999888019493,1.1165992471389474,-0.7894155526605363,1.1261359863269784,-0.04648328235086352
648,0.5547316743275867,-0.6232228102950526,-1.3526836638482145,0.7195238997228448,-1.2662527477440357,1.2596503552335958,-0.7452664881729736
656,0.4819056121847378,-0.8486367811305595,-2.077476157914274,0.3155127932317556,-1.6269150542166948,0.9926215555805425,-1.683335194715227
664,0.544327932617699,-0.45502937332225557,-1.6561254453988608,0.6727071859873835,-0.7911495428603998,0.673574162862049,-1.7717668618791955
672,0.6292917048773516,-0.09783501297665302,-0.6764418765114479,1.0975257442332809,0.6046828670355564,0.5903444016638858,-1.1978282969230072
680,0.6292916877410161,-0.21921174757612402,-0.548129278715127,1.1235350730828946,1.0208316763791323,0.5573992733198863,-0.904790168979134
688,0.8286963448143346,-0.026742911045081242,-0.7163227745475107,1.329875501338393,0.686178678080726,0.8330978405017119,-0.8059548375913158
696,0.6847781511238559,0.22988219961094156,-0.49264283787029317,1.074984347354621,0.45036101135640205,0.8903182771343449,-0.09156605077620868
704,0.12124335246447189,-0.21054196495992622,-0.40594511005597606,0.19066816968843342,0.05328573863236954,0.5972802296567421,0.3055092241829977
712,-0.13364785292830597,-0.8243613769157001,-0.8515711044104627,-0.06595689961686738,-0.9420034984198326,0.49324307146553786,-0.06729070225443981
720,0.40907960778388813,-1.0497754040030904,-1.4636566464932494,0.7958179122768347,-1.890475948720884,1.1192002265069345,-0.6169539322861686
728,1.1997623784682492,-1.0046925053788494,-1.7410892288343836,1.4946010875515638,-1.8592647763040784,1.7364875898051717,-0.8735790181690113
736,1.9314905971503602,-0.7185902935309482,-1.7133459544883898,2.0459982025437062,-1.3373448420387626,1.9133507561225152,-1.086855272182192
744,2.078876645698284,-0.22614749696535585,-1.7879059200318395,2.5904595282860106,-1.2298397371617074,1.6636615125748968,-1.3868291621812836
752,1.9991147861099592,0.03741339698004027,-1.5191431515993405,2.5367069632746277,-1.3043997665938851,1.483330351142929,-0.9897538857319607
760,2.203721270917987,0.1067714489208393,-1.021498579080575,2.2159256144426767,-0.8414341889393446,1.8006438244420742,-0.17826373127933884
768,2.134363153225814,-0.27990007427019575,-0.6972493064733081,1.8882084823213527,-0.16345845144958468,2.1075535208273384,-0.30310837065514445
776,1.65925992859814,-0.817425597165353,-0.40421116102057014,1.7009414761327215,0.23881871233909174,1.7538270745712972,-0.8354320440226453
784,1.395699074885879,-0.8763800185961792,-0.07302607979195617,1.4703257150016724,0.44169129933445506,1.4781285217318392,-0.7036515835457697
792,1.4095706623262505,-0.9925548807574579,-0.3036418800385527,1.1495443663559857,0.33592011816083245,1.221503429702268,-0.5562655670353427
800,1.2223036831459744,-1.3653548915727207,-0.9382688132257989,0.924130443949253,-0.3039086364281293,0.7203909119877681,-1.0677817674138805
808,1.1130646558693393,-1.5422181007309033,-1.141141343037956,0.8842495209537446,-0.7876816215065239,0.23488398048167064,-1.3296087227546831
816,1.7234161678916564,-0.7445995648248266,-0.6885795313076903,1.4373805946670477,-0.6923142286089174,1.0082271514747003,-0.5788069395133509
824,2.1725100735417358,-0.29897358276379815,-0.49784467622207906,1.8049787235446277,-0.688846301108312,1.8734698571551303,-0.04301535112496746
832,1.6453883256978146,-0.8417009589119028,-0.985085491571002,1.4044355005957192,-1.2887941408974053,1.3428801525670746,-0.13838282225366963
840,1.1408078745222434,-1.4260432473240567,-1.480996205392652,0.8096894902177159,-1.9372926775437715,0.9666122451711157,-0.22854842075791487
848,1.331542704089616,-1.4173734729034972,-1.2486464251907403,0.8304969551973048,-1.9754396615621572,1.6359182875889995,-0.09330001843806643
856,1.6020394694275009,-1.2110330310506887,-0.7007171773495007,1.0299015712924298,-1.465657387122225,1.9740391874972445,-0.004868419446910743
864,1.3540841127029404,-0.935334440958328,-0.5359916503684452,1.1009936456568539,-0.9524071844366304,1.518009405798064,0.0020674173003777828
872,1.1200004508933767,-0.7862144497079921,-0.47356934297400033,0.9917545796371996,-0.31431234069884956,1.2613843411493757,-0.04648328197833444
880,0.9275316212541206,-0.9561418917818137,-0.08169587637799278,0.7247258179821077,0.6098847396600131,1.2960634131271103,-0.22681444415536064
888,0.8200264988682017,-1.2214367219103646,0.38820546780211407,0.5166513745673004,1.1352725824269536,0.9510067019898155,-0.37246652578648487
896,0.601548363848661,-1.4451167267603944,0.6118854417322342,0.24442076133564122,1.0763181621137143,0.41521514992301284,-0.09330001638915664
904,0.32064794713917844,-1.3410794674275586,0.5737384811831774,0.26522816205397276,0.7347293795946122,0.4290868405539256,0.26736225487950904
912,0.20447312446597704,-1.3844283160610267,0.3778017378268902,0.2999072209931909,0.05501969306944669,0.3788021061856016,0.3297845848119604
920,0.3206479655793652,-1.9046143636895487,-0.1839991028563904,0.32765047373250156,-0.9315997518670673,0.2678291013750892,-0.21814467495020748
928,0.6396954216277944,-1.9011464380515881,-0.6885795406209162,0.5530644104816018,-1.5350155159902685,0.623289513616608,-0.6256236713164699
936,1.1876246499112595,-1.1451428037924833,-0.5758725696386626,0.9258643525652589,-1.635584805540454,1.0775853198308205,-0.5701371887483849
944,1.5656264530709725,-0.2694963422460624,-0.01060377630906605,1.1946271558292212,-1.2575829800289984,1.2249713521737313,-0.28576884807732233
