-240,-1.9586322741872484,-1.7867068327448707,-1.5362227263873562,-2.1520075578260087,-1.187036670370136,-1.717403162984263,-1.0339479666419638
-232,-2.459709367523296,-1.9693027033735195,-1.2347271848160015,-2.585141970409049,-1.078045320836023,-2.202910042568177,-0.7735010534057059
-224,-2.9154914026989296,-2.1618069521264056,-1.1257358302641505,-2.5129529151778947,-0.885541133968572,-2.8950759686670002,-0.7961486547109279
-216,-2.5842709057208513,-1.924007624077787,-1.298423424643848,-1.9793199334919356,-0.642079914792834,-2.9035687647596173,-1.1259536283497154
-208,-1.4561396635940165,-0.9275152622378509,-0.9813576871105218,-1.0295381970949222,-0.1622348264374389,-1.9368013291322936,-0.8711685946845747
-200,-0.5162662788640753,0.08171630925038346,-0.17453861279848779,-0.18167045491409786,0.5426702588281973,-0.9870195427099516,-0.3276273254977662
-192,-0.1779683509978992,0.49928054943961464,0.3364468276430524,0.13681085157431816,0.8144408431681952,-0.4618794016680406,-0.08416613171482386
-184,-0.027928371152005558,0.3945356145255514,0.25859587778756915,0.14105724764394229,0.45491095046327107,-0.12075067831428501,0.11824636804627096
-176,0.10795700723185488,0.3294238918044224,0.4511000161502201,-0.0273839415429713,0.2723150466871412,0.18357582995594934,0.7226529579545306
-168,0.5141974840213779,0.7809594649195764,1.2041312655553906,0.21041537753453995,0.7691457676737797,0.8148763655411487,1.6073230202872677
-160,1.1412515989044212,1.5283287290770278,2.0151967417150507,0.6987532175831749,1.5377470997616853,1.518366008511565,2.1437868902129313
-152,1.1823003061548505,1.6061797227236787,2.1270189647397593,0.7341400159163234,1.6325837207177367,1.3003833485208742,1.8861710081458836
-144,0.28630641351923286,0.5516530231308058,1.1857300519568954,0.17078212033401638,0.9828820296181613,0.3222921175627823,0.8118276809410921
-136,-0.46672465387889683,-0.7576587230516847,-0.5524696445961015,-0.2765070367926147,-0.22734657211852025,-0.5637934231016569,-0.6970655279032292
-128,-1.0357444567059055,-1.799446133928873,-2.2906693507284155,-0.681332026127275,-1.7433172025757284,-1.1370596306652907,-2.0304402612746224
-120,-1.8963514883626775,-2.45905612469351,-3.087580139668339,-1.3565122358138373,-2.6478038601331666,-1.8957526522923975,-2.4182796219314096
-112,-2.1751995154508807,-2.470379876993373,-2.419477274808068,-1.8448500801199466,-2.3519701649854485,-2.1477067349200825,-1.8733228614884236
-104,-1.7208329470509458,-1.9240076468856868,-1.2686985201747671,-1.6849017738477214,-1.270549522908742,-1.5348072800393473,-1.1443547904023563
-96,-0.9380769257666175,-1.1681455233817104,-0.18444692584418426,-1.151268746545962,-0.18346700034860167,-0.6798621141169008,-0.16484806970861285
-88,-0.4497390692962957,-0.473148787046199,0.7228707031257674,-0.655853533541295,0.6275985226432795,-0.25238952226059574,0.858538256054583
-80,-0.0010344046438503201,0.2232635045596629,1.2522572555946225,-0.01181372991957516,1.0522401546430735,0.12271053128213487,1.2124063149562436
-72,0.6599911308995038,0.7781285602581837,1.0243662731309704,0.7681114358163701,0.8441657864107063,0.6195412139515021,0.9024178814990937
-64,1.2275953851464778,1.1022716739406488,0.35909436326152333,1.2522027826337272,0.12085953118569075,0.9153749095553778,0.29376490631694946
-56,1.723010572150138,1.2523116674712826,-0.18303140615415692,1.3314692787884534,-0.43825191951808595,1.3824807578519416,-0.051610273927496515
-48,2.0344144807458857,1.5382370871303133,-0.10801138498438755,1.297497890059203,-0.3235987028811752,1.9883026705420261,0.25271619861036126
-40,1.9027755143971785,1.4193374555692484,0.3322004025313695,1.1955839717172947,-0.033426936417584256,2.231763971217993,0.4438049144446382
-32,1.2007014175739543,0.7866214297922388,0.10006298507261117,0.8940883682605061,-0.10420051103624495,1.7009619449790163,0.05455008245057187
-24,0.14759018916630873,-0.08389392388133671,-0.36562735372145483,0.29109731735296096,-0.36181645027509474,0.2755814836049098,-0.5059768141976893
-16,-0.5714696430757618,-0.39388231005010854,-0.10659592596337414,-0.0004899573967071264,-0.11835522942677781,-0.7831915889455814,-0.6489395416653143
-8,-0.6946157310713588,-0.4151143714422988,0.3534324982874623,-0.21988816155790364,0.31477918726168386,-0.8751972549108079,-0.4904066655240967
0,-0.9465697303741848,-0.7774752749413759,0.4242060963222334,-0.899314718353131,0.10387387696296826,-0.9445554364993132,-0.48191380207214823
8,-1.3839506402939246,-1.2502429690533658,-0.01883664162276813,-1.461257197185065,-0.22734660313726388,-1.4173231059787708,-0.7112203069627752
16,-1.1079335561843846,-0.8977903595934014,-0.19293973592564642,-0.8172173864168686,-0.12543259021859696,-1.3437185252795891,-0.9660052458991065
24,0.30470756720897774,0.4511545037491067,0.1807448853573401,0.5869309366264,0.31761016749325116,0.11280222735959836,-0.4889911592147035
32,1.6083574031057122,1.7250793863678562,0.9281141575735812,1.6343802997558792,0.8837989957146406,1.315953465111355,0.5683664903512555
40,2.468964415907953,3.0952563892576257,1.9911336861024473,2.5700073294704144,1.7429905522328153,2.175145081234175,1.6115693608576682
48,4.042969344280299,4.9452783837972945,2.737087476489777,4.2926368323422315,2.4195861867285404,3.6302503827590855,2.2074831016069303
56,3.9764421704448933,4.202155504153466,1.839678182004947,4.250172700130586,1.6453230139950001,3.4717174933892876,1.3171512098804559
64,0.22119476515185701,-0.376896661909493,-0.8171629298776618,0.6364724830003511,-0.5982002399312084,-0.0004354978690806828,-1.1740796509282179
72,-4.254528015793493,-5.2263039339807476,-3.699064131726743,-3.87039067101441,-3.2507949420594535,-3.798147138161365,-3.3680613873704828
80,-6.949586908369558,-8.105374224478117,-5.575980097032045,-6.166286363051488,-5.163097733827641,-5.969481303404833,-4.496192639380741
88,-7.924847094777803,-9.345327802604793,-5.765653320545773,-6.59517444555576,-5.379665035912341,-6.803194377524558,-4.7495621287233245
96,-6.97648077954069,-8.092634979705656,-4.447848827839834,-5.527908499517844,-4.042043866481471,-5.938340945540687,-4.087121227519292
104,-4.839117971399515,-5.404653487911264,-3.1640156733816602,-3.9751356374033757,-2.598262368498174,-4.268083867399106,-3.3878779844198164
112,-3.931800317340874,-4.108081069826097,-2.849780817549775,-3.48113580450439,-2.3363999807315317,-3.883075508717419,-3.4034481651765223
120,-3.977095440123668,-3.6140813204040234,-2.3600275040351235,-3.386299177466231,-2.172205207685194,-4.004806107889681,-2.9745601591547404
128,-2.9890959592217365,-1.9961967112399988,-0.7180798622184492,-2.2963856958098465,-0.8260913061758787,-3.149860900304803,-1.406217113394565
136,-1.3457328088148797,0.05482228313758373,1.2281942729672986,-0.6770856521052879,0.9970368138474982,-1.7740220795772985,0.29659581888508
144,-0.2501574320780053,1.5056812132254036,2.613941425595029,0.6053320848422485,2.2837008636918505,-0.7506357636975253,1.5549505263730716
152,0.6146959463833268,2.7060015207709194,3.7194250912012263,1.649950476559215,3.1853566079208973,-0.021667607918124717,2.8345372637783517
160,1.6975320742423152,3.9785109399591283,4.403098152935785,2.48507901867106,3.690680145679317,0.7667503431146989,3.696559775895563
168,2.8907750105043784,5.313301124444796,4.540398938186594,3.1998924052743374,3.928479470990987,1.644343004969871,3.673912245142778
176,3.839141373942186,6.038022805087185,4.260135448276061,3.6471816071044527,3.8577058633768972,2.5417523132914925,3.237946856585645
184,3.404591427984379,5.519960052662732,3.81001531076581,3.371164546867181,3.694926580066211,2.20486998311836,2.661849662860391
192,2.2707983108480083,4.618304337779853,3.744903604770474,2.50772655763469,3.510915192788589,0.8941428250511825,2.12397030639218
200,2.0754631840429467,4.27151367205723,4.009596887771245,2.1043170306662,3.651046883917212,0.540274836854012,1.9569445900630722
208,2.703932768894795,4.793822849289262,4.403098117051357,2.332208069085233,3.9256485263397414,1.3301082815758565,2.4282967991530433
216,2.9105916981771,5.429369804664301,4.571539282366002,2.121302729744458,4.187510847963477,1.7434260569676592,3.002978476989588
224,2.3033541908350244,5.200063365916584,4.270043766491548,1.4517843780375341,3.9497115279736494,1.4759017836998451,3.0695056547783603
232,1.6904547262229197,4.582917575027027,3.41651404620948,1.1955839492134999,3.25896114650149,1.0158734341068674,2.5174715768785645
240,1.2502429376427941,3.9742645632001907,2.7059471242515785,1.0030797637145226,2.446480184407492,0.40863589346525797,2.040457432110044
248,0.5651544824219199,3.457617174763836,2.439838306507566,0.44679921356671615,2.101105007052047,-0.30051564625822585,2.1636035143276398
256,0.23676487915744213,3.265112970866486,2.5955402974501336,-0.09532663096298039,2.2284974561451554,-0.3245786624891885,2.609477199812885
264,0.8496643554776016,4.270098166964259,3.5170126127275037,0.19059876664841335,2.8852765303882957,0.1977305713064351,3.5734137297144475
272,1.6706381585197498,5.604888421546204,4.868788443529152,1.2040767656811742,4.047379100575367,0.7667502988673733,4.746840090822759
280,2.0301680233990376,6.353673093787028,5.760535860419551,2.151027612774114,5.0764272935934125,0.987563982120535,5.113447368495878
288,2.18303902118556,6.752836166449721,6.032306483989135,2.40156612994392,5.200988851405763,1.0852315614125698,5.144587756770558
296,2.698270853287197,7.471896097526026,6.063446928067145,2.255772579923342,4.971682403838992,1.4461769838429974,5.5564901070490915
304,3.1922706297746446,8.35515069460359,6.309739036851063,2.468093346049965,5.141539044444286,1.8948816034878526,6.017934011000105
312,3.381943900880859,8.577379704591946,6.458363673692126,2.7610960650715395,5.376507368084965,2.0350133084532693,6.101446884369925
320,3.338064242440921,8.284377033010802,6.316816388215616,2.66909039956247,5.301487362728673,2.227517560247209,5.75040976342919
328,3.1526374057216024,7.682801394444105,5.882266428877177,2.177921547351209,5.072180921852215,2.405866964709955,5.359739500391802
336,3.149806506382053,7.208618288295376,5.6303124502535145,1.995325681740298,4.750868744762204,2.4964572457038154,5.082306967448775
344,3.5744481584527996,7.620520665791336,5.702501483893187,2.4652624041356703,4.504576524067526,2.9182678979282,5.433344018749389
352,4.113742975158445,8.53774649407159,5.8270630564546435,3.1928150634891015,4.36869129712812,3.218347984127806,5.874971346786388
360,4.149129776836752,8.622674842427953,5.542553093535837,3.168751988717863,4.140800273914354,2.9961188634451084,5.6499112993946605
368,3.448471049475521,7.389798657784423,4.822077864462295,2.111394372755542,3.5505484396495306,2.3733111225840524,5.219607757869375
376,2.6954399461929617,6.1399368210469065,4.3252471203636516,1.2338016838349952,3.1400614746464686,2.1015405272962626,5.107785464900441
384,2.1419903969558844,5.766252190336656,4.438484906413398,0.7214007849806513,3.3863536063903377,1.913282729199907,5.179974558905023
392,1.4908732734445125,5.743604623395333,4.762628000937227,0.22032364906985888,3.479774809075489,1.1008017820070732,5.093630720508902
400,1.0166900344017535,5.452017389243728,4.696100875758675,0.1778595218759509,3.3028407605420487,0.361925327322874,4.942175208048505
408,1.3450795412648415,5.221295434151143,4.526244171443315,0.9464608478817498,3.2858551052549583,0.6818220242565523,4.787888763709288
416,2.151898666970677,5.214218037931054,4.23890336635676,1.5112342190588102,3.2901015449636963,1.6698215828573961,4.435436218719655
424,2.378374202577528,5.170338424346652,3.6769609240174663,1.0894235242596788,2.8626289651195513,1.95291597606085,3.8338605675325854
432,1.5305063962304788,4.871673805378904,3.1249268225495066,0.3052519977303276,2.4606348798380724,1.1503432620860625,3.3667547872035626
440,0.42077627555822467,4.277175530645077,3.0796317757930445,-0.22271902851023523,2.4818669841091143,0.006641828862941195,3.119047193397626
448,-0.27422048890702966,3.4760183430506344,2.7781361893661547,-0.6006501576215543,2.425248104464876,-0.5269911354890142,2.987408260652558
456,-0.18221475193320869,3.057038577393374,2.5431678204137818,-0.8794981448719602,1.9468185601279346,-0.14056728007725142,3.1034769892248106
464,0.4901344519769377,3.4278923376540833,2.748411289154547,-0.6473607024765652,1.5037757771753435,0.6436042738215796,3.245024181493036
472,1.2134406992952151,4.298407678403182,2.790875416196403,-0.06843263495660862,1.506606733078484,1.3654950333808902,3.2209611702798115
480,1.396036587409921,4.6834160428628735,2.5077810096123154,-0.18874773770289974,1.5773803309612022,1.5070422137890074,2.9534368891052587
488,0.5609080235545452,3.8468720514613857,2.2062854342852694,-1.1696698918728115,1.3622285925097513,0.3958966014044156,2.405649247264937
496,-0.6295040092625458,2.444139216633242,1.848171000601358,-1.6608387027257476,1.2773002467382835,-0.937477994815474,1.8238902182158907
504,-0.6861228255008233,2.01242018917362,1.4447614848847665,-1.1144665249241767,1.0862115163069503,-0.8129165581890981,1.6696037452907726
512,0.5226902925823139,2.5786090371618564,1.0286126357490077,-0.2453666457809871,0.6700626928680917,0.3817419271091559,1.7078214995270617
520,1.703193956398327,3.50149687577852,1.0102115661443871,0.555790532538243,0.8144408586775677,1.303214250597372,1.9456207979254105
528,2.059893004502662,4.185169933559709,1.6669906364341545,0.7129079864551923,1.6000278732699909,1.732102280339369,2.465099065022154
536,1.6310049501281327,4.496573684476843,2.6111104747096268,0.13114891498345235,2.181786879663189,1.4858101017632792,3.168588687009302
544,1.0704780052791765,4.554608089285004,3.269305033822729,-0.2835842979899381,2.62341421286998,0.9861485702358478,3.542273318783922
552,1.2459965242391662,4.48666544183153,3.3995284310642924,0.13539535834145533,2.8456432961477223,1.211208590866305,3.1813278840372283
560,1.7583974524396733,4.322470638678764,3.0300902047865614,0.888426510584972,2.515838347445572,1.7448415404691504,2.7283768362396366
568,1.6522370107600592,4.066270261400583,2.5884629231256246,0.9931714149364503,2.163385763074296,1.4843946450230545,2.424050406124472
576,1.0011198918102666,3.4307232327361583,1.9840562904905674,0.5076644965791072,1.8647211618967103,0.7356099580331255,1.997993259908547
584,0.2551660551989283,2.6224886328040453,1.1305266547497816,-0.13920623572832783,1.2220968369107974,0.2953981790323178,1.1515409676255763
592,0.35000267265776863,2.3422251889654673,0.3874037944166403,-0.15619191108637026,0.6360913892883329,0.6223721660533261,0.44663589665289016
600,0.8779737807026653,2.5149127909477977,0.27558154250192485,0.28118895869146465,0.4902977360239954,1.0130424973623624,0.07295122808152513
608,1.2247643874288543,2.5729471545496856,0.4468536409118111,0.5359739376176474,0.6191057440367185,1.274904800739777,0.1224927689815803
616,1.495119580411275,2.909829539917936,0.8247847116349067,0.9988333471177889,0.9361714257667164,1.5778158393453112,0.5527962849620186
624,1.7569819350304374,3.2424654077264816,1.3555867333123035,1.5834232723132788,1.3877070539249352,1.6542513978432165,1.3355524053846837
632,1.7074404461323935,3.1363050695947337,1.7957985486536991,1.3357156929523455,1.6608931810669652,1.4320222335214055,2.1168929788998945
640,1.7286725055478989,3.369857942425242,2.3534945036917696,0.8204838544644966,2.043070630373628,1.538182632018062,2.5514428965759035
648,2.4930274623973956,4.2587743991550235,2.827677729962104,1.1559507458396194,2.3969386524785428,2.4582394583200453,2.4212193798209465
656,3.350803517471864,4.626797163066582,2.5191047810708147,2.0094803449357133,2.375706565693558,3.3542333196328133,1.8819245518634051
664,3.485273319298,4.40881442993856,2.166652264667082,2.8545172256381015,2.336073367337416,3.402359356352213,1.584675410315044
672,3.5928491901963056,4.761266994695039,2.461070439060404,3.39239664064659,2.619167763733975,3.161729102050725,2.01922535566464
680,3.7542130683126214,5.463341196890763,2.8163539078700675,3.1107176097586544,2.7607149702951537,3.1376660756322337,2.5075632565343398
688,3.6961786761248314,5.365673599656514,2.591293869145343,2.568591825137707,2.5993511861473864,2.9479928516623475,2.2216378832513723
696,3.5291530200085792,4.674923173176765,1.9939646400289033,2.451107641193705,2.1718785568861247,2.605448616221197,1.4926697341622885
704,3.4470556508194137,4.18941620342562,1.4787327408720417,2.4242136964290824,1.639661107510561,2.622434228021225,1.3100738617090084
712,2.652975785699518,3.4009983776841946,1.1715753384320478,1.4178130534745093,1.2235122796621758,2.2544114860052487,1.0949220746007031
720,1.39462106635142,2.3393942830876524,0.8460167816940997,0.14813460128928707,0.9913748833387387,1.2423489785327735,0.6660340407532837
728,0.8595726688274034,1.5240823208431904,0.5714152058706367,-0.06701715175922106,0.8554895277627782,0.7922288127407264,0.3249052459347756
736,1.078970758949101,1.2211713097591879,0.21330078237425373,0.5472977513467874,0.6530770264811564,1.1078790909489344,0.18335805442681322
744,1.3847127429661423,1.1447358922141033,0.08166185936055702,1.0497903184529565,0.5950427262852288,1.49288748201784,0.002177615753803388
752,1.6366667906217145,1.276374672146242,0.21471620444647022,1.045543890756378,0.6573234605639469,1.7632427084518472,0.03897988177496764
760,1.7994461332329397,1.4915265170345595,0.19348421254234785,1.2054922675810391,0.579472464028296,1.6471739929561249,-0.0601031139633348
768,2.283537587703584,1.9798643496326132,0.054767823972545385,1.734878857454849,0.6007046171082432,1.8000449490802162,-0.2936560307370624
776,2.9799498155993795,2.8093309934708626,0.2713351322914033,2.277004571067201,0.7578220158300742,2.414359852338276,-0.13653863536038968
784,3.305508450796504,3.585009713872121,0.8375239313186804,2.671921379641985,1.087626986731914,2.6153568812182493,0.48768457105994417
792,2.943147558245217,3.432138744671502,1.2083776141845828,2.551606153885086,1.5787957775138979,1.964239705552812,0.7453004736541017
800,2.342987334604258,2.3309014203959686,1.124864790383931,2.0830849105816807,2.0006064779389776,1.717947587949841,0.8189050613477054
808,1.8277555262228362,1.4504777767887023,0.919621340041539,1.5508674333804804,1.9213400464066333,1.800044920190209,0.8486299757002099
816,1.8036924862716583,1.4264147226966266,0.6421888042095133,1.1007473243040788,1.4273402753930813,1.492887480801418,0.984515301777953
824,1.8192627105154258,1.6486439183412858,0.4525155247404027,0.8247302803364435,1.0069450741309198,1.2281942055553332,1.10624588924216
832,1.911268438061982,1.5863630771695445,0.5289510446169314,0.8063291514312829,0.7153578086564637,1.4787328049856312,1.243546627964854
840,1.7145178040352114,1.2155094102691724,0.5176272289111065,0.8063290918266376,0.3586588162034049,1.5735694323278948,1.1756039937399623
848,1.1992859618980993,0.5261745604992004,-0.12358158505178132,0.6888448841624205,-0.15515748069883317,1.1177873860524152,0.18194258962779794
856,0.766151516015526,-0.2452577433053233,-1.0846871692377316,0.3278995310680083,-0.7694723859335787,0.6832374670079308,-1.0636728405484597
864,-0.10294836419203196,-0.9657330710610468,-1.8164861916653583,-0.6827475468816706,-1.237993641401199,-0.010343842541731516,-2.128107817454653
872,-1.3174234311823017,-2.273629262733449,-2.788915550959073,-1.9227010503504867,-1.604600964386011,-1.1710309427599996,-3.201035643976001
880,-2.1313198498644685,-3.7089178835800625,-4.13786040669895,-2.2638298071558283,-2.4326521137749757,-2.017483234890917,-4.272548070320718
888,-1.8156695588838372,-3.897175740216693,-5.029607852783459,-1.3055552600691414,-3.165866668360945,-1.7358042839826844,-4.759470472179553
896,-0.2996989824053254,-2.365634949833996,-4.302055227185719,0.27411167118903057,-2.5359815443563307,-0.2722061486560938,-3.9144336334436995
904,1.0053662369422478,-0.8114465804978204,-2.7450358893260294,1.0667759658333085,-1.025672855507729,0.9450997930411911,-2.2852252079656403
912,0.8708963756635195,-0.429269182432905,-1.6508759865113292,0.5586215293435511,-0.3773866371139064,0.8587560554559877,-1.185403451580829
920,0.38538942598332754,-0.5722318090896126,-1.0054206654803721,-0.19299414517647445,-0.28821192279434654,0.42562153415529286,-0.45785075527860003
928,0.5453379014901694,-0.46182493119847073,-0.45338658347515337,-0.3486960269452268,-0.1523265780141252,0.5685842476340721,0.24705433485272185
936,0.32452423511485284,-0.9600711434412892,-0.856796156363547,-0.5072289459652956,-0.4424983476708221,0.415713339102465,0.014916895954537946
944,-0.48937227768791347,-2.1136808796746287,-1.8292254767317784,-1.0097215255397831,-0.9959478982763722,-0.35571903312575875,-0.9844064026299039
