-240,0.35988627445161114,0.7686384963522951,0.29428701873842666,0.36770721711869636,1.341873722457021,0.39317086547404706,0.4071758548253693
-232,0.3204782698629096,0.5652930526375457,0.31005028695180714,-0.18715784325544457,1.0297620980251403,0.7746406394493331,0.32363083836186185
-224,0.4875684011714547,0.6157353601477052,0.49132718036433193,0.044561352248635916,0.6356818250647485,0.7257746038632795,0.5490447963112508
-216,0.5979108190997602,1.0350367739939916,0.5512273871320322,0.627800234007304,0.29992537739054936,0.47513951383322706,1.0345517730118932
-208,0.4182100956738516,0.9893234671660133,0.05153359820532222,0.4134204873710974,-0.12568132582582986,0.16460425987631294,1.2899157428215229
-200,0.3646152918975982,0.651990680681815,-0.13289599822690856,0.0555956993655825,-0.12095234123013023,0.23869137267966342,1.286763102623758
-192,-0.024736103315192836,0.16963642444201088,0.09251793195213498,-0.09888384422821436,0.3740124993377947,0.29386265496430275,0.8138667861116929
-184,-1.3929828936755135,-1.0551651355751848,-0.5868764925174988,-0.9043839279158448,0.18958296064756344,-0.7480856255869138,-0.2974396837758017
-176,-2.6035975825393214,-1.7046094304992707,-1.3104079261526358,-1.8375660922651844,-0.3920795340416626,-1.693878357500568,-0.8964417331650124
-168,-2.102327332884021,-0.9984175744238537,-0.7713060760805447,-1.5554045503047278,0.008305976812082944,-1.5236356552507915,-0.5023614525847084
-160,-1.1328899860056445,-0.03055633217018179,-0.07299582888144268,-0.8633996183834189,0.7271084273755032,-1.113792139815388,0.00048501328467491625
-152,-0.8192019866961805,-0.2938019934898384,-0.31574924060931564,-0.8113810411504623,0.5836632452918203,-0.9230572304760035,-0.12404436046270657
-144,-0.7403858991183495,-1.0993021626898143,-0.835935237302959,-0.8507891166890115,-0.08469694635954536,-0.525824414344726,-0.6331961035103227
-136,-0.6142802336350915,-1.236442109928108,-0.8059851827712113,-0.6584778566864303,-0.20765000415666315,-0.000909402406403359,-0.6852146988617374
-128,-0.53861690360167,-0.9921123092681481,-0.3835310682758587,-0.4582850497828184,-0.05632318203969213,-0.008791062590125843,-0.39201895710263224
-120,-0.3778320269502855,-0.5586239853222575,-0.26373069944394234,-0.26597395538632473,-0.393655859305152,-0.3681922696687121,-0.24226845330656419
-112,-0.004243851860763607,-0.2307491981704439,-0.5789949029449608,-0.07366268319188517,-1.0131501183239418,-0.4533136357794278,-0.7451148914056016
-104,0.4260916681439209,-0.09203292905528855,-0.7728824055773185,0.3598256438019702,-1.0383712878268399,-0.04662269094659328,-1.1786032346552686
-96,0.28422278236806187,-0.18188320627188564,-0.690913662053905,0.4260310964215991,-0.6174935080775324,-0.13962564849249146,-1.429238273208583
-88,-0.06414413939953055,-0.20868064905353959,-0.2558490426468473,0.21007508819050108,-0.20607365552544382,-0.39026075460902443,-1.2180112224801638
-80,0.17860926961904003,0.3414553899799925,0.6063986487582428,0.213227738378817,0.3204175937933835,0.2134702441549593,-0.14296022671033867
-72,0.810714083163628,1.1406503007975177,1.558496586053626,0.5663237087493695,1.19054688069761,0.8250829081826072,0.7902219301884199
-64,0.4670761156814191,0.8900151902783691,1.4118987454843897,0.4008099540117216,1.1070018618634638,0.0999751848435693,0.8185957436143734
-56,-0.13350227946037807,0.1381099498212026,0.5149720179998162,-0.2911949533565373,0.1659380959190586,-0.5762667243948557,0.4418549176592096
-48,-0.19340253025423604,-0.21656231905848203,0.0073966064809506,-0.3747401000358737,-0.6710884193792102,-0.27676567379254974,0.23535689318200914
-40,0.16757506169248507,-0.06681183016357499,0.016854527751570068,0.06032458896637959,-0.7971941383711839,0.22765714036939066,0.4276680808800919
-32,0.6057924188321808,0.20746814152812035,0.23911578928517738,0.43233648451188494,-0.36843473044178493,0.48144491936464445,0.45288919416497236
-24,1.108638756687043,0.582632530461085,0.4030531842157345,0.8768589532237256,-0.0957311842577546,0.7951328140273168,0.2921044561959854
-16,2.4753093321879325,1.5047804521709365,1.072989729916924,2.0212681461190734,0.3614019380387413,2.2075165129703023,0.6042160564134798
-8,3.4352888734490197,2.3496886378128106,1.802826397381463,3.0080452002650047,1.1605967553853467,3.241583274221503,1.0329753740892544
0,2.5746174868183225,1.4842883163698382,1.6105152215365772,2.234071592383503,1.2268023075718248,2.4092856652878374,0.717711169233585
8,0.9320909680954963,0.013580619761316737,0.540193127220744,0.6530212868408828,0.4165732128728001,0.7573010742508033,-0.36049252481466826
16,0.5175182782439189,-0.24808863721709756,0.032617725861760455,0.34248604778513003,-0.004304562304559546,0.40105242473626856,-0.9326970811308057
24,1.0723833817975612,0.37771081262092315,0.1681813415713035,0.7507532853698293,-0.16981831162360375,0.8361171083199185,-0.7703360241635905
32,0.7051006637161953,0.14126266554076164,-0.14550657984572687,-0.06105215169515418,-0.8886207068156634,0.48617379914422154,-0.7451149096933904
40,-0.33842399746987106,-0.7982247697215503,-0.6940663840387249,-1.2338350787693704,-1.6704760348241954,-0.2026785875742248,-0.7451149103707162
48,-0.5543800180621598,-0.7241376970497355,-0.5190946433458709,-0.9784710302206499,-1.6326443216327073,-0.06080972499676463,-0.43457962407150874
56,-0.1145865107476186,-0.1960701019783225,0.07044940417098428,-0.4945404465160484,-1.1345268340937638,0.2607598361148911,0.1265906899438036
64,-0.6127038850038717,-0.557047622975196,0.37625577462303056,-1.0525581274455142,-0.7767019278949483,-0.8647334544652406,0.49702622669820595
72,-3.0607308391156,-2.0387895727217513,-0.13289595318476216,-3.281476310363132,-1.155018995633232,-3.3568972319859527,0.32520717141459426
80,-5.701068745724126,-3.8168798444818672,-0.9935673779150197,-5.849303436713043,-1.772936924139258,-5.696157864496843,-0.05468619601814068
88,-6.943209871786513,-4.86355712029666,-1.460158447220505,-6.802977731106211,-1.7981580841595985,-6.763327389226094,-0.5638379231486081
96,-6.8990728240134525,-5.139413317854327,-1.6524696298386452,-6.339539354829882,-1.5175728779611781,-6.930417292445271,-1.2022480282645955
104,-5.917024645752476,-4.425339827164226,-1.2410497774558877,-5.409509835250257,-0.756209753316964,-6.239988638205336,-1.2794877912562623
112,-4.12632377137645,-2.784389496715805,0.4030532102927669,-3.784322704944003,0.8784352754001745,-4.788196859151856,-0.3589162520439058
120,-2.4317785861830297,-0.8297512541635782,1.8453870966926331,-2.0803195793455194,2.0811683342212475,-3.218180987423847,0.30629133750925536
128,-1.528546581350892,0.3714054912472001,1.941542701378882,-1.404077709561305,1.7044275991970337,-2.3149489055459322,0.09191164556708352
136,-1.1139740405109275,1.0303077805930612,2.0156297809932835,-1.4072303748201136,1.1968522130778723,-2.2881515101770633,0.19279618438828264
144,-0.529158889706787,1.8641816861732123,2.5090183084895785,-0.7956177270482779,1.5641349985531277,-1.9681582267467796,0.766577115920666
152,0.47338136034802747,2.663376592418791,2.734432207850311,0.1706670890204036,1.7170381306937648,-0.6503537826735033,1.0818413297508986
160,0.9210565996427953,2.5751025766277538,2.6461582117017133,0.13756437871240448,1.5073874445137136,0.4909027923758212,1.2646946517190532
168,-0.1303496650009828,1.7617207848356211,2.6225133838874486,-0.8665521962672368,1.357636937161686,-0.010367378201726537,1.4507005105928323
176,-1.790215861527705,0.6062773907869743,2.165380286821328,-2.1890857036753024,0.835874621977808,-1.4905329649238945,1.1212494176506373
184,-2.182719817860508,0.17436535942361717,1.4907147978412945,-2.595776524049575,0.2620937280369908,-1.7853050412597151,0.5632316869377467
192,-1.2069769914529018,0.7796727339118408,1.5758361449868943,-1.303193236610012,0.1864302815035818,-0.5415875653807931,0.2747649185984703
200,-0.1934025002825824,1.4984751710980821,1.829623906033023,0.10603801229434623,0.4386416256779455,0.20401230747518434,0.14077762595110851
208,0.15969347398259212,1.4480329164193124,1.7508077986434207,0.6151896832067965,0.4622865122501986,0.1661805825998316,-0.06887312355887626
216,0.9368198302646096,1.6261571501609646,1.9888323109492774,1.1180361201205138,0.5962738258946512,0.9149331354464478,0.0540799113785057
224,2.885152858291212,2.721700484082884,2.5326631440930862,2.606083270338187,0.9556750202733842,2.4833727149305846,0.5868764766524517
232,5.1424447120577605,3.9354677703036205,3.0071357460757664,4.686827159577888,1.2614813422966564,4.094373017940278,1.0849940031376129
240,7.111269850147091,4.753578384810655,3.2656525228745674,6.572107377045274,1.80688846565236,5.607641534931906,1.4412425734050631
248,7.945143731174193,4.737815269164846,3.3239762931280623,7.360267982570705,1.999199630660038,6.572349978493644,1.490108525341416
256,8.20050776329777,4.1009814300463665,2.783298177735789,7.642429488294246,1.4222661021093908,7.1477072137844315,1.0250937926446226
264,9.500972788982823,4.1687631950603,2.6650740806586475,8.78999145888444,1.2204969926326947,8.599498903769607,0.887953842697027
272,11.606938061252286,5.094063860598718,3.24516030139179,10.612218577251939,1.7091565050536432,10.532068663413497,1.3293237524901658
280,13.156461497462658,5.398293813163011,3.4705742247975775,11.986770726746876,1.9944706536842505,11.774209754762948,1.4302083258549654
288,13.879993099074523,4.9443133451187835,3.068612305877299,12.792270843623449,1.6918169940411538,12.666407653267362,0.9510066910171427
296,14.135357045685753,4.184526464966994,2.4112864200260273,13.209995999092142,1.2725155989906491,13.40570219289642,0.4497365697150262
304,14.218902103804778,3.4972503997867452,1.9320847587725092,13.48112321984335,1.2614813258715132,13.36944688218353,0.09191168163466695
312,14.286683784491686,3.21666527554471,1.9525769099827626,13.589889251718203,1.4837426693615086,13.25595176259017,0.32993613179590797
320,13.900485181028243,3.26080238630904,2.1480407253480878,13.012955668473523,1.4632504986781456,13.281172725339458,1.0755360949055093
328,13.12966407263013,3.0700674566498893,1.8879477753453733,12.287848076027643,0.9872014730504457,12.94699286860968,1.1291310170443953
336,12.850655315307108,2.827313887782499,1.6514995754338224,12.257897949699391,0.8106535132648756,12.537149282224426,0.8075614227437892
344,13.585221163622409,3.3411947197339447,2.343504610985935,12.809610096574925,1.4679794737912883,13.087285268087909,1.3561212475952162
352,14.699680043247662,4.381566608474441,3.4122503537919147,13.471665238460098,2.421653733979521,14.201744393412993,2.2372848040626185
360,15.736899387293294,5.379377897978611,4.165731844498769,14.16997551376821,2.9686371876786537,15.19640310689599,2.8268289335358605
368,16.536094326050495,6.107638264902041,4.425824857662086,14.902964824647807,3.253951345453156,15.577872998895247,2.6423993244037765
376,17.32110224108674,6.437089499235935,4.449469756934192,15.501966890631492,3.178287922964802,16.187909118036607,2.4059511600518144
384,18.575853980940902,7.0896864247058975,4.564541100361547,16.588052123114206,3.247646082160095,17.2188230321671,2.405951107728419
392,19.983508698505485,8.164737494642868,5.168272201571013,17.98309643364062,4.049993522601995,18.339587451264894,2.814218326009341
400,20.284586180542053,8.539901894751704,5.660084414641026,18.04142026231344,4.5418057294067475,18.579188190960704,2.9813083738375172
408,19.192195503243042,7.728096519831337,5.225019667727441,16.681055181412276,3.674829002267883,17.65073520509149,2.899339710577177
416,17.882272530549002,6.85166193187315,4.3186350045790824,15.263942356143225,2.08432099880273,16.65450034583626,2.872542205820239
424,16.88130853108254,6.333052264506949,3.8882994044806565,14.308691764595578,1.1842415733783918,15.746539172683878,2.7511654585547807
432,15.89610775935926,6.203793945448748,3.9340126376494866,13.37866232612568,1.1337993017664847,14.64311439329042,2.748012854593929
440,14.568845352698508,6.083993492120474,4.045931447896508,11.959973186261015,1.404926544700105,13.300088796816715,2.812641996004572
448,12.763957597347872,5.217016850832616,3.834704411561256,9.953316282148808,1.4411819605677803,11.62918819983366,2.5036830652791724
456,10.782521894403532,4.283834783340825,3.4563873749799456,8.37857150337887,1.2677866375933475,9.833758479882997,2.249895357064434
464,9.28344056081235,3.907093914544823,3.4374715082243186,7.6156319735467575,1.318228924953072,8.307879464075597,2.4059511774929465
472,8.492127181656032,3.851922710829943,3.7369724734836107,6.841658392419609,1.6098482891252934,7.243862704172,2.7621997294726075
480,8.350258412888154,4.682643942007392,4.731631165461523,6.578412727543995,2.6313044745149425,7.108299156364339,3.614989482165947
488,8.298239790274389,5.54646801624864,5.530826034454196,6.7549608373571655,3.6385736678485983,7.090959403885308,4.360589354344598
496,6.993045757641897,4.5896410398328555,4.496759325018399,5.73508081077826,2.5824385450996625,5.84093686333903,3.417949326805301
504,4.286502301556195,2.0423060704504583,2.233162115842522,3.411583446480749,0.18012502972505515,3.5757634313451443,1.4002582013893585
512,2.5525490098365853,0.1869759374864765,0.8586100140990286,1.8998914139241085,-1.0809319603836511,2.0624949670155774,0.6310134682074918
520,2.0780763446933004,-0.2433597244179019,1.1707216266777132,1.1290703046793398,-0.6332566938265327,1.4997484273036257,1.10548616332243
528,1.0487386071533487,-0.5081816903426201,1.3961355475435306,-0.10991807078122097,-0.28646609071850526,0.6343480078177854,0.8658853916229908
536,-0.328966109049539,-1.1749655050844265,0.8144730552249437,-1.6089995965635133,-0.5906960766410804,-0.4249398032190289,-0.00266766264201051
544,-1.2621482601910308,-1.2080682995501204,0.505514061338939,-2.4854340068930827,-0.5560169757076804,-1.0901473700817854,-0.42039270211870866
552,-1.925779471479981,-1.2790027665677706,0.31635549504283805,-2.9189224740933186,-0.6301040737792014,-1.7758470883241273,-0.39674790072013866
560,-2.119666987489517,-1.476042902455307,0.18867351157734022,-3.0655203221131355,-0.8649759455486297,-2.1037218941023923,-0.05153358342139036
568,-1.9872559500024556,-1.231713170882549,0.3920189309083705,-3.131725945757455,-1.025760689105552,-1.82628943308719,0.5821474929034085
576,-2.0991748188381325,-0.9968412396778071,0.5244299416410757,-3.3382237890500805,-1.229106143657509,-1.5504331603463917,0.8532748450557669
584,-2.3198597071874696,-0.9905359482757382,0.35576353603778615,-3.628266845399944,-1.627915362944709,-1.596146381154032,0.791798249017317
592,-2.7832981837079767,-1.3310213764816832,0.08936531698474538,-3.938802271058874,-2.017266754093546,-2.0769244333716106,0.7318980654480159
600,-3.5478139358501024,-1.7298305895036235,-0.232204188924882,-4.422732796174819,-2.280512391876141,-2.872966675713032,0.41505751771839344
608,-3.916673207622986,-1.802341347071831,-0.40875222728021116,-4.52204120801957,-2.03775886601892,-3.385271054725131,0.35200464433723383
616,-3.8678069969482887,-1.6352513275219946,-0.11082748619357577,-4.403817044564528,-1.3757040018372069,-3.311183791724849,0.5190946601617795
624,-4.151544885338656,-1.564316835104638,0.18394454289878984,-4.824694815847266,-0.8224152450521409,-3.3821183051392967,0.6861847154405359
632,-4.7269022310335,-1.778696521458874,0.008972909731360688,-5.447341591451916,-0.715225387227858,-4.075699670865507,0.20540675821785784
640,-5.084727032077532,-1.895344341193306,-0.5774185436458646,-5.563989397470507,-1.0746266379939404,-4.753517830692285,-0.43930855820645826
648,-5.56392885080923,-2.1759295155574283,-1.393952924497686,-5.753147907548589,-1.818650255689618,-5.4943887192912255,-0.7766412861019998
656,-6.906954490801099,-3.276201689974047,-2.361814182329844,-6.9653388874709465,-3.046604473345711,-6.670324265396783,-1.3283537494578768
664,-8.311456574771842,-4.778435790761523,-3.4510520990364837,-8.313093425530182,-4.098010723596323,-7.850988920387271,-2.3403518689679097
672,-8.582583855635692,-5.26079010389667,-3.8009954336118885,-8.546389030624775,-4.016041986507502,-7.956602344575983,-2.6351240038923858
680,-8.043482028761998,-4.590853542278331,-3.339133275073621,-7.9757609235226985,-3.423345215481844,-7.212578847444246,-2.4270496030136206
688,-7.9772764491438375,-4.307115735844351,-3.1688906073674445,-8.068763715970501,-3.278323666479153,-6.900467278722389,-2.8479273424620604
696,-8.633026130972887,-4.389084429076345,-3.031750668765051,-8.681952756569046,-3.0923177742470913,-7.458484810301579,-2.9740330607767076
704,-8.424951678109387,-3.7191479211360514,-1.8636966859856683,-8.58264452726352,-2.0172666936422448,-7.174747197244032,-1.612091552166567
712,-7.211184419659,-2.352477448757972,-0.6499292844502655,-7.660496529862542,-1.2322588094243114,-5.58581531889268,-0.4014768426443313
720,-6.164507095584764,-1.7203726689103278,-0.7098295264388926,-6.886522783467973,-1.6089995437711997,-4.321605756488089,-0.17763927362702925
728,-5.242359094627829,-1.417718977602263,-1.0313990762053464,-6.15668617780939,-2.0267246687602425,-3.807725055768462,-0.20128411278649586
736,-4.87350005229896,-1.1592023100222009,-0.9447014420651478,-5.453646846109077,-1.8107686518932453,-3.5823111225414537,-0.2138946678202885
744,-5.188764217700419,-1.5044167043667256,-1.2473549977387792,-5.663297671818181,-2.212730555065704,-3.910185916297191,-0.7419622710196078
752,-5.78303742016034,-2.3099167870383686,-2.0780763567614167,-6.203975876617419,-3.060791355166974,-4.42564304337114,-1.375643377993386
760,-6.263815464080684,-2.8789688347272215,-2.5304805300218027,-6.298555069342513,-3.470634826237559,-4.7078044898287,-1.7949447969196144
768,-6.708338094165328,-3.3896968099060687,-2.874118559140633,-6.429389760568996,-3.369750344142371,-4.939523898859647,-2.1811435328001947
776,-7.2111843922273176,-3.9555961593164937,-3.406915123906588,-6.955880913876931,-3.2783236620765375,-5.429759630881303,-2.6603451322477594
784,-7.755015185747582,-4.469476856988158,-3.882964106185455,-7.4618800651555555,-3.5336877030053455,-6.02876165656412,-2.999254187608098
792,-7.435021981733713,-4.176281110318443,-3.424254616292625,-6.998441623347985,-3.4769401186556155,-5.937335089474292,-2.453847045625944
800,-6.15977815467656,-3.036600919798589,-2.306642928323544,-5.749995294274516,-2.633608321268501,-4.920607993327136,-1.2479613499937354
808,-5.039013877478461,-1.844902026232566,-1.5657719486243244,-4.8546447792787335,-2.1323381991197268,-4.012646874360794,-0.4534954903191408
816,-4.5724226474775,-1.4224479891216524,-1.6398590885206958,-4.4053932963382,-2.179627794296955,-3.6973825401359517,-0.49605611698714985
824,-4.5062173057699235,-1.7629333394351634,-2.035515727892101,-4.205200605426582,-2.3908548225043003,-3.83767518886997,-1.1045161201586042
832,-4.424248555981249,-2.3792749540229057,-2.579346407283018,-4.36440899594967,-2.8905486620610916,-4.059936524909383,-1.9352373846943358
840,-4.514098765465295,-2.9940402111741946,-3.2224855137585124,-4.566178076470702,-3.5352640399527,-4.280621410380087,-2.4569997266325707
848,-4.670154502413437,-3.4858524195029292,-3.7064161150735786,-4.730115497139628,-4.252490113098566,-4.231755416110889,-3.2309733932720603
856,-4.704833652960932,-3.728605774166128,-3.87192985033812,-4.9744452339616565,-4.348645738951239,-4.017375837790071,-3.5493902720224386
864,-4.730054900186933,-3.533142052779716,-3.555089289908644,-5.1336536746068315,-3.6597933859297367,-3.440442174790311,-3.286144645077052
872,-4.824634155903301,-3.260438479164003,-3.0333269252800035,-5.240843528367161,-2.8448353145935847,-3.4420186443241336,-3.037085919934032
880,-4.764733878693746,-3.0192613703478783,-2.65658622615404,-4.8940528991821015,-2.334107245774483,-3.741519712028909,-2.6745320152543433
888,-4.70168095773047,-2.8301027187087633,-2.7086048238760934,-4.4968199885639155,-1.9904692175023089,-3.8959990036576175,-2.4002521631106
896,-5.280191062663038,-3.392849484478103,-3.2004170237382596,-5.127348362377003,-2.3940075102841827,-4.4177613398385835,-2.337199288205458
904,-6.643708765643512,-4.876167672282488,-4.056359454390262,-6.6358877423746865,-3.223152392999745,-5.52118630718987,-2.7344322291339602
912,-7.379850824584963,-5.951218725963645,-4.74048282958932,-7.304247957732446,-3.774864867362163,-5.9893537557755545,-3.0906808210758268
920,-6.80606983277061,-5.536646272498671,-4.6837352465942415,-6.571258604858669,-4.001855171233469,-5.019916091570176,-2.936201387886087
928,-5.474078424411689,-4.1431784018730875,-3.812029667784806,-5.243996259157212,-3.8221544318904104,-3.692653682877446,-2.302520224186298
936,-4.1420870052155605,-2.983005933652441,-3.0443612151629442,-3.743338298046035,-3.2263050828116047,-3.0826172797673674,-2.293062321711461
944,-3.057578011806662,-2.2247955147372376,-3.074311322018086,-2.12760919568917,-2.8164615534910262,-2.532481185193143,-2.8037903964571593
