-240,-0.7365734507937868,-0.9445858557703563,-1.2382722029825652,1.3525456355381529,-0.5995321974278242,-2.0997274434310595,-1.5927555691950652
-232,-1.6172603590610521,-1.9043087343983556,-1.738295956646394,0.6008969547763494,-0.643082672473516,-3.259459998838483,-2.149233562401988
-224,-2.0350222178736503,-2.281745997952274,-2.131863024239037,-0.1378476804452207,-0.9076113061969413,-3.2368783362889535,-2.218591657408874
-216,-2.097928418849523,-2.49627238007559,-2.5544637542797757,-1.013695739662818,-1.4302167596632023,-2.7271766490527893,-2.1782672342066256
-208,-1.596291655897828,-2.5091762502672736,-2.625434810059122,-1.3733902848417303,-1.6350652303926525,-1.869071305784428,-2.2879497680100003
-200,-0.9156141840854458,-2.1623855699086976,-2.094764543200755,-1.0959577466192951,-1.270531838243304,-0.8706368663096683,-2.1621374377917513
-192,-0.1075112442011165,-1.3397657907432967,-1.2511760251786497,-0.7169075203869554,-1.038262723363629,0.16005721468351838,-1.5492050674658973
-184,0.7231732653603892,-0.23487465480119282,-0.5624336916320222,-0.5475446316072043,-0.8382531666598401,1.155265752539332,-0.7733617699663412
-176,1.0215745744943516,0.336120110458306,-0.5382389915517276,-0.6910998129247553,-1.1802049686862335,1.606900103963338,-0.5362537745019833
-168,0.49574313537352593,-0.19616317625735696,-0.8705127459945746,-1.160476938689757,-2.0366972039032176,1.5085083851474128,-0.6023859736078113
-160,0.06507759765856796,-0.6203768466247743,-0.7592171930269822,-1.1507990390782061,-2.3383244205472824,1.4762487905849708,0.015385388888165858
-152,0.25863503560103956,-0.3155236297715224,-0.426943362865444,-0.38463368000252784,-1.6640988633849654,1.5568976993664214,0.8267140985334922
-144,-0.21719401988845596,-0.5042423581461256,-0.8334142313420451,-0.3410831962933693,-1.3721495877638163,0.9278356088641931,0.37991878675540175
-136,-1.3043422976272152,-1.4220278146801675,-1.8124930006793447,-0.9169170074364791,-1.5737719891496231,-0.3093199083091748,-0.9007871777405683
-128,-1.539837347220276,-1.523645534918166,-1.8479786193621393,-0.47657348347531187,-1.2269813839899302,-1.0174179923902258,-1.4475874019810042
-120,-0.5559197227688829,0.040944888861266966,-0.7092148509802887,0.8880073797884058,-0.15112375472680611,-0.8061176726797825,-1.0185347250621095
-112,0.8328559440169122,1.779737128787849,0.5779430638592231,1.8445044741007857,0.8586016158258446,-0.27222137615644404,-0.1991409175164583
-104,1.234487872304185,2.1926599510733786,0.9166688000073588,1.950961119453681,1.3247527010099085,-0.3899688659525726,-0.16365539551794264
-96,0.42477209466861054,0.8538867469297221,0.3650297556532304,1.2606057930797707,1.3183007988352369,-0.922252263214059,-0.9249819155935738
-88,0.14895244739110022,-0.349396272260889,0.19244091084796766,0.9976900314149147,1.6344448454038296,-0.5593318191885095,-0.8927222319707037
-80,0.8989880731219368,0.2683750004815816,1.1489379226841527,1.7751463264200256,2.5490043925218053,0.45684550863845635,0.4137913918185957
-72,1.2570696403747272,1.7426385926499242,2.126403689664357,2.1590355453422974,3.0667709461704873,0.39716528569329834,1.4154518223192694
-64,0.765110756068995,2.3152464151928913,2.5119058943098684,1.5154565847170594,3.049028219998362,-0.4448101951445791,1.6767545906370351
-56,0.20863271590608826,1.7974799350103992,2.2312474208542397,0.5879931758975938,2.6393312709156107,-0.6206250212726737,1.797728031780404
-48,0.010236167277280961,0.7490430458886996,1.786064923089497,0.09280839742349625,2.005430222030775,-0.13673108204372883,1.8380525379786554
-40,-0.12364109294332427,0.05868763305340155,1.3134618752597693,-0.3362441951132416,1.2537816365670964,0.15844424559413225,1.5864276751635966
-32,-0.5785013971007258,-0.48649952939856483,0.7102074393725986,-0.9862751315526121,0.1343736374327557,-0.3706131393293147,1.2751226067303119
-24,-1.0462655795934694,-0.8526459323952049,0.16340726364757127,-1.4169407699370424,-1.0834260978444425,-0.9158002714591503,1.1638270225742422
-16,-0.520434119160519,-0.25745644106501364,0.04727279648104834,-0.9201429871998869,-1.468928349445939,-0.34319252394179744,0.8751035271102501
-8,0.16024334086954883,0.6393603528508234,0.2408303101422109,-0.5572224024796528,-0.9560007086100334,0.4439417081010365,0.19442607643672527
0,0.49896913003809507,0.8087232388582659,0.513423860699525,-0.3765686994055303,-0.46242896783996995,0.7358909778310281,-0.37818172756642476
8,0.9635072915293345,0.9377616489895874,0.42632296397509,0.3234645135847319,-0.4188784266053991,1.0697778339142874,-0.2701120815891273
16,1.5345020543630625,0.6232305619805678,0.023078001275898482,1.044466406346861,-0.8818036649236206,1.4391501624410392,0.1766833072938089
24,2.0522686771462024,1.5894054401605948,0.555361406161235,1.6670765993526888,-0.2608064500171833,1.621416910669778,0.6267047338121052
32,3.499111563307175,4.881497275017616,2.310283385323817,3.102628740700284,1.8312283963538134,2.6198514546259353,1.525134451940576
40,4.6040026989027405,6.694486576130811,3.2925881143252833,4.062351681358698,3.321621748897011,3.6021561358050715,1.8622472475887624
48,3.75073643201339,5.849285167856859,2.545778447738807,3.3107031558462023,3.500662467807317,3.598930224309774,1.0025290353806797
56,3.291037099992386,6.50899393286736,1.823163516926104,2.3332373776034934,3.3022659938575867,4.215088548408639,0.12184200339912277
64,3.165224722471615,6.492864121897863,0.69085163200584,1.4799709790294633,2.0683364450118513,4.039273697156491,-0.49431622748084864
72,-0.1429968663492975,0.6958146876920422,-2.1221851890836727,-1.708890100484564,-1.3253731057514337,-0.010918713532960964,-1.4024239708411241
80,-5.0883929985966905,-5.636744062721142,-4.477135651919837,-6.446211800085837,-5.296529408850857,-4.293380048332573,-1.395972008195461
88,-7.693355353945643,-7.412634836533148,-4.911027207690721,-9.764111252131745,-7.648253987914813,-5.8111940380952225,-0.3168885142197549
96,-8.209508954965525,-7.946531192314592,-4.644885584432131,-11.167403621835659,-8.362804089567899,-6.401544625276103,-0.11365301102026637
104,-8.106278173112326,-9.598222546605976,-4.6045610775408035,-11.07707690874078,-8.238604626210138,-6.525744064722696,-0.7636839346377069
112,-7.178814826323278,-10.245027393949,-4.131958001641446,-9.267313545979626,-7.230492166701654,-5.674090717887514,-1.0701501489965137
120,-5.2222702983227,-8.853025828143299,-2.348002290376504,-6.276848947692643,-5.009419032700749,-4.745014389533688,-0.8669145607217909
128,-2.5189162513611034,-5.893207848918406,0.6118157261012919,-3.1912186126056437,-1.7108752712380793,-2.9933183462973783,0.31056065016387807
136,0.3296061194500152,-1.7510757111679363,3.6942200299638968,-0.31850149649093745,1.6134761179829,0.766537618551783,2.113872055477448
144,3.005539728971681,2.2668569812447847,5.850774083653056,2.2348455206919233,3.976491579609341,4.5425233969694805,3.451032357586946
152,4.652392093518711,4.971824152198535,6.734687040125109,3.8704071028261358,5.312038773667458,6.263572855277755,3.8833109255553575
160,4.884661219141083,6.2976935083289804,6.328216121746943,4.20751991943991,5.423334397328933,6.4700343501962365,3.715561046236743
168,4.855627646619763,7.34613045012455,5.6749593235405715,3.989767614212253,4.624909466562361,6.639397100533804,3.7252389001051958
176,5.337908569283528,9.313965883559158,5.736252507604727,3.7220129256998065,4.374897607663821,7.389432831785654,4.40914239343889
184,5.797607814323335,11.285027276657935,6.21530757023418,3.4429674792055156,4.820080039759492,8.120112639407031,5.333379797024356
192,5.737927498505825,11.78182500100333,6.002394193413538,3.1429532242002556,4.531356604593222,8.315283226812248,5.5285503681422545
200,5.07337988132681,10.37369365818892,4.70071948416971,2.7993885903137747,3.310330890072425,7.86526184153205,5.080141931159125
208,4.139464495307058,8.446182663897336,3.902294477337908,2.468727657681395,2.1860839578527984,6.629719239561309,4.983363179353353
216,2.9636022812338654,6.8380417879437605,3.5829245003876626,2.118710976247285,1.4876637144717324,4.882862110697198,5.155952052748055
224,1.7425765649803742,5.283129253899529,2.863535483842565,1.2089903968684579,0.40212833720770846,3.7037738297061327,4.725286407606121
232,1.0941587164931412,3.4152986093862423,1.3989498202217496,-0.20559289126468647,-1.3705365472874715,3.4102115454901947,3.4671621096448746
240,1.0828677623704315,1.853934129850009,0.31180136973348216,-0.9136910233413381,-2.3399374508007393,3.5311850921545767,2.146131776873029
248,1.9409730663066573,1.584566541036095,0.545683436895419,-0.19591499633140755,-1.796363180160043,3.892492454292414,1.5815887445040813
256,3.0603810240296334,2.3991213612631626,1.547343965813064,0.8492958638183972,-0.5269481027315568,4.445744643950823,1.8057929309408232
264,3.1765155953310154,2.8636595612201896,2.139307561935274,1.088016924536612,0.6005247771966542,4.478004114625705,2.018706215755458
272,2.9748931090432436,2.805592323305195,2.4006103148320705,0.7944545668544837,1.5086324661503643,4.040886669364727,2.0945162590266553
280,3.9555849032626478,3.233031894078675,2.718367290638107,1.4170648411236213,1.80219479905498,4.3602566821817215,2.4687276493777954
288,5.462108008556853,4.3250192497558695,2.969992096967367,2.5493766551767356,1.5699256493481741,5.455469926136124,2.713900546948151
296,6.1605282489923425,4.847624730425412,3.2587155045838174,3.188116641998397,1.6505745732040547,5.782904846950273,2.747773100723628
304,5.897612483169022,4.349213950009435,3.7409965076445464,3.365544457141851,2.282862680029517,5.052225027893117,3.1106935948240113
312,4.905629927329118,2.7813975424813986,3.705510994309496,3.0816599623381773,2.215117599335307,3.957011759161203,3.320380996906055
320,3.5007245076190485,0.3828965318264283,2.736110111588549,2.1090332207958054,1.3263656617823676,2.690822562386076,2.9510086484533318
328,2.2296964612744476,-0.9542637235003532,2.0860792056445785,1.4154518342615239,0.8182771278208718,1.5004434844275705,2.67518904934469
336,1.7909659647944258,-0.375203924450177,2.553843317616711,1.402547977758115,1.513471398715843,0.9859029710132876,3.0703690759771
344,1.8635500182525944,0.6151657045780542,3.47162886373099,1.7138531324795199,2.263506992391855,0.6729847548499513,3.7542725635929073
352,1.486112708609038,0.7813026425303731,3.7442224205259986,1.7719204010631835,2.5231967415454033,-0.039952266821387826,3.499421868986437
360,0.4150941829282077,0.3925745166864824,3.570020681137156,1.3057691897390573,2.4731943667508083,-0.9383819991579422,2.5542155485966767
368,0.02152703476533281,0.04255782658890629,3.026446371510865,1.1380193500991167,2.005430185990758,-0.8754757520924317,1.749338596446143
376,1.0796418744397611,0.3264422915902568,2.2618939499895565,1.8945068111226695,1.2586206017072068,0.6778237964018297,1.331576855629949
384,2.0522687448945045,0.7522689710722732,1.429596415372675,2.5477636644286856,0.6666569607082439,2.0424045903578216,0.9525265841743177
392,1.4941776171259997,0.42967299893765015,0.8311809279917605,1.9767688035245234,0.3795465285921458,1.7601331916499434,0.5428297416521954
400,0.6973656225276439,0.09901212781587691,1.1811974976671613,1.0251107240805475,0.5843949825144729,0.8875111130621015,0.9702694240111147
408,0.6731709143036912,0.0506226732487219,1.70380304036712,1.0170458548957204,0.7795655253894747,0.8939630024148445,1.6590117705529406
416,0.8747933551949021,-0.2687472345670671,1.3537863946264876,1.5073917087747284,0.4989070401515326,1.3730180428658274,1.0396275041168408
424,0.8086612406444997,-0.9332948893455254,0.4940681086056769,1.6735286482864713,0.5311666082037684,1.758520225332867,-0.2588212073435722
432,0.06830350153001569,-2.062380828116629,-0.0591839788238346,1.115437586013767,1.1215172222413927,1.1423619083380447,-0.7636838648101725
440,-1.3866043783964215,-3.380185342785337,-0.11402527440159377,-0.5185109691591083,1.3731420763929865,0.14392744200654,-0.37172977808922897
448,-2.08502453046456,-3.801173091954375,0.015013138848574756,-1.74276269757737,1.1570028433499588,0.1374755110691616,0.4815365284787949
456,-1.6188734315922202,-3.467286268619017,0.09888808561192425,-1.8798660073889173,0.5214887647314771,0.4584584803268817,1.0880168663314504
464,-1.2656308617076313,-3.4576083480418784,0.14082555760744453,-1.9266423500927696,-0.11402522811869391,0.3600667594317247,1.147697123237394
472,-1.2269192915043265,-3.278567598462904,0.17469815937852182,-2.016969247026392,-0.4301692303303426,0.37780948421769583,1.1831827199149858
480,-0.9736814576939197,-2.339813386958113,0.9118298839024653,-1.6508228301682073,-0.18015741215009137,0.4762012557074936,1.7348218048141342
488,-1.1011068796762302,-2.052702988456262,2.0893051096892954,-1.3153229651436185,0.7085944666645502,-0.3754520755334487,2.3590450201030286
496,-1.893079960248925,-2.8624188267360964,2.4425477675946965,-1.3959719564012638,1.536053064557489,-1.778744568085308,2.2138768099181774
504,-2.143091878925379,-3.0575894111957336,2.203826694920899,-1.515332475931039,1.636057853132273,-2.051338150870715,1.818696789350194
512,-1.3607966418249766,-2.0156044003375424,2.4828722590650547,-1.1540250249060409,1.371529126709763,-1.2738818106423124,2.3735618437898607
520,-0.40107363012614305,-0.9978141448325568,2.3409300577528573,-0.8878833248891427,0.6876256921143672,-0.6786922415141984,2.878424562073992
528,0.07475542553662184,-0.6477975098346237,1.4070146826490735,-0.7185204655651756,-0.1833833978046568,-0.10124552036653887,2.288073900214035
536,0.5586493439732493,-0.5187590652227083,0.3747076148930303,-0.2152707728562289,-1.054392476634444,0.9326745772964201,1.1428582558211786
544,0.9312477068432442,-0.9091003443412687,-0.6269528246176478,0.2460414215202624,-2.1157331851799186,1.603674166997451,0.2815270199438755
552,0.6263945236042392,-2.520467131443602,-1.9689520289704932,0.39766164061368464,-3.1448143189156523,1.4439892441913988,-0.4717345422330402
560,-0.37526601241744884,-4.378619840132049,-2.8577039301368767,-0.24430441832393157,-3.3980521773303023,0.6374992177770047,-1.268546618787781
568,-1.4849961453812173,-4.917355048948354,-2.643177636554182,-1.1169265131990895,-2.6673723147825497,-0.42222844734654685,-1.2717725661498265
576,-1.67371472682344,-3.7156851573885548,-1.5769979646012902,-1.300806210417973,-1.751199753178627,-0.8045047148529022,-0.218496740823995
584,-1.3301500387036627,-2.1575466246945596,-0.6850201389444109,-1.1137005029402813,-1.4221519013943422,-0.562557711277644,1.0735001308386993
592,-1.4720922557833687,-1.9962486503229266,-0.7753469618920349,-1.4637170805860715,-2.017341406586079,-0.42384149111500813,1.357384525492708
600,-1.996310714725573,-2.893065419114713,-1.549577306589521,-2.1960099586593866,-2.777054953933669,-0.47706979941010225,0.5912191364414366
608,-2.6285987371688773,-3.728588887578633,-1.6366783017309279,-2.818620255106997,-2.607692067752957,-0.5948173046272,-0.19752795778361537
616,-3.4883170218035335,-4.6125019941019145,-1.2237553583301457,-3.3105790954023244,-1.7899112603119005,-1.1448434843733397,-0.6314195986297346
624,-3.9028528518175074,-5.494801824849119,-1.1076208324253236,-3.3025140610918386,-1.4673153876338645,-1.7561628563272926,-1.0395034765674727
632,-3.204432572223153,-5.472220139947848,-1.2156904392437555,-2.6347404979369298,-1.5076397635335894,-1.3674345468179272,-1.2846764210938126
640,-2.2318057350361182,-4.780251826118004,-1.5011879840535862,-2.0911662870741488,-1.762490665716701,-0.007692623916806944,-0.9943400416156682
648,-1.862433350889915,-4.226999697796933,-1.7108752844265407,-2.0040653605473913,-2.075408670491471,0.8971889955199895,-0.8394939867456392
656,-1.968890047530529,-3.997956576542212,-1.7866853620050638,-1.7637314057654048,-1.944757375133112,0.747181856754854,-1.168541843728004
664,-2.028570239633748,-4.201191960012602,-2.027019359064764,-1.3556474370345444,-1.7173272144775802,0.09069906284429523,-1.5185585062757585
672,-2.446332047331899,-4.85767485563225,-2.6109180121894173,-1.7879260372310504,-1.9205626409187617,-0.8190215517082027,-1.8330895607101474
680,-2.9060312892528586,-5.096395844443698,-3.1593311396768997,-2.537961708011909,-2.2979999543742444,-1.478730265257717,-2.1927840199474784
688,-2.5898872660756225,-4.3076487424215255,-2.956095690364169,-2.2411734093786984,-2.0834735935630544,-1.4319538823553835,-2.1460075897426214
696,-2.31084175408553,-3.718911084478091,-2.3641320748357955,-1.6492098141228362,-1.5544161642826626,-1.6206725246151363,-1.8137337618335836
704,-2.8608678614050964,-3.8656921999892173,-2.081860583948642,-2.0540677311835216,-1.2237553794490097,-2.544909963201005,-1.5233973709196647
712,-3.2463700440454053,-4.1173170520615825,-1.9350794481650024,-2.4589256789128764,-1.3382769705717703,-2.707820879285472,-1.1588639747851222
720,-2.564079629827111,-4.126995037441443,-1.7270050035633002,-1.7782482384622411,-1.8544305277545141,-1.743258977125604,-0.5927080140450773
728,-1.5333854204413606,-3.959245065770283,-1.4205389775482407,-0.9201428801194494,-2.170574530485971,-0.8351513529746178,-0.3039846597955774
736,-0.6994749274777919,-3.3446996911813724,-0.7834119317463354,-0.29914577558556643,-1.65280808287811,-0.6044951865652809,-0.09268430439165543
744,-0.49301353478820853,-2.438205091739224,-0.23338575165365547,0.02828911629260568,-1.0398757667855525,-0.8738628065676722,-0.27333808023889095
752,-1.217241474022433,-2.404332521849702,-0.5511428000595352,-0.35882592350511083,-1.2818226837261533,-1.401307270050795,-1.0249866158010073
760,-2.083411600014232,-3.0398465795025937,-1.3544067737641399,-1.002404882397656,-1.9850818059592117,-1.7480979554341813,-1.4459743362073396
768,-2.412459532888557,-3.217274375413152,-1.6882935061331088,-1.4669431147560446,-2.3367114381161587,-1.4013072055946096,-1.226609114564169
776,-2.105993268281648,-2.912421111950454,-1.635065252591118,-1.6153372350500395,-2.307677871139456,-0.8625719389063519,-1.0991837239436046
784,-1.4511235824224666,-2.4914334393664523,-1.9899208256991479,-1.245964838428445,-2.5980141450965872,-0.48513471139245046,-1.8863178780152468
792,-0.841417109903634,-2.309166637424226,-2.9770644186514446,-0.878205564412853,-3.546446349258554,-0.08995461995731739,-2.391180558873204
800,-0.5414028756906925,-2.2591644028045086,-3.7980711729347387,-1.2153181727569091,-4.291643041730834,0.22296346590749275,-2.242786390756878
808,-0.5768884472442332,-2.1075442663605504,-3.71903515319225,-1.7169550320463443,-4.043244096302231,0.3616797153526428,-1.9105125321791718
816,-0.5865662957413353,-2.20593605760305,-3.1270715324657963,-1.7088900933805227,-3.04480963863419,0.4261989264827297,-1.7895390425203948
824,-0.22687185625670642,-2.1414168949883714,-2.714148779661263,-1.2798374119566251,-2.0979903779177524,0.6536290379297754,-1.854058225754122
832,0.16508223687520204,-1.8220468485571306,-2.7383433546411116,-0.7185204712830628,-1.7011973603640236,0.8423477281851292,-2.215365716111255
840,0.21024568222316528,-1.686556574890194,-3.0835211312328337,-0.40076349270471684,-1.541512372755247,0.43748975151979885,-2.5557044043683836
848,0.08443336188126747,-1.462352285878017,-2.5141392461755627,-0.052359743626898214,-0.8930944915201136,0.10198993015907738,-2.2056878492476044
856,0.32476731874248616,-0.6736051665289141,-0.7640561541818971,0.4105653567689473,0.6231065622475898,0.6584679368810066,-0.9330468351997717
864,1.1909374629275642,0.18772604145202973,0.9376375648544599,1.1202765632827296,1.9634926990940762,1.5762534434898807,0.29281790042712547
872,1.800643795444789,0.32644227478313376,1.473146878982592,1.4912618524086712,1.9763966075782802,2.3488708088750925,1.1412452330183045
880,1.6086992404768532,-0.12519203852162403,1.2231350599359954,0.8347791600339314,0.6940775882246133,2.6698538732576678,1.7654684557577798
888,1.2506177194869694,-0.271973221434517,0.7214983193360412,-0.18301119458110265,-0.8479311062966028,2.905348911068415,1.9848337350996321
896,1.3619133128263123,0.23127646902192855,0.3682557050945077,-0.3443091114273223,-1.4705413346493712,3.0053536130085416,1.9187015602515087
904,1.5554709758456262,0.9071150857202158,0.38277249239478395,0.31056067977960283,-1.0253588386173222,2.5924307999062837,1.7332089107503625
912,1.5635357254746247,1.4103647082550892,0.6634310070885102,0.7380003073854187,-0.08660454480960467,2.016596975767975,1.6444949586484219
920,0.9393126079096243,1.2668094928034828,0.8747313822451347,0.39282257722987257,0.7021425637968001,1.1697825720677013,1.1267284327228297
928,-0.20751604785033095,0.3103124407688169,0.37793356797296357,-0.23623953371813575,0.9505413851645752,-0.08188971351958786,-0.03300410743689518
936,-1.093042017248907,-1.2123404742819999,-1.1285895893020363,-0.9636934166757487,0.042433778340520145,-1.5916389463759277,-1.2701594929255826
944,-2.0656688301782378,-2.6446665078201637,-2.446394125456141,-2.2089137886525902,-1.4850581474202371,-2.8223424508287995,-1.6992121296459957
