-240,-0.29523809668474194,-0.7790737532362326,0.5103190002878359,-0.18371227951901573,0.4104921582523485,-0.5880978762122961,0.5215680262728132
-232,0.2813536305605428,0.22035189622717943,1.601665066149468,0.2073673044604986,1.6606098039971666,0.5032482321984354,1.2769867098433643
-224,0.17104913885390147,0.5111545940465787,1.7955336158023152,0.18062683120300851,2.192076950540302,0.5416876737156106,1.2402185897469744
-216,0.5888692183528824,0.8169989882449626,1.508073360466702,0.6068032985972631,1.8795475514469269,0.8542170537785867,1.385619908854352
-208,1.8423294568498239,1.6058432754609069,1.6584885806411467,1.7432739162563835,1.6739800568735637,1.985673825666516,2.030734128725263
-200,2.2150248775502073,1.7228328844496117,1.479661578535204,1.9454988053308473,1.7157620845001758,1.8369299236812795,1.6429970969236265
-192,1.2941494671916172,0.49778433991345805,0.25294185009982634,0.9911977570362404,1.348080413162267,0.5015769238834915,0.22240877915881535
-184,0.06742973301121226,-0.8893782772586453,-1.2662519210944363,0.12881716481643868,0.4238623947913279,-0.57974145151295,-1.2667019382340137
-176,-0.6228090167542755,-1.1902086545917807,-1.5938228670165875,-0.13858770976832188,-0.0407535347662888,-0.7869802057480679,-1.4839683472074434
-168,-0.2317294367244667,-0.4448176600501646,-0.42726922679461216,0.23076523487577852,0.6829108297755805,-0.14855115719836992,-0.2839890345792952
-160,0.6105957598433218,0.4593449863669938,0.8546027595227353,0.5967756307531108,1.2979419326497736,0.5350025704370481,1.0012254353346821
-152,0.6055819758311588,0.7601754044539073,1.1420629295806177,0.2558344599615653,0.7430769172708562,0.5550578547791821,1.6948067697733502
-144,0.16269269817620102,0.6766114176023991,0.8579453120596765,-0.17368459156727334,-0.03072589672445918,0.36787450337735916,1.7549729086147945
-136,0.473550871539381,0.8972204214823369,0.8963847774546151,0.1555576080920746,-0.0992483252571401,0.8525457889104019,1.5427202840125933
-128,1.0651840714666996,1.251531798651475,0.9314816474044513,0.6151596775159336,0.08960633140758192,1.4592205150203088,1.0363223702751236
-120,1.2456823572916933,0.9740992860248844,0.21115980164749515,0.5783915994300458,-0.3933936332432732,1.2503105167427253,-0.009899127631136671
-112,1.3459591472226227,0.6582272984881552,-0.6027536198110138,0.6502565632645899,-0.7861445697026193,1.1767740984541384,-0.7920582803299406
-104,1.5431703014767089,0.6465283982711219,-0.5208609103949343,1.2201631938739987,-0.331556243716676,1.5127014477113205,-0.6733974145519944
-96,1.4345370469903145,0.7785595267997283,0.010606200600852638,1.5427202881004,0.4589592415815264,1.3873554375419692,-0.37758075480415837
-88,0.6640768178477124,0.47940025275592113,-0.05624500920338364,1.1616683258252967,0.6411288283606498,0.35283295367607054,-0.6316154149323835
-80,-0.7047018164749828,-0.356239789725731,-0.46236620841338993,-0.10516210055743462,0.3987931759891629,-1.0192881207964952,-1.306812630795407
-72,-1.4651342914185115,-0.817513191162766,-0.24342839651161954,-0.9926119557442873,0.3453122014671812,-1.3953261170139235,-0.9441448118713742
-64,-0.7080442352605374,-0.3328419189150959,0.4585093317468813,-0.538023693671759,0.5458658605026798,-0.9574507743575932,0.2073673606954645
-56,0.0724435947607579,0.28386054218395423,0.964907198806014,0.2207375934228398,0.7597897156824437,-0.47779327283671225,0.8558240576998525
-48,-0.30192326046560963,0.34068401125402126,0.776052639268138,-0.03831085771929893,0.1430873637388876,0.013563158164928113,0.6218448422358915
-40,-1.3297606281266379,-0.24259273596694894,0.07244356930173036,-0.8906638068703722,-0.8145562658177908,-0.27556843062011716,0.003471113216611844
-32,-1.9297502768105983,-1.2403470911189185,-0.5960686028873734,-1.5056949953813592,-1.3426808474362726,-1.4170527922557512,-0.3926223343077691
-24,-2.332528792963854,-1.9539838014610729,-1.244525314433858,-2.2226742679551856,-1.6669092338197313,-2.1758141005351317,-1.0026396689686206
-16,-2.5698505677869736,-2.4085720330131504,-1.7876913561671288,-2.7691828737154496,-2.622881583966128,-2.179156652174414,-1.7045773151809689
-8,-2.446175854262983,-2.1562086908946005,-1.7659647439410562,-2.6622209656047966,-3.1393072133032778,-2.374696442997212,-1.7446880732715624
0,-2.2640062766399938,-1.5679180451200114,-1.0857536893085935,-2.169193213900501,-2.0563175633439204,-2.9044923372394074,-1.2850859973845488
8,-2.106905833439101,-1.0514924139875406,-0.46236616370990635,-1.6761656076171747,-0.6156739353843594,-2.573578812748166,-0.807099786404938
16,-0.9052553817947449,-0.14231594765180788,-0.18326230219412562,-0.5664354312588377,0.20659596481264722,-0.9607933177383993,-0.6215876871245232
24,1.0635127979809762,0.9156045230024386,-0.03451836394341158,1.2268482497560966,0.4171772771502006,0.8726011962319988,-0.9257606902436816
32,2.798301729438369,1.5908017419175047,0.09584153059652485,2.9766787892626994,-0.19785383847076884,2.199597714957371,-0.7569614033783557
40,3.7241910037008896,1.6459539391176368,-0.24844225000269013,3.793934828966884,-1.9359854072042368,2.929947189779554,-0.6667122606453906
48,3.1141737983031224,0.6749401468096563,-1.6239059251267898,2.5204192192342907,-3.6457051098056708,2.0592101651405272,-1.4388437894853983
56,0.023976470857334398,-1.465969938256599,-3.0963038814506993,-0.6750687261399463,-4.307532114264201,-1.0744403917843046,-2.700660366147232
64,-4.949753685542785,-4.375668962103718,-3.868435380129321,-4.8549407059266345,-4.414494059358459,-5.531744955830876,-3.6800306488632932
72,-9.900085916374987,-7.947194950912318,-5.265625659580083,-9.135089541173462,-5.360438731068312,-9.821921477234124,-5.020397400896068
80,-13.301141312157702,-10.81344059088282,-7.048881743666031,-12.168463188778544,-6.6941203841312955,-13.253059919636984,-6.5178645153403085
88,-14.7852381141209,-12.055201856811308,-7.466701860687212,-13.727767737452854,-6.966539079711824,-15.044672382821132,-6.71173313608785
96,-14.708359318698198,-11.359949292333674,-6.403767550186332,-14.005200263903413,-5.616144577609212,-14.239115206709442,-5.90784726649578
104,-13.277743329498593,-9.128790066329774,-4.538618777510023,-12.835304162526322,-3.735954246255013,-11.722167199392967,-4.3201309798753185
112,-10.578625728042176,-6.8057105007673755,-2.899092800625227,-10.432003074499118,-2.564386763493422,-9.135025216271695,-2.9396534923729907
120,-6.54248383391279,-4.322187943416848,-1.6305910720316432,-6.965767705773346,-1.4061895368398059,-5.956250104138263,-2.2243455308070885
128,-1.2211273251665866,-1.176838438160393,-0.17991975145250477,-2.6722485562501617,0.35868250874179275,-1.4220667182777753,-1.2784008578405097
136,3.6406270001528998,2.011964375928279,1.5314712300206135,1.2118067953863334,1.7324748039176558,2.5488952425851443,0.20736733663816836
144,6.122478152241169,4.233095851503277,2.848440148585421,3.558284301776871,2.3725752401354696,4.342179073688883,1.3622219581519492
152,7.710194454480918,5.92610276915803,3.781014485911323,5.420090580982284,3.161419532378313,5.645777668821194,2.2463292692398658
160,10.177004283975956,7.717715248859129,4.583229103381983,7.75821167703604,4.533540633421621,7.86523797647532,2.934896735645367
168,11.783104522027715,8.608507681178814,4.989350221263965,9.269049040945562,5.479485256119221,9.053518188887717,3.514831005194266
176,11.283391739755341,8.217428124488174,5.198260215412311,9.1119486595037,5.481156543428915,8.590573536047401,4.1098068046959275
184,10.053329507615743,7.475379634368904,5.460651221245775,8.099152845493665,5.093419512345404,7.913705010074116,4.487516100072164
192,8.415474804396206,6.5695457334964225,5.4656651519356325,6.54820472187776,4.543568347405514,7.215109852485295,4.119834471642418
200,6.4951737686315,5.675410709322273,5.505775871067769,5.0139694541237,4.247751684605633,5.908168697993826,3.829031702728322
208,4.947568196295808,5.322770624848789,6.197685849256431,4.153260086197835,4.605405686663133,4.504293244708402,4.286962455578762
216,4.058447091500996,5.46482945192153,7.02496960581702,3.7755507980028824,5.14355796000353,3.6268711058393577,5.040709957584006
224,3.951485122349442,5.845881347231174,7.223851894060418,3.860786025126683,5.721820930932218,3.606815702287935,5.368280875319624
232,4.904114947247771,6.407431549550595,7.0650802784503535,5.0089556128408095,6.30008387295624,4.442455880495826,5.3398691273196865
240,5.972063041222218,6.853663418880483,6.8026892665127985,6.396118227319931,6.662751745021761,5.237985290200264,5.298087084791913
248,6.538626986440957,7.167864057707556,6.52024292409337,6.735388158736845,6.726260381283804,5.430182510173851,5.246277448207666
256,6.7074263084945684,7.761168534352174,6.689042225680323,6.683578439388317,7.098955894084136,5.709286348350464,5.6423708980659635
264,6.598793087939733,8.207400378906637,6.94474809107209,6.847363931110493,7.393101172986075,5.812905666940571,5.998353533819662
272,5.920253394584175,7.884843364751539,6.667315568391705,6.504751446258977,6.838236174662701,4.973922987541909,5.481927939670798
280,5.219986848070516,7.1946045352738155,6.52859930911613,6.29417016498047,6.403703301599502,4.327137513395202,4.891965984145009
288,5.505775863313367,7.005749831212628,6.630547442011692,6.488038682497076,6.651052794176685,4.706518184590441,4.8351424701919266
296,5.898526674279802,6.806867474926579,6.229440151947696,6.24068918004563,6.29507004208621,5.044116777710556,4.502557676164667
304,6.005488658152984,6.434172039684099,5.718028372690509,6.090273935275293,5.432689469973999,4.835206749271586,3.9443500411038155
312,6.109107970100403,6.226933261750749,5.674575102278156,6.366035271543005,5.3424402514785045,4.7583278554653115,3.4546648904101165
320,6.2628657656123625,5.969556019462792,5.403827703881582,6.940955558517276,5.558035485708845,4.65136590821667,2.7460420750309398
328,7.1269177903832945,6.170109661981342,5.330291437836185,8.16934662237694,5.942429880773003,5.58226899342116,2.639080159020876
336,7.9608866051598985,6.755057883763943,5.721370934742648,8.887997196802557,6.325153077216307,7.061352052485038,3.0518863857469136
344,7.11187620441653,6.1049297753932095,5.3002082601576275,7.554315501010946,5.542993942829774,6.416237870854456,2.801194335426358
352,5.836689317787104,5.36455264008769,4.4812810354770285,6.137069842066061,4.488416009272712,4.940497394488907,2.403429656606288
360,5.786550881439499,5.491570000402956,4.429471322771185,6.085260100455555,4.4416202355152015,5.119324355841072,2.7142877434350132
368,6.5503260886315635,5.9528433162031975,4.9258414959540175,6.538177082938268,4.658886650592723,6.242424687589897,3.130436528443019
376,7.085135714283024,5.917746405140521,5.036146099329601,6.446256675337121,4.530198091118007,6.4680475548351675,2.9800212931878813
384,6.8695405111117305,5.197424608754882,4.325851914235515,6.1504400942243285,4.145803621727575,5.742711883594142,2.4669382539098734
392,6.284592404768243,4.1979990075855955,3.562076798784334,5.889720301553814,3.8550008131368925,5.089241272955444,1.7165334574028899
400,5.8082774875614795,3.320576858124156,3.1943951445019705,5.796128568043579,3.6745025492148113,4.888687684476045,1.2853430952251896
408,5.519146049942432,2.526718700002529,2.7097238690227226,5.739305060733183,3.3168485954514355,4.531033738073483,0.705408863198492
416,4.579886495514643,1.547348467375913,1.5866235028037414,5.044052511695305,2.5931842151107456,3.613500864273481,-0.22215172135382463
424,3.4033051969637147,1.1830093834041664,0.8295335532878148,4.2418379723210915,2.041661671120277,3.133843442644368,-0.5313385485207957
432,2.8450976164806123,1.4855110252464214,0.8612878893720415,3.999502328567144,2.260599371532636,3.414618469926636,-0.36086798816974547
440,2.5275543459429586,1.2348190747456922,0.7693674510709088,3.663574888287206,2.4628243482187466,3.3511098194815583,-0.6967952932620399
448,1.860713506844225,0.2688190136674497,0.03901795847505291,2.7727825588393937,1.4450146676118008,2.3199299624788754,-1.270044491130019
456,0.938166860881176,-0.5701636946358755,-0.6512208036781467,1.83519442008672,0.3302706625378162,1.736653063912376,-1.6093143570177304
464,0.4484816836167317,-0.6002467164806011,-0.5492726995077153,1.8552497295633419,0.07957867433535312,2.2831617416649967,-1.3502658870247244
472,0.9164401425516541,-0.27768962476764997,-0.2567987000160585,2.3616476637674664,0.06119461285090218,2.351684256732132,-1.1848092097875362
480,1.0317584522020167,-0.26599070785413553,-0.36208927054804213,2.2312877168041676,-0.03239711688915987,1.6497464878993855,-1.5240790406664948
488,1.0050179714041807,-0.15902876383706965,-0.7247571339960248,1.8903465785079252,0.0996340127166381,1.4859610742736564,-1.6176707741767302
496,1.2373259503660212,0.1067048151795234,-0.8634733794476296,2.3265507182346323,0.5308242950025708,2.2848329559051406,-1.4822970625907317
504,1.070197883485865,-0.053738043036749776,-0.7397986790294782,2.6039832786167527,0.9670284911023461,2.520483541084009,-1.1764527486431804
512,-0.3988574664414866,-1.1868660460408362,-0.8333903351613942,1.5076233535190229,0.7146651579603984,1.1433485278426438,-1.1129441292571514
520,-1.944791633335388,-2.182949132733979,-1.2846360183057688,0.018512644923264217,-0.34492651670066476,0.2508848690746335,-1.1380133193341855
528,-1.4551065709714652,-1.718333250034231,-1.097452658645471,0.2692047273800594,-0.5287674209508664,1.2937638234205555,-0.6032035920675757
536,-0.007777931653757533,-0.5634786053608147,-0.1732346587663342,1.6396544870745273,0.11300425948894476,2.376753409286967,0.17059911744007908
544,-0.09468441736212058,-0.7723885632436845,-0.046217294680895665,1.7382600764097504,-0.13100268001270274,1.7466807829231652,0.051938262613588825
552,-1.4116533264117295,-2.014149910859259,-1.0506567529318953,0.48981364759805673,-1.591701643660568,0.5934972532086612,-0.8572382103648307
560,-1.9832311798788196,-2.5606585424721406,-1.8461862075193496,-0.33245621741066567,-2.50923451566525,0.32274992482959447,-1.343580841555487
568,-0.9436948209780018,-1.6498107227589156,-1.4617917422581552,0.4597306747655838,-1.7187189571179653,1.0447429151682528,-0.5497226243678126
576,0.8412325033802371,-0.07379345574430915,-0.41222766542374023,2.2162462184490495,-0.13434521154439238,2.605718873234068,0.47310090416470973
584,2.281876136366696,1.2832861946994114,0.37160273131752863,3.3360040888632185,0.8951634696380097,4.365576932829935,0.7772738952552205
592,2.626159809067142,2.0704591570834627,1.0852394456093886,3.6585611570574703,1.2712014949396329,4.806794990499723,0.967799853053603
600,2.3737965407362687,2.172407281181954,1.7938622100014596,3.608422701320402,1.299613334321391,4.039677266138533,1.714862137956957
608,2.393851968344989,1.7579297465000367,1.6401045437525865,3.3995126917322986,0.748090730187681,3.648597660794703,2.2012047314458814
616,3.020582104828537,1.908344893245868,1.3509729732798135,3.6869729122386916,0.17818420442499563,4.093158280875696,2.032405357327972
624,3.7860283795830485,2.3061096993541703,1.0367723308621017,4.230138952176641,0.109661717185331,4.81180879066977,1.5076233115499502
632,3.68408031832078,1.9350854282623875,0.2579556748657676,3.982789517947376,0.13473082665246977,4.795095995489758,0.852481524013777
640,2.7999730680942316,1.0158812793608731,-0.7030304993284423,2.9816926237233714,-0.008999182883239282,3.825753333759981,0.2758897614006757
648,2.139817246278201,0.7551616240323867,-0.9988470653605418,1.9237722399626431,-0.545480158680617,2.8447118425488034,0.2123812079029136
656,2.250121840677182,1.0894176439693732,-0.6796325857891763,1.7499590310249984,-1.3125978819646138,3.354452458732485,0.6502566304510123
664,2.5091701131849193,0.8487532672379944,-0.9487086455298864,1.9989797396376472,-2.2602137262631716,3.7355043298052997,0.5800628623648081
672,1.556540391158461,-0.583533949307593,-2.1002208566961187,1.3037271478711403,-3.229556294456746,2.211296685012378,-0.7502762676044896
680,0.38664429229481334,-1.541177560552002,-2.611632577964451,0.5750489763370038,-3.102539046349019,1.0029610044170136,-1.943570422196798
688,0.4885923167530093,-1.1200149335429772,-1.4200097008075732,0.7605611729237969,-1.8306947736564994,1.6263485538934643,-1.5558333889589033
696,1.0618414156988223,-0.17407027242551573,-0.019476806522244167,0.9059624568428897,-0.7727743356770891,2.246393514208434,-0.13858777615375498
704,0.9766062178387481,0.20698170223729956,0.5454158890885374,1.001225400823095,-0.4736151194426063,1.4692481882504225,0.5700351318639668
712,0.9448519077866693,0.05990897732906845,0.2930525893395536,1.2753154120793817,-0.20119641596266724,0.8809575749711377,0.23243652438128617
720,0.8646303971709759,-0.3445408952537235,-0.6044249232785913,1.1683534711143617,-0.4184628570723357,0.7873657621077303,-0.7887157114555808
728,0.08748508467786968,-1.2453609209117569,-1.983231192770603,0.1705992226044377,-1.6100857236368218,0.16564956475204615,-1.788141324114922
736,-1.2010720237689063,-2.5121914182096523,-2.9358609239531956,-0.7786880235452689,-2.8568608085862235,-0.940738028907964,-2.1006707727591465
744,-2.365954400558953,-3.4648211621390197,-2.7603765602005206,-1.8900894286858467,-3.151006139013864,-1.9334784632443374,-1.6293697488995702
752,-3.3169128740546423,-3.631949189163058,-2.125290023972582,-2.974750384087635,-2.8117362898226346,-2.97301477115805,-0.9942832663517179
760,-3.26176056356978,-3.4832052478603006,-1.7041273955273015,-3.0750271738390333,-2.7415424273025666,-3.5579628523670475,-0.5965185246954265
768,-2.730293418103838,-3.311063414382592,-1.6773868547657558,-2.7290721619441283,-2.6111826131929945,-3.2387484273734284,-0.5062693575461007
776,-2.506341923984583,-3.1305650580014985,-1.9966014275142614,-2.5067918885281717,-2.494193017669194,-2.511741409577131,-0.959186284373876
784,-2.262334962580024,-2.8180357113314853,-2.401051302969566,-2.0221206017384046,-2.589455987322484,-2.1173193766506753,-1.5675323938431283
792,-1.8495287977925476,-2.4169283672283393,-2.375982028691994,-1.534106823991193,-2.6145252064837137,-2.1891843146326018,-1.7697572093094462
800,-2.0851792966164955,-2.580713888752836,-2.2857328897292026,-2.0622313054307835,-2.784995742238871,-2.486672274795972,-1.4839683249454672
808,-2.935860882695346,-3.3762433077929406,-2.3208298106661425,-3.250511660391639,-2.7214871212370526,-3.0281669918768808,-1.3469233820637803
816,-3.7815287569339224,-3.892668893683332,-2.4394907268925987,-4.005930285614272,-2.2752553149229175,-3.67160997488661,-1.179795292921647
824,-4.272885157594646,-4.163416377537166,-2.3442277322843523,-4.305089466480939,-1.8574352282426552,-4.2014058492007464,-0.935788445699479
832,-4.421629086689225,-4.368983767084273,-1.8461862285246007,-4.251608462156634,-1.5800026852751463,-4.1412397218493515,-0.7452624396069712
840,-3.8233107161588196,-3.9678765479354436,-1.0322726760076857,-3.517916426898098,-1.1070303538187556,-3.4543435413172867,0.07032233522902842
848,-2.962601434767411,-3.292679302808695,0.060744623483553126,-2.8895150347024994,-0.6407431145099386,-2.8075580370091955,1.2251770578193601
856,-3.079591032266063,-3.366215618045879,0.09249890858067517,-2.963051341322144,-0.7694317948097313,-3.2721738723124787,1.4641700888931264
864,-3.7029786487079734,-3.8709422891771372,-0.7498263384356229,-3.1268368312489994,-1.3727639841815182,-4.251544263465908,0.6820109397849627
872,-3.701307258167345,-4.099907651150027,-1.3631861943948373,-3.0967538532100973,-1.5281929704149193,-4.22146114305808,-0.22716554791508609
880,-3.7046498896983953,-4.081523561119978,-1.7642934489114845,-3.32404796413877,-1.424573594913149,-3.9707691735269517,-0.5630929242816093
888,-4.162580682225422,-4.1901568495379315,-2.148687972341068,-3.952449375185236,-1.5031237584349733,-4.3016826064568425,-0.8722797589889272
896,-3.8550651213628906,-3.4832052290094375,-1.5019024990920233,-3.87055663991654,-0.9749992299579823,-3.3874922871686333,-0.5062693880665512
904,-3.034466493394884,-2.4119145293565563,-0.2902242627281413,-3.2454978280853526,0.07790737768999398,-2.11899067275744,0.46641579980895614
912,-3.4723419416160675,-2.503834977531952,-0.34704776249819097,-3.6449337468186505,-0.09924831879398634,-3.136800251390173,0.5432946203661476
920,-4.592099725854848,-3.331118714882612,-0.9570651014678119,-4.6092625397971325,-1.006753478789628,-4.864904077773684,0.214052440634859
928,-4.867860943092805,-3.433066864474655,-0.6194665476652185,-4.430435433742126,-0.5906047418962155,-4.774654966099767,0.9310316740706964
936,-4.583743286792938,-3.1238799423352246,0.23455777191889302,-4.010944150415862,0.39210808509831274,-4.176336609213799,1.8519071075889222
944,-4.856162017023155,-3.3745719960668885,-0.02449064547121811,-4.269992575705384,0.33194200963168585,-4.373547679087816,1.515979770898985
