-240,0.9761290263671134,-0.49095219862924333,-1.1369014060114413,1.2018592260736596,-1.507893115494763,1.0891041131505503,-1.349210934398857
-232,2.719377803043842,1.0163359437950266,0.29745348101566027,2.5904519313578582,-0.5983720198096405,3.03113196432165,0.08943405930576191
-224,3.3943682676218097,1.943017791404221,1.2327156676412294,3.558605733747807,0.3554810602971242,3.5573957090359842,1.0275563579126539
-216,2.903856152797103,2.084594144672746,1.5430397026884848,2.952258219565786,0.9060558915776357,2.8066117557195516,1.4365548835469089
-208,2.0772787508370856,2.0488425614836667,1.8161819555355765,1.643749219382405,1.319344564291526,2.038667078898786,1.8341128245338771
-200,1.3379353574350852,1.6169630018942505,1.6946265787760668,1.0488423492986945,1.4695013555078447,1.3465159236912114,2.001430379349405
-192,0.24679612920787172,0.6016171433498331,0.9309720468842544,0.5554700352363793,0.8216820673560634,0.28540784484521414,1.4294045424527537
-184,-1.372036976380825,-0.5367142591657947,0.004290139977654108,-1.067653151682499,0.10664984900548617,-1.054562607116873,0.8001761288868823
-176,-2.547549957242587,-1.0701282835261956,-0.40327819724531044,-2.5406197535433908,-0.07353830742845432,-1.9984052825385301,0.47269131656821806
-168,-2.7320283621455075,-1.0386668686163416,-0.454760522300246,-2.8909855085668066,-0.09498923024329567,-2.2200652865263137,0.28535288985904284
-160,-2.614763047052793,-1.0186459679957145,-0.643529057384577,-2.5434798750491674,-0.4839668432745454,-2.523238955746559,-0.13794625221406698
-152,-2.2515266795039297,-1.078708737450493,-0.856608647850182,-1.7712449792545053,-0.7485288325327903,-2.4731867167918473,-0.9144712910942382
-144,-1.3934879308414305,-0.7769651239136685,-0.630658489408992,-1.0605029030677144,-0.4038832059202457,-1.3891976817225193,-1.2033443412640852
-136,-0.342390491719476,-0.27215230493295955,-0.3732468751949695,-0.4069633758985071,-0.042076847507876214,-0.15076178301666415,-1.0574777756273321
-128,0.6543645128241427,0.1025246225303363,-0.32748478193731156,0.7013366796803039,0.02513608945021063,0.3683516691475045,-1.0875090976776725
-120,1.1648975889494642,0.14256647093299857,-0.5219735197846982,1.5951269746630279,-0.04493705381201383,0.5227985438446883,-1.4107037361867842
-112,1.194928962769818,0.12683573413660923,-0.3932678595386167,1.670920496583458,0.020845864945985896,0.6843959025028302,-1.146141780417747
-104,1.5095431455111907,0.7360432464673727,0.3632363782668285,1.846818400861535,0.44271501186204065,1.1248558660899712,-0.20658931383105314
-96,2.1030199917108656,1.4410650478432232,0.996755034771351,2.2944286695957,0.8645840710609511,1.6468293219332082,0.6657500700119655
-88,2.3647217682129233,1.513998364995718,0.955283166171538,2.397393201571622,0.8445630945519358,1.887080120778008,0.9603433581238977
-80,1.7154724431193888,0.9462627260269958,0.5319840514428271,1.5193336662747015,0.435564703642613,1.3336452372744387,0.9260217992797151
-72,0.10807984214184525,-0.06050275340617225,-0.11154499730356682,-0.2367856774558914,-0.18222323618976985,0.039436787780459705,0.3182443667507479
-64,-0.8028711892493089,-0.9843244303511213,-0.7436335859886718,-0.9718389053438318,-0.7370882876731402,-0.6126726938442614,-0.3124140816061954
-56,-0.6784556811523291,-1.2074145391807964,-0.9938949224000695,-0.1295309546185709,-0.8657941224317909,-0.6856059613774256,-0.7042517746657633
-48,-0.9058358195421716,-1.1144602814664168,-0.8680491917881101,-0.2510863441285587,-0.5368792467486945,-0.9973600175435536,-0.8200870248578453
-40,-1.4206591381452836,-1.1287609324698218,-0.8322975917008071,-1.8255874350324304,-0.5797811800955213,-1.3191245458340664,-0.9974150027929084
-32,-0.7871405006896687,-0.8584788137253646,-0.6335186267376514,-1.5681758054563866,-0.9001156378014519,-0.45107544748249906,-0.8143667873766194
-24,0.4856169838975292,0.02530113878843813,0.0371817141109566,-0.08376875244417799,-0.5826413105112708,0.8030912643689944,-0.08360370626107352
-16,1.2106596092375186,0.7832353576178782,0.6463891751325672,0.8586437969359966,-0.07353831341964302,1.6110777385905093,0.6185579464182225
-8,1.6754306878105787,1.0606678801335387,0.8108466254941638,1.2161599314586211,-0.0006050160841560058,2.1831036797952876,0.5842363436386567
0,1.8999507833481972,0.9720039341796686,0.6220781168325094,1.2304606250148267,-0.029206320395269412,2.314669534823991,0.2910731588324129
8,1.1305760602148445,0.33848530041093766,0.1158352874863444,0.4982674857579369,-0.25515654258884973,1.2535616086764907,0.18524833682933403
16,0.34976079790578957,-0.22925034838947964,-0.35036580191303285,-0.026566237223044218,-0.5097080262335021,0.5800012593865869,0.13376605693874255
24,1.1191355648209043,0.1354161204680102,-0.0657829627288322,1.0431220887744364,-0.3295199390822796,2.0300867010164985,0.5699357473240497
32,2.203124467930465,0.6559596037363646,0.18590837483080888,2.4688964856228695,-0.12359063102790604,3.5745564142595097,0.7429735422323475
40,2.359001548244403,0.5401244159140917,-0.28887307493815234,2.927947258353706,-0.38958260806943584,3.4901826093940844,0.23244052678701144
48,2.24745643345682,-0.14344641563913185,-1.1083000081456151,2.6719656978260415,-1.2204501349877774,2.820912379685797,-0.5912767123433921
56,0.9861395115492175,-1.885265138168642,-2.6842311679442474,1.2061495376805478,-2.7034271191052266,1.4709314038293126,-2.0070406820781646
64,-2.490347491026304,-4.949893508044432,-5.179693881419327,-1.7683848033671723,-4.522469264543027,-1.709532158323737,-4.292283828276475
72,-6.318630316598276,-7.621254104905238,-7.311920191859273,-4.897366133866378,-5.883890712443183,-5.444860820965005,-6.473132301095355
80,-8.204885484714243,-8.628019612450906,-8.039823028265626,-6.543370472259887,-6.328640777791997,-7.707222994963485,-7.45558668167273
88,-8.784061722770554,-8.713823464704259,-8.024092336633583,-7.0710643821888555,-6.288598997443091,-8.622464334428262,-7.555691214270951
96,-8.299269757249066,-8.226171455408824,-7.464937029307463,-6.652055426983017,-5.728013696496115,-8.253507690685879,-6.9278928112241545
104,-6.4144446627900855,-6.69171214608282,-6.122106460601827,-4.679996382188079,-4.758429878210377,-6.357242053210685,-5.852484264797295
112,-4.480997317159679,-5.184424117337515,-4.73208370209213,-2.7522693265770095,-3.961883964056914,-4.320830022598616,-5.05307818796784
120,-3.1782084990006236,-4.2463017084313055,-4.0313520749866925,-1.6754306009560702,-3.425609739844425,-3.079534076892793,-4.734173777035358
128,-1.3048239235930938,-2.9206318587750126,-3.1475720777694045,-0.5099280203244313,-2.790660992016593,-1.480721903109626,-3.8532540269851876
136,1.0776636734852998,-1.3804523477612938,-1.9005557609327626,1.433529708945118,-2.0055555575878063,0.9203565628707269,-2.5476050530630476
144,2.8309228682120966,-0.08338370532813642,-0.8208570181141758,2.9937302281136176,-1.1160554271974228,2.916726733865859,-1.350640957975652
152,3.793356346939879,1.07925872814315,0.16016723334931138,4.100600196670483,0.18816347736909594,4.232386121383079,-0.38534739737610857
160,4.385403062028605,1.7828504997973966,0.7665146902309911,5.087344760889102,1.0576427831808597,4.717178048345892,-0.11935538961053517
168,4.462626481864491,1.7127773586858555,0.5834663296435961,5.277543295278233,1.093394404621374,4.612783296312914,-0.13794625175320618
176,3.9978554853246284,1.5754911826065283,0.31890436281390294,4.521039152717324,0.8302624980837083,4.1051104337118804,-0.03355155179748223
184,3.9806947641245984,1.7628296487960995,0.5963369492355742,4.313679859183971,0.8831749193778025,4.050767966258819,0.24102087010475118
192,4.681426424104761,2.342005808659718,1.0982896010853012,5.135966931256296,1.2850230338670827,4.554150691765533,0.7687147319505935
200,5.088994803573286,2.7009519541622815,1.5301690582100316,5.719433334826666,1.674000591902294,4.735768908030641,1.056157676510448
208,5.429350213516237,3.0384472845377752,1.9177166143288984,6.034047503127737,1.928552174785608,4.923107430906073,1.1362412880565513
216,6.285958828609863,3.6748259519415196,2.381057506641351,7.132337052939335,1.9056710100996412,5.6696010389727896,1.307849051399802
224,7.4142798502515195,4.481382394905226,2.9902650268067443,8.147683005192086,1.9571533958345633,6.5905625669139445,1.7554592422485165
232,8.000606295137915,4.878940362622111,3.3234700872064304,7.917442539906234,2.2603270845645773,7.03817284286826,2.3131844537963384
240,8.199385276845675,4.953303691061785,3.520819000480291,7.431220590595588,2.3561413929658124,7.5129543252047055,2.796546296348749
248,8.689897458187938,5.1935545114134145,3.6495247974483673,7.844509254092265,2.2202852722626667,8.49683876238722,3.073978749428072
256,9.243332435246222,5.265057753987203,3.565151049576045,8.61960419857672,1.9743141823231853,8.998791393498218,3.01105600947619
264,8.90011687399517,4.763105102444717,3.0546179779057088,8.595293193122018,1.561025474123026,8.61982424337414,2.6521097470686423
272,7.813267872269242,3.6919867428851267,2.157967493363452,7.2639030155021915,1.0462022026813207,7.91623251150753,2.340355689980793
280,6.406084324505761,2.5107533999561404,1.1669326593226435,5.517794124386218,0.5185084039733862,6.935208199056817,1.59243192376597
288,4.854464164631502,1.461086021894315,0.22309009251048165,4.355151697981461,0.1338210082262114,5.427920133749897,0.7329630691862413
296,3.3414558166790145,0.6116276770759252,-0.37181679247439026,3.4442005171178343,-0.09355923001677362,3.7704752288362893,0.05940271928185612
304,1.9142515337438832,0.018150833641414295,-0.7164623739225915,2.398823306874375,-0.1264507399368249,2.34470091939776,-0.32957488345683894
312,0.7487488855193476,-0.30218367260850476,-0.8637590012339537,1.3577362821156038,-0.17793308788117304,1.3765471942787788,-0.27809254565142494
320,0.015125656782588207,-0.4337495417702681,-0.7636544472825231,0.5754909708824161,-0.44535510324703936,0.7330181045157861,-0.04070186631533971
328,-0.14361152506649777,-0.15488699383436844,-0.2574115792240631,0.3123591239493961,-0.3137891747878719,0.4512953962081956,0.34255547251945284
336,0.3197294319200667,0.8118366451843887,0.5362742498316149,0.5511799035187658,0.29970857602655593,0.8459932032461484,1.159122325698598
344,1.0933943889284774,1.5869316452793616,1.249876491305943,1.2018591767615696,0.7272978765471972,1.651119577775957,1.9985701828769615
352,1.8570489116030773,1.9201367190440053,1.4229143170919054,1.7352733902284594,0.70298671946934,2.30322896815027,1.9470878877779685
360,2.5391896208017046,1.9287171420906377,1.281337887013271,2.5904519061641413,0.665805081518561,2.802321549035271,1.4522856062102376
368,3.202739631463195,1.8186021253856564,1.0067654691051624,3.641549415490535,0.6400639060869945,3.3757774459167083,1.114790366470672
376,3.357186594031143,1.501127830202101,0.5677356438491196,3.6286788811577773,0.3082889451524929,3.751884402794368,0.5828063188328996
384,2.7351085002062154,0.6960014529071282,-0.19591885900847253,2.616193129525215,-0.26945712922538323,3.269952653562332,-0.4053683142804793
392,1.7226228272272048,0.023871085102079692,-0.6978714812094976,1.7424236546661247,-0.3767120385576486,1.8298776289071474,-0.9802542700713632
400,0.8731644618237048,-0.36081627546606515,-0.8852099447875249,1.028821458817001,-0.3009186071195273,1.1806282717069876,-0.8000661740101682
408,0.27539737114917634,-0.7984160160044653,-0.9652936050312373,0.11787031620480953,-0.33524013447156487,1.1663276296135552,-0.3810572310939468
416,-0.28518789938099315,-1.0987296546621046,-1.0053354208664131,-0.41554374656064663,-0.27374735895269525,0.6586546823677801,-0.3438755295443967
424,-0.571200774431607,-1.1444916669619072,-1.0696883006855948,-0.5585501650370464,-0.3252297021348162,0.2553765922312127,-0.31384417292950717
432,-0.2994885236544801,-1.1073100145708274,-1.172652963545944,-0.9489578942780829,-0.619822993011913,0.7287278514382011,-0.1007645694061841
440,-0.38672243251297567,-1.281777873765278,-1.3170894770325412,-1.2778727378545522,-0.8929653874968461,0.47560640350634076,-0.09361427163293133
448,-0.9501679495957801,-1.3175294408242348,-1.382872457392247,-1.4494805302320248,-0.900115647172285,-0.5654804926723074,-0.2452011163819883
456,-0.9501678919881983,-0.9828943843457739,-1.0882791548400141,-1.5481549272643098,-0.742808568628888,-0.3552610479844736,-0.17083773217817566
464,-0.4739563923733858,-0.558165195960076,-0.7793851548910702,-1.299323759754435,-0.5354491730917079,0.42841433659845857,0.16522746462844673
472,-0.40531324303925514,-0.4265991865430533,-0.7436336008898329,-1.113415255232712,-0.41675379755334446,0.41983398667504945,0.056542561675328215
480,-0.1979539031125938,-0.30933397729466744,-0.6664101019395331,-1.0004401687919668,-0.2651669617142594,0.44700514727835616,-0.15081683601253434
488,0.4956272818165861,0.048182148010743976,-0.3403553340900141,-0.11666033579469423,0.03085638269557518,1.2149498371568401,-0.07502339351375717
496,1.0819538491382952,0.10109459250149128,-0.36752659039871655,0.7099170428150521,0.06374785651487554,1.6096476681595462,-0.10076456280051446
504,0.7158572491698568,-0.3679665965895914,-0.9953249272351975,0.22941538183392268,-0.5797811592031715,1.265002142168245,-0.46829114563639074
512,-0.23227554967392036,-1.2460262964137678,-1.740388574094927,-0.8474232964719878,-1.250481456730877,0.7916507024574998,-1.0446071575715554
520,-0.865794106171681,-1.933887331271626,-2.401078450192921,-1.2793027983002008,-1.7695949181122586,0.2911281545279422,-1.8125518231780449
528,-1.7424236564504818,-2.9220619513272865,-3.2047746436852096,-1.818437130192647,-2.3344704145292354,-0.7656896084097995,-2.744953983542372
536,-2.814972129915556,-3.579891650923464,-3.9526984862492807,-2.6650353272362053,-2.7091473100395267,-1.8868602116863284,-3.369892175369183
544,-3.106705323558873,-3.6971569712392673,-3.989880152158941,-2.5062981404712716,-2.7334583886174526,-2.1685830031024578,-3.281228173651173
552,-2.7506192358096966,-3.661405338891719,-3.844013618167952,-1.9528632199452287,-2.905066192209199,-1.9011608147602246,-3.058138147776417
560,-2.631923862268396,-3.8544640921818463,-3.981299710985121,-2.0129259442356644,-3.2668725053036036,-1.6122878354092998,-2.8307578407115734
568,-2.4731867128331753,-3.745779094905915,-3.912656727714446,-2.060118024508505,-3.448490716960105,-1.4120786894086241,-2.7621147505212265
576,-1.4521205062009723,-2.8791600083023865,-3.2777080311957647,-1.229250474086269,-2.889335475997919,-0.5225786255357942,-2.3245149924701214
584,-0.03349643984689925,-1.7022168166007816,-2.2180302095829156,0.04779713192598666,-2.012705886699583,0.888895180221118,-1.5808814266411486
592,1.2950334861508257,-0.5438645597042117,-1.33854038433174,1.08459395153668,-1.3420055633636807,2.1602225933020116,-0.9273418904083481
600,2.40333354357308,0.17402789521368645,-0.6978715252984997,1.7796054364054292,-0.8629339651325033,3.241351327129907,-0.47544145339495786
608,3.2799631940122635,0.52296367136379,-0.25455150764485746,2.2114848577366484,-0.2894780770074178,4.292448808958281,-0.1551070270275518
616,3.515923771271622,0.6745504651109349,-0.058632649593556886,2.323029811069382,-0.08354880996964256,4.349651442159742,0.12375556991319649
624,3.371487216307566,0.48292185322431036,-0.12155546912071112,2.185743747440054,-0.3967328890980851,3.9492333139175453,0.042241974577934174
632,3.2813932370988272,0.42571923123712496,-0.20163908757972457,1.9054510310634938,-0.5955118795621971,4.219515605177508,-0.03927177084428207
640,3.0726037517745377,0.18117822094581862,-0.5219735531202863,1.7738851268763207,-0.6183929110594344,4.259557356031332,-0.09075407531410822
648,2.350421120896404,-0.3493757622521801,-0.9366922764481291,1.4020682832818478,-0.8057313979877355,3.477312051557435,-0.36675664507189426
656,1.6668503444928386,-0.772674859468186,-1.1512019568544634,0.7799901392231093,-0.9859195344510485,2.798031263082959,-0.6584897984667114
664,1.3379354360886357,-0.8012761963467859,-1.2084045788416495,0.2851878252415123,-0.8600738009203056,2.3561413516537897,-0.6971014709013217
672,0.9432376427228824,-0.8928003258690014,-1.1740829563986965,-0.08519889999248999,-0.7828503426793643,1.8627691661715975,-0.576976029694222
680,0.6229030699554083,-0.8055664239234154,-0.922391677214738,-0.4255542065490346,-0.5297289041183376,1.6740005361499715,-0.3810572055929902
688,1.0276114074934295,-0.2864528649931953,-0.37610694815675744,-0.19102357083327406,-0.05780759413595889,2.1430617628780078,-0.0035202223733717896
696,1.844178281872165,0.42428916925527477,0.14872672919901841,0.9658985793779619,0.398383018376806,2.7551293558515697,0.20240913069172603
704,2.413343994958736,0.7346131769581321,0.3117540590494608,1.8696993855046056,0.4026731699114275,3.0425723289847846,-0.18370831044631528
712,2.8552339504769075,0.9190915830900137,0.30174356526462576,1.828227577431159,0.25823664259901086,3.5874269310795626,-0.24520108120295775
720,3.3514663743698616,1.2651671209829756,0.650679390112339,2.1614326556507892,0.3583412191326141,4.169463288183727,0.3082338660530018
728,3.9091914842210977,1.8829551121245096,1.1812333356733837,2.531819288098179,0.5771410610588839,4.434025280975237,1.073318451323932
736,3.730433497303161,2.1703980414759623,1.424344318547389,1.4607008958174823,0.39981304579410726,4.605632908518215,1.676805769340752
744,3.400088600808434,1.993070027440148,1.467246287994968,0.4467851600885199,0.04944724867875197,4.82586296404949,2.0600630063253385
752,3.3929381799853866,1.7313682102287309,1.2513064913788456,0.9644685554939257,-0.30234866433915014,4.928827545644744,2.084374123615561
760,3.6331890928163877,1.5583303979613494,0.9667236770811204,1.823937336950431,-0.7199274875123198,4.840163587401254,1.7082672086762216
768,3.631759009942188,1.2894782166127454,0.6692702163078783,1.5579453440860185,-1.0259613218664834,4.9517085362790025,1.2806777890999106
776,3.5302244451644404,1.0806888379008877,0.4776415770768553,1.143226599558585,-1.1017547425511898,4.628514054308893,1.0275564044595806
784,3.787635982261113,1.4582258870235796,0.8637590093049241,2.008415710053966,-0.4396348256709353,4.173753419286858,1.1519719881377084
792,4.386833171018242,2.3663169296368256,1.69033640204773,3.3798476532751556,0.5828612736536342,4.422584712304452,1.631043657955908
800,4.621363745132295,3.037017163719382,2.3138445365012967,3.8145872885915226,1.4523405707090453,4.751499572318286,2.137286512188549
808,3.926352293291894,3.200044552713609,2.8100768573150847,3.295473794028174,2.1716630656411025,3.8705798032192082,2.4161492152808686
816,3.3643368927261177,3.171443270984668,3.0117160440980206,3.2926137465673433,2.8395032275299728,3.051152781372879,2.5362745398902216
824,3.2542220010679936,3.151422277270188,2.887300413104866,3.4012985971359675,2.9467580376235785,2.9610586559176917,2.347505978075972
832,3.3428859857341586,2.9812446482639094,2.58269665394389,2.889335524010148,2.5163085774993457,3.288543553188337,2.1673178479110886
840,3.467301566032642,2.676640894786882,2.215170023639367,2.8035315327304957,1.8427481888826651,3.914911797165303,2.1415767383825957
848,3.5130636042942616,2.0488425422811387,1.515868530256421,2.8006714236679575,0.8860349947975138,4.315329844296025,1.5438097494046523
856,3.3185748126797976,0.9548431180423449,0.26027171171959396,2.373082230220609,-0.45965579219463865,4.0807992297798545,0.394037782519607
864,3.059733131414459,-0.004730214754046726,-0.7994060916124497,2.2558168499929203,-1.4506904965799827,3.963534062469788,-0.4582807040824289
872,3.026841772656702,-0.510973117377055,-1.3085090724203343,2.3973933536556395,-1.884000080667914,4.052198069871746,-0.9702437973324972
880,3.523074138173973,-0.5753259412784777,-1.3085091195817415,2.7491891855620665,-2.1156705712203836,4.551290535234345,-0.9087510748126035
888,4.398273599894627,0.10252460578573303,-0.7665145959790785,3.46136128578651,-1.902590942503345,5.490842982311271,-0.04356194112056999
896,4.998900768139549,0.9805843175922859,0.19162869526695278,4.007646102408016,-1.256201714643593,5.934163058647837,1.013255770200779
904,5.283483577521427,1.9058361064456555,1.228425474475529,4.044827674148481,-0.488257076995984,6.061438718667396,1.8998957918358645
912,5.320665214704104,2.5007429880508814,1.952038177320827,3.8331780843702594,0.12810078303460395,5.884110686504396,2.5505751922762085
920,4.858754370854924,2.546504984527802,2.1393766236933898,3.564326017929578,0.5385293491438776,5.367857407155159,2.590617016867737
928,4.130851498194199,2.314834602123966,2.067873377586338,3.2940438417311606,1.0090205605827938,4.518399095979595,2.1716080438419536
936,3.404378776768671,1.9058360565190835,1.7103571942124836,3.0066008028484927,1.3079040006902085,3.5674061018923355,1.5638306530976847
944,2.5449099432349107,1.120730639756624,0.9524230197792865,2.2772678170503844,0.9689787304609374,2.7579894934874702,0.7401134350132509
