-240,-1.2610138268106512,-1.9845910478606177,-1.9049774432538915,-0.4777412196509857,-1.757546956391416,-2.224736172457537,-1.2814063008206011
-232,-1.7958421002659533,-2.3884095348226717,-2.3874017790978783,-0.7659627138422086,-2.4357153263866387,-2.5699855413701806,-1.945703086314293
-224,-2.1857889158030344,-2.3005558961604393,-1.9897484677724346,-1.0002391216337163,-2.1166679377866604,-2.579233362939625,-1.7345461134026705
-216,-1.5538592678805199,-1.41893694125689,-0.8245318607514739,-0.7151000914155925,-0.9468274302462227,-1.998166326516206,-0.7157522010051797
-208,-0.5720563905934495,-0.4140147292588508,0.4069603316294839,-0.1001247184653566,0.08429682547720069,-1.06414340933164,0.25988550942040917
-200,0.03521257365743295,0.2641536824596234,0.5749611634983972,0.6104108256916713,0.42183969346885997,-0.3443601749009554,0.35236301747524823
-192,0.5345911434127225,0.5477514382228891,0.2204640241769646,1.023477051604507,0.3802248116487111,-0.05151470187637562,0.1889861104643752
-184,0.7503720420102273,0.5662469085083051,0.1572710663717018,1.1976430261619067,0.3987203468369621,0.18892683535814278,0.2398487059033324
-176,0.43440721672442206,0.36587897549327636,0.030885114170547328,0.9001737218254646,0.3293622089247419,0.13189902090364025,0.2860874764875978
-168,-0.11121015623211875,-0.004031082885897039,-0.3220707367882771,0.3036937800864887,0.008773539247166534,-0.5108196670810382,-0.14701552578908766
-160,-0.5720563654270437,-0.5265289807294171,-0.5902555087565359,-0.33131845780672187,-0.4320359753747271,-0.9146381320224871,-0.654100546794824
-152,-0.763176567438576,-0.8810261298193893,-0.7104762431011244,-0.4469153845157377,-0.7649549882126672,-0.8622342442472776,-0.9068723672539251
-144,-0.5412305350932809,-0.5619786945291054,-0.49469540642622195,-0.10320722134704266,-0.5229721636089504,-0.5801778314842119,-0.5076778117726501
-136,-0.3670645916627515,-0.16278413788885132,0.19117945091337232,0.010848318154995226,0.10895751593714091,-0.3813511727584732,0.047187243344691966
-128,-0.2822935393287076,0.19941945831235686,1.137532647348877,-0.06621628359087524,0.7732542219579728,-0.2904149461123679,0.6621627037150734
-120,-0.11275142091843801,0.8298077781358335,1.7216822888097199,0.04167412928281681,1.1554946061128224,-0.2457174753149352,1.1014308405673914
-112,0.14310303272472455,1.3738838450139401,1.391845822894675,0.14802327217199848,1.0136957442913301,0.09644931173986851,1.0289901221218785
-104,0.18780045997765313,1.0687080041592953,0.30215250442170677,-0.027683957137613305,0.28158216173322786,0.19663320432106665,0.09188471894361007
-96,-0.4564594956735771,-0.4371340464195636,-1.0557256072122825,-0.5825490076190385,-0.6693948865446269,-0.5123609912064339,-1.0425060703267905
-88,-1.1222975766493215,-1.9275632678443544,-1.7847566612255874,-1.1821115272422122,-1.2674161282360044,-1.4525489123331177,-1.5804169311036917
-80,-1.1962796071337332,-1.9337283977840694,-1.5951777495634856,-1.2314328942543427,-1.0269746049092368,-1.6837427649233072,-1.3569296257936545
-72,-0.8787734443114863,-0.9781275299497141,-0.7104762940962092,-0.9802023456010045,-0.33185199835361573,-1.1150061193439693,-0.6679721360978408
-64,-0.2761283550825383,0.1470155614308822,0.21429883943409003,-0.37909852552872425,0.15057236878280975,-0.05767984059121873,0.18436222285923762
-56,0.6933441800375781,1.0548364458175803,0.7028883547227611,0.2975286075956801,0.2846647457434579,1.056674109564887,0.7161078829986928
-48,1.6258257171346082,1.565003959439759,0.9587428040611438,0.9232931179623319,0.4033441976859021,2.0122750184602203,1.2108625514066629
-40,1.957203536646234,1.5280130140674417,1.1714410547389944,1.2515882610765274,0.6576573495554107,2.588718185822169,1.2817620006955077
-32,1.447035878813929,0.891459477049673,0.816943910781644,0.7213838330064064,0.5266475787911659,2.4777451097965235,0.8841087105628261
-24,0.5053066070708961,-0.10729765418248281,-0.12170274532758288,-0.26658418912153975,-0.1129885101165528,1.4897771189610167,0.1257931006706169
-16,-0.24684384937087683,-0.9981642806504529,-1.1220011786645292,-0.7952473170736918,-0.7248813939272848,0.34767986983060833,-0.6541005547421103
-8,-0.8155804932945308,-1.4697996161687068,-1.4919112468122417,-0.9370461153168965,-1.1256172669112172,-0.5200674012303355,-1.144231347962577
0,-0.9496729290319816,-1.4728821185536876,-1.417929197121889,-1.078845047008278,-1.10403921278114,-0.547810642917951,-0.9700653580073105
8,-0.4086794398725032,-0.8995216780875482,-0.8661467016762134,-0.7027698164694332,-0.7695788758178045,0.20279842267433804,-0.39208097033138983
16,0.5469213983250991,-0.030233050615359556,-0.3359423310583475,0.18809693765181737,-0.6663123228993171,1.1090780230032073,0.3076655638969352
24,1.1634382055037555,0.6818437769372241,-0.11553760114898028,0.9263756970055084,-0.4828985948211107,1.9845317797528372,0.7361447009202253
32,1.6350735208226579,1.0918274281116633,0.06325225952344062,1.202266943900504,0.04114064039328177,2.599507253368695,0.9411365091227566
40,1.624284445163276,1.1812223548053675,0.20196853004969093,1.2330927134706422,0.660739981580494,2.5024058189657,0.802420264756323
48,1.127988466868798,1.2135894549580724,0.2774918008818586,0.9679905054788304,0.8456949558013522,1.6716495181123416,0.3847301749146392
56,0.2448282302253777,0.8590923760691264,-0.07854661421898092,0.19888591877160905,0.5713450131635381,0.6066168184081716,0.0363981920238744
64,-1.2055273512171383,-0.4725837918428273,-0.7890821320506245,-1.165157359723861,-0.12069500391809376,-0.4245074199305638,-0.5585404414842785
72,-2.715993356290791,-2.050866599113514,-1.7138572074663938,-2.563109053722303,-1.1687734604391276,-1.489539981219504,-1.3014430871185583
80,-3.6191903466151816,-3.0758256419474233,-2.253309334088594,-3.6682152781731046,-1.9317128907156804,-2.3326266242398157,-1.350764443368738
88,-4.909251636183923,-4.073041463127502,-2.459842469727891,-4.694715623774081,-2.1397873137241756,-3.622687872747581,-0.9746892277310544
96,-6.607755214058692,-5.507984188924996,-2.5353657665543063,-5.5116003086679,-2.1659892423794815,-5.160897071659565,-0.9962673343463331
104,-7.218106736159988,-6.053601507243947,-2.24868551916801,-5.664188165351366,-1.9101348486721001,-5.775872518287766,-1.0409647803084974
112,-6.274836080686915,-4.9962753124344035,-1.6213796770598132,-4.949028806604892,-1.1132869424600889,-4.958987913694647,-0.6448527818497944
120,-4.602534476336505,-3.353258155846698,-0.6580723137682316,-3.959519420449551,-0.29640227991801044,-3.4685587242245686,-0.049914156454496
128,-3.0057562108669016,-1.9059851728188681,0.3792170541790817,-2.8390002530991523,0.1952698210365753,-1.8902758691045976,0.40322568394307406
136,-1.6170522506866194,-0.7623466452599593,1.0835874324680395,-1.8171237816922678,0.6838593138079355,-0.6279578268527983,0.7577227884951311
144,-0.867984376268255,0.3335118440481332,1.5367272478647727,-0.9540003283665728,1.0630171255423473,0.016302168369293005,1.2355232605758386
152,-0.1975224937829716,1.338434080550304,1.8943069269896577,-0.1987673264920202,1.6009279510531675,0.4925613207949529,1.8489574097351638
160,0.7503719731337488,1.9811527978406,2.5616862597373817,0.45628167369172135,2.4147300355454804,0.956490114827951,2.4562263976623364
168,1.4532010582586123,2.425044873624276,2.859155602816842,0.9109627666891129,2.971136410649007,1.2108032711678085,2.782980230062181
176,1.3021544788446686,2.720972896883121,2.486163021356632,1.0959177698844522,2.781557513225792,1.186142624749078,2.6689246294653826
184,0.43594844631022783,2.3002002029974236,1.8526920592428278,0.23587688086634,2.086434902365391,0.7175898901290364,2.4176940717057795
192,-0.6337080512609745,1.4401593802066943,1.2007256179029104,-1.1636160067895538,1.0183196626922006,-0.2148916451467412,2.217326137531772
200,-1.0853065196838645,0.7897342495811287,0.6381540655070899,-1.9280968020869118,0.3077841455228308,-0.8560690691073743,2.0755272598157073
208,-0.9743335565759078,0.9700653297396804,0.6042457051384141,-1.8248302572812791,0.3586467189411833,-0.8653167858719837,1.8890309780262988
216,-0.39018392786383654,1.7160506216379312,1.203808177409009,-1.209854735484999,0.831823360372303,-0.3166168789068852,2.161839642235611
224,0.3527186570068197,2.560678530337974,2.085427151187363,-0.6611549010388869,1.681075109159335,0.5403412954674828,2.67354853097827
232,0.7118397009869414,2.768752928842336,2.4738326460759867,-0.40530044723015524,2.1280497831921292,0.8054435072673691,2.7968518600950376
240,0.7796565035151107,2.2647505006219593,2.0145277305418614,-0.16794155162369115,1.8876082548983075,0.5572955704397622,2.2481519673688286
248,0.7102983773582506,1.5310956032102945,1.3702677118090483,0.23895949815583017,1.3620277419176878,0.0008892074227331292,1.6886630668663063
256,0.47756334286596985,0.6756786637199232,0.8678066123499824,0.3283544478635506,1.1508707392037423,-0.6156274962756367,1.3434136585483691
264,0.29260835722088796,0.19941946609407377,0.4377861584863089,0.18347304226496305,0.9135117995560681,-0.8807296625441977,1.1122198976831048
272,0.4575264976256422,0.3196402752756057,0.01855475528117931,0.21121624206375864,0.7254742168208472,-0.7188940708835917,0.8887326090954817
280,0.9337857252193823,0.677219931386475,-0.03384913282516676,0.405419032390301,0.7162264452530784,-0.2688368345300355,0.7053188556853013
288,1.0678781097961796,0.7450367668627674,0.035508974125751915,0.27749181831749054,0.8611078947273074,-0.09929472555716815,0.7176491728514177
296,0.8782992027699946,0.5785772321315914,0.2451246767217276,-0.09550076032805638,1.1447055966808242,-0.40447057816717386,1.0012468695067442
304,1.0000612748165927,0.9839369589446954,0.8261916745676949,-0.1386569576640416,1.4175142267830347,-0.2919561945729786,1.8027186255742853
312,1.4177513610157706,1.984235421587259,1.6646545059787923,0.12182133821850108,1.6070931341403567,0.5588368775116073,2.613438134003652
320,2.0203964164687522,2.879725927878649,2.1285832695471942,0.35918027422366977,1.6687448037485786,1.3094460141327642,3.154431528126837
328,2.7848771768311655,3.459251630739272,2.196400152541634,0.8015310061793038,1.8937734164615976,1.9074671813183361,3.273111024276059
336,3.7142761891914744,4.212943354847597,2.600218585693939,1.8434443388866564,2.4609688165605577,2.5178187799122593,3.3301388382338573
344,4.58048212569621,4.753936786223683,2.943926659786804,3.0410281021880285,3.1653391377283975,2.924719811148113,3.2392026253299333
352,5.075236853046552,4.616761870287424,2.863779509959058,3.7978022894416097,3.452019439586717,3.011032116578684,2.8985770753115156
360,4.9735116186241335,4.243769223427672,2.705026432935499,3.948848946838297,3.231614735009324,3.152830980718136,2.468556711517083
368,5.072154248009126,4.191365238960484,2.5431908010417574,3.8502062618223007,3.025081596389794,3.3932725369930266,2.2651061920082975
376,4.88565793492728,4.282301494415501,2.2796298903532515,3.7484809653117104,2.7137406605303793,3.1697851998938456,2.20961972005729
384,3.9516350899305617,3.7336015922518886,1.6785260875000918,3.3354147751616616,2.203573035811767,2.496240651441944,1.8736180808235952
392,3.0900529534452503,2.949084008007478,1.1097893694017684,2.5308604279644475,1.8860669559393175,2.023064061833752,1.5237448105636313
400,2.8419050113194513,2.5375591842027814,1.046596466234097,1.7972055924753856,1.933846990713197,2.1509913121660538,1.8335444520999735
408,2.5136098190314233,2.3341086562500046,1.2947444437915443,1.3070747315374194,1.9939573780848427,2.1879823125070983,2.0262059298909123
416,1.799991766197814,1.9873179605628684,1.5089839887924685,0.8107787803961681,1.9862509140856242,1.6855212102333692,2.058573113655687
424,1.0524651665654443,1.3122321472590792,1.1637346558081798,0.38075837504405247,1.4498813423336059,1.1029128541549047,1.804259938937731
432,0.5700407878392273,0.6032379063658229,0.5626307973240176,0.17730783881285225,0.7239329094178656,0.8316455064548388,1.2863858949233835
440,0.6131969921290876,0.19325427406618745,0.23895950605217178,0.31602412059775775,0.46037200253743404,1.2000142155422104,0.6251716714193168
448,1.3977145023643964,0.3705028569723807,0.4131254792850242,0.9941925367865808,0.743969692570022,2.272753369477059,0.614382654702307
456,2.3841413912673786,1.0794970902494894,0.8354394693150482,1.579883445748407,1.21868759239586,3.2699692209561664,1.0582746910806906
464,3.042272976620329,2.1584013832303195,1.532103344861769,1.8665636474378093,1.5377349660946773,3.7416044804784994,1.4251021485616506
472,3.244182119849656,2.8581478881530282,2.031481898722486,2.20410659573017,1.8752779087577112,3.783219321403239,1.559194544893808
480,2.986786463608345,2.5591372832019115,1.8218662212929164,2.0176102897677666,1.8244152709332289,3.6969070123301617,1.3881111300080753
488,2.635371877666977,1.5650040307997641,1.0681744882438935,1.7694623026073493,1.22793537025523,3.2083175016774077,1.163082541468052
496,2.70010612797406,1.349223204224538,0.6073282512334679,2.0129863564657353,0.750134884763477,3.0079495585627027,0.9719623207472838
504,2.8249508649938635,1.52955431335757,0.5271810735902217,2.2672995431046195,0.5451430618253529,3.3470337382621236,0.8625305998083365
512,2.804913976705737,1.134983544153535,0.3098589483871418,2.026857967789357,0.35556417301169846,3.2514736488461495,0.6791168920950503
520,2.3687284599575733,0.42907199654569006,-0.20030865033722361,1.5043601287226387,-0.1145298236455678,2.491616916656493,0.2090228547079438
528,1.5626327523754706,-0.25680286741664304,-0.6904394524983875,0.8138613668899246,-0.36421911257963974,1.9506233609384944,-0.037583793425917
536,0.6902616286443342,-0.9257236022725072,-1.0988817934551807,-0.17873058522868368,-0.7418356160832269,1.6808973931603965,-0.2441168744276223
544,0.2186262651450098,-1.385028540323943,-1.4256356717174892,-1.0927166782001143,-1.2489206271548556,1.4805293266971908,-0.08228127498529952
552,0.07220358360144763,-1.488295105991201,-1.4148465844683158,-1.3393232970283577,-1.506316367339375,1.1614819342891376,0.14891251667569855
560,0.17392883656753372,-1.4682583390647528,-1.0495604764447257,-1.1589920974949484,-1.3552697597787933,1.164564544128047,0.44329924031327933
568,0.4544439394440905,-1.2386058276535097,-0.7274304592966013,-1.0819276114814298,-1.1256172500232344,1.3572260715895226,0.6020522774348401
576,0.7503719794253496,-0.9149345282688104,-0.7073936720052334,-0.8599816117531213,-1.1780211786938528,1.5159791212942866,0.23830748641720187
584,1.0925388040641932,-0.33386747909662084,-0.7767517976653887,-0.4469153350107689,-1.0762959399666543,1.7024754241108901,-0.1578045680036403
592,1.4501184838513528,0.11156576716492286,-0.6318703412372845,-0.22342805834407434,-0.7094684410935791,1.9151736330654887,-0.00984056167240828
600,1.3884668538139922,0.02679480539682551,-0.6750265768195832,-0.5409340958309987,-0.5537979972540822,1.6778146902720132,0.05181112283697509
608,1.0262632523145938,-0.35082172675010515,-0.8954312635155831,-1.007945605335582,-0.6925142674491963,1.2385464943117568,-0.18246523180705876
616,0.42824203860428584,-0.9349713442035215,-1.158992150362231,-1.3038736304156795,-0.7603310896800123,0.581956292688846,-0.45835647986103334
624,-0.2406786497268418,-1.420478260911938,-1.163616024556323,-1.142038031966768,-0.7217987744854055,-0.012982495294677024,-0.6633482903815232
632,-0.31003677770495486,-1.4112305305707156,-0.9879087528611861,-0.9324222182743562,-0.8158176492167336,-0.21026773618327396,-0.5785772027813981
640,-0.1543663050565457,-1.1230089105474654,-0.5686774024723942,-1.1173772820677506,-0.7849917902396276,-0.11162512203057706,-0.04066642098065151
648,-0.1482011320690315,-0.9735036178404451,-0.25733643631395137,-1.447213709405345,-0.7541659219906882,-0.13474439846144864,0.1920686868584562
656,-0.04339332936538603,-0.8378699336423834,-0.342107525900898,-1.4687918357232699,-0.6878904430912094,-0.23184588568078202,-0.11156581331394667
664,0.0290474062992467,-1.0182010427754151,-0.49777798629724085,-1.410222694990981,-0.5877064240157095,-0.5216086821423643,-0.4429435503724804
672,-0.4148446325626639,-1.6408829793970798,-0.8260731015959353,-1.6414165384749058,-0.7402943321909659,-1.054895672864385,-0.8822117556045707
680,-0.9342599182493162,-2.0909402685669747,-1.2006070439377399,-1.823288906168224,-0.885175781665195,-1.1951532319188132,-1.1920113814119089
688,-1.2101512346830638,-2.1387202341332388,-1.382479465771944,-1.8309953825850767,-0.9930662086122058,-1.1550795728961634,-1.3538470353262548
696,-1.2702616119550332,-2.2527758239680886,-1.431800853480131,-2.0960975923981424,-1.0531765817449648,-1.7685138381189789,-1.245956607551402
704,-1.3534913755953302,-2.362207586630288,-1.416387910083828,-2.486044490553884,-1.1194521123018022,-2.4112325583895053,-0.9623589016242413
712,-1.5692722342908374,-2.064738166727063,-1.0526430328050234,-2.627843259988177,-1.0578004355741364,-2.6794173293643526,-0.8159361603104662
720,-1.6016393312977404,-1.502166733871668,-0.8445686238698474,-2.603182562574363,-0.8820931526203439,-2.7888490756352744,-0.7512019091755409
728,-1.7773466351131604,-1.6686262068458104,-1.1774876930010623,-2.6401736928866457,-0.8111937637639863,-3.0878596221407246,-0.9330743642890045
736,-2.296761913845935,-2.581071000030407,-1.8525734975297223,-2.8836976475695266,-1.1826450802067396,-3.658137578103277,-1.6451511761125854
744,-3.0350407543281697,-3.4256988921736036,-2.3118784321042205,-3.3029291385259385,-1.6450326277659486,-4.151350993745857,-2.09058452850351
752,-3.532878001448179,-3.7956089613147266,-2.657127827176682,-3.7067475309484026,-2.0920072786191586,-4.47348092728191,-2.266291798377394
760,-3.364877222230035,-3.8850039106913092,-3.0671114636155266,-3.70828889033988,-2.4465043712502865,-4.271571754415831,-2.5051920298646158
768,-2.4092762577037017,-3.4164511808727545,-3.15958893690099,-2.9684688237487764,-2.44958696999611,-3.45776972224315,-2.5837978794088228
776,-1.3411610082619723,-2.650429095888239,-2.831293819781042,-1.9265555256452318,-1.8577308993054253,-2.8119683856765443,-2.3248608672529705
784,-0.8787734237809975,-2.1479680093435145,-1.997454931606085,-1.2869193938552823,-1.1595257123820804,-2.529911980032923,-1.8162345830510311
792,-0.5905519103838341,-1.8150489157081675,-1.3269929650120247,-1.2098547815130305,-0.8096524659639754,-1.9318907438053037,-1.2490391543087287
800,-0.11429278113775815,-1.591561694672475,-0.9909913709785182,-1.1220011850707554,-0.6539819742751943,-1.335410758025117,-0.7450367744343407
808,0.23712179751859733,-1.5037080000481033,-0.7721279438362163,-0.9139267734864843,-0.38271463700594044,-0.8082889275418386,-0.3073098494520048
816,-0.09887976886497628,-1.8797832342294545,-0.9663306778694831,-1.2113960733525773,-0.5430089509003182,-0.7543438485927051,-0.11927226920031075
824,-0.7508462524248493,-2.6273097482629315,-1.394809825820291,-1.5967190756247593,-1.1733973035063499,-0.9562530297372072,-0.4259893436144051
832,-1.0976368674801458,-2.8030170542307387,-1.622921043570734,-1.7246462733062915,-1.270498723173753,-1.209024814930226,-0.6479353497998838
840,-1.2409770979649495,-2.4993825125006524,-1.5905539023570525,-1.6599119769711774,-0.920625435363533,-1.6667885558472748,-0.7712387135204597
848,-1.1515821341839103,-2.456226318476037,-1.9018948026192486,-1.7308114585458718,-0.9899836189726484,-2.025909563236768,-0.9947260342283631
856,-0.7415985821849772,-2.476263157755901,-2.5569438475064734,-1.5489389651860945,-1.4554537255412494,-1.7839267459180637,-1.4756090552187882
864,0.002845415059063091,-1.9738020392564635,-2.4521360057286716,-0.7536323850862993,-1.6357848942789253,-1.2167313166790552,-1.8686384686738509
872,0.5623343768219152,-1.1214676134097277,-2.005161391466091,0.00468321768646539,-1.2319664362913527,-0.7435547727677557,-1.885592699108215
880,0.7365003952549564,-0.9026041932213009,-1.7693437439891,0.2805744438854038,-0.7849917735172138,-0.2457174238231448,-1.6929312107208954
888,0.7704087625775072,-0.9380539455984401,-1.3470297870727679,0.3915474048409706,-0.5892477239681109,0.2151287570595742,-1.0286344634735178
896,0.9307031627330513,-0.5034096302894443,-0.61645747632043,0.6042456250542249,-0.2517048129286522,0.28911085923512764,-0.07765738655231991
904,1.0586303781304096,-0.16894927544471527,-0.41454818176153424,0.8739717959848226,-0.009721999086885279,0.13498153835535007,0.1966925708210876
912,1.2096769419809181,-0.11654536018514217,-0.6811917294421771,1.0080641287386929,-0.1623098979903082,-0.0700102888875535,-0.1593458967649529
920,1.5364307859705548,0.18400655316236722,-1.020275895896121,0.9649079833912038,-0.4798160404476345,0.22900041258997278,-0.4152002931214294
928,1.9047995402581162,0.5230907755784503,-1.2129374036549503,1.1005416144417899,-0.674018775143175,0.3862121782369072,-0.5924489041742604
936,1.7321748805542787,0.15934583852943224,-1.3084974688979296,1.3116985764258948,-0.6771013745512716,-0.216432926886613,-0.7465780311733736
944,0.7118396690322288,-1.0351552983761851,-1.7277288259094585,0.9618254079905332,-0.7772853249158612,-1.4664206567737792,-1.0363408869084634
