-240,1.2524643015162442,0.7402152790840985,0.1387162790876964,-0.18139822960805596,-0.4368969712544367,0.4085082054520266,1.4496705701746269
-232,1.8021916935657278,1.1101253200233943,0.25003177949279554,0.43340602539769846,-0.34441945775423527,1.2288179715488605,1.7151152427606318
-224,1.781641158332795,1.3430316181603998,0.4075860450184018,0.5858226479628149,-0.22967883788141202,1.3469836564357816,1.7356658517635104
-216,1.062371659150094,0.4456572751713611,0.054801475769660664,-0.11118381548980721,-0.5858885218147877,0.5609248603949747,0.9290564487434402
-208,0.14615928841593817,-0.7103115903233079,-0.44697465158199434,-1.02225845919149,-0.7896815279935613,-0.42378939710140007,0.15841057643308462
-200,-0.2665644888708625,-0.9363676874216464,-0.3356591037139366,-1.291128277736172,-0.3701076515846784,-0.9632414949514815,0.13272235758340795
-192,-0.2819773730488473,-0.38492773453451173,0.2654446809634864,-0.8801171683546261,0.5135663246482982,-1.0077677141354973,0.5094825905470877
-184,-0.1209979422482444,-0.12633321258077584,0.6113790957166937,-0.5906968348131562,0.8595007515431922,-0.8690514634774622,0.4837943661784624
-176,-0.2391637294196789,-0.4637048932363732,0.2483192431224832,-0.8287407573301909,0.4210887706758064,-0.6909466575679052,0.014556626705249275
-168,-0.4138434706830684,-0.4106159533841885,0.034250918093004006,-0.8390160697421233,0.1299559233917129,-0.5196919728562249,0.16012309606258693
-160,-0.043933389271483075,0.28981552633181823,0.4110111602549314,-0.24476242079580857,0.30463565490496014,-0.053879313298270205,0.756089227293518
-152,0.49894388121219335,0.8703688451310958,0.626792010984756,0.13028526310397667,0.19332018522200772,0.4735849904071569,1.0814730742519962
-144,0.3174138910792491,0.6288997507163261,0.2277686865496162,-0.03754428098401011,-0.21597841188863445,0.12936315120879752,0.6824497571754543
-136,0.11875850137001191,0.1836376812128597,-0.24318156427467638,-0.00843102839427806,-0.6201394221480981,-0.08299258906758648,0.13614744688087943
-128,0.6273848304961934,-0.20511037441004165,-0.6096665558368959,0.5635595550196351,-0.9369605648112884,0.3845325316190153,-0.16354819502529383
-120,0.8054896584815445,-0.26162441073433057,-0.8100344828362704,1.0927364482612463,-0.9849118282213624,0.759580263901583,-0.3022644151451469
-112,0.5725833358772007,-0.20511036208438962,-0.6867311373282249,1.125274722817277,-0.6441150707779107,0.7493049356686647,-0.4101548744515931
-104,0.476680684328815,0.15623691513893842,-0.21406832842575516,0.8975060797824478,-0.05671163114868571,0.5712001196410353,-0.23205004039539817
-96,0.5794334938680682,0.4593576594040946,0.3236712818047262,0.7348142060657284,0.59748112226342,0.39480781459655495,0.33137774802850506
-88,0.505793988060804,0.5278595235386238,0.48465065152896414,0.6885753710385402,0.7396224493413798,0.38281998402684037,0.5471586407023389
-80,0.07594489269418477,-0.12119560420569775,0.16440451375835854,0.46251931091715703,0.2549718347044638,0.3417188265455528,0.004281413818356702
-72,-0.22717587180711613,-0.4397292650266703,-0.047951297160567,0.08404653477646117,0.05460388342171556,0.4547469810585351,-0.4872194572306767
-64,-0.2545766448717064,-0.17085943397237127,0.17125467027750682,-0.19852364997238875,0.11454300094901769,0.4872853187145444,-0.2234873125525961
-56,-0.477207624525936,-0.1588716199595024,-0.1455664576684874,-0.41944217420088503,-0.16460203600150555,0.07627417769102636,-0.3690537578105251
-48,-0.5868106466936477,-0.2290860366532608,-0.4007358577629556,-0.3440901145466376,-0.3957958319856799,0.0283228287372493,-0.45125600525796256
-40,-0.3162283410812606,0.3600299579267377,0.2637321856173583,0.3255155892708362,0.1779072241466723,0.3108930447601413,-0.05394523154240179
-32,-0.1912124141314886,0.8189923827804392,0.3510720375766102,0.517320780700881,0.37485008484419474,0.10881260365021307,0.026544437774679
-24,-0.28882751981785276,0.6391750743501208,0.10275278756251709,0.3700417258545883,0.32004861690012026,-0.30904878587492984,-0.428992868347159
-16,-0.369317234206347,0.1528118400067684,-0.008562806848673587,0.15083581710133445,0.22757106899847218,-0.3912510027841853,-0.7766398402587187
-8,-0.6467497552066673,-0.2633369780107554,-0.3373716803725745,-0.4382801686483457,-0.10466291939402807,-0.34158718111196956,-1.1259993614181383
0,-0.8933564432793195,-0.19654761308561824,-0.20208047412456145,-0.765376516103971,-0.10980053972682838,-0.13608160011420786,-1.0044085473133513
8,-0.5542722448338696,0.6922639921265111,0.8768237975531266,-0.3321022872882917,1.0427431547899304,0.46844729262511164,-0.04024486221082995
16,-0.3162282669433842,1.413246096482417,1.2484463581219247,0.022394903690500467,1.5976082295363336,0.6379894461174976,0.28342646750969075
24,-0.42925635780449256,1.2642545118885495,0.5120513914798626,0.23646317776168735,0.8218246631232311,0.5609247794503955,-0.6653243135466305
32,0.34652715562670316,1.63073940502952,0.623366912489037,1.005396513149836,0.7447601416044767,1.4360360554353124,-0.737251248766101
40,2.0282478570754146,3.0333149823283194,1.8906512960494415,2.360020751245001,2.0086194423061827,2.944789522188624,0.35021580447215506
48,3.596940415233006,4.328000198006063,2.757199792313441,3.608467218175118,3.0395724075259984,4.210361422544587,0.9530320793446877
56,3.545564037690192,4.043717431631522,2.411265440292282,3.5656535156771656,2.798103335003058,4.066507405669545,0.6636117553693958
64,1.0760719692449512,1.9869491253879565,1.3580493740348285,1.2982419849234543,1.5325315130161654,1.8419096114473015,0.09333377363335364
72,-2.5648018117120235,-0.7736758313655633,-0.09076495293142209,-2.140551312243724,-0.049861467638869277,-1.33143899528927,-0.6584741110362446
80,-5.645672913226815,-3.106164103474713,-1.4676523132201955,-5.199159314192599,-1.6134163955295535,-4.025274593924356,-1.6037998197198713
88,-7.603113542460365,-4.469351100870688,-2.2674115326782687,-7.281615826040364,-2.3891999295648225,-5.734396005889575,-2.1929157607660676
96,-8.431986058475793,-4.750208672351874,-2.3170753981341425,-8.297155863114567,-2.4303010519088044,-6.196783514705765,-2.2168913994617725
104,-8.043237953918215,-3.9110609368268148,-1.6765829314533454,-7.8279181276885845,-1.8737234661792523,-5.523752766110339,-1.8452688282230076
112,-6.060109103627411,-1.999859100308514,-0.46923773992605006,-5.795125513674528,-0.4026459960473911,-3.9619103869156187,-0.9187811921719474
120,-3.7926976644882457,-0.2427863853807576,0.5719905498473846,-3.741782320459912,0.6745457074340481,-2.5644724328930564,-0.25945080021451145
128,-2.29250688823285,0.5158717016152619,0.655905292089056,-2.4950484870336,0.5341168593293355,-1.9976195785352295,-0.61908556829434
136,-0.3093780997542689,1.6358770875424737,0.55829013397268,-0.8869673660819233,0.4022508492624314,-0.9718042330963206,-0.8417166055295998
144,2.6790155197183285,3.8022483543254926,1.4316888645730017,2.109988970195579,1.436628901388174,2.06282810752916,0.07278322349926009
152,4.9567023100860315,5.713450152579082,2.329063198915688,4.757585919056181,2.628561235044474,4.551158184587161,1.1037361699546506
160,5.886615069284117,6.410456721995516,2.5516941877681654,5.8279273440497095,3.0618355096674263,4.914217960100056,1.1790882489252175
168,6.520257218108503,6.720427578996164,2.923316810149188,6.0745340462876625,3.4231828240516746,5.148836849244966,1.1516874810116469
176,6.580196370957077,6.901957531416293,3.4816069677542867,5.992331869666732,4.046549693393854,5.635200011474055,1.5935244893642804
184,5.568081389330789,6.434432331808723,3.6083354483670766,4.848350804387559,3.933521619089592,4.864554125182362,1.6260629101724484
192,4.393274523869708,5.756263897572938,3.0688832614779593,3.630730295481276,3.3152923785426,3.426015080273829,0.8228785545058401
200,3.766482487412881,5.146597359113655,2.3119377454376635,3.3190467943068565,2.734739109413859,2.5217905741429045,-0.0008562407319249163
208,3.682567736156927,4.679072196115115,1.7913235923645054,3.7249203105824154,2.482994762559732,2.475551866971359,-0.37932900877816284
216,4.2494205763494515,4.757849300915246,1.447101766963517,4.250672073870301,2.4641567662726205,3.191396249813741,-0.5163327250894998
224,5.032054346560695,5.110633844592858,1.4813526735516358,4.560642992131275,2.510395520539196,4.028831449336419,-0.6396361016876227
232,4.7717472359906,5.033569266780828,1.5138910939918742,4.353424890952118,2.3083150476033314,3.662346517378844,-0.6379235780108916
240,3.848684733204635,4.485554434833136,1.2775596717880209,3.5348276779664087,1.8493525765744263,2.729008707699895,-0.6105228180078135
248,3.321220466476163,4.113931821282431,1.3049603992293028,2.7607566569379016,1.5496569436825356,2.0936539697072556,-0.3604910340149518
256,2.9495978424394558,3.9735030346220137,1.7056962791671104,2.485036648576415,1.892166261595709,1.619278586721658,0.009419004900729624
264,2.1823770259449495,3.658394484438447,2.0019668317758126,2.113414034105886,2.5669094926597165,0.9342599623011385,0.23718766780377348
272,1.5658602917819842,3.336435742046532,2.4146905135848016,1.4917596783223652,3.3392680203657084,0.40337054740641126,0.3844666492480499
280,1.300415561247019,3.231970408094688,2.9541426664404042,1.2502906306346935,4.027711650011715,0.4872853632340635,0.8725424190418901
288,1.2421890211142137,3.166893605478921,2.8565275705041824,1.2451530132453332,4.176703235525406,0.5900381701978075,1.03694691301694
296,1.1257358777486233,3.0418777467801474,2.47805470274894,1.173226030930834,3.9403718692469,0.3451440058018865,0.43926811148921097
304,1.1839624222965877,3.1377803615355426,2.455791674009529,1.1680884028715055,3.681777320066352,0.33144360041318355,0.03168212212728309
312,1.0709343509357643,2.932274738593772,2.270836616654909,1.1989142569551436,3.2074019437034926,0.2834922910118723,-0.137859984270075
320,-0.002832268767151128,1.6170390925431182,1.3220858539950815,0.5772599168086435,2.0257448738923785,-0.47345319577799666,-0.7989029788252071
328,-1.2906672092683522,0.2589896954277641,0.2705823426884013,-0.35436540525070553,0.9125897132872064,-1.2303987710550077,-1.542148114863964
336,-1.8112813207654317,0.015808120568027023,0.1986554013980872,-0.6523485025081424,0.7721608513851225,-1.2852002570276477,-1.3760310569238574
344,-1.7599049423027933,0.6323248254805662,0.6747433089802408,-0.647210828089646,1.2824997444763595,-1.2098481990290846,-1.167100413487508
352,-1.953422660904902,0.7881665708247749,0.7278322480965658,-0.7362632467734282,1.6986484756624256,-1.5112564049003137,-1.2767033983103346
360,-2.448348718568867,0.49874621539147573,0.8973743116300898,-0.727700517090977,2.1695988092709473,-1.6602479455265566,-1.0146838028801135
368,-2.5613766686967856,0.8412555136203993,1.4830652380685863,-0.8287407707596325,2.960795251583611,-1.4119286524646653,-0.34507808324165345
376,-2.674404791199867,0.9217452294806134,1.5001907671562056,-1.279140461331759,3.1680134143910292,-1.6157217127291337,-0.26458841686801227
384,-2.909023646863155,0.5210093052072519,1.0275279117106038,-1.6850140377638576,2.911131426967957,-2.1757243697275923,-0.5677091681238366
392,-2.8781978426340196,0.4593576391679498,0.940188000330672,-1.4795084173975959,2.780977909855637,-2.4600070921345085,-0.5899722588594366
400,-2.623028351844829,0.5552602802303331,1.1508312145387802,-1.275715384727869,2.5857475649243518,-2.3726672861664952,-0.44098072356817697
408,-2.2531183570807363,0.7590532930318445,1.2244707299122222,-1.1883755266977734,2.510395518699547,-2.0763967098263145,-0.44269326288192945
416,-1.6109134145540949,0.911469938040685,1.31866078585358,-0.9554692136596069,2.447031308931333,-1.393090674206119,-0.3125397656378244
424,-1.008097086515691,1.091287307731333,1.3905877264080335,-0.869841905797196,2.4727194810539124,-0.4888662017407807,-0.22006222767028374
432,-1.0800240176879323,0.9714090741484477,1.4025755275433553,-1.131861458179618,2.3220153670804007,-0.6070318172729143,-0.13272237681482135
440,-1.5646746830991756,0.8207049765478169,1.2963976596127433,-1.4332696320409448,1.7740005629114166,-1.0403060999903244,-0.08819616020631474
448,-1.8489573777273849,0.6682883675961069,0.7689333525959472,-1.5223220299366866,1.0838443177901669,-1.283487695270171,-0.46495633945222875
456,-1.941434928204542,0.5929362801631515,0.20036795487714065,-1.5343098836859859,0.8851889492368996,-1.3725400742175233,-0.8365789509793184
464,-1.8249817395835748,0.9508585146321414,0.342509295752472,-1.366480338678174,1.2037225563401062,-1.1790224420789412,-0.6447737702192404
472,-1.379719686452989,1.5314117458641014,0.8751112665177984,-1.1849503936166437,1.7757130724228458,-0.9238529807241437,-0.4118674562612488
480,-1.1553760609692991,1.8345325134928074,1.0943171993704606,-1.1044607274269675,2.419630547824465,-0.9718042483654117,-0.14813525418610324
488,-0.9687085106600944,1.6855409447199263,1.1782319933062837,-0.8441536519941781,2.806666062661895,-1.0043426496732955,0.021406823696687383
496,-0.514883666034834,1.533124248568828,1.3374988056882042,-0.36292811046581785,2.9453823322683212,-0.8673389263712892,0.07792090711600444
504,-0.2562891586143293,1.3584445976322304,1.390587719785296,-0.1488597933468315,2.5103955284496893,-0.6361451474958563,0.29198914181869146
512,-0.5422844335804752,0.9662713750786471,0.9162123472857002,-0.3834786453308201,1.5941831632344814,-0.6173071346518996,0.2543131567870337
520,-0.5251590084330535,0.745352907695322,0.3168210866529378,-0.4571181897707244,0.780723612525581,-0.567643258526058,-0.06764557401509029
528,-0.021670291177284723,1.154651548037728,0.28428271864271093,0.06520850776720369,0.6231693089192297,-0.19088305297315622,0.035107152372004465
536,0.3071386035025855,1.507436070191441,0.34935947784274823,0.40429269885405505,0.74304758058286,-0.04531662280035407,-0.03681976813026984
544,0.07080723869579823,1.051898741073984,-0.11474062952390762,0.2587262892853272,0.5974811023952052,-0.37926317147861055,-0.3741913551477061
552,-0.2083379084497325,0.3069410164188681,-0.6559052926267993,-0.05638227653526081,0.2703847453734022,-0.7834241140389717,-0.6567615634440699
560,-0.2169005947164542,0.17507496937500847,-0.643917507680393,0.08747160898880608,0.29778544761148534,-0.7543108298072675,-0.785202567549626
568,0.2797379227884026,0.8498182363121823,-0.09761515525784328,0.6680248564096823,0.8012741525416025,-0.10183066261997717,-0.4255678094039046
576,0.6958866784418071,1.3670073155409248,0.15926680383462657,1.1424002044419392,1.130083050532842,0.3759698435126438,-0.20293675984299303
584,1.0520962968836598,1.1803397034194958,-0.010275295020168789,1.2023393856211153,0.9451280864484519,0.6688152838282556,-0.35706594140611125
592,1.5350344555429467,1.0655991199717334,-0.008562748899713224,1.7400789515160426,0.79613652061901,0.6088761710840417,-0.5248954932206267
600,2.136138252178091,1.6889660233474295,0.44526209535761785,2.587789459403423,1.027330265460927,0.5797628480357325,-0.1121717764582957
608,2.667027647204605,2.7593075749088443,1.3546242483122968,3.1323792640498325,1.6746728614340594,1.1072271480618614,0.7475265042338053
616,2.774918065118937,3.13778035325712,1.9574406234457282,3.3601479000939936,2.1010969405372943,1.334995842606877,1.115724013953807
624,2.732104443197633,2.791845935192543,1.5943807633089544,3.4200870579096208,1.5547946019121162,0.9154219216784755,0.8708298718176449
632,2.947885274979068,2.433923723719172,0.741532631961369,3.351585180897543,0.6831084582724696,0.9582355754257155,0.2697260889798712
640,2.8108816285744127,1.906459404560688,0.017125463511190046,3.3413100171292935,0.11968067481561952,1.1106522242978194,-0.4581062077683487
648,2.1292880803898524,1.1786271740398506,-0.41272369274782866,2.962837117548115,-0.05671163262040527,0.5540746545732191,-0.7030003587348282
656,1.3243912689295814,0.805292084827269,-0.40587352077562433,2.257267980890282,0.05117879706768342,-0.03332878432014568,-0.38617926279873593
664,1.4545448432550014,0.8566684393744635,-0.48122555025962,2.0072362123504766,-0.19714042479977176,0.254378990959182,0.03510719615566273
672,2.0539360540332607,0.91146995864476,-0.8357226788742925,2.4850366618218915,-0.4642976918890151,0.7955436823926764,-0.06935813246119765
680,3.012962117147298,1.2608294308695014,-0.5428772540117373,3.176905420133869,-0.1406264261882983,1.2716316363339975,0.0368197104501812
688,3.6842802975464743,2.0023620163726443,0.10275278645872724,3.6923819173689907,0.457052299913801,1.5884527626243075,0.5865471573212206
696,3.680855178262715,2.5024255968679845,0.2705823461837355,3.9783771910473824,0.4964408754014675,1.6466792578696634,0.8485667343549463
704,3.845259623671019,2.75245738545997,0.6302171010180873,4.243821897482938,0.8132619707856653,1.626128771203479,1.0112586654687312
712,4.562816606535586,3.341573380591862,1.4967656375704106,4.6531204795084555,1.683235567201068,1.805946158002868,1.6808643488660944
720,5.018353974285684,3.988915924870842,2.202334783058561,5.005905130437636,2.027457403823918,1.9857635059856513,2.3162191054391954
728,4.937864274614386,3.8604749329069725,1.988266440920341,4.558930465143177,1.5633572881788382,2.1450302988672862,2.263130156204798
736,4.223732385830378,2.7524574040404293,1.1028799220622436,3.7574587146497733,0.8081243395989327,2.0268645917206056,1.5695488692490354
744,3.4907625000234,1.9235849290491842,0.23119376333747035,3.505714401829162,0.23099617190935012,1.58845275011469,0.9701575856206539
752,3.3708842500676344,1.4834604416138089,-0.292845462292348,3.671831388022937,-0.2690674014113563,1.050713117440484,0.6190855643320176
760,3.338345867156246,1.325906167993745,-0.5634277960513728,3.740333259883995,-0.29475558843509625,0.7082038657546943,0.37247888987277195
768,3.286969462386618,1.4200962220954536,-0.5497274177055185,3.7968472713730157,0.20702052272764296,0.8006813360231314,0.22862498006533127
776,3.4188355786013,1.7352047857084623,-0.32024619525257747,4.069142175167938,0.8355250784460413,1.139765589842032,0.30568952881089867
784,3.6260536777568437,1.9681111075769464,0.09076494742662534,4.361987596719125,1.2448237014957417,1.323008046990502,0.3741913901859539
792,3.780182881395757,1.911597069229042,0.5086263213147468,4.582906087465999,1.3903901574236381,1.4034976877930152,0.7646520296421261
800,4.470339103889318,2.3808348348252797,1.075479200139911,5.329576313906018,1.797976136667494,1.5935903527868556,1.216764261367654
808,5.10740643620123,3.072703565174585,1.6680202840173806,6.024870213209619,2.3768168937092944,1.648391877024205,1.2749908783978092
816,5.182758438458412,3.004201701407985,1.9300398827589709,5.8878665119834075,2.376816911553895,1.8213590397893076,1.1773756189167441
824,5.083430733485722,2.565789784192473,1.7759106715774955,5.392940511532544,1.7996887125902712,2.210107096883929,1.0249590478618145
832,5.110831465342162,2.6634049505872723,1.3289360918267386,5.151471533015694,1.2842122331997499,2.3522484423583845,0.8006155079218279
840,5.018353939700273,2.8278094662701863,0.9607385565356087,5.142908798550153,0.8612132616065163,2.294021866904307,0.7869151360147467
848,4.504589983986483,2.096552088318953,0.5000635623818681,4.824375145455709,0.22585853777917825,1.824784175813876,0.7167006959574399
856,3.8041585622194374,1.219728275595793,-0.14899154034322007,4.3859632683445575,-0.31188103529038264,1.3778094913870629,0.26287587579951754
864,3.328070567437896,0.906332294712266,-0.5993912647648978,4.034891209159142,-0.4608726125256515,0.7835559011255684,-0.047095019649802665
872,2.9239096292926936,0.8378304096057316,-0.5034886801797551,3.904737728471881,-0.17316477304255506,0.213277873030359,-0.026544462892970872
880,2.494060497501014,0.8224174904744056,-0.0907649643372491,3.754033617809739,0.5769304840101132,-0.10183059657655844,0.14471020434203866
888,2.334793608037778,1.14437625770159,0.42642406264544686,3.5091394817444215,1.3424388625555568,-0.016203313733380763,-0.005993946240498658
896,2.4341213536667237,1.5947760117416259,0.7774960876133824,3.683819181431731,1.7534499837108608,0.2064277120960522,-0.09847140712672386
904,2.8536952177499533,1.9903741810198414,1.013827503562427,4.216421165626498,1.974368493038196,0.44104658689169546,-0.12758470901906319
912,3.5541267200936497,2.593190559096712,1.5567047210641964,4.910002460124823,2.390517259729498,0.9085717785887688,0.2971268250675058
920,4.004526482964003,3.0213271861600517,2.1406830815140228,5.028168196889861,2.548071546043143,1.526801046914468,0.5591463757942431
928,3.7973083297227643,2.7884208527017753,1.7176841224304065,4.733610254237455,1.7431747250166945,1.418910600301603,-0.2114994841904609
936,3.514738170912973,2.170191556597367,0.840860344844553,4.7473105845684564,0.8903265796877718,1.0335876762881122,-1.0318092613251915
944,3.3982850025281492,2.026337690205655,0.6353547614552474,4.752448174914968,0.9793789578992643,0.9822112864196474,-0.9975583391000514
