-240,-3.711727093039161,-3.321128127532891,-2.344541924918054,-3.9090124566330866,-2.1968743968595805,-3.1202267327497135,-2.4120625098482664
-232,-4.129417253081871,-3.6756252733114945,-2.6435525899705214,-4.195692724053166,-2.0165432211680283,-2.9984646525902616,-2.9006518858938644
-224,-3.9198015738310477,-3.8975712929080184,-2.8500857214706063,-3.778002638185127,-2.258526057858243,-2.8659136144906014,-3.204286352621439
-216,-2.7576675052889894,-3.0190349850962814,-2.4246892232607067,-2.583501496146887,-2.454270165356306,-2.318754994066861,-2.4428882204760343
-208,-1.4907256201355374,-1.33440297417279,-1.502996678376554,-1.3566331968348249,-2.466600382519073,-1.3616127653509122,-1.1528270102145834
-200,-0.22686626468586085,-0.08903921583396747,-0.5211937805589951,-0.055782874323363964,-1.9163592688166173,-0.17327678090232052,-0.1741066876321265
-192,1.0169561635671003,0.5428903527812573,0.09378172054122653,1.1140576231173975,-1.2381907700091346,0.9225816759543544,0.3545564595259663
-184,1.0524058404450234,0.630744019921264,-0.16977908666699343,1.2111589980813173,-1.0516945767988504,0.944159813530934,0.15110588736641128
-176,0.6932848832227734,0.40417416636378334,-0.7138551500681637,0.6424222784928789,-0.9653822144127293,0.5203045876235023,-0.24192354678470843
-168,0.9445154714469725,0.39800898062749784,-0.5304414966613314,0.81350567533165,-0.447508210962654,0.8085261434061912,-0.3112816434703836
-160,1.0138736464465279,0.35331143731108033,0.08607521051397593,1.107892403770716,0.5235057216296847,0.7961957487540363,-0.21726287387502569
-152,-0.1328474800237727,-0.14914967539346155,0.3295993441763591,-0.11281074275318333,1.3419316743556249,-0.45995705643525475,-0.5347689539130428
-144,-1.3859177452440448,-0.8566025734520875,0.4066638936025976,-1.4706887268994617,1.7118417423377694,-1.5958892021169016,-0.7166414610150024
-136,-1.814396907930445,-1.34519207350846,0.4174529323402122,-1.609405079713235,1.7657869681461253,-1.825541591007485,-0.7073936609694597
-128,-2.027095152978968,-1.5871749184770974,0.14618551493582588,-1.748121302390201,1.2771974132865926,-2.058276619870438,-0.7844583213265631
-120,-2.6004557123232597,-1.9771216818601147,-0.6768642442667074,-2.578877579732839,0.1443479012857139,-2.5268293814781377,-1.0803863343201643
-112,-2.808530120596162,-2.086553452138462,-1.5661896504207045,-2.8331907955117726,-1.346081342821957,-2.785766391647167,-1.4179291614164145
-104,-2.0687100677472405,-1.4654128151380608,-1.9530538167135834,-1.957737011277778,-2.5051327265225924,-2.1908277311513564,-1.4225530677307878
-96,-0.7493642214717514,-0.6839778957012881,-1.691034302503889,-0.7092906283644529,-2.9490247503177733,-0.8021238482915435,-0.967871955858591
-88,0.5006235100711002,0.34406368064447385,-1.2533073341426175,0.5329905772565774,-2.848840774124504,0.6112408036732263,-0.5101083821656863
-80,1.4115268900544728,1.1825264938430402,-0.8279107481814347,1.4315637208712397,-2.3772055823196707,1.5961262374861618,-0.2773732297886643
-72,1.7321156420195711,1.3643989521023037,-0.42100984095635585,1.5810689862594631,-1.768395227716009,1.9922382397529408,-0.2188042778044177
-64,1.7983912041999843,1.2272240502393656,-0.21910055848395704,1.4978392224535975,-0.9391803230103261,2.0477247525993576,-0.08471176557433903
-56,1.614977402443815,0.9528740206781104,-0.040310675625362946,1.462389531502356,0.24144929396545772,1.7302186243809194,-0.08471179487995618
-48,1.5209586790420562,0.9698282494567906,0.6193622101766939,1.5471605098272998,1.8274385211941535,1.4604925715006314,0.2728679613998301
-40,1.681253039957876,1.4753719574302182,1.8647258824199184,1.7829781339591382,3.3918497245917973,1.6192456357754192,1.4904884583483904
-32,1.655051013286043,1.9593376129292528,3.1779065997491034,1.419233399731481,4.365946226293205,1.7826225250704677,3.0841842706068463
-24,0.7009913843093266,1.4507113529003082,3.256512397470382,0.3295400926827365,3.9929536195010202,1.1445276985311104,3.461800778911919
-16,-0.64455640866843,-0.08749793111386506,1.7429640088899014,-0.8033094468025057,2.175770525443249,-0.41988338698179345,2.0299406417605717
-8,-1.3874590687071668,-1.5933401204390916,-0.05418235118954588,-1.2379537687342395,0.059576818321505826,-1.7762203028059411,0.0601696708199813
0,-1.5693314653749655,-2.094259837327095,-0.8109566621227647,-1.4737714397219515,-1.0624836201723824,-1.8532848957766832,-0.9709545474849708
8,-1.4028719824667166,-1.6704046827796675,-0.7354333237386665,-1.5184688279007241,-1.4971279354813771,-1.2321442539747955,-1.1620747438671752
16,-0.6291434813322673,-0.8180702873975292,-0.6814881401502675,-0.6815473555499669,-1.8839921469744456,-0.3212407236552645,-1.1451205515135556
24,0.6208442344815811,0.008062095882800907,-1.079141440879331,0.6948262296808069,-2.3479209842208113,0.7715351273361436,-1.3100387924183634
32,0.9013592512625411,-0.14606699618136776,-1.7958421111679996,0.942974244325589,-2.836510543550691,0.9256642856276954,-1.5396912659144297
40,0.1769521270743294,-0.5437202964137253,-2.003916581363505,0.26172321382750796,-2.961355166328259,-0.014523809842574259,-1.2191025021939703
48,0.31104450469725153,0.14369575094081405,-1.1931969312075368,0.2956315905874613,-2.207663369369812,0.21512886366018913,-0.3914288419752547
56,0.6871197895425514,-0.2647465069006142,-1.4213081526004865,0.7133216559250128,-2.173755015955012,1.0273895635946184,-0.9462939242458237
64,-1.6279005820998265,-4.057865741243984,-3.7671543603715216,-1.4336977590098343,-3.890754055174499,-1.1196299284951297,-3.4539756953652607
72,-5.9250222267821835,-8.467501701471898,-6.367313595670157,-5.552029586067566,-5.7572584379305205,-5.44295355133776,-5.778243756950156
80,-8.32635488050998,-9.870077147971617,-7.285923516145377,-7.7360401015123745,-6.378399092150041,-7.536027777551583,-6.644449814154298
88,-7.819269853543777,-9.24277134460644,-6.895976743159388,-7.01779810080671,-5.869772741389582,-6.880978817766546,-6.595128418664393
96,-6.003628115400546,-7.903388747961348,-5.689145268060458,-5.228358285855024,-4.516518621668856,-5.136236503083481,-5.759748296929986
104,-4.1217107715323955,-5.850388039374708,-3.776402147833863,-3.6223322188497615,-2.8827491507188876,-2.998464686366227,-4.075116291139115
112,-2.8239430429652717,-3.9145253970136484,-2.010081700541269,-2.484858764440587,-1.8577901845431728,-1.40939273489082,-2.509163804180348
120,-1.9546544702962418,-2.777052200560131,-1.3504087253322452,-1.723460641898152,-1.9595155096971066,-0.6387469265450781,-1.780132821858184
128,-1.1593478315852133,-2.2237283891019146,-1.302628724168763,-1.1054026286444087,-2.272397633419078,0.04250406222975151,-1.601342987842285
136,0.032070692004555826,-1.3390270141009086,-0.8880211771107641,-0.012626725167800204,-2.0042129323141182,0.8732603529834342,-1.3747729559675743
144,1.3945727180657739,0.1760629077179309,0.294149640476347,1.4639307880758208,-1.0131623832970609,1.9783665559103354,-0.2635016610161363
152,2.353256208818947,1.9146401499135373,1.639697415241574,2.4426511043666768,0.0842375197089634,3.1189225921773507,1.5906724247731212
160,2.789441753217043,2.779304835805272,2.2115166544341127,2.673844895365401,0.5342947597050263,3.5412366025722943,2.587888261682203
168,2.823350224682154,2.6791208592808653,1.8970930810858555,2.8572586037409597,0.44952370919223533,3.68457661268548,2.285794996724934
176,3.011387798807813,2.603597584806191,1.5795869339926125,3.2549119158942483,0.8548834760729068,3.9650917763256626,1.8588571636276887
184,3.4290779085177117,3.1815820587432806,2.0604699942227604,3.7619969269658777,1.762704360625173,3.914229183370232,2.0068211999268106
192,4.020933937816281,4.036998968265761,2.8912263917680985,4.333816196788581,2.595001941066012,3.8340819755935267,2.6325856937366163
200,4.145778602813807,4.300559906438631,3.529321143470513,4.412422088387177,3.1714450592541286,4.054486674376024,3.158166200922342
208,3.5215554164069824,3.9907601855949957,3.9315982834587233,3.5030599032202354,3.6569519574188765,3.817127805094943,3.3662405944596525
216,2.8218089258887313,4.097109354312857,4.481839493522023,2.6260649137389955,4.669580719015028,3.051105712494279,4.008959295193101
224,2.4950550433216447,4.681258988323119,5.323384874008406,2.2453657604944994,5.643677176178519,2.4222586035473728,4.830467880275261
232,1.9155293533753641,4.619607239904312,5.520670245364946,1.6180600281581923,5.414024638441892,1.4250428952849827,4.967642833133284
240,0.8951941560922017,3.6516760062267135,4.526536998757694,0.6424223584624437,4.154789248580098,0.15964227978490333,3.99354637298956
248,-0.038828658936624905,2.488000693197689,2.7895010553555104,-0.22378373102754595,2.5965431454854135,-0.5832603815783799,2.8468252834410235
256,-0.6137304991929449,1.598675380093165,1.4177513304110776,-0.9050346981129075,0.879544136399387,-0.9269684556712456,1.7725448972712727
264,-0.6800061067391153,1.1486180970493036,0.6209034944000921,-0.9975122487188404,-0.4752513824492439,-0.849903872137905,0.875513060894023
272,0.1846586366048737,1.4830784048725907,0.12460754905373632,0.08909848624060267,-0.8174181168532775,0.1488531938602788,0.48248364826680246
280,1.8446298956425264,2.6822035027301725,0.6609771181566597,1.574903856485317,-0.0960936043252293,1.7764574166546516,0.8323568445176649
288,3.1485628150785563,4.047788028361707,1.988029286704766,2.7231662971469075,1.3527207094507336,2.9971605832123354,1.7864165180322957
296,3.6356110631973806,4.76757132935091,3.2765493046333134,3.256453183726369,2.6797729308151785,3.6136772524724656,2.8036691043175686
304,3.817483500926156,4.897039908941231,3.967048079380367,3.4398670005492686,3.6430803383135375,3.8125039062311505,3.500333010163317
312,3.590913531967459,4.730580263610325,4.127342412149549,3.1254434177636092,4.147082737559435,3.6183011064672064,3.8949036666152317
320,2.82643276796254,4.1787977931654865,3.7774691710296344,2.368669144745567,3.928219383598393,2.6688654061566046,3.80705009997528
328,2.203750894588028,3.6578412060363177,3.2919622390889214,1.8954925385805266,3.347152320352884,1.976825341391258,3.611305981549698
336,1.9001164677624518,3.3187570056408395,3.2857970750421024,1.511710873348081,2.8446911793361367,1.6439062116619871,3.7238202816973884
344,1.4315636987041709,3.0197464200612316,3.5169907741503335,0.7564778719702335,2.5718825616515604,1.164564608508705,3.8640778501892195
352,0.944515469956857,2.4479270810309135,3.5000365140792145,0.2956315833024488,2.3067803748525106,0.8455171427538252,3.996628980179374
360,0.26326447869850045,1.3412795764959267,2.926675996458174,-0.13901272174130136,1.5438408084786854,0.4725244766881324,3.246019860611767
368,-1.0083012182297362,-0.22775548867817647,1.752211698004578,-1.3057705835144742,0.205999582814865,-0.9454639855613061,1.7833339124981662
376,-2.3523076690351346,-1.4839083498296064,0.5607931277245028,-2.745337112973899,-1.0455294192092024,-2.2540207755489226,0.8570175399446589
384,-2.9349159880262663,-1.6549916955077237,-0.043393272549932936,-3.2817066733016937,-1.635844148058666,-2.4913797151965964,0.639695361428536
392,-2.2598302017101366,-1.1648609489775625,-0.057264893807661664,-2.6235750732131495,-1.6944132351467753,-1.6267149859259271,0.8184852166371979
400,-0.8541720596070473,-0.2570400862803319,0.2509934798965599,-1.2179169004798953,-1.133382991147347,-0.2796259333944725,1.2022668884923822
408,0.4143110986767168,0.9513327296664071,1.126447193101685,0.17232830071041744,0.14434791022641036,1.112160585629634,1.9636650494466987
416,1.308260379024805,1.7959606938318826,2.0065248684177543,0.9845891544579437,1.3958768652290368,1.930586574780635,2.709650332404252
424,1.191122118090717,1.555519106264554,2.20843408350379,0.9121483159752989,1.9738612716141921,1.358767237240433,2.635668319304528
432,0.27867740884932696,0.7617538166797583,1.8385240084022032,0.11221789429839824,2.0447606675899954,0.3137714301291697,2.2071891791354386
440,-0.7401164550366052,-0.18922325113517519,1.2466679792692017,-0.8510894926694721,1.7087591281940804,-0.5293152181893334,1.5552226833234992
448,-1.5770379409639752,-1.1448241679777953,0.43594840957950315,-1.7450387829516691,0.853342145324772,-1.4155579954640474,0.6736037466324811
456,-2.51106078513285,-2.222187132031744,-0.7739656334695143,-2.7021810020646484,-0.6185915693895426,-2.250938162729781,-0.24808865520052412
464,-3.3479822748682952,-3.1885770950625587,-1.8513286766651862,-3.4604965745383853,-1.9348547917528018,-3.0061711419214543,-0.8892661505211619
472,-4.0831784177603385,-3.9237733005394793,-2.101017886788673,-4.117086840401855,-2.460435313674119,-3.886248725678166,-1.122001177894
480,-4.708942916371631,-4.3368395488040585,-2.017788131426798,-4.593345998125707,-2.3448384823325354,-4.6476469997157395,-0.7998711801173853
488,-5.031073011171362,-4.474014506629136,-1.8883196202162515,-4.950925683542193,-2.0489103797663986,-4.69234444816143,-0.48390635102350554
496,-5.072687732721242,-4.244361974025129,-1.2748854546656474,-5.003329690029986,-1.6003944147219,-4.182176842648758,-0.3297771798176134
504,-4.497785955546505,-3.6725427426143065,-0.6599100206206496,-4.786007513169549,-1.010079690011648,-3.5548710195809323,0.19888587313202727
512,-3.8828105410385856,-3.170081654910601,-0.3177432093928512,-4.2111056681117445,-0.7881336667726182,-3.0601164174003475,0.4917313297653299
520,-3.2847892294773184,-2.8155844732036446,-0.4749550391147793,-3.4327533407980564,-0.9222260905891405,-2.7271973414808244,0.10178448045228229
528,-2.794658452648128,-2.612133956675091,-0.7940024383111385,-2.8008236246613363,-1.1873282782160315,-2.311048501258731,-0.1355744106838337
536,-2.4386200281098858,-2.3131232934438777,-0.6629926153928295,-2.746878465245932,-0.7511426665971414,-2.0027901701056043,0.057087054027196674
544,-2.173517886179889,-1.696606601666436,-0.12508174683421172,-2.360014198784136,0.028751058685473927,-2.099891496557965,0.5795849568377694
552,-2.102618471494852,-1.268127539480089,0.23712181890240056,-1.9423240624177152,0.27381642623844316,-2.329544048036775,0.8816782140133225
560,-2.4709871777675594,-1.6395788396971347,-0.014108735545832602,-2.293738649518063,-0.19781881672704318,-2.647050171122591,0.6211998979314269
568,-3.3371932472237664,-2.524280336722095,-0.7046074871133023,-3.2986609398299813,-0.7372710133847008,-3.217328074599943,0.2405008365774256
576,-4.446923298019375,-3.274889473343251,-1.364280375895592,-4.320537307425441,-1.327585835945912,-4.225333022931193,-0.15098730060152457
584,-5.186743404678047,-4.1318477407670935,-1.8929434945759103,-4.920099909336138,-1.757606164805399,-5.073043471434688,-0.5378515846135774
592,-5.67070906464743,-4.814639977174691,-2.2274037873324684,-5.340872609182299,-1.9656805972512965,-5.550843966694978,-1.3069562289386223
600,-5.632176715180154,-4.899411073218808,-2.3738264768233166,-5.391735198329655,-1.9117353676348665,-5.546220048625245,-1.749306886057314
608,-5.268431928632863,-4.511005457796348,-2.241275448657764,-5.16978919479327,-1.9718458114653563,-5.268787612377578,-1.6244622447360781
616,-4.90006308642845,-3.8097177481231004,-1.8852370060725596,-4.816833357079924,-1.9610567356404078,-4.622986326474919,-1.1173773109849192
624,-4.164866828631898,-2.814043159840198,-1.1916557690080924,-4.189527543283935,-1.5449079586654648,-3.545623280961289,-0.18181307845008685
632,-3.232385309747397,-1.833781652540987,-0.5520195759578139,-3.320238921937778,-1.2443560405164698,-2.6917476200649877,0.4670707138111959
640,-2.568088617303178,-1.1602370439877367,0.03521252384679955,-2.797741058035794,-0.9900429250720216,-2.038239908243855,0.8647239789430404
648,-2.2921973442483665,-0.46511439554329553,0.4513613836059712,-2.702180946102509,-0.4721687865180846,-1.3277043258405137,1.3224877102571175
656,-1.953113140375951,-0.1568561741620556,0.7442067879196413,-2.3014451163319447,-0.05293752371500683,-0.8468212399472536,1.612250532050673
664,-1.5431295161891692,0.10670478603141935,0.9646115772680843,-1.7512039226599232,0.3662939061466449,-0.7882521593163151,1.6045440329509406
672,-1.2579905752124436,0.23309067018393778,0.8875469200567813,-1.6078637575746602,0.726956184514058,-0.9516291274219497,1.2485056261285252
680,-1.3026880087569739,-0.09828701554837391,0.3665903549482178,-1.6171114819554178,0.7284974218815824,-1.1828229319972872,0.6689798747563467
688,-1.2857337715343022,-0.5560506708665284,-0.40713815612034004,-1.4691475416860011,0.7392865758548439,-1.3708604731748253,0.1033258077234797
696,-1.3612570378961213,-1.1417415011833365,-0.8633605563551454,-1.5785792366307005,0.5743682938890584,-1.299961083159488,-0.235758382406755
704,-1.8621768152166116,-1.483908377479539,-0.7585527286506625,-2.1118661909276604,0.4017436495830874,-1.4078515690488684,-0.1340330269537939
712,-2.54805182785942,-1.4546238174614237,-0.13124687048232528,-2.7684565572911857,0.47418435395528113,-1.8008809348202157,0.34068474488762734
720,-2.760750088636946,-1.3082011266460278,0.3850858565260713,-3.1722750184245614,0.5142579613205718,-1.5188245174212338,0.8493110037575928
728,-2.477152414002225,-0.8966761198881852,0.49451766223606924,-3.0628432549345197,0.21678859638607437,-0.8483625986764575,1.0512203034491114
736,-1.8883788534782373,-0.2493336262547568,0.6794725208901448,-2.48640002763679,-0.2856724767476062,-0.701939889317394,1.1560281515185147
744,-0.8048507089861947,0.7740842288821674,1.0062264008081365,-1.4907255673383035,-0.4721687663187326,-0.515443592130119,1.518231693909973
752,0.3264574346825098,1.8622361606448632,1.6905599851829882,-0.5181704069814113,0.09348535220592467,0.4093315038161398,2.0638489875592225
760,0.952221969056588,2.3030456565575217,2.3579393750518296,0.14150242368634952,0.8934157252056987,1.4497035147160549,2.4353003594674094
768,0.9984606722544913,2.122714511164998,2.4612059610840085,0.29100776225583164,1.6316944827381368,1.5637591221011604,2.364400978392771
776,1.3036365439048692,2.258348100823471,2.216140521177623,0.6408810331780687,2.0971646552029832,1.5483461985730713,2.1763633728091034
784,2.012630766420028,2.535780742376025,2.236177334794376,1.5117109245087321,2.1896421337866374,1.9644950522062101,2.108546515312206
792,2.1313101673673875,2.258348211588769,1.8092395579904068,1.753693713846369,1.7041352227075492,1.9490820286747752,1.641535015741729
800,0.9491393512703928,0.9852411360631129,0.5916188964667993,0.5638164143786467,0.6452677463237038,0.9071687641816261,0.6551082677375051
808,-0.41952778254436607,-0.36801309111154024,-0.7801307069503856,-0.7570706839999585,-0.6139675824433309,-0.33357111930082944,-0.40838301379838576
816,-1.0237142318270656,-1.3436509010437718,-2.042448776355412,-1.484560436570746,-1.9564327933976788,-0.8807296988291622,-1.253010946671423
824,-1.0946135726685708,-1.6457439443048747,-2.642011353099703,-1.604781203366753,-2.8781254326558523,-0.9115555177387014,-1.6136732460660304
832,-0.9605212188875064,-1.596422653785372,-2.517166663598046,-1.358174506555765,-2.9659790251244855,-0.6664902384337199,-1.6891965985234476
840,-0.9882644736550297,-1.5286058110240683,-2.3537897194998387,-1.2456601870365631,-2.6453902115679186,-0.9839962108522397,-1.9065186876326032
848,-0.9543560003686662,-1.531688366887661,-2.568029252745403,-0.9882645125827219,-2.3833706524891727,-1.5373200658549615,-2.3411629236343074
856,-0.36404126092282135,-1.32669656613571,-2.4663040934910643,-0.512005342937942,-2.0196258470670783,-0.9593355281740173,-2.3149609605407613
864,0.25709933601001406,-0.984529837857709,-2.0100816982233116,-0.08044354375610993,-1.5418253557804305,0.08566013803848875,-1.6522055430481066
872,-0.0619481102077876,-1.0477228138755021,-1.4475102213267077,-0.13593010859102247,-1.091768132506782,-0.1840657900031812,-1.2191025821635353
880,-0.33475668186433266,-0.8982174243109345,-0.7554701333817765,-0.21607730146656673,-0.5538573204070072,-0.7003986408567839,-0.8276144224672746
888,0.2740535781997388,-0.17843418971468256,0.08915782382982411,0.320292311677566,0.22757762518958152,-0.09158834171855558,0.0031418052048261796
896,1.3637468984939605,0.8434423446082151,1.001602477936918,1.3606642700922789,0.8826266856402417,1.027389589754435,0.9263756394449975
904,2.1975857669662715,1.77129994343616,1.7136794033404603,2.2361180541607037,1.2386651105096198,1.821154831821084,1.5197730393937008
912,2.6907991261500075,2.201320382067536,1.8585607759909246,2.641477752496035,1.2324999502708769,2.1833584129555628,1.4504147814443489
920,2.855717409605908,2.172035852845153,1.5364308277192786,2.499678944318722,0.9088286243952238,2.1926061696221693,1.0543029354741944
928,2.4226142682517184,1.5601430144001787,0.7056745790199848,1.9910526203803525,0.32776169923380977,1.7641271311121118,0.2636201550626857
936,1.647344514848586,0.7463409817307937,-0.19906375827824926,1.3236732397833435,-0.2902964125331648,1.0166004763454455,-0.5532644689019415
944,1.2111589517412538,0.25466887514687975,-0.9450489837835486,0.8844050954804459,-0.9915841430680364,0.6975531284753074,-1.254552245630413
