-240,-0.34270689147546646,-0.898955157693521,-0.32992866224939166,-0.7234850728429733,0.5003928964619739,-3.9425455468077932,-0.12534524830799396
-232,-1.5997160229644427,-1.4247069314674088,-0.4275438045447819,-1.8297900197158956,0.08424409812869997,-6.321272548348249,-0.5380689391312663
-224,-0.7948191198896258,-0.5050695466774474,0.28316299475779017,-0.7234850262998392,0.48326743930465027,-2.5673705817882158,0.3319046368640259
-216,0.6043312899265987,0.5447215272320644,0.6667733684196321,0.8537702690827653,0.9764807928222651,1.1557054344745106,0.9552715398717925
-208,1.5017056285004782,1.020809390662629,0.5914213356242677,1.57817743477347,0.9079789491078453,2.0907557312211646,1.2121536196452716
-200,1.2687992641360901,0.8923684351238206,0.44756747603925895,0.9359725110112544,0.591157818218412,0.8474470292202995,1.1282387762228763
-192,0.1316684994206243,0.012119551867614448,-0.10387248696594832,-0.19944582219392132,0.005466957823333554,-1.5312800107688302,0.4843213258404904
-184,-0.5584877475402743,-0.9965703288714084,-0.665587807454501,-0.7868491983552371,-0.5511106218353743,-1.8412509075059051,-0.07054375755226487
-176,-0.46429772508053807,-1.2654401080475906,-0.9087693593186187,-0.7406104466641724,-0.5887866158813149,-0.4044244541571684,-0.3085876738144913
-168,-0.30160575809358764,-1.020545929854299,-0.49604567162275065,-0.2953484010761508,-0.14694964560942747,-0.10301639508997239,-0.186996921153999
-160,-0.4231965869155702,-0.7105750660469503,-0.38473013387276556,-0.3467247902087561,-0.05104705348172197,-1.4199644445042772,-0.6647974035551404
-152,-0.710904339567209,-0.8407285710175829,-0.7751907221866806,-0.940978392427973,-0.6333128720422869,-2.084432437478194,-1.2539133626299024
-144,-0.29989323625650594,-0.4930816228375021,-0.6501748754456282,-0.23027161097000104,-0.7275029467480698,-1.2778231220254421,-1.0655332571859597
-136,0.15221898093579073,-0.04953212318597017,-0.42069364839356377,0.7561551672596654,-0.5408354001181641,-0.5893794881482413,-0.6682224766636959
-128,-0.46772276857073614,-0.5889842471590747,-0.651887432603981,-0.7560233823523448,-0.9638342972055911,-0.5756791340857602,-0.46271684562746734
-120,-0.9660737897001447,-1.0256836256127295,-0.7597777721492427,-2.025020351953599,-1.117963478952674,-0.20748156494507872,-0.4318910128837636
-112,-0.4694352740349368,-0.4177296200284251,-0.3967179672019546,-0.8022621695486455,-0.5562482217480655,-0.12527932835157288,-0.29317479129219104
-104,0.2172958380051827,0.3186653640903074,-0.05763374962414997,0.382820018626403,0.1321954783565186,0.023712184679927358,-0.12020759504546694
-96,0.5769305290036958,0.6765875904648392,0.20609839358221096,0.8023938996344097,0.6339715209003302,1.5273279906281498,-0.1715840114048854
-88,0.3834128339490998,0.746802051494151,0.5605954762056454,0.7064912894781387,0.7589874316611865,1.8458616794117948,-0.07739395656731729
-80,-0.4574475540281588,0.3631916086614869,0.4578427282946514,-0.5145543482780793,0.1921345544917067,-0.6304806246575239,0.14523708802654084
-72,-0.6715157953535842,0.38374209514370694,0.6496479031678509,-0.7560234522590269,0.20240980435555467,-1.4679158019204426,0.7343531635511188
-64,-0.20227809782438005,0.6508994477766531,0.9613313596387872,0.08483690959520873,0.7572748489317052,-0.22289449529826685,1.0819999917860499
-56,-0.9472357463180058,-0.5307576978280221,-0.06962159233555171,-0.5693559002941377,0.11506996306626996,-0.12014168759866296,-0.061980989421138374
-48,-1.6510924431871254,-1.8014671386759955,-1.3180679847598644,-1.5626328403779344,-1.1008380486542342,-0.17151812088285737,-1.271038792376448
-40,-0.495123555800627,-1.1130234978081264,-0.8830811974980782,-0.6652585025399155,-0.967259446659602,0.285731778638429,-0.9388048198049335
-32,0.39711317973315796,0.24331335300280738,0.13588395794006272,0.5112610517984215,0.007179510566527235,0.19325432952595983,-0.12192012994406008
-24,1.112957671482792,1.64417633543044,1.2644520805403945,1.5918778510161058,1.252200812221649,1.8492866938355301,0.953559061634405
-16,1.9743684099921708,2.4062595812626832,1.9871466684686714,2.4618513961052857,1.6563617492630618,3.332351984419035,1.606039214656393
-8,1.3698395831123036,1.4951847719925426,1.2798650219314798,1.3795220802015395,0.7332992499724302,0.7772326158379105,0.8234055555599822
0,0.26010945219995846,0.27242662270127993,0.6153969929004324,-0.2765102960657529,-0.11612386603159566,-1.6049194865898073,0.059609808494732214
8,1.0906944882128207,0.7022757590920836,1.1171730994640479,0.33658125571347564,0.4267534062917302,0.49637493416171635,0.8936199547770698
16,2.190149372020791,1.8513945057804202,1.4322816932473084,1.7391568230781682,1.0758084902523928,2.9196282496281376,1.5443876247785822
24,2.400792553115208,2.3514580577611928,0.9835944913985725,2.232370146241566,0.9987438819021809,2.8665394076453095,1.1779026146359028
32,3.250215681444885,3.060452279301338,0.8003519974571124,3.085218378769877,1.0518328460377393,3.916330259877054,1.0580244007372674
40,4.801782723760334,4.5966064707364565,1.8313049992859523,4.491219005261788,2.1427249858139916,5.935422533258075,2.152341577932874
48,4.678479341275331,5.358689654388545,3.288682032203175,3.874702166606729,3.276430721020595,4.5859360258746795,3.1028048524956744
56,1.9743684651816547,3.4046740618384916,3.0249498924921494,0.6945034344410852,2.673614354533517,0.9570499844247687,2.251669275730932
64,-1.7435699278048304,-0.7773643399094357,0.5914213128126132,-2.5439219221133107,0.26577405845932117,-1.4182519268983904,-0.08424415282289527
72,-4.920343636900385,-4.872062984256097,-2.200029426278212,-4.734268920494336,-2.1848799592451833,-3.4544698033209422,-2.224927178128549
80,-6.608914486037926,-6.832928754113336,-3.8183858348065516,-6.066630086618329,-3.4042130484894018,-5.475274499197972,-3.588114188034143
88,-6.268117692905274,-6.464731163448757,-4.332149751703738,-5.782347290073535,-3.154181278293912,-5.233805481128656,-4.250869692836563
96,-4.92890632923795,-5.151208072164913,-3.893737866314162,-4.604115265408303,-2.1711796237631633,-3.9699461772995472,-4.0179633409817885
104,-4.14798515150633,-4.339461011283191,-3.2566705884558753,-4.086926353587667,-1.6248772490808538,-4.170314169606479,-3.764506513314766
112,-3.027979782503893,-3.1869173057285356,-2.408960094549831,-2.7922411471081707,-1.4227967621636528,-3.6514124885159003,-2.8140432141006624
120,-0.3290065859797328,-0.8424411649689261,-0.6227741535232953,-0.0007903607383520183,-0.5545357821433182,-0.13897975250470077,-1.1888366017741803
128,2.953945031886654,2.373721119246365,1.8313049886159856,2.713595818201078,1.3275528805222494,3.926605643667386,0.8062800595860535
136,5.053527022231678,4.908289936773571,3.3931473578765963,4.044244356340211,2.872269749393773,4.943858175719791,2.1386411960916867
144,5.819035325903385,6.031720342275538,4.08844128477494,4.472381006399169,3.415147018221764,4.347891972558563,2.7140568721144396
152,6.08276750903014,6.595148207044896,4.538840936162533,4.614522368062541,4.000837902348322,5.163064145365445,3.404213041442127
160,5.885824613195312,6.795516135332025,4.800860552380793,4.667611313801603,4.670443537730833,5.7059413014229206,3.899138968674941
168,5.647780685527258,6.619123835990457,4.941289378409711,4.9484688983443,5.239008984936212,5.596338350265681,4.01559218893788
176,5.610104626909619,6.540346750138719,4.936151730482167,5.071772275310354,5.4085510628190026,6.7351818084575275,3.919689528743142
184,5.485088729946137,6.341691335042319,4.48575198821589,4.412441822460518,4.689281577249707,7.687357669797037,3.2278207306947335
192,5.491938867700858,6.362241862364757,4.266546049108419,3.8729896793550562,4.23031917300008,6.74545713908199,2.8116719838716464
200,5.570716067058974,6.516371083112409,4.3059346183412766,3.5715815159797337,4.458087843997584,5.1065500891729405,3.119930382135189
208,4.950774221154812,5.939242915238862,4.110704351595097,3.4654036598228783,4.495763797755199,4.010520321337359,3.1764444208510225
216,5.032976515513313,5.798814051129199,4.35559848637266,4.581983976872729,4.816010022541227,5.188752332205219,3.4453141602907746
224,6.0587918276545665,6.7664027835851845,5.107406434326203,5.881806754014487,5.650020189979534,8.016166590967861,4.359813994838585
232,5.700869626115303,6.518083574595276,4.8488118825701445,4.640210583232917,5.254422010215316,7.401362341113126,4.2056848077565165
240,3.772542261613174,4.886026829481125,3.5198758250599456,2.115916932969296,3.682304222211029,3.781039172470399,3.13363069572538
248,3.4077698827667215,4.3106111646802345,2.9975491689141314,1.7014808536835315,3.1291517445433734,2.746661121816376,3.001764653648575
256,4.298294011839548,4.800399507085483,3.240730781118753,2.744421601274245,3.5264625410705883,4.8839190552490495,3.3237233678938525
264,4.705880123906098,4.757585829974693,3.072901132354709,3.3643634480982314,3.4254222734205966,6.192304589668003,2.9983395006992306
272,4.382208854894013,4.42877692812019,2.8965089286749173,3.342100298125917,3.3004063738816027,5.572362786811639,2.9161372701765678
280,3.4026322754954332,3.7968473401334557,2.8828085775558754,1.7665575238445328,3.437410081362622,3.130271455557824,3.1096550636524136
288,1.9949190090609412,2.9302987366178894,2.761217724634484,0.24067863028811406,3.612089859786931,0.8594348621815587,3.059991212729771
296,1.7380370689168616,2.5432633154186193,2.728679318359547,1.377809529297995,3.8878098101994585,2.1678203846427904,3.20727021514605
304,2.6628121748524167,2.6871171713243296,2.624213965643277,3.1348822743960048,4.072764860195482,4.349604473791571,3.5412168094476173
312,2.4847073227676564,2.351458059784807,2.1018873389318564,2.23065762532431,3.555575795132041,2.1661077686156522,2.9161373273896674
320,1.5017056605103798,1.7417915351228956,1.5453096647151618,-0.045316653508349805,2.8979579719227484,-0.6082175019120217,2.053013894852013
328,1.2294107850460583,1.5088851937541257,1.4613949180583325,-0.701221850572431,2.4732464174160698,-0.037939364725595164,1.8577835922326684
336,0.8389501542362391,1.3461932672394645,1.6257994144249275,-0.06072952756826218,2.356793259517249,0.30970745578280856,2.1831673865771704
344,0.31662349606681095,0.8666802258403213,1.4391318589647042,0.38281997116344496,2.392756737796952,-0.025951669002190515,2.4246364570764967
352,0.26182202536326177,0.44881887586764363,1.0469586755956568,0.030035446434222866,2.175263346465621,0.5922775936205953,2.438336830087366
360,-0.2211160994464743,-0.006718486179540231,0.7678135963331945,-0.9392658989214941,1.6991754878181444,-0.7657717637583291,1.9451234914709135
368,-0.6835036421122149,-0.0786454585599311,0.8739915069436756,-1.1807349333636896,1.6255359430103102,-3.161624230550564,1.7738688308586423
376,0.05460383790454088,0.8272916610226221,1.4887957087835584,-0.10525571915753545,2.1392998891579222,-2.658135580258039,2.368122424063576
384,1.2191354820163391,1.693840185433259,2.1138751993038936,1.5028254062093005,2.6838896294165986,-0.15096758436217075,2.878461300781932
392,1.738037073699951,2.084300751671379,2.1087374866206874,2.3796492167248804,2.8774073730379417,1.4228626412232488,3.071979032261589
400,0.9074520820226427,1.5739619700629035,1.699438917656683,1.074688730763178,2.723278220909216,0.1983919550097798,2.845922899290084
408,-0.6458276394199215,0.23646312786473137,0.9322181105443893,-1.3622648513823716,1.9046810274237915,-2.7865764953245584,2.246531691455264
416,-1.627116764203096,-0.9811574034852745,0.2865880340167939,-2.009607464096315,1.060395562842644,-4.680653026272656,1.5752134788622214
424,-1.4729875230353324,-1.585686276908274,-0.013107626285874464,-1.269787334018906,0.9285295290442618,-3.723339437164811,1.3251816025189527
432,-0.5927386596473422,-0.9914326825995501,0.17698507881232484,-0.33816201747850577,1.269326304332313,-1.2983737212781779,1.4159465932622486
440,0.33888653639601396,0.1182974328597388,0.8328903708023222,0.48728544382486355,1.7265761959431059,0.19154173134342317,2.0598641041691037
448,0.38341286577503686,0.5618469650730673,1.4990710099736284,0.042023287489939436,2.1016238507764284,-0.9079131692053586,2.7020689950015915
456,-0.436896936562892,0.43511856908415586,1.92892015041166,-0.7183473533530631,2.331105064215086,-2.146084169009019,3.140480909825559
464,-0.7776937545308137,0.15426094701260706,1.7696533137463657,-0.23369675067386944,2.2917165330629734,-1.4079766448406748,3.075404138483834
472,-0.9694988740305615,-0.546170632964299,0.8054896157662982,-0.23712183757979602,1.473119297817505,-1.5723812116658469,2.186592523521565
480,-1.156166426547346,-1.155837157258281,0.03484375559762893,-0.6001816370081358,0.6168460372520538,-2.3344642494337284,1.510136623816443
488,0.3440242308666904,-0.025556420286496524,0.7575383939323039,0.5557872393404656,1.209387147252546,-0.6887070897326277,2.303045682156244
496,2.0120444995159215,1.4934722302872465,2.1275754974410286,1.992613734265281,2.4698212795518524,0.5871399335513655,3.616568841323155
504,1.8270895050773155,1.8548195459592494,2.5608497753753494,1.9686380420357759,2.904808105446279,0.4604114514668561,4.214247518674543
512,1.2653742469528797,1.599650112935054,2.214915388952745,1.5798899847571892,2.704440242098777,0.6282410925043734,3.8083740303616556
520,1.128370521811225,1.2057644465455302,1.7011514157622856,1.3555463920192614,2.5023597722903155,-0.18693106153808287,3.090817057983092
528,0.9262900641444514,0.9745706770523095,1.3500794242759715,0.8434949986148425,2.2934290484612827,-1.0466294257502724,2.4434744688166625
536,0.621456695941665,0.8940809746215372,1.1240233163237008,0.22184061891587717,2.0759357095599635,0.10077684619601097,2.2276936432900367
544,0.36457477492994056,0.6474742834214811,1.1702620864112605,0.13963839004889975,1.5570341300180384,0.3782092100902619,2.323596239097041
552,0.24640911708586824,0.41628056286293785,1.2918528780723229,0.7938311212012457,1.0980716492389908,-1.577518655392293,2.5993162169203465
560,0.3628622690978102,0.37346684895915766,1.3980306919172394,1.0661260518550535,0.9062664383086608,-1.7984372785939344,2.809959406845081
568,0.08714224454740714,0.2518760705435719,1.1599867901882441,0.1893023022318727,0.3873648541676127,-0.4797764619333,2.7825586508892317
576,-0.3461319932825539,-0.15571002882939772,0.8397405587794773,-0.5779186382550116,0.061981010520503615,-1.0877305028388755,2.3133209368031817
584,-0.13377618825050708,-0.14885983790880347,0.9048173538526806,-0.12751885864384846,0.30345004036357504,-1.9662668342717133,2.160904349007441
592,0.8303874928047853,0.4625192562371124,1.2850026689391982,1.0524256994482575,0.7846756575015309,-0.1543926607820949,2.6455549943665035
600,1.2962000513659808,0.9505950915224758,1.3312414265171413,1.4360360594966928,1.1066343691713,0.7857953865445465,2.724332141662538
608,0.6420073937996159,0.42655579856148523,0.7917892780766983,0.6619650783885805,0.8172139890866971,-1.4610656503683481,1.8954595868305038
616,0.27552239138346424,-0.08207048346966811,0.4629803114665315,0.25951669464225663,0.5757449237383896,-2.019355673127138,1.306343607703562
624,1.1591963757108983,0.14056058154429923,0.6308098544507286,1.0438629603835932,0.9679180679229028,0.44499860426582627,1.6591282413400363
632,1.6061709966698037,0.27585164374775345,0.7335626790751081,1.4120603967015788,1.21281226561648,0.9313617628156174,1.8868968832710757
640,0.6283069223674954,-0.14029710270740386,0.8585785802697863,0.4461842120217346,1.0723833991152725,-1.4850413039652144,2.0016374497940626
648,0.2686722181235052,0.00013172792063836033,1.471670227894756,-0.12923135031067706,1.3104273633923522,-1.8258379942614589,2.679805928549365
656,0.9793789841284212,0.306677532784733,1.5641477459940816,0.5900381562306221,0.9696306620582105,0.5169254725220541,2.948675669644802
664,0.9554033128709197,-0.17968566219011903,0.629097312929397,0.8023939268612232,-0.23428954135233876,0.7446942391813309,2.191730142014715
672,0.08029204829182933,-0.6883119258247774,0.000592804122061815,-0.6018941853361697,-0.7001021455368426,-2.1152583311142963,1.4638978831632752
680,-0.11493825763888492,-0.29100115726023534,0.5828585726441595,-1.2646496303499815,0.005466941818382559,-2.5879210572325393,1.8920344905423643
688,0.9725288610908948,0.8478422473978111,1.8090418472900232,0.22355313762555404,1.3840668502512263,0.25490603732530664,3.1593188821972253
696,2.039445264853983,1.606500390687107,2.773205536991668,1.941237294174385,2.2197895124837648,1.3680611359342894,4.171433851313897
704,1.989781301528753,1.3170799533894035,2.5402991935992842,2.2272325332673644,1.7659647267272904,0.5837148253055043,3.6782205349571995
712,1.2636617229082188,0.3580539392100441,1.0949099706477021,1.275056737971272,0.503818005811625,-0.1372672496160097,2.1078153710745102
720,0.3971132012570571,-0.4879439660796412,-0.08160940322101642,-0.4152266250928582,-0.16236258424103864,-1.846388547522956,0.8970449412381323
728,0.6933837433797571,-0.26188784193845444,0.3122762418285731,-0.6601207856255153,0.4421663486026405,-2.880766644536147,0.9381461104931773
736,2.443606209621923,1.2502906572671586,1.790203910055663,1.504537926022766,1.9663326583257879,-0.43011260107654786,2.1369286164896093
744,3.916396235072489,2.844671397481435,2.8622579680011024,3.5150674888536924,3.127439165493192,3.119996134499539,3.224395633118841
752,3.98318548391574,3.382411006240197,3.36745920065518,3.4397154350863235,3.4476854197136126,3.871804054490408,3.7638477545164366
760,3.299879418309258,3.325896992727562,3.7938832210735938,2.502952456453077,3.468235949427597,2.1215816035173325,4.306725050755206
768,2.702200678041858,3.0381891769759455,3.778470354740209,1.7460069886115994,3.507624504495153,-0.2554329497720218,4.471129520998778
776,2.162748617904592,2.3942716760031972,3.1037270018914023,1.0832514939272508,2.8962454326089966,-1.4525028301751393,3.8357747590906937
784,2.0925341458373823,1.8976332109283518,2.4700848330148375,1.0952393434453553,2.2232146656170753,0.20524207675955108,3.3545492208737016
792,2.0702710201484416,1.5294357560299063,1.8295924110375235,1.2014171839651904,1.8635799041599848,2.7586489176167146,2.8442103827879843
800,1.7911260223824523,1.0516352487934961,0.8688538466904805,0.8606205477546424,1.5518963781502966,2.5617060171827624,1.811544836494374
808,1.6044584608513859,0.7176887240306831,0.7181498272749547,0.5677750930897641,1.5501838984411898,0.1675660104153839,1.5169868504262376
816,1.3167506382930654,0.8170163693987293,1.6497750538564924,0.41707093680431406,2.111899151046673,-1.2024711508583366,2.350996998548223
824,0.6694080511502508,0.9488824742075838,2.278279614541945,-0.0025029414442188586,2.5811368886802377,-1.246997339504171,2.8185221624665897
832,0.4981534477510795,1.0978740341501472,2.38959515082021,-0.27479781175752194,2.62395055475313,-0.9901153493216234,2.8476354347405723
840,1.0393180514332911,1.5345733907119727,2.77149298369658,-0.23883430735479633,2.5554486519859614,-0.9575770155288784,3.260359136233811
848,1.4160783601905318,1.8616697390874226,3.021524797675729,0.014622543859742869,2.6359383141284076,-0.05335249688833647,3.8117990611582724
856,2.041157796441207,2.053474972093547,3.216755122922763,1.192854488316255,3.2473174485626486,2.4589532096671243,4.251923575636499
864,2.4470313463823525,2.15965281886819,3.3640341266267995,2.1672934052540604,3.4630983296466895,3.7861767749586015,4.368376725992755
872,1.7620126757866308,1.680139783723855,3.03008747272059,1.0370127611845765,2.778079738155898,1.5393158015136132,3.6028684633452324
880,1.207147656229713,1.1543880625639433,2.757792631105819,-0.4049513621674982,2.1598503771118622,-1.1613699981601373,2.929837650546038
888,1.9092917173874457,1.6698645049775092,3.0129620678093136,0.30233029743120565,2.4407080357924364,-0.8205731993245712,3.248371345216562
896,3.1765760980044093,2.7521939071608177,3.2852569519199872,2.422462880406228,2.903095580113861,2.023966438594254,3.917976948773136
904,4.210954167974754,3.654705912610632,3.7596323341697264,4.138434421295851,3.483648862488079,4.582510799155389,4.553331701115043
912,3.858169667160976,3.7060823378003676,3.9805507796612214,3.789074955693848,3.990562605757377,4.337616754704617,4.7211612606560855
920,2.1695987821502674,2.5398380866757146,3.3469086045298475,1.2288179640204477,3.6977171832863633,2.1780956278839008,4.104644521342101
928,0.6214567759664196,1.1509629456717292,2.2765670651101213,-0.9666666300420749,2.9904354918617235,0.38505950366329983,3.1832945317468635
936,0.3423116816188306,0.24160078940568164,1.4494070983425507,-1.0591440911122643,2.3448054122067243,-0.5225901833796436,2.5273892644081695
944,1.0084923112239592,0.25016352552690624,1.1685494578745066,0.2167029540635583,1.9132437431249067,-0.2913964114948782,2.4486121152724856
