-240,-0.7489756341645065,-1.0493957740303341,-0.5109975419351291,-0.9973607037821388,-0.18126646771050595,-0.8014717321818142,-0.33091668274469416
-232,-1.355217064561894,-1.1161851043700604,-0.6719768871920286,-1.6361405790871026,-0.10248933881096711,-1.5635549395653823,-0.8275551630886305
-224,-0.8414531644055193,-0.7873761732651297,-0.46133368714922174,-1.2559552511230383,0.12185424969576682,-1.114867768990688,-0.8121422255608093
-216,0.15867397726884022,-0.1742845874523847,-0.16848823671553775,-0.16677563925470937,0.3085218253921353,-0.2722948908183196,-0.29837829210677824
-208,0.06962158397222183,-0.023580471639223128,-0.11882438763254412,0.018179312320063583,0.1269918979912401,-0.4212864540722522,-0.039783767945463004
-200,-0.2677500836218632,-0.18284728328528463,0.1945716129352337,-0.16163804154959827,0.1509675541636157,-0.5565775863663537,0.289025146050727
-192,0.1706618764574826,0.005532851409085905,0.7151857297672956,0.3110248265895863,0.8222857485441287,0.17639228840272766,0.6726355555857348
-184,0.3230785030698279,0.01580810182482895,0.6912101118596304,0.42405282988337734,1.0312164795477958,0.20036793868822475,0.22908601491001826
-176,-0.11704593027985226,-0.003029865211853976,0.20827199440849256,-0.040047213647440086,0.6698691401443136,-0.4178613325809142,-0.30180339207421675
-168,-0.19068545742705126,0.3857181882034678,0.07983102212887301,-0.2335650005005474,0.4027118697437012,-0.3853229835190778,-0.06547197667706713
-160,0.08160943606583602,0.5655356077486178,0.013041689581567645,-0.19760153123512808,0.2605705375147225,0.24318157661447948,0.3027255370901636
-152,-0.014293184944367545,0.09287273335462469,-0.11711183029022659,-0.18732627548440123,-0.15557824297395081,0.3699099683721976,0.24449891435709434
-144,-0.4698305539822191,-0.3626646949199418,-0.19588896452474913,-0.29864176246005925,-0.409035133924919,0.18152995840606534,0.1605841912477783
-136,-0.5777209455895627,-0.24963660737020207,-0.17876349927296786,-0.5709366430753996,-0.3439583701257579,-0.07363953330294924,0.2873126060011155
-128,-0.7524007008342887,-0.06468153732199948,-0.13766236221178996,-0.7199281691684117,-0.4518488248330801,-0.44354952806704173,0.3523893784466295
-120,-0.9510561468368014,-0.2873125903782456,-0.118824371627593,-0.6925274638029244,-0.535763543895167,-0.9282001662514716,0.1451712447056744
-112,-1.0298332350800858,-0.8267648028384923,-0.15650041939129974,-0.8243935018325006,-0.41759784833827934,-0.9299127258013681,-0.19220040099658187
-104,-0.4372921655518827,-0.3952030386467943,0.11921957425299073,-0.6993776306241094,-0.059675660596387486,-0.26030707312615164,-0.17678750780431396
-96,0.21347555080879796,0.380580515624621,0.3949395636660875,-0.0948487132334866,0.27084581092608495,0.40073586807914385,-0.0003951755330207469
-88,0.19292494456539355,0.5449849658160127,0.3041745874560231,0.4223402955366792,0.34277271891874245,0.1918051895054883,0.04413099122098369
-80,-0.2574747351528005,0.05005908604615764,-0.16506309793149399,0.29903700558604907,0.1235668213873505,-0.43841188860188596,-0.2846779306856994
-72,-0.2540497071156588,-0.6058462609493608,-0.5520986473543349,-0.06573545144550709,-0.1418778982936826,-0.5463023447809281,-0.5672480744103648
-64,0.3350662869124443,-0.4756927223131416,-0.2232897090747714,0.2904742174027427,-0.052825465628564244,0.17467976104669788,-0.09116013463434439
-56,0.9498705075167526,0.5295720586424087,0.2990369684109773,0.8881529604296173,0.17836830441655135,0.9350503831252757,0.31642590936517445
-48,1.0440605331038935,1.1375260577879405,0.3178749705849661,1.050844852542832,0.08931587561469695,0.9984146122098084,0.11605795458709167
-40,0.7375147181217263,0.47305804954493336,0.10551919756282085,0.5661941628482157,-0.36108380999037565,0.7089942650549322,0.04241844877982752
-32,0.32650357746613795,-0.05611881738969054,-0.007508840316381284,0.01646678569989329,-0.3508085593906675,0.3579222518607536,0.1143454123299007
-24,0.007969894569370837,-0.17257198375089886,-0.21472699374158605,-0.17705098275671882,-0.260043592378851,0.08220224644270635,0.0509811795660686
-16,0.21690056541649838,-0.20511038009172822,-0.47503404654668613,0.10551926913933883,-0.3148450930686872,0.10789040219240403,-0.539847355615436
-8,0.6501748683700536,-0.2701871598958402,-0.7815798526985357,0.5713318628378404,-0.6145407154745751,0.2722949064694922,-1.1084127678674738
0,0.8625306342175655,-0.09893249744391949,-0.6771145275770086,0.6107204175374674,-0.4415735659549493,0.4007358901549387,-0.8618060867854901
8,0.7289520447325505,0.1134232737385762,-0.3209048682949369,0.3315753180388601,-0.027137266279172526,0.43327427729752,-0.25556460947704024
16,0.7495025578896883,0.024370837026228952,-0.522985336815643,0.1380575690825329,-0.3199827220478404,0.6593304282975905,-0.2829653801500856
24,1.5561119634852678,0.05348414903664099,-0.9083082937588606,0.9566548481116615,-0.754969527154227,1.3015353248329926,-0.7659034742376745
32,3.040889717404998,0.904619757811285,-0.5949122996298564,2.6178249070758723,-0.3199827338215972,2.351326349807826,-0.8994820784398864
40,4.193433519173324,2.7438946622375187,0.42576541020716235,3.8833967393648017,0.6595938739075846,3.3908420246579145,-0.1613745607103152
48,5.143896706352771,4.603720184129019,1.4464430793879268,4.368047391346602,1.4456526933119391,4.58448690369881,1.0596710818289916
56,6.138886288402765,5.3949165705163376,2.199963573277959,5.229458227909301,1.4901788996184087,6.103515608542214,2.0923366119336877
64,5.933380739598869,4.088243609444652,2.2359270188118994,5.083891815765065,0.8188607098370195,5.706204866100694,2.585549964899408
72,3.284071316732072,1.7266420783069973,1.47555642487996,2.585286508895393,0.01910146352006269,3.1185471846988286,2.397169894960701
80,0.4326814376702225,-0.10920777527044048,0.3127373125393506,-0.3534432848577596,-0.8868355900190722,0.3836104020915031,1.3285408343302556
88,-1.6138115769494525,-1.7943535132186816,-1.379258563715508,-2.401648818003147,-2.1712454362557483,-1.8786634855177553,-0.5347096773336755
96,-3.766482523887474,-4.6337555311726355,-3.3555372113119626,-4.636521988657125,-3.51901951580815,-4.293354003050727,-2.6068909052840765
104,-5.424227502752462,-7.195725075037335,-4.391627829242409,-6.160688335725159,-3.9557188775209946,-5.898010100196456,-3.8279366030128728
112,-5.4533408110835735,-7.805391571552607,-4.083369447167782,-5.968883165635049,-3.275837912065915,-5.747305907669909,-3.9272643210470752
120,-4.508015065606957,-6.45076735976443,-3.0575541055921356,-4.602271056313914,-2.241459868954457,-4.497147019163608,-3.523103324584983
128,-2.4478217454915487,-3.2996818360369313,-1.9940627683148657,-2.6003042180144216,-1.6283682457968267,-2.627046281993672,-3.038452640225348
136,0.06962158139671278,0.01580810936739186,-1.3158943296639212,-0.646288668880096,-1.4742390432617039,-0.9419005964754427,-2.4835875807480354
144,1.0937244040787166,1.137526074344786,-1.0059234579460796,-0.326042532029315,-1.724270832773514,-0.12159078843460003,-2.1530661292777435
152,1.9020463878046536,1.1204005848096308,-0.5144226181710885,0.06613060498056486,-1.2704460232855588,1.197069969541214,-1.368719858937284
160,3.5272529304084137,2.1016896970831893,0.5644816509310902,2.323266877959936,-0.12475244499962346,3.3702914752596813,0.10235756336369056
168,4.22425930224649,3.6001679279539904,1.3197146800876458,3.9416232640445523,0.8565367241191043,3.909743615237737,0.9500680697793523
176,4.200283699791881,4.475279090248566,1.6913372649398173,3.9039472411161142,1.539842728097328,3.389129490863112,1.0613835797506295
184,4.390376357979016,4.61399538505819,2.0800852466088076,3.3507948031848884,1.9936675541421287,3.27438888294801,1.001444478596208
192,4.0358792828981445,3.5744796325748927,1.9054055397468639,2.3455299777098193,1.8361133257774431,2.9250293741142417,0.3712273773092489
200,3.2001565768819478,1.916734692710474,1.7341508763751186,1.4909693210298183,1.9577040600414402,2.277686843816599,-0.017520659181297117
208,3.201869064685513,2.1085399316034765,2.804492475031562,1.8523166074513935,3.0828471130285506,2.484904924943576,0.7925138090368351
216,4.260222804809566,4.057417804847587,4.3663348645283175,3.1589895482869346,4.3193056778265895,3.512432817422767,1.962183072009714
224,5.628547423274201,6.30941638961109,4.7396699484059175,4.636917140904428,4.591600557154175,4.40980717917623,2.1711137660364255
232,6.431731789610777,7.484223315596635,3.6744660074271587,5.4366763748957325,3.6548376296631866,4.72834081939313,1.059671057913548
240,6.269039746462335,6.636512801822379,2.083510406180891,5.10101728819148,2.1871852992351926,4.721490631783903,-0.3788679594002442
248,5.895704664424386,5.098646080271755,1.6450984584271966,4.825297316255054,1.570668577581842,4.766016836986583,-0.562110480936448
256,6.16457451608276,5.132896995690191,2.6674887471304327,5.297960145577632,2.3002133781385776,5.242104713294695,0.9192422245260318
264,7.022560176332565,6.658775848958286,4.052938786511295,6.200472119201508,3.3859678412887564,5.865471738271224,2.448546258706143
272,7.906234265887952,8.686430856068986,4.833859981535621,7.258825878089987,3.956245824864448,6.488838599151016,3.1609655813175177
280,9.027952295069115,10.375001704838594,5.565117396647775,8.532960373650022,4.487135197263274,7.350249472506705,4.060052474658204
288,9.885937978130574,10.589070092600123,6.039492739896943,9.070699976705873,4.952947895821796,7.965053627251561,4.909475496656137
296,8.899511210754838,8.754932794157426,5.666157573051151,7.844516711994112,4.821081752564267,7.12419328636933,4.657731226515394
304,6.7519779176312404,5.9788948927014545,4.563277713084155,5.85967531392717,4.185727068289394,5.315744278706603,3.491487064245817
312,5.5018190018981254,4.447878367590373,3.6967291445219277,5.02566523368825,3.615449060982223,4.10154875350191,2.6883027543864815
320,5.835765618091519,4.4495909321073235,3.236054163061768,5.462364584915093,3.2249884986073654,4.5844869022270895,2.3235303507047615
328,6.138886276445042,4.346838190083209,2.491096428840475,5.232883342409971,2.4971562195197814,5.16332758641877,1.8405922452113452
336,5.671361117861661,3.73717156975952,1.816353119039467,4.4553872204942016,1.9234531648591489,4.706077716331876,1.316553063733116
344,5.036006400657062,3.238820577144679,1.775252015275946,4.136853581749024,2.017643250234899,3.565521740350177,1.1624238696603806
352,4.2893361217870325,2.9990640531337385,1.8625918839760087,3.765231037369142,2.1460841941839157,2.582520092810094,0.987744120118568
360,4.020466265529535,2.7815706505805458,1.8814299012351239,3.220641187283389,1.8652265544517315,2.4712045804472726,1.2257880705982755
368,4.530805158252842,2.759307618529765,1.9088306665731862,3.374770385587319,1.5860815496950746,3.2898017428426214,1.4586944012970777
376,5.087382764402503,2.548664403033902,1.576596632557377,4.003275009556712,1.2161714526464682,4.235127467531198,1.5408966542634641
384,4.797962419455206,1.6598527479672702,1.1176341979535331,3.79091918796782,0.4780639305017381,4.390969119973106,1.6316615809869561
392,4.130069343438627,0.5963613867745554,1.0713954412954148,2.7308529112894884,0.36161077554635723,3.5980601506723424,1.8577177527750657
400,3.4947145107040365,0.27611519363049875,1.4053419813273182,1.8591668167684832,0.8856499807560658,2.6030706565575956,1.7635276258232357
408,3.7447463281785187,1.0673116383347079,1.6416734594565174,2.2770281336274687,1.673421368540635,2.5397063824016493,1.3764921523779203
416,4.869889392755422,2.09997720173706,1.5389206596674063,3.366207682579784,1.8172753072305738,3.623748317275972,1.2514762642447537
424,5.399066243317163,1.9184472441659126,0.9943308270583239,3.7309800967475066,1.3291995227195372,4.4509083197327435,0.8832787477180487
432,4.7071974456366865,0.8412555278069273,0.2887616940797901,3.29085564720891,0.7965975633600382,3.8754926987155103,0.30272552660416124
440,3.919426060795555,-0.042418439963660855,-0.029771970420481634,2.9277958188980726,0.6236303774153517,2.680135255525594,0.09893247608983398
448,4.169457856930103,-0.29758788384178764,0.32643771075342,3.2548921523723617,0.9678521873632839,2.599645553646717,0.4551421596552797
456,5.460717878450353,0.37373037308680934,0.9138411792651427,4.3200961137712275,1.4490777597977564,3.9491321761921716,1.1538611109114665
464,6.661212972143325,1.1084128083256124,1.1261968772295876,5.133555649211037,1.4936039633447515,5.13763942091893,1.369641958145957
472,7.197239982351619,1.4800353768049026,0.9446669895651221,5.313373091567841,0.926751117265349,5.779844352223709,1.234350816653608
480,7.472959960358889,1.5125737356168825,0.8727400215998901,5.255146427810589,0.27255833736229007,6.687493959057931,1.4330061603716067
488,7.774368158135659,1.3550194500390957,0.86417730718653,5.315085475063277,0.2639955905710981,7.50780370491862,1.7840781969293342
496,7.919934479217246,1.0827245808295825,0.6620967709667207,5.630194086139245,0.5088898051894515,7.451289739972733,1.5340464342764069
504,8.409723012946044,1.1049876603433213,0.509680188689929,6.4111152951449055,0.5174524931118586,7.43416422376266,0.9637684391109241
512,9.312234917950994,1.7009539387462145,0.60729532693809,7.47974430518499,0.72809569517828,8.425728607423965,0.6863359173747439
520,9.97327787295366,2.0708638825520147,0.6346961009225046,8.199013921185436,0.8017352048488082,9.30426501869759,0.5561823984227743
528,9.78318525247934,1.6495774462253059,0.13805756097392358,7.815403479088632,0.38044880181975493,9.03882030729498,0.13832105562472952
536,9.22832024653583,1.1974651852493503,0.1312074465827497,7.111546871442515,0.04821475970948821,8.571295107319484,0.16400926325254409
544,8.985138535909957,1.4680475602165248,0.48056688918913437,6.892340886159837,0.31879712566238055,8.32811340552393,0.624684221901049
552,8.813883772645243,1.8978966892487308,0.38466429632556853,6.900903532506166,0.47635139725882986,7.548904895513597,0.6709230331967585
560,8.563852111173038,2.163341393844638,0.03701736709387763,6.8923408854239785,0.5893794640205299,6.999177454897367,0.20511040693646038
568,8.423423278337419,2.5486643666088415,-0.12053691388478427,6.88891586529733,0.7554964724740638,6.940950808064889,-0.2846778911332349
576,8.151128396250357,2.7182064106420807,0.14662033940708746,6.691972882447078,1.0175160800459713,6.44088734788263,-0.21960112199908963
584,7.515773779122689,2.4287861644839626,0.651821543362632,6.198759532424798,1.2178840219465072,5.728467993261355,0.20682290504206274
592,6.900969493578755,2.312332941093619,1.1107839551548215,5.607930931015911,1.168220162745441,5.418497102411158,0.5664576812163491
600,6.616686671278868,2.298632595493527,1.1690105554441663,5.1181427144426905,0.6561687757797956,5.367120669310928,0.7445624895174505
608,5.774114007977565,1.5725128093605254,0.37438897913054736,4.338934024146706,-0.19496685856597717,4.423507551451242,0.23251116767539823
616,4.780836965609251,0.9097573733609969,-0.5555237298451031,3.460397823696916,-0.8525846869262876,2.8445397027735475,-0.544984995632486
624,4.441752742144569,1.7163667922020527,-0.4904469631025025,3.3816206217632905,-0.823471408949392,2.428390926148138,-0.6323248862243784
632,4.792824699597367,3.1634684959665327,0.3075997152021695,3.8011944602753935,0.09787858579686308,3.188761539764328,-0.014095625809171862
640,4.6438332509536,3.4152128985620416,0.7699872107728819,3.3799080480480925,0.5020395616548806,3.2658261815961613,0.04584353991694827
648,3.828661095991319,2.5212635722043166,0.4959797952589482,2.10919861842198,0.18179339720935664,2.2811118930097094,-0.20932585226702669
656,3.157342863346097,1.8242572207863517,0.19799674509653903,1.5423457309504631,-0.11276460854303014,1.577255374954524,-0.15452440787046626
664,2.9689627021607743,1.6906785935885207,0.4377531940497791,2.0526845324271537,0.2040564842656579,1.5087534030165317,0.05269375401712655
672,3.0015010896712853,2.094839554177447,1.0046061037810554,2.768529041653458,1.0140909784228485,1.4042880149789907,0.24963654959105583
680,2.7617446171705313,2.3157580526508497,1.3180021280803118,2.7103023773443096,1.4114017650159558,0.8905242263053782,0.24963658969541558
688,2.2565434340030266,2.0366129283169734,1.2786135483614514,1.9447941264705444,1.0808802966208877,0.5908286070268943,0.11777051947197213
696,1.7890182042252079,1.9270099878297007,1.0200190223604868,1.3625283018391363,0.5294403299363816,0.7089942838193571,0.0835195567745431
704,1.4413713036920497,2.122240266901532,0.8539020037888801,0.853902062487852,0.22803213878234865,0.41272373764942893,0.15887166554743307
712,0.7255268343861397,1.553674856305179,0.2836240792659383,-0.022921811863566587,-0.2925820065642809,-0.731257341427114,-0.3155037468725572
720,-0.9133800981532703,-0.12633317870999783,-0.9613972233090076,-1.219991806508923,-1.1385799688831015,-2.317075442653663,-1.2043153244899443
728,-2.076199071968271,-1.1487234926164311,-1.6310029368766241,-1.834795914526679,-1.5598663546194491,-3.2504131329393564,-1.745480069641204
736,-1.6857385695659886,-0.7497001496008311,-1.3552829178451702,-1.2610928560027825,-1.5615789360611758,-2.86851524376971,-1.5177113552279735
744,-0.8106272463020786,-0.29758790297414195,-1.1737530213503866,-0.43907057450764037,-1.784209973112469,-2.08759416409141,-1.3995456971999356
752,-0.5126441904367552,-0.40890339951597854,-1.4477604657468175,-0.43564551188508743,-1.996565721115382,-1.839274931737953,-1.9749612865751955
760,-0.36365263049419194,0.2778277136279304,-1.184028305983611,-0.4835967765829165,-1.296134228153899,-1.483065252771631,-2.0109248031196083
768,-0.3020009357563572,1.0364858484548378,-0.6445761505524996,-0.4373580903833747,-0.5734395762058174,-1.3511991599204987,-1.4252338603082313
776,-1.0366834254487858,0.20247574853166897,-0.8980330089416713,-1.14463974078383,-0.7618197329759827,-2.0464930393558847,-1.267679603061049
784,-1.5761356437959118,-0.5424820171476311,-0.9459843474094454,-1.4922867075443706,-1.2276323535333664,-2.6510219550908234,-1.015935231371653
792,-1.1051853228809725,0.03978378283247358,-0.1856136855944384,-0.8774825007374351,-0.9964385893751297,-2.2588489084077357,-0.37030524682653404
800,-0.7164372965084995,0.5946489037540795,0.36240113568328597,-0.7456163394513405,-0.48781228545214755,-1.9197646227628975,-0.12027345860247811
808,-1.4374193074102093,0.04492138936790246,0.03359227706054633,-1.7491685901074217,-0.4723993619056622,-2.3513263761006633,-0.598073870912973
816,-2.1892271681643636,-0.6623603302033755,-0.4270827139657898,-2.360547637342275,-0.7275687579529004,-3.0825836105592352,-1.1358135251110777
824,-2.3776073010190837,-0.6743481361217871,-0.4784591702456037,-2.226969057423436,-0.9450621869970481,-3.6442988811932846,-1.036485823265791
832,-2.122437891542403,0.10657306147804763,0.08154352704117905,-1.8159579313010799,-0.8662850503709808,-3.603197736037649,-0.4456572614093681
840,-1.8039041919048255,0.7727536925548959,0.6775097780332944,-1.1874533897479826,-0.5511764944845002,-3.2504131986148446,-0.05519666978408351
848,-1.6960138004814467,0.7213772890730235,0.7271735653040642,-1.0555873031516587,-0.3388207282690581,-3.2709637910608773,0.04070591314537448
856,-1.7884913616285714,0.43195690383740165,0.643258776335295,-1.8895973898293505,-0.22750523154325752,-3.224724988779451,0.037280826239447944
864,-2.0231101457294924,0.514159122034412,0.4326155748207684,-2.7510083498325333,-0.42444809316060506,-3.137385178028349,-0.2521395479582767
872,-2.5009107019005796,-0.02358048138936591,-0.17020079994473392,-3.1226308027818335,-0.9296492744884604,-3.418242810401935,-0.9405832151331346
880,-2.886233623522526,-1.1213227009713815,-0.9100208560682317,-2.9582264311434763,-1.2858589514311674,-3.5055826014687876,-1.4372217101942668
888,-2.526598830791394,-1.5665847673474436,-1.0298991089674365,-2.4221993534200434,-1.1471426785133738,-3.1664983767163495,-1.3550194487654923
896,-2.3056803398605545,-1.0596710627107875,-0.45619604069339864,-2.0985281042761725,-0.6470791200938275,-3.2641135828475782,-0.8104296919499709
904,-2.8554077832362594,-0.36608976434919793,0.04386754660864472,-2.550640363780409,-0.3867720369345104,-4.581061829840242,-0.7470654498039261
912,-3.3075200839486447,-0.18798493360437218,0.02160442680658213,-3.1448940081276,-0.46554916215475023,-5.3722582682896425,-1.1204006080033662
920,-2.6379144023909302,-0.3592395272534003,-0.07429816642491344,-3.0404287330445414,-0.44328607473051884,-4.046747312218603,-0.9594212447179011
928,-2.1721017505595044,-0.6315344461334508,-0.3859816499386983,-2.7852592784964454,-0.6179658467160556,-2.6921230698922427,-1.1186880479015744
936,-2.3142430881234652,-1.318265556517886,-1.1532024642256251,-2.8674614150130164,-1.3235349438214237,-3.18019872893918,-1.8174070563708613
944,-2.3604818501165683,-1.7155763764086505,-1.5864767296503293,-2.6551057166806427,-1.8578494597873794,-3.628886006581477,-2.105114795225128
