-240,-1.7627635631423726,-0.9760823318304923,0.0594345688132136,-2.0121327720009363,0.4247918678304323,-2.090827589762899,0.34193567100625755
-232,-1.065020744548394,-0.35047191410683665,0.4270327464548441,-0.927371610196737,0.7299676943799625,-1.769005854708645,0.38355050984483496
-224,0.10851881514375038,0.6482851123867129,1.0817733939794394,0.6373478806591951,0.9297190406402714,-0.8493170288033205,0.6512728026853157
-216,0.7937771042722923,1.1115975372550577,1.073450457533965,1.2046973963654966,0.28884998361078584,-0.4151351275868138,0.3516457724915101
-208,0.15845664109175026,0.43604926765538243,0.20231231667674443,0.4584038861669025,-0.4782509868362773,-0.9561285283989642,-0.49313638087648604
-200,-0.8430747569065826,-0.6695193907561204,-0.8214136781486175,-0.5320301822744883,-1.2092856930712093,-1.5318009544737072,-1.2935291288449218
-192,-1.4423290099662072,-1.4782351753058347,-1.6134835760983135,-1.4239757212423363,-1.7364075603106857,-1.553995669615956,-1.4655372628225731
-184,-1.676759545550896,-1.894383883023492,-1.7799431120546967,-2.041263230534701,-1.307774270526491,-1.2529813623256412,-1.0854547580732752
-176,-1.551914873020006,-1.7806368063332954,-1.4137321273180163,-1.8151556333326377,-0.17446238493117028,-0.9006420564479548,-0.6970492404355448
-168,-0.7473605698805587,-1.1286702172400862,-0.6993433181139139,-0.9828581441365755,0.9685595765194069,-0.2389654667503558,0.07698752436500339
-160,0.20145866121237105,-0.04390899702333467,0.6378814183977939,0.20594029521712906,1.9950599386772274,0.5475558090381899,1.3850819301949093
-152,0.8409406494635807,1.0172704365906795,1.9210068026987404,1.1811155774272406,2.2988486431023247,1.063580269979742,2.306157832478103
-144,0.9754954592425095,1.3141231606958004,1.8336155874339435,1.4113846468008482,0.9047501058360707,0.8138909982316765,1.8053922708676415
-136,1.265412389292167,1.537456348693141,1.2121668171194886,1.77343407308826,-0.6682922405520312,0.7889220962100301,1.0285811634705615
-128,2.3182688191074594,2.6305404785332773,1.4701790068355889,2.9913628835059125,-0.7043585193673007,1.7127724190228253,1.0660344940767834
-120,2.93278195227568,3.1340806412754154,1.4646302849856705,3.311797412542195,-0.38253670444282234,2.368900295960215,0.8884776968107773
-112,1.9465092788178189,2.0493193620500647,0.30773670219458055,1.82614623597035,-0.9276917335906851,1.6947392231397895,-0.22541396912473888
-104,0.32491616214697205,0.14058350086785304,-0.9975833564194353,0.08803151687750388,-1.4340060523668163,0.3908063584738053,-1.256075807179396
-96,-1.1621221571129103,-1.3728108142259023,-1.763297118166318,-1.2589034525476972,-1.2425776547709335,-0.7230851220912659,-1.6222867272450374
-88,-2.4438604030471573,-2.5297044564726265,-2.2335452283116486,-2.4185714113139185,-1.0358903433898323,-1.9451755277640546,-1.9385597626521045
-80,-3.172120882169559,-3.3772608442547236,-2.639983894595734,-2.9484675076030773,-1.1551864044884081,-2.7802474275059423,-2.043984233404581
-72,-2.9252059488456994,-3.101215462827909,-2.201640494236581,-2.6904553047739546,-0.6211287427464351,-2.454264123273583,-1.5029906086279796
-64,-1.5657864158314,-1.53649604498767,-0.6244365318807276,-1.8026712349974177,0.7577109135171537,-1.352856997085305,-0.1047308686031744
-56,0.007255910738156999,0.169714049553642,1.203843781879315,-0.5361916605555087,1.7953086053809295,-0.008696474862786338,1.269947417412813
-48,1.4110644953984484,1.7108517594692794,2.6104266359714345,1.07291695526013,2.3224302932104237,1.3451742921941554,2.396323441450413
-40,2.583216983630107,2.8954885301051227,3.3456229104904027,2.575214172360989,2.7954528116664052,2.4798733277790816,2.9636729909823494
-32,2.845390786184715,2.959298036551246,2.7935321594086973,3.0218803895092914,2.400111558236754,2.6282997201555047,2.1161165790603715
-24,1.6496565560538048,1.479195595687398,0.9666388853696671,1.4960015141046963,0.5954129367550972,1.5213439932637487,0.03953408870559448
-16,-0.22717452009136907,-0.5613207679929639,-1.0683286771865999,-0.8094627260588687,-1.4312316260257594,-0.1293795612282483,-1.514087999130671
-8,-1.7031156622331869,-1.9998083072843464,-2.1128621969314714,-2.153623349460272,-2.3245644654849404,-1.5276395316250049,-2.0994706828548355
0,-2.457732161478354,-2.747489059114683,-2.4887832225056794,-2.4976397036932987,-2.163653678349577,-2.5569141989774438,-2.344998449052756
8,-3.2067999722522047,-3.2121885536553765,-2.451329754063717,-2.951241859438329,-1.771086573503338,-3.4197293972797103,-2.317255188788361
16,-3.3982284139555246,-2.9444661587419403,-1.5524484472664504,-3.1398960458659224,-0.5836753303328389,-3.378114478868932,-1.2949162643803995
24,-2.1262002309125196,-1.4255230042281068,0.32854414009130883,-2.1702693263613266,1.4152259422322877,-2.2669972324199397,0.5486228412733628
32,-1.4548135507565274,-0.6861652816774756,1.5811520504263723,-1.7846380789004836,2.577668347009099,-2.2142851243741233,1.7568414913461763
40,-2.6408375256222043,-1.3450675603690057,1.335624244442353,-2.4934781760894333,2.3154944796344408,-3.2449469537861044,1.3476284551964357
48,-3.2997397557359482,-2.18984968572282,0.22173259132183482,-2.8985297344051895,1.4207746843477855,-3.3045948882229026,-0.061728732849542965
56,-3.642368953571871,-3.2898696200492283,-1.560771400997272,-3.4228771481834928,-0.2202387306609979,-3.3129179279334253,-1.8608786210073873
64,-5.25980061997588,-5.003015458131066,-3.336339559325805,-5.203993987234742,-1.7599892718115677,-5.139811115396708,-3.682223215068762
72,-7.11859857593592,-6.66761069535636,-4.243543868878713,-6.937947273644118,-2.5964483972409598,-7.040223928523751,-4.499262019957488
80,-8.364270634399018,-8.402951087647903,-5.245075341531864,-8.357014738263992,-3.796344048134409,-8.212376365793439,-5.332946753169481
88,-9.528100065783818,-10.067546263629428,-6.5476210132929,-9.525005678626208,-5.431808826974953,-8.978090049458237,-6.401061986948435
96,-9.02594717358168,-9.677753565156689,-6.2577041723521845,-8.806455367895273,-5.749469016543948,-8.198504688871592,-5.855907135571425
104,-6.678868031100589,-6.989432297939291,-4.307353374281755,-6.327595821710734,-4.218041555635057,-5.557347021383733,-3.7751631222321436
112,-4.098745538936211,-3.9640306778194803,-2.1059262681695134,-4.131717284860521,-2.260755003593288,-3.109004985821935,-1.7221624003006863
120,-1.9292231449943322,-1.4726865902485766,-0.15973715356909318,-2.1619463349305668,-0.6780024686971541,-1.0962319168276518,0.1574429248617243
128,1.125309035732196,1.541617917722234,2.353801586857209,0.8260020544208014,1.302865832247413,1.848714307414798,2.6335283609078473
136,3.6998828455347286,4.329814736401805,4.825725490531097,3.3631224828041506,3.483485524304783,4.263764534311799,4.864085835252817
144,4.3032986107010105,5.345217801040181,5.784254707923302,3.715461725649925,4.405948689379371,4.704882142113952,5.55766714933973
152,4.5321804727155435,5.447867863183985,5.612246688684592,3.5698097313023527,4.178453946360028,4.700720778422859,5.0929676191852655
160,5.175824007644104,5.536646338855991,4.914503785004983,4.156579493192525,3.773402520664609,5.182066143470316,4.411870822493846
168,4.788805563105987,4.866646717494498,3.5550844090489244,4.3355235194242905,3.376673996694959,4.692397788184195,2.973383188729103
176,4.196487066401885,4.474079691624412,2.836534201136002,4.368815396485419,3.070111086615003,3.9863319631092837,2.235412600819881
184,4.5280189910072535,5.209275898194084,3.4552087672857135,4.786351346877904,2.849552190401233,3.991880618351012,3.1329067516670777
192,4.288039850397751,5.651780782645712,3.978169042995342,4.309167422858568,2.6553494312843458,3.369044615047483,3.7501941320643977
200,2.5762810834783774,4.456046551471719,3.1084180703071445,2.651508060304018,1.8188902970632677,1.482503430860546,2.759760149453695
208,0.8007129780489667,2.798387310808668,1.6879635771421286,0.7677411757982694,0.3693053997537264,0.09950218262007546,1.3476285069034648
216,0.011417465760157626,1.6276219683942892,0.7335957276133388,-0.3752808306538142,-0.7196173410633435,-0.24590126155087638,0.5957863223896579
224,0.11129320050661352,1.3113488587794402,0.8126639608351092,-0.31147142553558715,-0.5170914973834385,-0.08915183885166272,0.8829290500627123
232,0.7715825116175872,1.7358206033763985,1.969557528128991,0.4181762330807172,0.7119345552703507,0.21602390097310942,2.246509889994678
240,1.581685513510154,2.7761925981996156,3.760384526780018,0.9938486253298244,2.3252046642681736,1.1911992390625756,4.084500419829899
248,2.8037758212823145,4.0676410722789855,5.30013503037966,1.950990915206762,3.655493660815633,2.850245810168293,5.2622015044437
256,4.077191135241435,4.732091948395736,5.282101934036381,3.243826419917436,3.945410703667081,4.169437392073182,4.872408748303469
264,4.400400059177324,4.573955400144825,3.8949393340257497,3.834757793454023,2.9591380659720077,4.337284024822026,3.2605258608208256
272,4.404561450733587,4.3839141866622064,2.8337597831395955,3.6710726008392296,2.076902612843193,4.254054382758646,2.1854747832165318
280,4.125741778715298,4.006605917370091,2.342704190245042,3.4990644285655925,1.7453706350406772,3.8809076568656256,1.8747503181145746
288,2.6206702158886657,2.701285839384565,1.3134296222833486,2.472564051655623,1.0032386138519405,2.1330826826565548,1.0313554746256421
296,0.7910027572054132,1.217021833812961,0.18982798807896067,0.819066215959879,-0.3270501922586799,0.5198125563733851,0.21847812223892998
304,0.4386635180849298,1.0866285584924313,0.3008008917478414,0.5957330082930051,-0.7071327917793618,0.5683631763034143,0.6720802671061118
312,1.4166132325965624,1.9300234477279274,1.1844234975484698,1.5944901075042213,-0.0718123245755065,1.633704104142693,2.043984151218946
320,1.6052673147160272,1.7649510212299915,1.2773633649257514,1.7110118146813829,-0.5032199723044267,2.0359813104741846,2.4559714249120304
328,1.132244826956437,0.9312663114128205,0.9541544850972983,0.9980102323568784,-1.592142604939067,1.8251325664096152,2.0731146106467797
336,1.07537112425153,0.972881142204771,1.24823296212233,1.009107455519529,-1.1454761915424694,1.826519709395675,2.163280051235968
344,1.105888722791121,1.0394648917076683,1.5034709212986308,1.3683826096929033,0.2749783460280064,1.4825034091048508,2.080050357912596
352,0.6217690185744026,0.4069187602458094,0.8168254039493887,1.1589210543609578,0.6550608708938733,0.6737875700168893,1.0785189444170546
360,-0.00245421250279124,-0.4558963476064111,-0.2096749714704662,0.5236005405164681,0.17787696371284828,-0.028116669637652754,-0.14773287084240164
368,-0.6460976501267688,-1.1078627632501037,-0.752055610487094,0.018673279938789752,0.03361202801076285,-0.6689858202464307,-0.8343783652438569
376,-1.2356418098967799,-1.5059784467461028,-0.9892603889795453,-0.4057984427534613,0.2971728765448704,-1.187784727347585,-1.1659102505101597
384,-1.4367803764801748,-1.632210251534214,-1.4539598158689646,-0.6804566189073611,0.029450548835671136,-1.215527969134541,-1.7096779408707063
392,-1.0039856808346044,-1.1564133961441416,-1.7910403744074006,-0.11726858237614951,-0.7459734672823777,-0.7508284655041418,-2.0689530780567575
400,-0.08152252589280795,-0.039747576856842916,-1.5371895942779696,0.8065817033327543,-1.2814181326845506,0.034305589663294285,-1.6333840745343609
408,0.39427426765744483,0.9243304833827111,-0.7742501334043653,1.1783412902630284,-1.5227844974914413,0.29231785001089905,-0.5402997740759292
416,-0.13839612875993434,0.8730054791328987,-0.0335052525194795,0.5832485397733174,-1.685082496158207,-0.42068376315900957,0.7483742653177339
424,-1.0525362946551582,0.06012812257386111,0.36599762835181643,-0.5500633246623554,-1.7475048116365308,-1.3486955177612032,1.6514171092556083
432,-1.9583535393040912,-0.8859167221131236,0.11630826064027244,-1.6806009004437,-1.5616250293472638,-1.9618214078075618,1.5362826544390273
440,-2.434150316016032,-1.4712993851246745,-0.3983291315230042,-2.064844941290525,-1.045600474230372,-2.271158700270149,0.7234052741871432
448,-2.3939226039212476,-1.607241312259665,-1.0045191267820506,-1.7943482149564303,-0.7237787783661715,-2.2558998751468393,-0.432101166809981
456,-1.8251859637063281,-1.4837839232327852,-1.5704815130623486,-1.479462280365137,-1.0733437212327352,-1.7773288108236516,-1.4253095972194123
464,-1.225931640909268,-1.2618377828540717,-1.9852431160899315,-1.052216173055081,-1.4048756704250218,-1.115652214569542,-2.0162409098102496
472,-1.5893683131497647,-1.4158128866496005,-2.1905432536395706,-1.0993796999179402,-1.6337573960939298,-1.5595443214304165,-1.9760131851984903
480,-2.5132185608607087,-1.6377589644434363,-1.8867545720132488,-1.8442861011051224,-1.9458691025296073,-2.402939196807834,-1.6098022573842468
488,-2.8156200767021913,-1.4116513794603245,-1.2861131792458198,-2.1896895235203786,-2.178912384263597,-2.6692744487352082,-1.3240467929496227
496,-2.4077942756276878,-1.0176972086670306,-1.0225522664877083,-1.6695035868310024,-2.2538191850999216,-2.5749473140961827,-1.0244195797695577
504,-2.5992227110725197,-1.3839081712009813,-1.7175207038911493,-1.9344516740166224,-2.983466703347288,-3.088197420520278,-1.4544400806381166
512,-3.258124891416384,-1.9706780014874858,-2.5858845911117703,-2.972049302997498,-3.68537096416148,-3.591737530363292,-1.8913962304248262
520,-2.814232854441956,-1.2285458955111412,-1.9075620994659572,-2.5975154148959194,-2.817007174096428,-3.11594077108571,-1.00222501930136
528,-1.955579246030404,-0.23395024909996073,-0.600854883113733,-1.736087460311559,-1.120507260910594,-2.5541398984021844,0.07282602671247243
536,-2.771230841324882,-1.0371175171377573,-1.0100676838251261,-2.6072255204044876,-0.7168429005661836,-3.3711787169999785,-0.5472356757177755
544,-3.980836642877415,-2.360470699215165,-2.26128851673924,-3.9236428711735307,-1.174606694481694,-4.421260818374841,-1.8816861065878319
552,-3.964190734223679,-2.685066660934916,-2.574787279287211,-3.9042225987636145,-0.9263045071581237,-4.367161418629378,-2.3436112638964093
560,-3.990546802030161,-2.816847136908999,-2.5401081111224806,-3.6420488565587097,-0.694648334584557,-4.611302087140769,-2.6265924836351324
568,-4.003031359807804,-2.7544248643460185,-2.4374581534358173,-3.35351903060308,-0.8985612458506457,-4.798569017184466,-2.350547143186515
576,-3.087503997878388,-1.3852953278961093,-0.9088049384149213,-2.6724222088777116,-0.5365117939332353,-3.871944393349381,-0.7247925308002874
584,-1.5990784380298388,0.6593824155685997,1.2912350323108526,-1.657019161971716,0.3637567230543263,-2.463974384797308,1.2949163243518427
592,-0.7501349167984263,1.6789469912705508,2.055561658522257,-0.826108695956377,0.35265942195860206,-1.5748030105061261,2.038435484354313
600,-0.6155801277321119,1.6456551171896547,1.8183568497804483,-0.373893680068163,-0.189721139571988,-1.5096064796871864,1.6597401538835121
608,-1.0650207052093286,0.9506865760741323,1.2093923892883152,-0.5764194331490077,-0.5906111631313194,-2.2142850045687883,1.0715830691502646
616,-2.059616441176488,-0.28943684383653684,0.40206369765675953,-1.4739136514984645,-0.8250416914144385,-3.226913748068304,0.4695546006010126
624,-2.7906511418979902,-1.4088771161379727,-0.2845817186626107,-2.589192437472252,-0.446346207014643,-3.670805820954531,0.04646994296174747
632,-3.2373175189357553,-1.8097670148255736,-0.4357825162204413,-3.2633534629069856,0.46918107370344486,-3.777617381346912,0.013178073202188898
640,-3.3136114395123273,-2.033100218320123,-0.6050164047571335,-3.411779891344219,0.6592224652549388,-3.816457921547384,-0.17825035345095905
648,-3.290029687927321,-2.5144456478896062,-1.30969491816484,-3.4464589908145955,-0.30485576426180466,-3.8109092815048395,-0.9508999609603334
656,-3.4287459072929174,-2.7183586087765628,-1.8090734950395728,-3.7557961969994595,-1.4298445916691653,-3.7692943861908623,-1.5987048935546326
664,-3.009822865174367,-1.920740134859316,-1.4165065231116918,-3.4048440884970717,-1.3951655777314542,-3.2047191458768567,-1.2089122429146217
672,-1.4825567153554688,-0.21453003197335355,-0.1333810190054084,-1.5252386225186851,-0.1897211735466362,-2.0006619821316924,-0.0853104722155972
680,-0.06626370896513652,1.3571252669451328,1.295396590313086,0.323849036005827,1.1266962137302527,-0.8520912572569576,0.94257699284416
688,0.2458478381771309,1.753853805964956,1.8058723612932062,0.536085002330633,1.5081659076592095,-0.63291953576872,0.9606101510272578
696,-0.07042523478086192,1.3654483196196652,1.588087884863982,0.17680986976394317,1.5664267432173862,-0.9824845254249297,0.550010018830116
704,-0.5281888077121508,0.706545978045234,1.3536573275235986,-0.3073098351978343,1.710691648223079,-1.3098550228602617,0.45984445932965967
712,-1.1427018785935177,0.194682993298539,1.2773633984533639,-1.3740379604124109,1.366675309934295,-1.685776125771494,0.6179809728608677
720,-1.3188716099124684,0.2806870314536189,1.262104594638714,-1.4988825755738293,0.5302162396392,-1.6885504478044226,1.1575872126565523
728,-0.9110457092982069,0.9548480889258479,1.294009338995585,-0.42383150944343,-0.09400697802694932,-1.5456726743108948,1.754067170803364
736,-0.431087449834897,1.513874595916042,1.3092681453434316,0.29471874212989496,0.21949180731979698,-1.4568941919333656,1.6139636841760236
744,-0.3312117110651275,1.3543508765158745,0.8417943015006873,-0.11865570405354857,0.7341291270634315,-1.5151550392634587,0.9300925439940059
752,-0.7321017380517257,0.5400863841233348,-0.15418845183574256,-0.7081998901986158,0.5107961354633943,-1.6302896058387486,0.057567261044796064
760,-1.1829296385210286,-0.5016727183701897,-1.0808131239505914,-1.102154015990404,-0.08845831861289558,-1.7884260408408372,-0.6471113142027306
768,-1.574109479979826,-1.1009269751551058,-1.173753151515355,-1.1895452461563625,-0.535124661974036,-1.78565171433756,-0.641562690551465
776,-1.4034885269861948,-0.7929768608453179,-0.15973705134712674,-1.2852595476233046,-0.235497505120361,-1.495734787268134,-0.03121122759122132
784,-0.5600935894709373,0.3084302768168542,1.4091438712982027,-0.8580133760892434,0.8256818828961038,-0.9658386443383421,0.878767488335188
792,0.5801541538078042,1.7316591204760166,3.240198461642632,0.17126121049890144,2.509697346784748,-0.340228289497586,2.1244396162376953
800,1.4901327737707362,2.8788427148816673,4.735559820016989,1.3350906977630579,3.788661278583682,0.36445037113359313,3.3437555247889112
808,1.9104430552858573,3.3685110457298855,4.957505873670946,1.6569124106145816,3.8108558834573394,0.9983836352997096,4.0734030713484835
816,1.6510435919005138,2.826130505507955,3.858873024365077,1.1686311691082438,2.4611465921482223,0.7972450794451504,3.6544800266967377
824,0.655060864194081,1.5887813834903326,2.070820469340453,0.41262754222521386,0.8270690808674463,-0.12244380606481713,2.2062822255836085
832,-0.11065292497093797,0.44159786895490605,0.2855420389083721,-0.01461860308280377,-0.2535306525746219,-0.8520913664824699,0.38216340545278354
840,-0.37421386797840733,-0.31024428605460214,-1.491413298467031,-0.14085042843451814,-1.0053728496054037,-1.2446582485563489,-1.4572143330826208
848,-0.8583335686188472,-1.3547777011933237,-3.5430268029066228,-0.5472890325807607,-1.9319974041500914,-1.6774531116909701,-3.3173994686855717
856,-1.7377947471004256,-2.54080177321457,-4.781762999066941,-1.1368331619524041,-2.853073409847342,-2.2448025941676817,-4.497874892021602
864,-2.070713685945822,-2.6268059328141122,-4.052115517774453,-1.5751765784048113,-2.9571106510380143,-2.4653614692218024,-3.869490169401353
872,-2.171976584837987,-1.8652535720112229,-1.8409782532545236,-1.9538719546221766,-2.177525236360156,-2.690081842524502,-1.853942865098898
880,-2.453570638791871,-1.0385046863498593,0.7419186114577144,-2.057909204455523,-0.47963813637884767,-3.0507440170473785,0.4598444235668731
888,-2.332887451992585,-0.02865017890357066,2.9183768209127283,-1.7721536270700964,1.8133416404804352,-2.9619656669921586,2.3533214518771723
896,-1.6115628579717403,0.9423636509535405,4.474773265352616,-1.2242243916713282,3.5778125911435263,-2.380744648409577,3.40617780733567
904,-0.4754766566019791,1.7150132501182649,5.0809632470516055,-0.30730983430376474,4.231166261382975,-1.255755671692583,3.833423968438918
912,0.4844398220915059,2.099257224058876,4.268086016556391,0.5749255484915704,3.5084545295914773,-0.09608761547276633,3.2938176568196367
920,0.5274418589014267,1.5249719376919353,2.344091465106377,0.4750498319245309,1.3694497227152953,0.368611768203285,1.9011064684734893
928,-0.013551545636012534,0.15861664549089372,0.2564117094186639,0.08803146412739457,-0.8943998054185749,-0.0974748256630626,0.2129294500098774
936,-0.0981684346955551,-0.4628320915939714,-1.0752644471021793,0.3349464332140402,-2.066552233598554,-0.46646008310982845,-0.8038607449485704
944,0.25833230565373716,-0.40873285322808284,-1.5468997525366452,0.6345735784448108,-2.429988859496438,-0.2889032840556822,-1.4946678243233609
