-240,-1.72078916778707,-1.5201377194673829,-1.3396674253507503,-1.834395026352044,-1.1095561192473746,-1.9751989760414317,-1.1679538281628223
-232,-1.4478800271678227,-1.226119560697256,-0.8978862702335703,-1.5418846534010655,-0.6692827821812003,-1.326851228974685,-0.9086147979786461
-224,-0.33513434385151963,-0.18574754940501623,-0.01281617013083444,-0.7472816771799605,-0.06013741863137686,0.16736419953057016,0.0005799320816098956
-216,-0.22657370316269604,0.03740467084415977,0.2932642985160236,-0.747281686574171,0.11325789533904379,0.08292822734792296,0.31721484169588243
-208,-0.43615592198203457,-0.30938594883625503,0.13042342243560376,-0.8196553835414823,-0.07672308175435215,-0.41313322665275776,0.19206866422001542
-200,-0.15872340155360495,-0.11035830930598003,0.12590007291465105,0.035259001312098436,-0.10687878890505002,-0.2216444438180097,0.35641729340181505
-192,-0.17380126638580923,-0.06512470768272471,0.13947018124412325,0.1634207460530923,-0.21996268905998267,-0.2457690494801588,0.3111837340525062
-184,-0.6819249450674526,-0.5536472411720348,-0.39579370405437764,-0.7065714976398342,-0.4823173649023508,-0.3754385829557445,-0.18336990659427274
-176,-0.6246291490514642,-0.6230053734657255,-0.5752201621112316,-0.6583223528848544,-0.4039125246584513,-0.09499052247300367,-0.35676522866315075
-168,-0.5643176872931097,-0.6169742446043917,-0.5963291833395242,-0.3688275413681134,-0.5381054387530654,-0.4432888996279656,-0.5226216300586892
-160,-0.8583358883371818,-0.817509694735093,-0.7003663496291861,-0.5753941291064821,-0.6391270685517365,-0.7312759311564492,-0.6281666169908633
-152,-0.3894146469462177,-0.36818962493743174,-0.29024870205907344,-0.2180489779179012,-0.18226806820061886,0.14022402433572598,-0.3296251086997846
-144,-0.1587233957227157,-0.15709968055146795,-0.04447963929121509,0.19357644494336373,0.11024232936966989,0.3362361315862093,-0.07028598003836974
-136,-0.7708843101787825,-0.6607000108459419,-0.4244416216606385,-0.5753941566412368,-0.12195667333552064,-0.5684351341169718,-0.49698928311890783
-128,-0.27180731596182234,-0.1631308013143448,-0.05051082338402699,-0.5060360156012121,0.1992016280736513,0.05578807871601855,-0.012990136079515076
-120,1.058059421165482,0.9360448355446991,0.9612132464924881,0.7589960349630249,0.8837362569896969,1.5138166158157949,0.9806404756226371
-112,0.9796546131534419,0.7732039860272187,0.9220108302577978,0.7001923985442889,0.657568457975585,0.9981540038272187,0.7785972043635156
-104,-0.31100975632991495,-0.371205176653521,-0.07312760419246539,-0.5256372076026273,-0.4400994228666341,-0.4191643874220124,-0.12607404352305918
-96,-0.7558064327129851,-0.736089257423744,-0.6521172030925452,-0.8769512083879781,-1.0341668830355972,-0.8865778758735657,-0.5784097134655832
-88,0.07498330258480887,0.09168495466452989,-0.10629889545308119,0.009626621168642492,-0.5396132456282009,-0.17490309767773918,-0.10798065143210625
-80,0.8514928454128293,0.838038754222734,0.5737123993290806,0.7680427119771274,0.2384040919272697,0.7312759611331998,0.5479060679761366
-72,0.7323777883759013,0.5666373859791951,0.4772140839040578,0.7092391055226824,0.365058085024606,0.526217112890803,0.44537660344363655
-64,0.38709490754358145,0.04192804854774378,0.053526428263372755,0.3187226619397018,0.07556324176191284,-0.13871623072960126,0.10160153078220566
-56,-0.056194022864751114,0.017803469448534254,-0.058049740979952545,-0.3492262998041401,0.004697362197731324,-0.37694637428184236,0.11517158679564476
-48,-0.5236075087247984,-0.02441455421963054,0.04297190210018869,-0.7141104281932916,0.13285909284740988,-0.6181920841273957,-0.06576265108749811
-40,-0.09388865635770823,0.2711114080242788,0.19827378251555555,0.41371313534228504,0.6274127454799057,-0.34226729493451186,-0.1321052122288025
-32,0.8002281729131938,0.77471181833151,0.30381876766606913,1.3440167624005008,0.9123842196233798,0.3196505326030148,0.07596920538432021
-24,0.569537009962875,0.5093415389429269,0.13947014658272655,0.5433827370068797,0.3771203550569289,0.32417388163806027,-0.028068007228516056
-16,0.2996433659902086,0.08565382483138091,-0.14248572628210013,0.02018113728973957,0.027314099598439313,0.12966957769939133,-0.20900226470992522
-8,1.0761528783680305,0.6706746011835374,0.04146409182370103,0.9158057002257244,0.17356928372537642,0.9755372150822929,-0.05671593212338813
0,2.1089859514942626,1.5180499563585454,0.5887901985637815,1.9320530995390193,0.6500295177039795,2.044557081784642,0.6293264267324504
8,2.4572844120633337,1.6431962327975587,0.983830005273123,2.0858472610284955,1.0360226067449636,2.205890164757303,1.1585591747472226
16,2.3622939255412505,1.6477195609385853,1.0290635583056358,2.1989311730071757,1.078240611786677,1.9812300953590454,1.132926822948366
24,2.678928809078491,1.9161053896137212,0.7079052700159644,2.354233058281617,0.8083469819053258,2.178749994907441,0.8464475893867156
32,3.324261067597114,2.6172256798710807,0.7199675465270529,2.878942396037007,1.0541160158426761,3.134686017334212,0.8766032905445552
40,4.738563812540277,3.7721892933993506,1.5251249782927951,4.920483931120373,2.082425727624209,4.711829659737719,1.7767511966846958
48,5.9870101807072125,4.883427221670646,2.5986682897539537,6.81275468306572,2.9117077148416666,5.939167037612467,2.916637049202984
56,4.254564656592581,3.642519765916624,2.061896654269517,4.807400036310422,2.2618521851951563,4.045388407849497,2.2486880596004495
64,-0.4572649177811717,-0.1721775133137818,-0.5948213544365852,-0.33414848583024687,0.019775229783411546,-0.5654195320284783,-0.4698491349729108
72,-4.371476058483772,-3.8858531468725452,-3.14599442625898,-4.6358604552317715,-2.154451455927165,-4.500739669664001,-2.8219945125194594
80,-5.986314326119811,-5.669563348993759,-4.017494421433594,-6.659308533112591,-2.9505622320587324,-5.875840002907608,-3.4733578534142735
88,-6.432618782329172,-5.974136034251006,-3.889332651911321,-7.098074094887614,-2.9912724313590933,-5.711491369838552,-3.3090092352463754
96,-5.571673295663101,-5.003122168695898,-3.201782496546372,-5.683771331641935,-2.344432419253183,-4.666596088066298,-2.561147629946819
104,-4.166417228867827,-3.8074482995020023,-2.6212850340819585,-3.725158029731151,-1.518166003188113,-3.6352707824566988,-2.2158647648255063
112,-3.7743929431004375,-3.8647441938332605,-2.9620445689566455,-3.2803613079967198,-1.8513866191711208,-3.7694637362337526,-3.058716778901958
120,-3.5859198133744616,-3.8285572737592433,-3.228922572940039,-3.3316260209886415,-2.419821731590457,-3.8976255018687676,-3.2396510716926405
128,-2.506345386171471,-2.543924076382981,-2.4071795193534533,-2.6365368599165544,-2.1046945786408853,-2.7049671668982924,-2.3455343005686604
136,-1.2820236042303874,-1.4929976293063392,-1.606545434193219,-1.6745697398884933,-1.5332438898861518,-1.4414429227232837,-1.8781208197296564
144,-0.09087305248755495,-0.7134725103048875,-1.3110194581819317,-0.22709571210711102,-1.1849454307748024,-0.6558867040149448,-1.6745697623274496
152,0.7037298730372087,0.04343581752209969,-0.8813006051669651,0.9595314829881275,-0.6436504389667094,-0.09951383830437512,-1.1302592162117617
160,-0.22205037437379357,-0.6154664524684486,-1.2748326629861242,-0.4155688969025938,-0.8954505786038063,-0.669456753387649,-1.4574486664044726
168,-2.07662656425458,-2.2830771672474013,-2.1583949072990434,-2.8114399705580535,-1.5769696191987368,-2.199858987616705,-2.423939177579555
176,-2.2108194326738952,-2.3509275080530245,-2.0347565237407803,-2.723988500757011,-1.0733692628272302,-2.2239835720608956,-2.1857090246331037
184,-1.147830703741183,-1.2683375634714016,-1.2235678978401385,-1.3880905335376588,-0.42502155560489285,-1.0358486099349309,-1.2358041747993354
192,-1.425263224817489,-1.7643989679095244,-1.651779022373035,-1.7816225571813282,-1.1970076987015268,-1.1278235131569432,-1.4800654055868407
200,-2.1052744318123753,-2.8500045362835036,-2.488599933665183,-2.393783457222142,-2.0820777871424836,-1.973691147948337,-2.276176186091575
208,-1.5473938317888456,-2.4971827446579646,-2.262432095130601,-1.9203388031422586,-1.7322715925843926,-1.7505389225161496,-2.092226297043289
216,-0.9895131881956173,-1.7176576078399068,-1.8719156755190531,-1.6685386004991654,-1.240733474013349,-1.302726638213697,-1.92033880954627
224,-1.0317312602925555,-2.0177069066472386,-2.2805255652906804,-1.6444140486107723,-1.6237109931977005,-1.3283589879069542,-2.3048241205426265
232,-1.134260575327536,-2.2423670162138443,-2.4901077024775704,-1.1257358254634315,-1.8483710264768392,-1.331374562622661,-2.2264192636159055
240,-1.084503649774453,-1.7402743988524012,-1.9065947420708214,-1.1106579878420433,-1.3176305362126204,-1.2725709309010298,-1.6896476091810795
248,-1.5051758364652803,-1.5533089956648676,-1.5974987289964857,-2.0379460620503855,-1.1231262147812846,-1.9812301837817379,-1.822332726442645
256,-1.720789175885527,-1.8186792570748764,-1.9261959946486964,-2.062070612804995,-1.4744402325733952,-2.401902299368112,-2.4375092504377847
264,-0.7422363632561065,-1.2668297496315928,-1.6351933598979358,-0.6673690619688465,-1.18796098281483,-1.0675121629953281,-1.8615351415435508
272,0.3282913077298716,-0.24756680378522133,-0.6475938530856853,-0.21654122238698392,-0.39788141652916825,0.48098358091427923,-0.5844408831431415
280,0.0825222352438648,-0.3093859854412814,-0.38976253794014054,-0.9282159400063505,-0.25464177504804836,0.18998093531158644,-0.385413165219801
288,-0.4663116441958623,-0.5189681428743146,-0.4696751897562807,-1.0156675199464114,-0.21845493288118875,-0.3151271843653558,-0.5588084848591418
296,0.4217739731235347,0.28769704507022187,0.005277255811669253,-0.06727042693931325,0.17055376245948617,0.42670328138290237,0.04279792400382231
304,1.3158907648175957,0.6601200929989287,0.3068343245651711,0.30213697565513903,0.15396808394944198,0.8850700873134029,0.4363299118523117
312,0.7972125486349284,0.035896883729259976,-0.2193828025726869,-0.1547219940838107,-0.40240478338081903,0.11760728839274057,-0.3462107431542211
320,0.3478925327729918,0.07660708205780635,-0.47872190207965615,-0.29796162779041163,-0.30741426721838194,0.265370234043452,-0.4472323823471033
328,0.430820695488997,0.45958461160818276,-0.06408088749592329,-0.2436813575754495,0.17206149887804417,0.9996617776606496,0.21920882435172914
336,-0.00945268644262918,0.02081906165690894,-0.27064750293101547,-0.7955308512513557,-0.2305172168428586,0.33925170889342304,-0.05520813107914171
344,-0.7874699805903692,-0.7225191596222664,-0.8722539049912758,-1.080502258663542,-1.0221045917853169,-0.7991262947997219,-0.8679045008489219
352,-0.7316819169437108,-0.8190174672727702,-0.7410765537886218,-0.34771855577303196,-0.7974445157463236,-0.9272880531461243,-0.8498110909413635
360,-0.6065357111232439,-0.9652726834695974,-0.5782357496225016,-0.4502479364055155,-0.4069281134654743,-0.907686877017685,-0.6130887528065354
368,-1.3920919578522444,-1.6317138495141754,-0.906932986606174,-1.5599780532665366,-0.6707905956970709,-1.3479602276892666,-0.9252003783353899
376,-1.6619855015660117,-1.5638635023917553,-0.7908335310098621,-1.7801147682847676,-0.6617438618317995,-1.2514619694393514,-0.5708708059117448
384,-1.3739985108537514,-1.2366740162418934,-0.7305220193650115,-1.5343457247912382,-0.5577066646060315,-1.2122595430006051,-0.4110455508702077
392,-1.9605270901937841,-2.0146913750153224,-1.6216232682512857,-2.408861309582722,-1.352309580412647,-2.175734458080054,-1.4649875765498166
400,-2.245498543281271,-2.320771814345766,-1.8372366021645805,-2.5943188760927978,-1.7744895305708794,-2.3988866839981493,-1.6851242204635937
408,-1.2518679033964875,-1.1839015720144268,-0.7576622316507893,-1.3745205133194007,-0.8276002535091892,-1.1504403020638387,-0.5150827262301408
416,-0.5658255170058945,-0.3274794168907363,-0.17113368842987536,-0.7849763276796778,0.08008661849368194,-0.5307404884763287,0.0081188278117009
424,-1.1221983681392407,-0.6999024223835271,-0.3535757437161479,-1.463479774770479,0.1690459319368555,-1.1263157513092295,-0.23765021017487828
432,-1.8625210048225918,-1.2819076426464282,-0.7863101073070417,-2.0183448483451047,-0.22750162787386594,-1.9465510577872944,-0.6296743751132869
440,-2.0132995839838106,-1.5110909898133094,-1.2160289969270341,-1.9293855099586827,-0.5215198177420678,-2.0340026176431807,-1.149860418417233
448,-1.5308082098060325,-1.0874032922226153,-0.9536743066694126,-1.4303085147699082,-0.1988537045986856,-1.3253434326275435,-0.9915429485469661
456,-0.9488030063879228,-0.4315165898211324,-0.20581274105229705,-0.9387704183886377,0.40727604147557633,-0.9845839290129001,-0.18487769079372834
464,-0.972927595205281,-0.3093859865750658,-0.25255406791823953,-0.806085334978624,0.2760986889771697,-1.2017050341681195,-0.16678428704099707
472,-0.7723920689490827,-0.35612734907422,-0.44555060012907705,-0.6145965594324878,0.06048537450017161,-0.6317621307466239,-0.2768525828398689
480,-0.5070218564537555,-0.09678822154658921,-0.27064747750186,-0.5452383845409121,0.060485382112721364,-0.20958220018665713,-0.037114733967145
488,-0.879444890939023,-0.33501835376099004,-0.3927781011560391,-0.8980601862085401,-0.19734593206100817,-0.9137180076606796,-0.12004292195033654
496,-0.8643669990579718,-0.31541713535860416,-0.11233005735612057,-0.5995186976776973,0.033345284339127784,-1.0856055610791397,-0.03862251395540271
504,-0.04413173841717439,0.30579048154072036,0.41841046141466753,0.23579444431615731,0.5927336684001429,-0.24727684015838,0.6805911541396261
512,0.41875844132964996,0.6676589943979397,0.3219122018689992,0.41371313955348266,0.4163227727493416,0.2352145037311672,0.606709681071316
520,0.2453630922119257,0.6797212762540098,-0.023370676533783358,0.29912141324908637,0.09516445044615013,0.36186849148352157,0.1649285748688174
528,-0.0652407651524181,0.5394972383191058,0.03844850755181402,-0.05370036963012097,0.29871548841205947,0.2819558850187415,0.19056089152036917
536,-0.4271092250457274,0.1007316626147383,-0.15153245755586528,-0.7095870671725294,0.2730831455215064,-0.22466004363893502,0.10612488904949231
544,-0.29743970371782763,-0.007828895955729592,-0.6717184378538147,-0.4291389372050265,-0.18980698514866773,-0.46892131248918856,-0.409537718080009
552,0.6479418314183542,0.5681451677491135,-0.839082624744562,0.8238308161160718,-0.44462275230341297,0.2533079555887342,-0.4110455477927939
560,0.8605395577362052,0.6540889584686745,-0.597836959440523,0.9248524217813414,-0.36320235256890593,0.6950890872203888,-0.22106453312255642
568,0.5499357586807533,0.5229116139067558,-0.22089054287850451,0.5313203741662379,0.10421115078380873,0.4387656105339626,0.06239907972414948
576,0.7338855477940774,0.7656650493189344,0.05352639117243907,0.8419242044817344,0.5414689696615058,0.533756070007199,0.17548305568064163
584,0.7866580937381676,0.32539172974542874,-0.6536250208196134,0.713762441276258,-0.12798780754183622,0.6709645439163601,-0.5392072638652496
592,0.6102472040802246,-0.3093860290109815,-1.2733248535194825,0.4695012150238893,-0.8864038836111293,0.4779680131632448,-0.9493249480403883
600,1.0806762575293365,0.28920482262894226,-0.7455999267951006,1.1464968902248904,-0.47477846220758635,0.636285445618639,-0.10345727583412126
608,1.2766883881033766,0.9375526003078574,0.03241738549318405,1.2535496092024558,0.2007094445049665,0.6272387823719144,0.5524294273772068
616,0.5197800686987847,0.4113355248381563,-0.23898399797545447,0.19960758076937107,-0.16719021227671738,0.042217997759331355,0.1392961955352072
624,0.38709492746578567,0.1414418453942475,-0.5526033772535649,0.05787576155045576,-0.48080958248455574,0.16736420293192214,0.045813486733813656
632,1.130433195392075,0.6450422485748366,-0.27064749952966377,1.143481308058602,-0.08727758232641165,1.18059602558588,0.4725167847933083
640,1.4184202071603225,0.6978147376677563,-0.32191222645093154,1.5505834019689961,0.2007094380262007,1.1594870566736208,0.3835573934429766
648,0.7640412915498022,0.22738566526825443,-0.7350454294624239,1.0138117776604303,0.07857882392820109,0.3422673070946563,-0.3673197619529771
656,0.7519789588354205,0.49577149604898846,-0.5872824755512849,0.8570020999261069,0.13738246472010432,0.5910519008465535,-0.34771853966333166
664,1.3671555187877107,0.9465993205677209,-0.34000560072527863,1.1057866745656448,0.1207968085618023,1.429380654809019,0.08200031626707993
672,1.3505698985865582,0.6586122974616331,-0.680765157141863,0.967070401555868,-0.3993892187071983,1.259000883160477,-0.2828837419894327
680,1.1138475319451613,0.4279211299761781,-0.6506094389772639,0.7725661308208734,-0.4250215141407923,0.5593884082006471,-0.3567652468036947
688,1.0912307498409697,0.6782134959418142,-0.008292847820697979,0.8524787138001276,0.149444714992192,0.6106531482414157,0.2900747123383065
696,0.987193541601301,0.4686313304103241,0.11986893352532232,0.7032079313099883,0.12079684144153849,0.876023362680373,0.44386887755307314
704,0.8665706891890455,0.25301798110996004,-0.17414920920985782,0.49362576610243636,-0.2229782543814799,0.6362854801180668,0.2659501523514558
712,1.023380422640754,0.714400333249599,-0.055034198658073595,0.7167780004429278,-0.17774471673603612,0.5533573266343029,0.5554449850861551
720,1.2389937460260545,0.9104124664151453,0.005277216129229292,0.6097252199170878,0.08008660326858234,0.7840484165365378,0.556952751145066
728,1.1816978866801318,0.30277494391594645,-0.4681674078243933,0.4498999801006502,-0.19433037338024584,0.8956245635900908,0.10914045615265033
736,0.943467762726157,-0.09829601449237821,-0.9898611919200642,0.7273325317891246,-0.5426288128933281,0.5081237169125906,-0.46381800416794705
744,0.5137489346544379,0.053990308214041216,-1.001923471832505,0.7122546531895431,-0.48533292261129823,-0.09800609297751404,-0.5980109313820613
752,0.13680255534532285,0.16104307902173245,-0.6415627059218381,0.14381950076382907,-0.2139315569592655,-0.13419292996136042,-0.18789327360789296
760,0.42780511348467803,0.30579048915326995,-0.22541393467340382,0.22825551700208357,-0.004349367294373055,0.6589022516942643,0.14985067796672286
768,0.6569884966087085,0.2861892984476078,-0.4937997516867609,0.514734739549832,-0.2033770478028418,0.7327837129388264,-0.09290278060704364
776,0.12926361021464297,-0.2505823370368286,-1.2145212201781599,-0.10948845433276849,-0.6692827815333237,-0.012062285737100288,-0.5693629938535963
784,0.06744439324930955,-0.4375477625761043,-1.1647642738930255,-0.29494605226485787,-0.6617438812680974,-0.13871625907420115,-0.5648396695998299
792,0.272503225294792,-0.3832674614250358,-0.8767772311886719,0.01716550880027661,-0.4039125379399216,0.13871625698106138,-0.41406109319208656
800,-0.22506597792000865,-0.9456714550251245,-1.3487141138646617,-0.5648396589846216,-0.9723476544084859,-0.3633763253950452,-1.0141597585098499
808,-0.6261368862798683,-1.2381818347788076,-1.8221587826837362,-1.1317670038873235,-1.5362594237856346,-0.6950890849403616,-1.3564270312608184
816,0.14132588429619453,-0.6576844280317777,-1.4859226088298103,-0.2120178705984633,-1.0628148067966852,-0.0015077856509482718,-0.9402782144990556
824,0.3569392225826564,-0.5717406489739947,-1.277848186681551,0.5087036148996961,-0.5697689514831455,0.2879870054576802,-0.8437799471788682
832,-0.600504526544525,-1.1326368290582132,-1.5899597616760324,-0.5000048559657404,-0.6526971423817818,-0.6151765045526139,-1.2358041777147801
840,-0.8206411915142904,-1.1537458546596728,-1.3049883426020679,-1.4514174742879566,-0.595401280606321,-1.0418797671408666,-0.940278234583229
848,0.3448769881835452,-0.21741103848760132,-0.4365038771157382,-0.48794256827878024,-0.06918417727792765,-0.02714015251293456,-0.07179377492778831
856,1.2224080775580979,0.0554980684420636,-0.5209398883329485,1.1721292276084925,-0.05109072687808272,0.9287958566323671,-0.12456626952765981
864,0.837922768181433,-0.662207801200225,-1.3336363018343982,1.2098239127696058,-0.8230769130585086,0.4960614327889521,-0.8663967428884677
872,0.12172465860519717,-1.262306412582264,-1.6864580861713279,-0.059731573969075795,-1.524197145168947,-0.10102160825054558,-1.211679631171368
880,0.06593661471877421,-1.2728608971193789,-1.6517790215631893,-0.5030204608077087,-1.4503156669176247,0.3075882233741588,-1.0714556194754647
888,0.8032437215518695,-0.9532103956206683,-1.3969632542464752,0.6383731146856991,-0.794429003388736,1.0117241270578523,-0.6161043448529413
896,1.511902866075221,-0.4285010147814865,-0.9793067031717522,1.6802529252405252,-0.017919435779436593,1.3268511677628074,-0.07480933539021159
904,1.5646754026251002,-0.1736852732178657,-0.8104347358068398,1.5159043051289969,-0.03148950896160446,1.2107517186452608,-0.10948842931476509
912,1.1002774598967768,-0.5822951754611171,-1.288402701506896,0.8027217743176978,-0.7838744838662876,1.0268018765680267,-0.6794313202646365
920,1.3837411444958143,-0.6471298916645372,-1.4542590797408477,0.9791327156437978,-0.8200613234416404,1.4082716515593006,-0.688478032749981
928,2.0999392296147086,-0.2716913857998752,-0.8707461416858391,2.0300592011071275,-0.1340189182626264,1.7595856614149241,-0.3281173139723348
936,1.5526130940441207,-0.6667311181653802,-1.1451630898280984,1.9380842727798986,-0.4777940025858363,1.0298175092686876,-0.5573007100538963
944,0.5303345995590739,-1.278892052705622,-1.6351933817637707,0.6579743858900257,-1.157805284086528,0.4764602137386898,-0.8814746240795562
