-240,0.7030392456278721,-0.1503568457543747,-0.23190110350040696,1.2072195364162326,0.3586130813415443,0.3599468464930572,-0.801862420338382
-232,-0.6352574173882083,-0.3804996924579042,0.02503922594698182,-0.9066271374679417,-0.09852005365480486,-0.35412663776245157,-0.36206888830145945
-224,-0.9410637930895279,-0.5192159575091069,0.004547039854463505,-1.1667202095585776,-0.2829496651575283,-0.3951109796371701,-0.3904426219723336
-216,0.2537876919068241,-0.31429419428813515,0.04395511336103605,0.47265391923825884,0.2419653091892287,0.3757100976039688,-0.5165483059127115
-208,0.780278986775792,-0.1803069333057407,0.3844404359042022,0.9518554883755068,0.79367774596008,0.5128500622833937,-0.09882320987933363
-200,0.2979247303666559,0.03564912589410158,1.0118163300456704,-0.0774822537363928,0.7873723839468268,0.24960438216795433,0.6247081199556692
-192,-0.28531414732805893,-0.2764624416424366,0.35606665549786787,-1.1225832149555737,-0.21674415530389426,-0.17757858298197915,-0.021583530198704556
-184,-0.3767407401562571,-0.7982247978045074,-1.0232143366930784,-0.5156994997947053,-1.3343558939030538,0.01315623424113604,-1.3961355003717164
-176,1.2673622765480632,0.1475679021055151,-0.7694266509994132,1.9685826226222247,-0.8031356750590192,1.5122376690924788,-1.060379144644456
-168,2.2651735347259296,0.8852862123126435,-0.19879833087846113,2.5896531491625043,0.016551370712948047,1.8495704264516795,-0.3604925400089027
-160,0.5217623644072067,-0.4104497485136338,-0.9475508627279862,0.21098459808325226,-0.5745690503268387,0.027343058151069122,-1.1234319374238795
-152,-0.21280334133107706,-0.9984175938709111,-1.0137563893454267,0.18891602813858882,-0.39959737685854174,-0.6284065178458719,-1.3519984908675502
-144,1.7134610920284805,0.6204642680623411,0.501088278667702,2.9711229940876365,1.1735710969676716,0.7666377202067131,0.12501436421790935
-136,2.361329135348226,2.0501876287227425,1.7148555691217213,2.5423635246909484,1.854541844838149,1.4822875549560863,1.2977973603793271
-128,0.41614876936313616,1.66083622589004,1.178906377873846,-0.6622973586517291,1.0017520945154497,0.6373794372160949,0.8075615863634886
-120,-0.8811634806590483,0.6110063491623612,0.1700607984867337,-1.600208535536446,-0.0323145888433173,0.08251438649384284,-0.005820240988233446
-112,-0.4129961648291642,-0.16296729444806202,-0.24293537255558925,-0.5030889899723904,-0.7668802276957077,0.18497523923332845,-0.308473926877694
-104,-0.07093444319402861,-0.4845368796047735,-0.2870723095859262,0.2204424680464646,-0.8535779238111904,0.24802804505126866,-0.4093585065077546
-96,0.23644818140232904,-0.10464347999907662,-0.14362711700369835,0.6318623575127937,-0.30817077657976316,-0.01994649807994219,-0.10985745607478044
-88,0.06305281440173827,0.5511061151323094,0.0534130529194444,0.04704709715125226,-0.2230494301114881,-0.450282200285188,0.23062789271474918
-80,-1.0198798210627134,0.19643384811527043,-0.14677980884753314,-1.6364639365029603,-0.7022510608853574,-0.5259456073643861,0.08403006687734339
-72,-1.2421411025774232,-0.2811914778842064,-0.3233277049645052,-1.611242763782767,-0.5729927369165461,-0.2516657716457872,-0.11301012963082617
-64,0.02206851553718919,0.1475679461316728,0.21892677819343323,0.3386665253307335,0.577721724859797,0.1629066940110463,0.18018564328525224
-56,0.8590950293114755,0.8332676015520739,0.9802898726966625,1.240322295661,1.596025153551694,0.3820153966259498,0.8769196134803076
-48,0.08512130645396808,0.46598482843801053,0.8179288048922388,0.08645515812730255,1.3248979634494633,-0.3761951323546528,1.048738571906371
-40,-1.3367203852174792,-0.659508527842696,-0.16884825297898332,-1.448881697502325,0.01655138104216215,-1.5852334883350598,0.3630389014154776
-32,-1.940451403623902,-1.362547807050283,-0.7205606228639403,-2.019509999674152,-0.6470798243201904,-1.7917315791901596,0.02728248540624654
-24,-1.5668632717138822,-1.1087600832570577,-0.4052964178389393,-1.4425764186307786,-0.6250114159176606,-1.1612030577201113,0.3551572331038495
-16,-0.7708210515548717,-0.7430535890096867,-0.3343619882435233,-0.4337308573621239,-0.631316620791396,-0.6488986626215337,0.3110202855749673
-8,-0.7723973834222844,-0.6342873972860145,-0.6622367887725155,-0.9145087808878585,-0.4516160025202727,-0.4944192077573787,0.027282488792874083
0,-1.5511000791916265,-0.651626919982369,-0.5282494857959398,-2.170836759307846,0.1599966159572343,-1.13125298439258,0.20383042961332978
8,-1.2184962607086531,-0.6815770339494304,-0.21456156895085615,-1.1446516890586769,0.6281639468576109,-1.8579370560241737,0.5947581057247894
16,0.24275342725425772,-0.45143411104678144,-0.26185123626325074,1.141014074144716,0.3806815964228416,-1.227408470716197,0.5395869167417391
24,1.8316852421063439,0.6882461168953065,-0.39426217672343444,2.3232549329880965,-0.03704355091794407,1.058257158715408,0.4276680306342618
32,4.397936072317768,2.928198484879742,0.3355745340899365,4.746060629713942,0.729048563909906,3.964993429155304,1.015635820112185
40,6.4534589270116784,4.395753505222916,0.9992057611267048,7.581862328150734,1.7615389692486374,5.1645738719929986,1.445971516898827
48,5.898593846825767,4.176644850528792,0.31981132802117124,7.120000311512163,1.082144500922177,4.087946446651554,1.0755360389024122
56,3.6476072033515567,2.8399245352972735,-0.4037201176364937,3.8113021202893425,-0.04965409020391765,2.467488346999133,0.7161348734793443
64,-0.6116126420666713,0.1964339031479678,-0.8513953386434726,-1.6270060074430979,-0.6013665339173545,-1.0839633167415232,0.42924441279309417
72,-6.628430602277491,-3.6939267981732318,-1.6332506488722098,-7.743132149715991,-1.2571161639310056,-6.649953445549922,-0.37783202037241304
80,-10.266579920647443,-6.072595436627473,-2.063586319920484,-10.813805810853161,-1.4289351120278546,-10.100520529321857,-0.8270836001704935
88,-10.123134608347932,-5.889742202711634,-1.825561817266516,-10.4717440799048,-0.959191449429397,-10.010670210619075,-0.7104358649324182
96,-8.964538552935096,-4.828878044398253,-1.138285818294837,-9.349403423934497,-0.021280351453102444,-8.73857903205692,-0.06729679909645508
104,-7.667226263966696,-3.7995403695109107,-0.13416922993801672,-7.883424779823556,1.0600759734796894,-7.491709007927171,0.6184029377723388
112,-6.4219324767094585,-3.583584323688247,-0.05377682285396366,-6.464735692959615,0.7511170424156254,-6.746108995711469,0.2164410923418776
120,-5.534463709441723,-3.7853534304556415,-1.3700049668941257,-5.328208123164422,-0.6786063202767523,-6.794974963903633,-0.9547656122529944
128,-3.879326416570302,-2.7181839793855396,-1.426752563097052,-3.34677239465104,-0.8188988467535151,-5.442491406027774,-0.7419622884151508
136,-1.8395668007954435,-0.3111415601863004,0.5862095726432502,-2.0715284707363346,0.6533851449775114,-2.0266034071027605,1.3482396164127477
144,-0.5517124136245537,1.679752111780112,2.4163185423695963,-1.8145881702446127,1.9570027664955056,1.0708677413502146,3.222485551786433
152,1.011998212928851,2.5561866638400437,2.8892148546483756,0.38437990192323956,2.3967964055498583,2.3587221793205173,3.6086842534620773
160,2.3707870413790215,2.551457666205828,2.6117823614602105,3.0940759736536587,2.07365052984259,1.9015890309469887,3.362778145487754
168,1.615729213216818,2.29609373466509,2.602324359587856,1.9086824444715276,1.8529655874765418,0.7682140815377859,3.506223324015478
176,0.08039240889459581,2.0943245974180478,2.5156267141024546,-0.8546085607429788,1.7631152323675112,0.13926190124837684,3.3249463560971453
184,0.2947720471587215,2.2141249591380463,1.9686432836017203,-0.21304586673663406,1.301253145287087,0.05256428285599528,2.722791701392434
192,1.5148446298614666,2.3276200766994295,1.6912107546846356,2.0426697623492642,0.9465808518543529,0.2369938527032001,2.3807300510458074
200,2.321921129066211,2.8572640205713933,2.184599232058842,2.543939892964608,1.3185927047283494,1.2143129188619501,2.83943948099533
208,2.7223066764955344,4.130931502383957,2.786753977186509,2.247591518627649,2.11305853189132,2.398130132771142,3.410067761323408
216,2.6529485582784353,4.635354344654906,2.9065543900445827,2.1340963467108938,2.45669659538442,2.379214313428302,3.416373058482745
224,2.2052732861333806,3.965417821813452,2.6574956024182836,2.023753873241897,2.313251320337812,1.5201192923619615,3.0837693006204048
232,2.7049671311087757,4.1120156569640836,2.9223175732536117,2.9411728509955792,2.3715752177591716,1.513813991815998,3.5645473052558674
240,3.575096462547155,5.3336646182697045,3.8681102623264283,3.8270653439685702,2.969000941715561,2.175868923222268,4.644327259205701
248,3.622386061957667,5.771881896331646,4.202290403702251,3.1870788807388055,3.45293156199574,2.7464971940677896,5.003728456801732
256,3.6539125259105987,6.091875136751761,4.129779619379685,2.9395965450358648,4.0172545803854085,3.5661841738005196,4.759398702369237
264,4.744726828332028,6.991954480897036,4.550657439091197,4.334640812382779,4.704530573769151,3.6245080844297273,4.9438282645965295
272,5.009548664718241,7.461698220033276,5.2190175399809435,4.968321855857291,5.05605017755936,2.746497159524189,5.684699215170754
280,4.052721773645471,7.0660415483195775,5.490144814918192,3.9468657790090558,5.045015913245456,2.164834629783368,6.031489863998254
288,3.4647539482692964,6.758659034973936,5.419210394128009,3.010530912994662,5.237327160378851,2.3602984524299426,5.963708064610049
296,4.17409846452358,7.430171754387032,6.1585049567861345,3.5449038150466308,6.416415410181441,3.0964404499041036,6.543794294825752
304,5.923814970947856,8.755857902162193,7.6497047932597075,5.74702457685701,7.715304064375537,4.138388790059964,7.89943050475257
312,6.882218238930188,9.3390967776556,8.277080635924435,7.123152908869089,7.824070157040353,4.220357438588476,8.50473778407656
320,5.5013609836203665,8.089074041362252,7.4069513474962285,5.165362031876364,6.435331225629661,3.3250070392460263,7.941991178325373
328,2.750680456055212,5.7813398528231925,5.78176424394433,1.8992244930599227,4.479116692018883,1.799128125714776,6.564286486506205
336,2.337684311767246,5.120861223651345,5.537434448533644,2.0757725034755743,3.988880779828641,1.2048550543173417,6.3735516509952985
344,4.817237503266522,6.8437803308121286,7.318677423821461,5.579934466206892,5.746478898007864,2.4217750481297298,8.191049907532344
352,6.2138580894423345,8.010257989005346,8.270775362810156,6.577745756896383,6.982314697955247,3.266683129124813,8.873596972199742
360,4.330154324575634,6.536397692838592,6.80794931317751,3.7056885970417754,5.776428977939318,2.2783297952655306,7.377668183642098
368,2.210002313400587,4.532893435866733,5.2915283766269035,1.669081673618745,4.42394544969645,0.672058433333373,5.908536858693862
376,1.8411431239227538,3.5145899634873428,4.620015549857716,2.268083669668572,4.040899310834132,-0.4628928215275492,5.279584710746746
384,1.4848945810869856,2.38436767222503,3.7624968227285596,2.3311365345831625,3.416676152562658,-1.6136072824572347,4.37319997326191
392,0.11980038689827169,1.763297138742164,3.5733382488125485,0.29452958846972743,3.0824960359092155,-2.378123048315203,4.258128521801137
400,-0.20807437383784722,2.467912681915283,4.776071349458469,-0.5251574506983158,4.031441465931964,-1.6939996255340275,5.435640547939062
408,0.5217622892240756,2.4679127393186198,4.701984174002509,0.8352077395909213,4.163852415028047,-0.8002255140328327,5.259092505011787
416,-0.6825471002790898,0.38874507594488894,2.85453576522951,-0.24457229733128488,2.6095997549567396,-2.3292570670845207,3.403762459930789
424,-3.1841687343858327,-1.3089528805087811,1.8803692803412049,-3.269532623023471,1.5203618372341134,-4.649601826235859,2.6408230423653767
432,-3.0958947864966793,-0.881769811728045,2.21454934450192,-3.0267791958864447,1.8372023113045872,-4.143602706960865,2.984461063864296
440,-1.1980041325274677,-0.3221758258548548,2.053764631255315,-0.5976682187650695,1.9223236802939354,-2.0581298253362204,2.8835764654384524
448,-0.7566341822641299,-1.0598941155728867,1.2293486386485453,-0.1231955131515862,1.1893342830553342,-1.6876943783274485,1.742319927472699
456,-1.8490247337499284,-2.2689324554668127,0.12434746558172347,-1.2250440700656995,0.31289974928319064,-2.8100349821436876,0.45761811547632614
464,-2.648219567521676,-2.9719717052107386,-0.8041057070599987,-2.1881762479685927,-0.35546040477661,-3.4610556473734064,-0.31950814394814375
472,-2.5757088070748355,-2.9215294474840054,-1.176117462229791,-2.2685687122866516,-0.785796082090143,-3.287660287654066,-0.6804857491027123
480,-1.8915854452529575,-2.639367904338231,-1.4204472987880026,-1.5355793561955742,-1.1310104611948442,-2.5940790716167936,-0.9200865258820929
488,-1.14125658780128,-2.4123777051137156,-1.5780793432198414,-0.8546085798774253,-1.3012531466808142,-1.9651268611863986,-1.2148586056045398
496,-0.9536743357621288,-2.175929498767571,-1.5181792104499527,-0.7805215138095345,-1.1735711472981663,-1.6908469909241988,-1.279487758360386
504,-0.345214362562328,-1.2648158786245263,-0.7394764858942771,0.3575824195180426,-0.4910240612950149,-0.9862314955025286,-0.5717195551777327
512,0.9410637298247199,-0.2591229492563994,0.3497614231924496,2.799303962341087,0.36807101768265654,-0.22329198463552846,0.3724968142195284
520,1.0009640031396507,-0.016369508911523546,0.9109317395784015,2.5991111156446016,0.7999830085758152,-0.45185857567076454,0.8406642033698987
528,0.001576339604554762,0.19801018844925222,1.3002830773878562,-0.12792449842461162,1.0963314086511422,-0.5795405237460056,1.234744556085369
536,0.928453096898494,1.2557217402618144,2.0332724710704984,0.6224043082276524,1.6685359802071034,0.7398402620159032,1.8983757565371113
544,3.3890905494873347,2.132156292321746,2.230312600692773,4.485967614857312,1.821439139102097,2.1427661834506107,1.9015284331411222
552,3.7106600515023414,1.6166993098567934,1.27033293209449,5.029798424125396,1.0600760320683458,1.7471095776068168,0.6073687169765987
560,2.1532547155043464,0.9026257676899534,0.21104514510273067,2.7126063221049583,0.8252041685961551,0.3646758661403521,-0.49132722683276886
568,1.4785892713971278,1.0980896240334719,0.584633278198071,1.7400160707025356,1.5156327964203966,0.3646757921425404,-0.05153357152260441
576,1.6236107784056373,1.4921698328172717,1.37594653560513,1.7163713353432042,1.7174019507699079,1.2411104253122016,0.9399724462219363
584,2.222612870297024,2.1463431004838607,1.724313481417778,2.8875779510391024,1.4478509591019653,1.8101623647983052,1.2189812580696666
592,3.6381492344988193,3.399518463597795,2.11681744130654,4.941524457440457,1.9617317180715865,2.486404165664649,1.3450869887455044
600,3.475788188876806,3.155188722542481,1.7006686827285096,4.1580927658995455,2.1430086753220405,2.161681973668453,0.6767268731239273
608,1.215343650717002,1.336114135831334,0.2772506326046234,1.2214065081524579,1.178300076991424,0.5491053811241902,-0.8365415119585567
616,0.1339872445051489,0.27840258791339256,-0.31859874983246517,0.2582742252641106,0.5288557903645758,-0.2027997709419971,-1.4024408396945651
624,0.40196191175625917,0.44076371261315844,-0.036437330806589,0.7327468871900983,0.8378147270165744,0.20704371333643207,-1.1250083056975397
632,0.27270357779689647,0.17751800320339095,-0.12786392380411807,0.7831891000440172,0.9323939959407895,0.0746327364700035,-1.3141668469325969
640,0.4051145693951553,-0.3883812568000671,-0.525096853726081,1.0716559393331406,0.38541055409485236,-0.02309919364906663,-1.7255866412346905
648,1.008845536155509,-0.5428607810900868,-1.161930590737741,1.498838977464898,-0.17418346344330501,0.5364948369276067,-2.1448880869152767
656,1.4770129933770926,-0.6484742775832963,-1.8492066599819414,2.094688326035711,-0.7589986597975862,0.952643587039067,-2.9204381458734816
664,1.9010432898815908,-0.40729712609566443,-1.850782958660404,2.942749118009074,-0.9182070657298279,1.2978579617411523,-3.074917657971643
672,1.850601078382322,0.06875187751895599,-1.3510891289248332,2.4525132701647556,-0.49575298933403433,1.430268956726039,-2.6634978047422275
680,1.3666704784219081,0.19643385234855398,-1.2659678156455074,1.1678115795789794,-0.18837037845351856,1.2773657976617132,-2.4569997379321835
688,1.8127693209953448,0.5069691438970337,-0.7978004132872901,1.8881903344087982,0.224625747038664,1.2048550920782386,-1.943119001822298
696,2.45117945896162,0.7765200898455039,-0.07426896983093273,3.2595896931703807,0.2230494554721189,1.4791348692081812,-1.0020552978531772
704,1.2705148772916182,-0.31271788849775417,-0.766273969992787,2.119909498925236,-0.7495407163445552,0.935304108707534,-1.5900230521101717
712,-0.6730891996668977,-1.871699503701102,-2.0635863056966475,-0.6008207924156029,-1.5834146620562437,0.019461522595240265,-2.627242460163062
720,-1.199580426125989,-2.05455278062711,-1.921717429572677,-1.4362711023369974,-1.4242062283536563,-0.035709773913234516,-2.346657228903598
728,0.26482191134791294,-0.894380403168083,-0.6448972721720908,0.8273261764340787,-0.45161600692288867,0.4797472778082515,-0.9421550236915895
736,1.357212517697078,0.11919411340194315,0.2315373532083278,2.329560397446834,0.4453107833836258,0.4892052000948597,-0.2627605472372233
744,0.4492514959269469,-0.08572759664897565,0.048684032764155644,0.4568907417864967,0.6927931236585119,-0.08615201978677253,-0.8696442640914054
752,-0.33102750224614896,-0.6800007450921867,-0.8009530661849081,-0.40220431721007316,0.3586130420566649,-0.3777714655767166,-1.887947807420644
760,0.8118053799482077,-0.8754645563935589,-1.5560108247519162,1.8787324204194282,0.035467212915524744,0.14083820331346722,-2.5831054711479933
768,1.491199790532668,-0.7998011218826778,-1.6001478965700293,2.6385191170160067,-0.21989679905761797,0.6216161593508257,-2.5941396963463488
776,0.9993876001530594,-0.5933030117238012,-1.0610460651243898,1.4011071228676222,0.00551711520427583,0.13138030236261267,-2.0329692204502394
784,0.578509827854333,-0.04159060966588234,-0.15150868540981455,1.0795374328947878,0.7968303411156981,-0.1255600431712565,-1.2810640516202458
792,-0.49023591816894246,-0.2654281951083275,0.028191906953608334,-0.09166913657364524,1.0395838082149316,-0.4266374430821072,-1.0178184429626476
800,-2.3865502294335332,-1.617911784987819,-0.46362029036858754,-2.388369118710133,0.16787820840840573,-1.3535143280519055,-1.2558429789748957
808,-2.7538331112583396,-2.1979979920051216,-0.71425537921332,-2.3032477483661338,-0.41220800199552377,-2.097537836359514,-1.102939785197637
816,-1.7954299006793462,-2.0750449709529124,-1.2423229908792095,-0.9318482565100897,-1.1940632985084205,-2.5121103120068993,-1.5616492879596522
824,-1.901043325714715,-2.286272019988017,-2.109299630643084,-1.2077045455066997,-1.949121125315974,-2.7722033016331546,-2.5578842770920462
832,-2.676593379254317,-2.4738542242757195,-1.995804512912368,-2.11408917309547,-1.736317751017379,-2.7832375288634865,-2.682413594113416
840,-2.274631498941591,-1.9930762844941727,-1.1713885631464374,-1.6553798687898302,-1.0080573678381375,-2.436446922199501,-1.9982901701469202
848,-1.52272629353602,-1.2632395846873417,-0.7836135274020737,-1.185636078346181,-0.16157292381866817,-2.315070201180407,-1.6972129561619218
856,-1.3729758059957649,-0.8502434017918222,-0.4084490907176608,-1.439423800954087,0.5272794427493444,-2.233101440893187,-1.3630328103834828
864,-1.6614424864520567,-0.9148726143216449,-0.0001818776860099327,-1.5024765940721743,0.7195907281516313,-2.0865035855921197,-0.8396941108394649
872,-2.258868246984023,-2.043518507677306,-0.4320938804323646,-1.7137036449699237,0.011822406945007862,-2.6602845088272655,-1.0320053376530955
880,-2.586743096449783,-2.834831794209362,-0.6921869254299812,-2.1093601673333473,-0.2183204588929671,-3.1773178316262003,-1.0619553893062095
888,-1.9814357421119935,-2.075044960115705,0.04868413080702305,-1.8035539518195123,0.6250113735457401,-2.5830447739446076,-0.3305424683746866
896,-1.8332614872109645,-1.3247161278944026,0.2867085540445744,-2.030544151213359,0.6912168637569344,-1.8784291345912687,-0.18552086823391967
904,-2.832649215430646,-2.141250478097245,-0.7158316719651849,-3.0992898576130923,-0.26088109978481194,-2.2646279341404463,-0.8964416868919575
912,-2.9729418042213562,-2.975124318484816,-1.2502046061901153,-2.7304307609288525,-0.6171297210210063,-2.9361407570150146,-1.4118987606265223
920,-2.383397647316431,-2.9814296378265612,-1.434634119141977,-1.9312359034507118,-0.7952540456936074,-3.0496358137864323,-1.645194311535076
928,-2.7617147016775356,-3.788506041697741,-2.7666255298715368,-2.5554591641676696,-2.0768031971724503,-3.8535596555216114,-2.8684195130998322
936,-3.1715582291354654,-4.9943918084491274,-3.975663881110667,-2.7792967612939803,-3.024172197623581,-4.362711457496548,-4.16257918066625
944,-2.5646746125254594,-4.385931813066917,-3.4081882284498306,-2.1440393265167423,-2.098871662978316,-3.2703208757004334,-3.648698511103596
