-240,-0.09914654254531266,-0.2860705375043689,0.01321105730648218,-0.11978885023803511,0.12804574484599163,0.06904056875014694,-0.18673343694472053
-232,0.05773491899554563,-0.3983647038975924,0.14201904408251634,0.0040649070298715536,0.5260293407522605,0.09381128752761049,0.0031757467859613426
-224,0.12213888737089923,-0.17212503311998711,0.3748641837279111,0.1295701615894453,0.7473148226451414,0.18794022246021716,0.1270295366945065
-216,-0.09749517297788426,0.08383948890826634,0.2922949748448073,-0.1197888599947476,0.5144696656150587,0.192894361319614,0.04776311200453236
-208,-0.18336718024569956,0.1465921205342253,-0.019816621599016152,-0.43024910567498914,-0.022230160016661903,-0.17866707989611652,-0.15040298945683275
-200,0.019753090054779265,0.20108779558004475,-0.06770674528847463,-0.3063952542104563,-0.1972768650809813,-0.284355617943646,-0.10416422788422187
-192,0.5894806064774486,0.23081269987173134,-0.08587198561883022,0.3459014663056576,-0.07507447915445081,0.052526742513308564,0.06427697034982531
-184,1.106363848288417,0.39429970531836966,0.044587358484392686,1.1286575270223094,-0.01727600146644495,0.6437221601700938,0.1617086115992549
-176,1.0716847423395832,0.7146682312009316,0.10238580672486576,1.2227864266533555,0.06199042694881942,0.711428963296088,0.19969044355573237
-168,0.5267279987997842,0.5445756199377361,-0.001651394573268934,0.755444702224963,0.15281654983731646,0.361335553522239,0.09730463949861108
-160,-0.04299950644701405,-0.18698749919132013,-0.3038546712557365,0.18241439291682016,-0.022230193366879994,0.026104588709744542,-0.35682599924695796
-152,-0.4426344327164654,-0.8789174105876537,-0.3666072652740026,-0.07520150843557398,0.033916903223037226,-0.2579334723002417,-0.39315644425131896
-144,-0.5235522644041657,-1.0473586068703584,-0.028073529395591927,-0.14621097175574954,0.4583226183408891,-0.6030727483591426,-0.18508205354049975
-136,-0.4294234032677857,-0.6625860835196995,0.0825691948757394,-0.12969720051129244,0.6168554780097344,-0.7335321361014808,-0.15865989849517223
-128,-0.3749276865341939,-0.23983176440109716,0.1337621011617746,-0.21887191728903724,0.4418087761385209,-0.546925756964328,-0.08434763093625679
-120,-0.4707079722303826,-0.09616134774226434,0.3765155736957387,-0.5194237961983071,0.4484142866940834,-0.2001350352356396,0.12702955496616847
-112,-0.6721768374844783,-0.24313453298348678,0.3220198942150498,-0.9735544478936949,0.13134856735639305,-0.005271737658224381,0.26409442789661564
-104,-0.6110756399976465,-0.2348776042543273,0.09247750967004147,-1.0462153815415318,-0.14938674352026027,0.17968330295558593,0.15675444471148348
-96,-0.2576794501107474,0.10695882800679951,0.14036766121047983,-0.35263403547388716,-0.0024135795664109675,0.38445492100393625,0.027946520023621017
-88,0.1931484140210101,0.3563178492362027,0.16183565770559047,0.2534239690600733,0.268413461751608,0.5050059588278062,0.14519479689307685
-80,0.2014053714881233,0.18787666200063174,-0.05119290752097584,0.1758088814742836,-0.18076305498706763,0.10702238296714685,0.09235046409589029
-72,-0.25272528907700326,-0.4792824703040143,-0.3154143818718938,-0.20731222583151562,-0.6514075095031836,-0.38013592812031394,-0.2048986572294663
-64,-0.6011673026742079,-0.7319442610027809,-0.40293768579788486,-0.38401030010847365,-0.5523244843173487,-0.40820942913956465,-0.21150419279769234
-56,-0.3930929046902028,-0.08129893630852196,-0.07100948264938327,-0.2667620571214199,-0.08168001596444026,-0.13242829047252608,0.11877262002819178
-48,0.0445238467947254,0.6601725389478182,0.31211160124030546,-0.045476562101325634,0.18419284320985657,0.14170147827229432,0.3235442451723329
-40,0.1270930475176693,0.5825574935819857,0.14862456634613425,-0.04382518206760552,-0.15268950518425364,0.16812363225325302,0.3037276682699774
-32,0.18819428704706342,0.22255576706249233,-0.008256953380210348,-0.08180701916853159,-0.3838832869702752,0.14665558768415815,0.054368636042097976
-24,0.30709390776170487,0.2060419378099421,-0.10733996543883195,0.06516615791253136,-0.23195597723863276,0.31509679940020846,-0.11572392519577097
-16,0.45241575394740075,0.19283085957769913,-0.07431228883946568,0.40700268170936205,-0.09489110093768464,0.12353624237680842,-0.12067808002069749
-8,0.4276449553422876,0.13503240849890977,-0.013211046826544887,0.691040760104036,0.017403045764718305,-0.13573108176144694,-0.05131994404799341
0,0.2691120481316422,-0.03506015149719546,0.02642219195026389,0.7653530487729293,0.2865786749405628,-0.3520623902029496,0.0031757325943791307
8,-0.13052284514238122,-0.6014848814206027,-0.163487009874685,0.4070026769197036,0.019054433426413775,-0.4742648328958085,-0.16691682349904108
16,0.08250569347496864,-0.28276776218097704,-0.1469731705106332,0.5490216706152801,-0.210487956263043,0.2639038681015099,0.05271724394553305
24,1.8065506609177187,1.4346716957705798,0.5598192057152697,2.063340935433086,0.39887276416705864,1.941710081954415,0.967584047248185
32,3.3852738369897613,3.313946754477182,1.6315675028446288,3.4983936842026084,1.3583269412032308,3.29419367967153,1.8807994985454912
40,4.011148456920743,4.507897435226939,2.579461933963082,4.3472051722690095,2.4218182884934514,4.05217900351645,2.5776835532360898
48,4.3926181215724664,5.014872406060114,3.078179983162891,4.793078867739048,2.9882430567341296,4.309794921011768,2.7642899570311164
56,3.21848412043664,3.820921696572405,2.7214809934721216,3.6090365184587005,2.6711773129159604,2.6336400229756753,2.1962138373172766
64,-0.059513362486174275,1.0449450695716638,1.586980124676239,0.4119567872185412,1.6687871375677248,-0.7335320869631273,1.2251999643887146
72,-4.214395726461222,-2.3585575593451207,-0.02311939018140562,-3.4489792041453238,0.26180789531669113,-4.404558987196385,-0.1437974530016327
80,-8.560838707064317,-6.118759194627787,-1.9568901569292543,-7.547714485899431,-1.4457232301010858,-7.897236364821975,-1.668024970880358
88,-11.627458879553572,-9.27620556646269,-3.6214853500258264,-10.51525183915819,-3.0211437028720156,-10.450276083596076,-3.1063805341775157
96,-11.483788523563753,-9.723730709908647,-4.164790681068659,-10.649013837778963,-3.3316038800778736,-10.319816774971809,-3.506015451932019
104,-9.109098205172318,-7.789959880185653,-3.018730109816779,-8.647536419222861,-2.2796722471291,-8.182925812961471,-2.657204040145371
112,-6.59404021174043,-4.936368187418678,-0.9974359841505573,-6.39174563817052,-0.5870035193082721,-5.978328049066905,-1.0173796497339944
120,-4.3382495406728525,-2.2033275140265167,0.6489939505213891,-4.172285479339923,0.8794255341870552,-4.016483718856841,0.27730551216028104
128,-1.9470453869974442,0.278702812207924,2.006431681776058,-1.6886037856667901,1.9891556614989439,-1.9803270863184896,1.339145500171971
136,0.7480134450363152,2.80532050330615,3.4646038313774943,0.8215000974662579,3.1930146728311373,0.12849038744502245,2.4620866590612756
144,3.393530779733107,5.556526376405261,5.139107355233896,3.1978417925209137,4.586782843236139,2.6303372770998177,4.080443078877177
152,5.345466797277605,7.729747889147244,6.2108556144007725,5.001153197603459,5.333208453981377,4.643374526013548,5.158796901108469
160,6.775565459341793,9.176360334873525,6.673243196421871,6.371802008864317,5.59908131528441,5.672186787223149,5.6162303238697735
168,7.824194380651899,10.287741831043265,6.958932605179728,7.4187795652192605,5.8220181584071655,6.70265044585116,6.136416297010229
176,8.702730675088072,10.796368187764187,6.886271684304314,8.265939549430385,5.817064011210213,7.505223172877134,6.070360931571257
184,9.250990193951262,10.497467637621549,6.250488832954575,8.845575481584984,5.359630600511754,7.7000864534246505,5.498982033873104
192,9.502000623597548,10.130860369502406,5.626265623924004,9.11475103838376,5.05742733873045,8.000638418547782,5.124117846781514
200,9.531725478573488,10.094529860103743,5.358741366799116,9.192366068671037,4.808068323532468,8.225226616159409,4.982098786562896
208,9.302183078949923,9.75104204390621,4.888096937295662,8.98594308549013,4.413387529026621,7.954399581050207,4.622097061817351
216,8.545849193501605,8.426631952175397,4.103689470468259,8.40630722198731,3.7346686586096287,6.852926442072125,3.7600745402221927
224,7.100888129228203,6.8297434979879155,3.39029157871974,7.4055684974533085,3.2177854512132447,5.424479165008707,3.056584959542686
232,5.865652843859497,5.637444198336247,2.666985343438965,6.4576740124068435,2.733929890436513,4.28997831572625,2.430710366043525
240,5.020144131116486,4.86624783617291,1.9568901721988525,5.716202535553949,2.190624531187909,3.78960890387741,1.7585970581587642
248,4.224176984362223,4.035601623383634,1.4234931075215451,5.060603112978486,1.6638330123677245,3.2033675541221114,1.0897864853287793
256,3.525641530301871,3.1025696581591196,1.0469774985310691,4.296012269353475,1.2856660217469755,2.263730014302519,0.6356558684027674
264,2.9493085105968255,2.1381613280719685,0.4987179752330095,3.544632434599348,0.89263664701128,1.665928977169779,0.4473980790747827
272,2.7924269926444287,1.4511855498583972,0.021467995437564936,3.0905018185603104,0.1775872978849179,1.6989566259181648,0.26409441725292915
280,3.1012358087978074,1.523846404742954,0.1618356342894798,3.296924830301779,-0.015624632431201132,1.9516184772859455,0.48372851787032645
288,3.5206874031505295,1.8987106214594711,0.5763330519977178,3.779128938135539,0.5474973301515799,1.982994781479567,0.9741895782041461
296,3.4546320602406944,1.7765081950869324,0.3088088111931479,3.9277535844798943,0.417037968841064,1.996205821217143,0.9279508553035966
304,3.127657992935879,1.1968723409860342,-0.10238584573807076,3.8451843495197586,-0.06516612373674513,2.184463566196434,0.4672146639599031
312,3.251511804131797,0.9078801572595758,0.14367043014765885,4.068121205769726,0.4665795587781039,2.2885007988934443,0.397856508296379
320,3.675917481641956,1.360359428389059,0.7117465621017384,4.53216023363801,1.3005284810773072,2.709603669858732,0.8833634553156491
328,4.174635455094195,1.7500860792458495,0.7051409848457401,4.878950799081899,1.3038312469987754,3.520433258026457,0.7958400951555139
336,4.508215102138538,1.39008430571674,0.41284601940967874,5.116750141094021,1.1023624333665596,4.22227161265091,0.5547380404403578
344,4.8517029511541025,1.224945903738667,0.5482595208213554,5.559321070465195,1.293922924576498,4.623557948933798,0.7132709258314454
352,5.0151898854654355,1.1192573502577925,0.7200035060868488,5.823542581891623,1.4574100054159163,4.570713647535486,0.8503357540584089
360,5.17372286469836,1.0911837733135772,0.729911774581114,5.845010470353314,1.2311703660371869,4.658236992971855,1.1013461372272653
368,5.6823491756514315,1.451185549681003,0.9726652348748385,6.056387716037779,1.0792430158595354,5.117321692345725,1.4382285248256212
376,6.073727233860738,1.9036647949108494,1.383859884887661,6.218223289296633,1.4706210614738122,5.670535420316644,1.7453859558008316
384,5.778129499664892,1.8012789358613475,1.459823536915166,5.8251938123815465,1.6572274698811031,5.817508605025681,1.8180469063011724
392,4.891336191350069,0.8550358833574551,1.1956020870447266,5.106841799513108,1.4574099802258582,5.36998349599431,1.6116238534041163
400,4.042524741955728,-0.14900572187243405,0.7711963747651912,4.150690478514949,0.9884169002442242,4.605392595070787,1.145933521959262
408,3.4942652880190272,-0.8690091236443319,0.10568859606244414,3.419127200794963,0.5293321265419434,3.9547472427029424,0.5943712474635012
416,3.1887591373816724,-1.1167167180077944,-0.3385337168903463,2.999675752260747,0.17428453657571413,3.6872230412800113,0.2839110546469031
424,3.0715108800256425,-0.9895601852391013,-0.3781669597472349,2.8593080797038235,-0.10810215078676387,3.4130932790987973,0.17491969000889251
432,2.845271250758416,-1.1811206677566957,-0.47559859780355834,2.6627933082508517,-0.2369100871826813,3.000247253664519,0.0840935696039226
440,2.5694901599879665,-1.6517651999717216,-0.7282603854866141,2.164075394225863,-0.42186511733019993,2.6699705774326126,-0.03810884594753557
448,2.372975414789421,-1.8086466836869266,-0.6374342682747502,1.9312302497908092,-0.4813149473783411,2.5824471656505974,-0.00012704397077530535
456,2.5166458637341034,-1.3479105122114485,-0.3137629573120845,2.202057203475809,-0.2550753092413751,2.727768890498266,0.24758058640382666
464,2.9394001507442513,-0.7996510211992387,-0.25101038795169217,2.613251881517006,-0.19232273047905948,3.3899740134417016,0.48207712045191853
472,3.7023396356229172,-0.2794650150633566,-0.34513929929079346,3.361328837526588,-0.4614983264820808,4.574016339838122,0.5596921777032015
480,4.930969387729526,0.27209728107456715,-0.30880883388603303,4.390141109557271,-0.46645251110932956,5.8406279512200046,0.4771229415013019
488,6.194278251638998,0.9458619879742901,0.06605539329677512,5.503174008112471,0.09832088153249857,7.065954874962188,0.7496013451135638
496,7.031529972855099,1.3240289755793282,0.37981837154826636,6.533637718894546,0.5441945686649817,7.785958543181039,1.0105200434315116
504,7.69868910870764,1.5965073456639773,0.5135804844112731,7.276760442557683,0.651534559832879,8.274768012913539,1.2730901356199724
512,8.50126186801946,1.9251327768595883,0.8141323711259135,7.826671427313663,0.7126357647702918,9.102111544576049,1.7057527876271439
520,9.269155344697255,2.2521068042505794,0.9214723408290427,8.543372175454987,0.6069471756330669,9.853491312629739,1.8411662264184643
528,9.89172715151976,2.7739442150780578,1.0271609014057086,9.278238033896294,0.6928191630326676,10.418264674050087,1.9286895569536722
536,10.279802472722945,3.2214692948392902,1.4102820163394831,9.57383572693655,1.1155734796677426,10.665972354450016,2.034378177134983
544,10.056865653548485,3.325506438129333,1.669549365667797,9.177503536786244,1.4805293924110388,10.52725607558621,2.1846541330873315
552,9.397963271513854,3.371745221876291,1.595236986527567,8.447591841684815,1.2675008298453943,10.226704122171135,2.125204305522718
560,8.833190022384398,3.3155982200151843,1.454869401603664,7.844836631455487,0.8199757279098145,9.840280232623547,1.999699133983899
568,8.544197731156707,3.0332115317657324,1.4152361834046494,7.3048340551582465,0.70933300204193,9.292020683780642,1.8923591662321122
576,7.79281796984402,2.584035023009821,1.1658771910905945,6.764831469636481,0.7010760348181039,8.614953163417649,1.647954321647193
584,6.978685634913463,2.0787114916376144,1.0453261142398742,6.157122152833604,0.631717933437381,7.82063751980908,1.459696525046022
592,6.437031678050322,2.078711453852527,1.1212898049394397,5.600605700451594,0.5408918511722877,7.069257765414787,1.4910728407703044
600,5.984552475040433,2.2388957473057096,1.08826217091482,5.110144508490851,0.5260293666518978,6.359162489156965,1.529054658003015
608,5.388402745209553,1.8722885128915747,0.5581678239076018,4.667573630564161,0.15281655799747634,5.584663383956085,1.14263074734545
616,4.982162341557362,1.482561824249697,0.35174481181134454,4.345553811216529,-0.03213843401016567,5.005027564979353,0.7727207092247601
624,4.457022059968103,1.3388914240885783,0.7431228457175659,3.9657353731520453,0.28492725783133466,4.560805271894777,0.8965745592701346
632,3.854266996266859,1.3917356900079345,0.9611055395146321,3.4802284885757366,0.5161210548733072,3.9597015156727893,1.1409793921469988
640,3.347292013903022,1.2199917129026008,0.7315631693386005,2.847748363588429,0.35263402459140003,3.2578632215399543,1.0534560428079451
648,2.769307604762333,0.9623758750575362,0.5003693852464467,2.1227907104888466,0.05043073212079759,2.747585518135529,0.7727207418653992
656,2.2359104849152516,0.6337503755649365,0.19486332029076936,1.515081382155309,-0.18076302429777116,2.1596927335315246,0.34005811895097127
664,1.6859996199007439,0.18127116545925612,-0.19156054087365296,1.2244376956379455,-0.34259866762756197,1.646112339421015,-0.14544882664914102
672,1.0535194840923556,-0.09616132468094378,-0.28899221653766916,0.7868209468139398,-0.4532413938502363,1.0169350124636305,-0.37003705530485365
680,0.008193372697621125,-0.4776310918668468,-0.2014688418311624,-0.08510982021416492,-0.507737100294931,0.08390312369626304,-0.39976197112720097
688,-1.0552980311815339,-1.3776354026663438,-0.6060579887390024,-1.0908026924773015,-0.9486566370373568,-1.1496810081718496,-0.6871028269740032
696,-1.5375021858475157,-1.8846103722577552,-1.0486289312373913,-1.6588788066919034,-1.2888417494015922,-1.8944551473476625,-0.9265535114121523
704,-1.5556673215149526,-1.7095636579689084,-0.7744991177890869,-1.812457606974212,-1.1170978347392198,-1.8911523331748157,-0.7052680350185097
712,-1.7951179777473332,-1.6765359998185982,-0.4508278437245349,-2.0519083087970484,-0.9024178754647464,-1.7095001556948106,-0.3716884429665493
720,-2.5035618915335167,-2.2231440770920794,-0.7117465516218008,-2.7372326691918096,-0.9123262138525535,-1.9357397315662102,-0.6838000523601908
728,-2.7727374341407103,-2.5005765897614163,-1.10147319165751,-3.021270723460793,-1.0427855152036356,-2.3948245659375043,-1.0751780970874933
736,-2.381359342226398,-2.221492705928098,-1.2005562828342011,-2.6331954423488275,-1.0097578297345302,-2.4757423610818807,-1.0652697799870596
744,-2.1303490360468746,-2.049748746030058,-1.0783538023562542,-2.4928278137858095,-0.895812354975076,-2.3997787528708856,-0.9017827294821488
752,-2.529983944044664,-2.190116406878925,-1.2335839330017453,-2.844572519863043,-1.1765476692222303,-2.550054667667646,-1.0603156377571623
760,-2.5712685937218844,-2.2231440398391764,-1.466429110254833,-2.8594350664716033,-1.3961817563576249,-2.7729914877290813,-1.3113260221677816
768,-2.036220106081321,-1.942408750427291,-1.4119334180017205,-2.3970475165589598,-1.2161808530066585,-2.3337233386483502,-1.16765556914302
776,-1.6200713670570346,-1.6335999399505459,-1.002390160085463,-1.8669532488472076,-0.8792985225294204,-1.7722527005747235,-0.8737092217218961
784,-1.1626379297493576,-1.0721293456934315,-0.4574333910008162,-1.3170424068940207,-0.36571806366981824,-1.3082138343130818,-0.3964592341210816
792,-0.6408005554652033,-0.6328612375908937,-0.06275256740222696,-0.9669489031009407,0.04877937000394973,-0.921789888353957,0.02134096015231061
800,-0.47235940388598235,-0.4891907921941078,0.2196340750793725,-0.8728199855530223,0.11483472107394507,-1.078671382712849,0.13033229853589443
808,-0.4855705349818689,-0.46442003243845065,0.3616531402650442,-0.8249298609765893,0.34602847784730345,-1.4601411561075701,0.1286809493688654
816,-0.668874056661849,0.021086889745551535,0.6688106065418149,-0.8695171687192533,0.757223124844414,-1.641793355761922,0.23932365501374545
824,-1.0800687506685758,0.537970136700969,1.0189039652259686,-1.2311704051254426,1.0478667182295203,-1.7540875345727795,0.38299407983273825
832,-1.453281552936787,0.531364594923926,0.9858763022860001,-1.6440164197386409,1.0941054856561592,-1.7739041533403022,0.3598747024169336
840,-1.7505306618445082,-0.07469339754719011,0.6407370466274984,-1.8834670005782408,0.7043788507648985,-1.9605105940334422,0.04446033455240439
848,-2.316955377576334,-0.8954312630789186,0.21467993604258093,-2.245120220131927,0.2799731461133386,-2.459228458920078,-0.28416508972481064
856,-2.817324748801771,-1.5262600479463306,0.08422057260332735,-2.659617620455477,0.15281652695339035,-3.043818505098806,-0.4773770514398048
864,-2.921362032056292,-1.4816725904824755,0.2130285448329899,-2.6067733366192485,0.5590570122071785,-3.2766636429702527,-0.40141336978737235
872,-2.886682970633546,-1.1778179582467667,0.3484420357783745,-2.572094298080429,0.7341037777631164,-3.228773530456665,-0.31058722951418744
880,-3.1822806631416194,-1.3099286456629913,0.21467992202839362,-2.7950310674069563,0.4385059951384972,-3.471526918550715,-0.4261841235116071
888,-3.6430168466799437,-1.835068801479352,-0.11229411281317805,-3.1038399130078678,0.17593592494698884,-3.986758788133334,-0.665634846089633
896,-3.920449341964592,-2.0365377125013,-0.1667897889233663,-3.178152226689426,0.26345926719025164,-4.173365218714972,-0.5582948648558431
904,-3.9518256144045476,-1.980390635602202,-0.014862488416252016,-3.130262102290387,0.4566712044247668,-4.072630853409241,-0.39480783670267333
912,-3.884118942905477,-1.919289377091567,-0.15027595328460466,-3.2590700420568055,0.17428453462437196,-4.00987811694297,-0.520313008064097
920,-3.5274198866916673,-1.509746146316712,-0.004954163510447875,-3.2194368000868923,0.06199041896605458,-3.7638219480262904,-0.38985370529385704
928,-2.8453983677885466,-0.8657063728014194,0.5796358219992654,-2.5687915220474586,0.6548373232708199,-3.3212509948842146,0.14189202564976586
936,-2.265762475547773,-0.33891487172071333,1.1989048302596628,-1.9247516843152566,1.279060482276065,-2.6095044709291764,0.8024456266436601
944,-1.9503482197967419,0.10695885000375141,1.7587240730436189,-1.7315396913787824,1.6192456276357288,-2.0480338780912186,1.3985953346549818
