-240,-2.828757432790903,-2.1269191989245315,-1.876480406921206,-3.3369391236672588,-0.7828195550693913,-1.9366289801458962,-1.3098651672007289
-232,-2.3415991087536234,-1.5456320121543203,-1.757580852197421,-3.0710662703469893,-1.0338299808129943,-1.9498400051597062,-1.2850943994623072
-224,-1.7157245168510153,-0.8289312847681861,-1.4669372210272282,-2.3477600485482175,-1.185757302962271,-1.596443814918017,-1.0671117145349798
-216,-1.2863647313481512,-0.2757176213689667,-0.9517053817791167,-1.7202340950609454,-1.154381026087445,-1.2199282676609233,-0.4643564711328281
-208,-1.1740705681480335,-0.013147599428837656,-0.5124371840922172,-1.4807833911093713,-1.028875817295724,-0.9656151288594961,0.2771149377778665
-200,-1.349117305320807,-0.3731492922433241,-0.6214285251367221,-1.6624356911691662,-1.1428212879750974,-0.9540553834739628,0.29693156772126
-192,-1.479576617138181,-0.7562703832288042,-0.8493195500484099,-1.779683966264675,-0.9397010771018683,-1.2694697602082303,0.04096702138992246
-184,-1.392053285893394,-0.5399390760290644,-0.7898697107757405,-1.7565645393557272,-0.7530946300225162,-1.4709386387669343,-0.23151134390506772
-176,-1.1014097113121337,-0.272414868042528,-0.6131716040355384,-1.2396813308949763,-0.7217183680488513,-1.1769922597695408,-0.34545683817794676
-168,-1.022143269060077,-0.1914970393705392,-0.2102339008461425,-0.9044503518909001,-0.4839190710950026,-0.44542912467495427,-0.011877271493439746
-160,-1.2781077664304559,-0.6076458459822358,0.0903180083976342,-1.5253707712291036,-0.20648650361068102,-0.5857967759445037,0.02280180997491544
-152,-1.3837963745489226,-1.1261804351862863,-0.11280223848673446,-1.72188550312304,-0.24116558436945693,-1.0729550758560935,-0.34545686212624166
-144,-0.8718672730165087,-1.1476484446312154,-0.2911517082307584,-0.8664684961635222,-0.24777114761126787,-0.686531165730713,-0.18857532128991877
-136,-0.7876467064514262,-1.141042879260667,-0.5074830367178709,-0.5576596727369578,-0.5384147053400237,-0.4602915646692556,-0.20343780882601983
-128,-0.9527851187183962,-0.8487479171951068,-0.7436309694261342,-0.9936251169200239,-0.8422693964707983,-0.9788261313441695,-0.5271091091449989
-120,-0.26415795160136823,0.03474260089516418,-0.3572070506084096,-0.5840818510210014,-0.41621232491273136,-0.7113019096982349,-0.49077864852989755
-112,0.5896076758566139,1.0057564729367525,0.6468344618440109,0.3456473544908637,0.7215913422678637,0.2613632863203246,0.306839875242376
-104,0.5846534921163384,1.2468585019296667,1.4494071289105506,0.5058315824853742,1.5026959933258675,0.6494385706253977,1.0317974862993968
-96,-0.22947888396980534,0.6589657418061415,1.2694062443634304,-0.23729116335210954,1.449851718004588,-0.17129934918913245,1.1259263914296809
-88,-0.6555359686550859,0.07107300917880657,1.049772161662906,-0.8169270149694808,1.098106904071329,-0.8516695756915516,0.5991348624979947
-80,-0.08911122773320246,-0.06929462577042343,0.5675680151570848,-0.19270381338948958,0.604343054754721,-0.2324005257433807,-0.03334525131344133
-72,0.734929436892817,-0.008193405044875767,-0.20197695207137323,0.6412451296649027,-0.14538531446140335,0.5635665415380247,-0.5749992413494066
-64,0.8439207717285052,0.0727243931152119,-0.7073005269053001,1.004549645167185,-0.5466716386814474,0.6643010356323624,-0.8590373241789496
-56,1.0090591889625289,-0.009844805478995088,-0.7700530980396404,1.27867946198599,-0.35841383658103887,0.5833832021707144,-1.0539006286747614
-48,1.2815375808667353,-0.1848914823375453,-0.7172088511015255,1.7162961765728046,-0.2213489938077037,0.5404472113092303,-1.0340840372260343
-40,0.9083248224150351,0.07437580685393924,0.10518043952219652,1.6023506512558394,0.5168196850152681,0.16228013411983028,-0.03169386666745692
-32,1.1444726882454679,0.4096067824875152,0.6980273198786673,1.6320755940421925,0.8949866751038327,1.0011834361805358,0.4769324254817689
-24,2.0395228697648844,0.9925453583385804,0.8350922394639403,2.1770324026858736,0.8916838862984391,2.399905712094718,0.623905591209566
-16,2.5481491351275,1.357501246956187,0.655091379752089,2.690612835645839,0.6670956519660933,2.896972255487909,0.661887428310492
-8,2.3466803660213724,1.3657581847324796,0.6385775075700036,2.7252918395926775,0.4870947865776091,2.310730984141101,0.4670241555683456
0,1.8397054611790526,0.926489972499209,0.47343908714287397,2.3983178510511416,0.25259826051228224,1.5296262823481914,0.22427067097153666
8,1.4202538453615625,0.442634427688006,0.0556389097219859,1.9838203716095224,-0.039696744660209116,1.2951298146457453,0.04261841809875153
16,1.3063083331718115,0.5450202297937844,0.11178597615479113,1.6964796032183447,-0.024834284797692945,1.4767819431647926,-0.02343695691953852
24,1.9982382541474613,1.6250254425250896,0.7690368287893004,2.1175825036311653,0.4012228328830156,2.0712802438235975,0.3629869021161465
32,2.7231958824117752,2.4110842675666575,0.8829823596055038,2.5320799163723486,0.5696640172802704,2.2545839029845296,0.6717957581833497
40,0.7696085031052216,1.4086941170536877,0.2950896026750843,1.2555600215950395,-0.13217421476439245,0.4677863087054793,0.2523441851180007
48,-0.3203050586575772,0.8389665591206418,0.04903336705796867,0.7535392630626977,-0.23621144568745459,-0.32818083130778414,0.12849042855967335
56,2.0989727588854863,1.669612829918007,0.3297686949645203,3.1909821634095556,0.29553423540823653,2.0465094961307857,0.5446391918870448
64,1.5490617560352382,0.12722008377177127,0.06719863896459437,2.3619873985961997,0.05608357598275069,1.4949471902361495,0.11858208626918113
72,-4.973905386682941,-3.5867427713118305,-0.5339051816516962,-4.329420998944959,-0.7101586544169831,-4.750587438925718,-0.7566514800306096
80,-9.462367381736799,-5.231521313709819,-0.547116249772437,-9.050728144997477,-0.8042875895269845,-9.260517409719498,-0.8408720774623826
88,-8.237040378344366,-4.334819719161253,-0.2696836922222224,-8.211825008268702,-0.774562677962112,-8.04509869114165,-0.37848451832520846
96,-6.050607877309287,-3.1474745537567155,0.32316319044038094,-6.101356103559171,-0.34355139569976373,-5.2311402430055125,0.014544869182911282
104,-5.5931744525966405,-1.7784771604920593,1.946473704589592,-5.444105290483698,1.202144115480966,-4.185814045929101,0.802255105124889
112,-5.522164920624686,-0.4243422299282346,3.3996917474400874,-5.450710823923186,2.300314514792009,-4.735725022879712,1.3505146481137675
120,-4.736106055669294,0.46410243074672314,3.5763898706780037,-5.345022196468689,2.1054512470169167,-4.952056298680576,1.2976703089303694
128,-3.1904105306517727,1.4086941622893558,3.077671831589697,-4.380613852367351,1.652971955487034,-3.827463747339917,1.2332663691155752
136,-1.7801285576034382,2.7165904103986414,2.7886796122068893,-3.0033595305509304,1.3474659341704707,-2.3527777369096605,1.4017075128894259
144,0.19162406274305221,4.632195889806517,2.91748758550092,-0.7822479099076203,1.3028785426974725,0.003747370953743107,1.6956538633262612
152,3.9105410691036844,6.636976215845118,3.417856957081147,2.7302460259938743,1.9518725180473084,4.039730122374309,2.253821703369963
160,5.509080857379642,6.3182590790434086,3.218039516564254,4.170252982629361,2.4274711098262682,5.400470640305635,2.0292335013234672
168,1.9371370793671612,2.9676007219000082,1.8407851750570121,1.0970271684898008,1.7074676220179048,1.1597162452918692,0.7791357028738156
176,-1.1063638482201885,0.6441033348072679,0.7294036299263161,-1.4626181890962875,0.7959036011344347,-2.6318616766223326,0.1251876321263039
184,0.9116275730805515,1.4648411976780755,0.778945164161396,0.17225209828943747,0.5052599967508525,-1.0944230594013855,0.5727126978733492
192,4.012926877773071,3.2549416151771067,1.2297730128598077,3.1678628072811237,0.6109485658424684,1.8021046125190157,0.9178519962839918
200,5.302657886793764,4.708159625032171,2.2057410498378256,4.502181200856419,1.2285662708810843,3.2255977097448403,1.4727170326211403
208,6.3033966338569,6.684866366675976,3.938042919755311,5.2552123705859906,2.7263716092340027,3.9522067602628317,2.6650163482383373
216,7.771477075191319,8.547627654847702,5.21951696314873,6.265859352260991,4.004542920588355,5.019000921548506,3.5914428488525383
224,8.478269550226113,9.264328309147189,5.376398465667783,6.72824702262469,4.369498788805562,5.8991886025820035,3.7334618856550463
232,8.504691585707361,9.262676923082044,5.2525447140765085,6.6390722428718005,4.189497950381083,6.049464512589106,4.0191513291822805
240,8.924143158772711,9.487265157591784,5.179883760915247,7.096505693306689,4.163075802963731,6.279006939708859,4.359336487314367
248,9.865432053790755,9.852221074415159,5.056029958234277,8.181464946620688,4.080506612884474,6.86689974790637,4.318051852360914
256,10.56727025213041,9.910019414622216,4.824836219909975,9.023670834014977,3.8096795685507425,7.431672973974504,4.119885726419069
264,10.839748724217054,9.564880166059503,4.646486728346393,9.532297075784086,3.7783032893697843,8.014611584417553,3.8820864319487485
272,11.198099127646552,9.434420926973988,4.705936560878062,10.268814388587526,4.123442615631407,8.386173116282013,3.8325448780228477
280,11.88507484040145,9.786165689285367,5.094011792142098,10.919459812445465,4.7707851366191125,8.744523336107918,4.1380509827149545
288,12.626546369408405,10.033873236639213,5.381352705110017,11.193589457013942,5.087850913255315,9.573518293926785,4.569062249898748
296,12.933703784950271,10.07020370896237,5.66869350968973,11.466067876946523,4.947483247971578,10.278659201953767,4.770531116572001
304,12.823061108043342,10.042130250695262,6.139337951965604,11.627903605071017,4.978859556600069,10.694808031094599,5.218056196333235
312,12.545628408754702,9.794422564796093,6.715670981782154,11.190286820413263,5.229869867924041,10.729487075842234,5.5516357999158545
320,12.0502133348022,9.431118084063188,6.869249714477052,10.838541871659977,5.418127703906852,10.384347801379889,5.434387474085439
328,11.70837683779198,9.02487763517533,6.74869862130601,11.05157049542682,5.634459013235329,10.030951576368823,5.213102041863096
336,11.662138053512837,8.506343003396532,6.6875974412038675,11.40001257944975,5.756661415659573,10.179576186524644,5.1453952582505265
344,12.292966711010799,8.370929449121213,6.4729175502263825,12.148089498738614,5.81611131169857,11.210039866085236,5.393102880642364
352,13.229301432932253,8.58395804184397,6.5356701171032485,13.168644945461288,6.100149345034972,12.437018252527102,5.918243041957964
360,13.761047225254467,8.552581740843454,6.705762730317787,13.964612101085292,6.225654553826693,13.237939606792539,6.004115039823857
368,14.261416412344126,8.323039392132191,6.451449628769263,14.573972798986258,5.987855248712686,14.20730197036659,5.701911691473899
376,14.774997127361784,8.096799716210137,6.114567190081211,15.293976219562003,5.7880377532034135,14.88436944318778,5.535121896867078
384,14.979768635247979,7.984505669203598,6.202090554498821,15.70021668654413,5.913542956673292,14.702717283979435,5.563195462990211
392,15.45867011304467,8.174414811423903,6.573651907194558,16.314531692539106,6.29831545359213,15.37152783498986,5.9661331574872625
400,16.7269329778004,8.724325667213881,6.9419106516727815,17.954355866174065,6.6830879531718885,17.02951740275645,6.578796721360347
408,17.749139941505568,9.327080882410263,7.3828301777715195,19.433996174586834,7.033181359752632,17.709887681412933,7.118799277257186
416,17.892810378564796,9.652403618819712,7.546317212310903,19.676749731383318,7.351898493893417,17.35484005295204,7.401185958588242
424,17.76565372587724,9.693688186717939,7.328334514965941,19.789043902920987,7.434467699760809,17.217775190133093,7.0643036006148145
432,18.375014286119853,9.862129349473033,7.087232403307063,20.330697782262614,7.358503988306056,17.741263919615697,6.4813650632584165
440,18.847310237218057,9.969469312612555,7.006314602131265,20.532166642194866,7.3320819207163535,18.203651519021484,6.2204463839217095
448,18.756484152292042,9.80267956129006,6.961727191322237,20.525561110884116,7.398137224244548,18.385303741914555,6.134574369558103
456,19.060338797300176,9.764697652699038,7.062461691447995,21.187766111779943,7.564927027898504,18.742002619137036,6.189070059505084
464,19.07520120394426,9.873689041107948,7.315123410656666,21.631988347033825,7.540156246855473,18.79814973648214,6.311272461929328
472,18.498868228942698,9.948001327293316,7.303563725585357,21.390886355648604,6.955566296115137,17.899796926522203,6.164299265334839
480,18.25116052264313,9.74818382539783,7.191269577109006,20.954920798465064,6.47996769440207,17.4258495980512,6.225400502203312
488,18.284188142121376,9.644146690800131,7.083929643594411,20.639506859541104,6.493178779907499,17.822181694891857,6.233657357668428
496,17.759048167247688,9.45093465298278,6.832919259715977,19.82702547286538,6.435380268159696,17.69172256330758,5.754756008660344
504,16.80950228247668,9.140474437104858,6.728882104895271,18.50096422798877,6.451894189834924,16.591900715488425,5.516956724656315
512,15.987112834858584,8.929097373427435,6.994754860471018,17.515087924645226,6.92253864186751,15.549877283801301,5.6457646633583645
520,15.044172740926886,8.560838619902077,6.809799840967186,16.492881121482334,6.879602618542784,14.72583648843533,5.617691165354826
528,13.766001168270028,7.8391838166316905,5.929612115052814,14.891038423417744,5.939965118104832,13.723446455357703,5.236221412892689
536,12.159204635755483,7.056427807004736,5.2591502643685,12.962221849102516,4.932620749259607,12.301604664014585,4.938972243493348
544,11.100667647294184,6.671655247110751,5.444105232960031,11.766619797011387,4.8715195663191455,10.912790634065535,4.948880568576548
552,10.768739229143213,6.78064665219477,5.814015228860765,11.383498631165308,5.082896732708146,10.39260473596307,4.892733525737248
560,10.194057591955413,6.810371542472268,5.845391622106565,10.557806681943957,4.912804191338493,10.205998367114816,4.524474827026874
568,9.145428643326513,6.579177797939151,5.706675311311701,9.164038493622082,4.542894108691714,9.348930026776404,4.194198003734699
576,7.944872265934074,5.92522963813946,5.35327910581406,8.036143116577913,4.0606899973100585,7.890757822892169,3.802820064557287
584,6.729453727057128,4.792380195499938,4.7587808234269176,6.630815273341843,3.6494953201558347,6.591118505995571,3.365203207877258
592,4.997151886409785,3.7965956151471776,4.3327237387416355,4.45594236176229,3.451329217807494,5.367442958739214,3.117495586904577
600,3.23677640814921,2.9725548701613267,4.023914957889817,2.5964838861668595,3.2498604160607294,3.9373443002229216,2.9358433661402468
608,1.8743845442439613,1.8793386735717998,3.6771242755427687,1.5775797808058418,2.8683906683882516,2.494034642237665,2.4899696508019935
616,0.6193326058705437,1.0470410136935802,3.1734520743563492,0.320876619393081,2.7065550133504055,1.1828356910046633,2.1877663262229365
624,-0.2790204215753865,0.8852054299684353,2.9158362148691226,-1.0233500368224504,2.2970118359713765,0.15732605043020792,2.2389593199645956
632,-1.0981068549193305,0.34850557950144556,2.42537513324793,-2.156199362736209,1.0518681559807213,-0.9573581650061711,1.956572585947292
640,-2.4786639215472412,-0.6489304305555723,1.406471129888907,-3.417857001654995,-0.19657824824362946,-2.133143671948613,0.8303286570564391
648,-3.8509641555939607,-1.6562747351838885,0.8433491176355885,-4.644835252567251,-0.12722010517513452,-3.2461765210106686,0.10702238523234134
656,-5.446201227264198,-2.790775665890548,0.8152756666416648,-5.888327566715769,0.46397542707867667,-4.814991324102922,-0.09114366939680327
664,-6.821804175965295,-3.91041400510777,0.6005956653246289,-7.077324131490056,0.28562594012735976,-6.028758767132574,-0.4808703404765976
672,-7.257769564801192,-4.694821396010209,0.039125056875930764,-7.734575086126561,-0.3501569067875108,-6.421788114549473,-0.8639914277367867
680,-7.503825768487246,-4.911152836788216,-0.39353753375264755,-7.884850961364288,-0.7828195839847399,-6.540687915851997,-0.9647258691448757
688,-8.161076678065477,-4.741060252489025,-0.30106004200630115,-8.22833880399364,-0.7597001717995595,-7.031148808370357,-0.8061930245545865
696,-8.72750149065485,-4.450416601273222,-0.3555557216643848,-8.79971764439328,-0.5532771797489118,-7.818859094692453,-0.7830736519284409
704,-8.881080216608748,-4.468581922672991,-0.5074830521512164,-9.062287733920819,-0.28575295455508165,-8.593358317683464,-0.8441748341593222
712,-9.34677054326394,-5.304182188639986,-0.8146404927057443,-9.387610549625732,-0.40465260436246714,-9.42235298368793,-1.2900485475462324
720,-10.344206450077198,-6.237214222516278,-0.8311543381012185,-10.254587198727023,-0.4376803086354186,-9.927676654315036,-1.6583072379190515
728,-11.415954737982029,-6.646757475465482,-0.6346396290912077,-11.222298363032632,-0.37162494479299885,-10.155567727655498,-1.6797751881141256
736,-11.985682212362136,-7.0876770593949185,-0.9748247528087094,-12.05954988698574,-0.5351119876699352,-10.452816799665104,-1.6137198489295803
744,-12.02861821847957,-7.502174449606966,-1.8764804546404015,-12.156981571519495,-1.4020886059045357,-10.969700004400565,-1.899409295472525
752,-11.381275668399123,-7.439421892309419,-2.4445565573243435,-11.34284917911303,-2.1336517461435696,-10.644377299389996,-2.3320719141294775
760,-10.983292097682916,-7.000153676350857,-2.4263913755342634,-11.067068115129192,-2.1964043575465233,-10.158870325584111,-2.454274374561814
768,-11.191366444932012,-6.735932222755128,-2.0284077993188148,-11.582299919075744,-1.8430081536454377,-10.47758752216786,-2.178493222057984
776,-11.264027477211345,-6.359416603830544,-1.5940937731319516,-11.577345778974584,-1.7786041616765789,-10.26621035311794,-1.6880321044256508
784,-10.88916312798093,-5.634459043863221,-1.442166454175781,-11.215692661777684,-1.6448420931622658,-9.290242391000517,-1.370966384555776
792,-10.856135478877755,-5.442898518593485,-1.5495064079133807,-11.22560100903523,-1.1527296300881946,-9.329875601216767,-1.5839949417995773
800,-10.950264501265986,-5.789689170428632,-1.2786794304574807,-11.179362216950718,-0.5863048528003822,-9.727859196058665,-1.321424840741378
808,-10.938704815839888,-6.022534298543366,-1.1498714587600023,-11.014223844065388,-0.43437754714881976,-9.5544638087625,-0.9250926513006509
816,-11.047696191653769,-6.430426218113674,-1.48510244521466,-11.009269636199424,-0.9875912211917262,-9.599051157660753,-0.8805052837759474
824,-11.222742789571646,-6.729326647450472,-2.0647382441457816,-11.299913281738593,-1.7620903361493188,-9.769143718366436,-0.8722483795272671
832,-11.377972851742753,-6.83006118908661,-2.4362996789752995,-11.975329420116521,-2.31200123806194,-9.77740066607684,-1.2801402678760962
840,-11.20953169377732,-7.084374274846999,-3.0374034747563217,-12.161935726167027,-2.9395271956292914,-9.826942177073203,-2.3122552742519766
848,-10.694299906151087,-7.313916643958661,-3.6335531281300524,-11.418812875489229,-3.4630159291919775,-9.503270831873346,-2.9331757457442444
856,-10.314481525385116,-6.95721766863687,-3.635204504793271,-10.730185741012841,-3.4068688753542022,-9.017763936475955,-2.7961108527681873
864,-10.491179639221109,-6.27684738075586,-3.0885963758979087,-11.194224638318568,-2.852003825889839,-9.035929181241181,-2.160327973390073
872,-10.67118060253151,-5.7120740494926245,-2.4990522737031458,-11.856429626796764,-2.277322192249935,-9.19281064615254,-1.2487639344123365
880,-10.347509226819751,-5.621247966517952,-2.215014210741817,-11.62358444901149,-2.3863135437607332,-9.298499216308523,-0.8474776178202674
888,-10.132829276060226,-5.849138912666358,-2.3818039860126086,-11.263582745908106,-2.860260755683367,-9.313361702425466,-1.0340840125681607
896,-10.26989411386651,-5.802900174509859,-2.5403368737098275,-11.374225511157633,-2.994022893026854,-9.39593094590055,-1.3445442357192652
904,-10.309527392024957,-5.802900235888452,-2.8524484774268366,-11.423767023218366,-2.9742062662765663,-9.3513435324306,-1.8630788582735338
912,-9.980901842861822,-5.94326778054374,-3.2190557380953986,-11.199178756422775,-2.9428299695335247,-9.12840670882127,-2.3601454401613924
920,-9.447504920632518,-6.111709047606959,-3.273551395046952,-10.55183618186185,-2.880077368951652,-8.64950535431395,-2.6805139855573805
928,-8.848052405544145,-5.862350044826615,-2.9201552010799707,-9.94412693069504,-2.662094637546893,-8.271338404316603,-2.758129009990629
936,-8.24860018652765,-4.962345720367719,-2.361987405384962,-9.551097544606078,-2.4837451862519258,-7.812253648531195,-2.095924003063377
944,-7.736671041178726,-4.1283967219661575,-2.175380958837794,-9.400821645597453,-2.7132875558957728,-7.135186051001476,-1.379223260776082
