-240,2.544603323384422,0.2680497989453758,-1.4318683015810079,0.04317244049408762,-0.9776369038274282,0.902330223467632,-0.8616720748411458
-232,3.4566229351596136,0.11179461728066746,-2.2243048725377985,1.3681520533761968,-1.0111200733721304,1.5895338609524792,-1.2985485636692569
-224,4.363859083730762,0.9616313057265696,-1.4844847260113851,2.0601389531563274,-0.2027390898591536,2.464881320405755,-0.7931112337439163
-216,4.359075815612035,1.542007263660905,-0.5373875103383653,1.773139732164371,0.29313164508047546,2.901757880827952,-0.28448496745762586
-208,3.926982786048577,1.459096408049739,-6.136335070270261E-05,1.5913735417588215,0.4477921423265934,2.7885526031137164,-0.20795171531979528
-200,3.491700531692499,1.3203801364958239,0.07647175193623465,1.7364676075894467,0.5785363858168782,2.3389205353237377,-0.21114057940155073
-192,3.448650566595883,1.6679680850537977,0.4033319525071526,2.0904332366957274,0.7300081630257985,2.0917823202875097,0.1332584281709742
-184,3.595339023617651,2.283421830666951,1.1925796754822913,2.528904219995444,0.8671300033095873,2.0758380188905585,0.5685403793654962
-176,2.992641007519475,2.489104580216498,1.7426613389154542,2.0776778512776795,1.21471777510896,1.492273000590207,0.9591781332179787
-168,1.8733440975993747,2.1478944185702913,2.1396768808786475,0.730376086028986,1.5336057523596502,0.26933767616248144,1.750020328227342
-160,0.6631643319227439,1.283707960023751,2.303904153808464,-1.0266966167063338,1.5479557535139257,-0.7064595320562569,2.545645817218366
-152,-0.7511039236535765,0.37647173283613455,2.134893591692761,-2.2942762301096753,0.7156582255868339,-0.9902697373856806,2.9410668650525107
-144,-2.281766068733813,-0.4988757120585356,1.6709116107852557,-3.089901735200806,-0.33188870236949486,-1.6280456339951956,2.7864062556194886
-136,-3.4457071419116865,-1.1111405154872958,1.3855068899170688,-3.2812345101441247,-0.3988551599830783,-2.5767373693176427,2.475490419133168
-128,-3.9399833669647166,-1.3566842221784237,1.1160465026460424,-2.986263200284949,0.3680703177929562,-2.94983637611572,1.7563980757452349
-120,-4.139288446585176,-1.787183107704478,-0.02397791684253578,-2.598814195415597,0.3999591862385931,-3.1778411302191816,0.1842803302114777
-112,-3.7869170899745837,-2.3181313987554546,-1.4382460646851725,-2.1746932377628676,-0.03053965030203469,-2.8143089251390174,-1.3113040578486532
-104,-2.634137284725403,-2.1602819860442666,-1.8639614979689578,-1.2228127298209643,0.22457071286350286,-1.6966066465414174,-1.8103636849595839
-96,-1.5307848479938018,-1.6309279686879201,-1.8623669577662025,-0.21831556622376982,0.6534749776862764,-0.6697874593784806,-2.122873932847819
-88,-0.9647586998965337,-1.756888722254838,-2.1716883193065795,0.26798859222814336,0.15441533413268566,-0.42743242853489927,-2.89936622330354
-80,-1.170441455954635,-1.9258994313268196,-2.3757767648453423,0.23131633200126883,-0.8022485566840137,-0.7813981377991502,-3.7858747177478174
-72,-1.7890841113806926,-1.879660594954783,-2.2577881564960136,-0.7078086701143532,-0.9409647381458529,-1.1911692171037251,-3.942129836039771
-64,-2.1318886222550026,-1.7855887050377277,-1.8910669790865784,-1.8350775820638727,-0.9505314292183604,-1.2948077244438707,-2.9870602446093577
-56,-1.5929680059735587,-1.3710342747160125,-1.2628576163166285,-1.43487317481998,-1.8434177143425137,-0.7734259189321443,-1.4835035508444203
-48,0.030171635092148492,-0.3984259761389012,-0.9806417812824668,0.2647996711109087,-2.733115119456085,0.7843417252498746,-0.32912917199332975
-40,2.192232071938345,0.811753734386305,-0.6776982683138336,2.4380211140021717,-2.1591168317933933,2.4154536800704425,0.6817456010719198
-32,2.616353020170798,1.227902644278464,-0.04311109962029138,2.9402696425334005,-1.1896973865075409,2.193826483366608,1.274877227375089
-24,2.0535159276437702,1.4001021321358982,0.5037817057258367,2.434832241527809,-0.3621832371733019,1.6325836744683166,1.3131438996889866
-16,1.5544561554606156,1.664779175069615,0.9964636865440052,1.7109566319052039,0.6088306801467737,1.6517170369163954,1.00541697301557
-8,1.7202779107013195,1.8481397775621884,1.1830130450420968,1.8273506800122858,1.6978331160666555,1.9434994825225393,0.7152289818020445
0,2.4409645935545234,2.214860841243222,1.5210342658741314,2.7122648202614066,2.7087079276693897,2.346892749223691,0.8108953667045379
8,3.013368605809809,2.804803616995574,2.155621342248985,3.3085852506991293,3.3448895070797344,2.5796810076378507,1.4534545877831475
16,2.8029025494327717,2.796831558101955,2.243315577651947,3.2990185988492184,2.7756744010405243,2.4935812374180024,1.3785159210653881
24,2.73593616444094,2.5050489802694127,1.5417620340719567,3.362796281959291,1.410833935667518,2.5876531859120373,0.5175183039919453
32,3.142518252746971,2.9275754823305777,0.9725469610893441,3.9176612070026273,0.7363858848520342,2.9703188125310906,-0.05329113431887545
40,3.242967969826056,3.4920071249944673,0.6217702524151871,4.284382478100973,1.099918181908331,3.1361404578115013,-0.4375510760817662
48,3.113818487658056,3.1093415341724553,0.2375103300066776,3.8283727718970084,1.122240376923065,2.6817250693205397,-0.7962999513832253
56,1.9084219310093415,1.2853024532964128,-0.5294152443699878,1.7508173853975815,0.33139817215087247,1.297751339299029,-1.5361201025341369
64,-0.5262878546466557,-1.1015739020035906,-2.010649828587772,-1.2531069148756775,-1.26304161013701,-0.9344644247233919,-2.5900447733838616
72,-4.211038282791613,-4.357419959304872,-4.100960539016546,-4.226737357234661,-3.6754290428602197,-3.723139614255474,-4.023446226810377
80,-8.386876071736575,-8.29887529424368,-6.109954738095206,-6.940473822157112,-6.129271920688062,-7.264390496561788,-5.407419982694822
88,-10.609525283592713,-10.462530139922624,-7.165473763140086,-8.463163952875934,-7.173630009226628,-9.485445239466706,-5.874590986287248
96,-9.568355882548582,-9.241189310309059,-6.733380615052455,-7.645216332585486,-6.2456660647106625,-8.57342567136733,-5.302186962898908
104,-6.6329923454411865,-6.527452640538453,-5.1596685391311405,-5.626655501525136,-4.7038426767082795,-5.778372408718424,-4.14302919757619
112,-3.675306428339132,-4.146953996959301,-3.8410667866389385,-3.5411282010330347,-3.621218169175556,-3.0518804845572256,-2.9870603574813726
120,-0.4959934517266896,-1.4858340206963632,-2.401287647697065,-0.671136525842492,-2.124039126499157,-0.13405559910255446,-1.8837080236876769
128,2.7423139119588313,1.8274119396543314,-0.05746112663750094,2.6197872703234566,0.24529849767526854,2.6881028101586013,-0.015024523836232059
136,5.079762602944644,4.582603992869589,2.2592598463348534,4.531520798644272,2.397792216044522,4.54403080384121,1.809014566631364
144,6.7555188058054485,6.452881981883032,3.5698894426476944,5.446729074791402,3.8375713390575688,5.505478034370721,2.198057894694606
152,8.55085803372711,7.811344570766026,3.9461773154115822,7.226124055953705,4.781479859528661,6.814513028649552,1.9732419430129202
160,9.4692553222825,8.568703618154233,3.8568886011232846,8.503270222037163,4.4992637771694755,7.157317582685846,1.5507153804907217
168,8.828290602012773,7.943683089321161,2.943274557564136,7.7841777995189245,2.785241090742809,6.015698749054913,0.6881235137015291
176,7.790310211492841,6.907297422613697,1.707583617863669,6.535731504887844,1.3614063235930274,5.422567178074446,-0.36580121589645037
184,7.0441125085944645,6.0606498289606305,0.7078699359685101,5.79750580675933,1.015412805277515,5.360383907222674,-0.8983441511157549
192,6.211814847413312,4.915841942842453,-0.34605468829367464,5.276123993711382,0.6710139059525061,4.2793538689837325,-1.4069704579948632
200,5.446483683924726,3.8236507127221238,-0.8227922985186948,5.025797070969952,0.37125916851504964,2.858707968827427,-2.0383687050573385
208,5.251962076586028,3.369235274218069,-0.46244890185502757,5.2251018556501885,0.7555192913184858,2.5812753837565534,-2.199407106369183
216,5.113245770262735,3.270380054008475,-0.2408217015543618,5.207563183272865,1.195584561843771,2.718397159126088,-2.5119174325313356
224,4.732174805111058,3.3293743473926436,-0.34764920520266,4.606459314980198,1.0935404321638285,2.4696644999739035,-2.5932336910755405
232,4.757685668094566,3.34053552677076,-0.09732215040611228,4.185527068458225,0.7156582010941205,2.6609974749695935,-2.0702574847811204
240,4.915535254310078,3.4760627191181106,0.1322771692492073,4.083483041544911,0.26602627289548153,2.981479958852606,-1.2666598868833825
248,4.854946544728221,3.49200716678623,0.172138245086244,3.6769008278635926,-0.14374488228512072,2.936835604448903,-0.43755108224776434
256,4.709852661137084,3.2911077692814885,0.6090146859565948,2.9020031260822234,-0.09750614970738027,2.7375304393608633,0.5334627559420076
264,4.583891790244931,2.753781552926352,1.0012469277721294,2.328004791318158,0.1990596736352281,2.5509810781223283,1.2493662039043643
272,4.260220557892619,2.505048945671315,0.8880416120342404,1.903883838632484,0.5673751858854377,2.394725930028052,1.1441332557025377
280,4.009893552252776,2.4460546288221003,0.28374892128030305,1.6392068844206242,0.9325020661351952,2.134832276306407,0.46171303260758556
288,3.960465817885997,2.339227202248774,-0.36997135808307646,1.8145952365310927,0.8639411131936187,2.056704810592424,0.0041087176897800295
296,4.1581764064604085,2.46518788542055,-0.48477098040091665,2.170155263337069,0.6742027124849487,2.461692345849873,0.051941934462462556
304,4.190065138226429,2.3089328637292277,-0.18342191308974024,2.0186834261809485,0.6614473065135753,2.7439083271552045,0.13644718999993377
312,3.4901060637689407,1.294869095040938,-0.44650446206568467,1.2103024729841274,0.5625920474239415,2.214554342684179,-0.8473221353468477
320,2.6482417661528688,-0.017354887324714404,-1.3999795300785567,0.36684378212158086,-0.07677838801810652,1.3009402352384398,-2.0766352215085195
328,2.3692149707601198,-0.43031483036848817,-1.8256949477760673,0.1627555231042509,-0.4100163544336318,0.7795583666965143,-2.4066843294944547
336,2.458503465812941,-0.5817866865364346,-1.2883687401560948,0.350899326917242,-0.4068274264652891,0.6775142397570147,-1.575981131441082
344,2.161937638530944,-0.9357522291474688,-0.690453775681615,0.23769429138969497,-0.17403926704964906,0.5898200070944953,-0.9318274186313085
352,1.5943171285310231,-1.4667005751785924,-0.41302114933281175,-0.4431317837284684,-0.016189656512702186,0.3219540898023612,-0.8186222337495951
360,1.1845461447994141,-1.5575837068635205,0.04936632408598291,-0.9581357464918926,0.36169251837791494,0.08597707144329741,-0.3658012811532602
368,0.762019558127059,-1.490617309197138,1.093724391728666,-0.9820523181391634,0.9803352534481106,-0.07665575942589486,0.8810505731299751
376,0.34108744879853553,-1.4922118201114027,1.699611503476067,-0.7843416778388843,1.0361406173224357,-0.2568275276390354,1.8520644378677922
384,0.35862635736782744,-1.522505957208356,1.4269623655091344,-0.5212592439615639,0.44779233552785563,-0.21537206472152134,1.874386721433106
392,1.3105068308829109,-0.9867742798570291,1.2308462440018952,0.07187237600432861,0.17514312168489404,0.25020427020986324,1.7356703603009433
400,2.246443118442223,-0.1767988164310533,1.5274120832733302,0.7000817732010983,0.7666802372450746,0.6934587346977831,1.6894315631515044
408,2.452125790745521,0.18195013080704664,1.4317456439045235,0.8611200671218122,1.5001225502721824,0.8114471580671798,0.9416394032913431
416,2.5159034310361665,-0.15447649963786367,0.7238144038474005,0.8834423708978952,1.511283684261703,0.9995910588233584,-0.07082992573421074
424,2.295870773678698,-1.2084013010012062,-0.6824815333495622,0.22653308049648005,0.3042926665405381,0.5451757624798064,-1.4659646621433422
432,1.8876940405192264,-2.5126530251059758,-2.5208707236273944,-0.6073588627719119,-1.436835563348839,-0.23609972587077666,-3.0173547773578333
440,1.964227226715137,-3.2445009950709807,-3.4408624112526978,-0.4766148820216413,-2.2388388745348413,-0.41308247157027567,-4.0776571779125685
448,2.6051920499227728,-2.970257329233287,-2.8270031599398715,0.09260018068430836,-1.5325019759983225,0.14497138075629365,-3.8081969143040526
456,3.2636955403694015,-2.2607316707518637,-1.4972402823645916,0.7128371928746893,-0.3414554246145473,0.5563368992097714,-2.774999784537905
464,4.013082318534956,-1.2992844390234088,-0.31257145623260624,1.4606295901257633,0.27878171415006475,0.8417415174826072,-1.4994480466415767
472,5.119623678096571,0.03845055242563966,0.8880416146034065,2.444399009675289,0.48446451268503804,1.4364676836459747,0.08223619059742723
480,6.077881923622258,1.113103001921131,2.031255023035194,3.0391249543765713,1.0568683146112892,2.0024936806762987,1.3561936585672336
488,5.958298854714314,1.5563572470022977,2.0424160754965213,3.118846959950753,1.657972214076499,1.7537612661086908,1.6639204735675817
496,5.366761793620446,1.2390637441837182,0.872097208555772,3.080580365568215,1.2051511585422574,1.2802125369219202,1.271688373398718
504,4.933074100191726,0.3860384680982928,-0.3109770821692354,2.5416596585095825,-0.08953400174934796,0.9565411582984408,0.3389410751251708
512,4.467497522731098,-0.5132256580613862,-0.7207481458875382,1.6216679441649549,-0.9680702524913498,0.7636139354710555,-0.4662509775077421
520,3.936549194512857,-0.6439697463740622,-0.5453597478746428,1.2884298465506996,-0.7799263078880773,0.6105478333554683,-0.7277391058327775
528,3.842477334226846,-0.1672322144229569,-0.5549263954426105,1.2087080028339576,-0.27289456878743473,0.6838920455093308,-1.3256540694508687
536,4.301676043418792,-0.014165895127227534,-1.1432746998458503,0.9822977433733768,-0.15490597551054505,1.2674570860757854,-2.183462733206867
544,4.891618713835351,-0.3649426288079303,-1.7810505181814478,1.2023301465547165,-0.7113654215735318,1.7394113101717332,-3.2246318439352737
552,5.4353227376555795,-0.6615086355889715,-1.994705517427991,2.0441944669507226,-1.12273094002701,1.9817660517272548,-3.347403721259717
560,6.042804308591378,-0.49887579684100397,-1.312285228048564,2.4651266386243336,-0.8118152152137568,2.4409646949772816,-2.62831138489417
568,6.3728533424140625,-0.3282706494765082,-0.5230375386438572,2.461937758271195,-0.55192139295484,2.9687242769528344,-1.8597913771920442
576,6.133687397114322,-0.39364263300053515,-0.5788430075114225,2.589492817561675,-0.8532704962343368,2.7327471940220724,-1.2857931309785602
584,5.789288353230922,-0.4893090088253094,-0.8196034174804453,2.8063367675564965,-0.9074816182716873,2.243254127470031,-0.6129395504845231
592,5.535772263246182,-0.2979762626566471,-0.6824815417421696,2.7329925060746523,-0.5774324111159557,1.9195829336552044,0.0009198428175285412
600,5.722321867527794,0.08309483489270358,-0.5437652314794894,2.4332378912720403,-0.7129598451361624,2.1061322842745205,0.15876940060094022
608,6.28515894738027,0.6092599614479708,-0.5947874154431111,2.157399731476575,-1.0318478393433475,2.8347913660076105,-0.07401887117288042
616,6.750735596948816,1.234280570439013,-0.42099340913519123,1.9979557802754102,-0.40363851476832907,3.4996727447624116,-0.10909651377947348
624,6.785813172071984,1.7572566520432586,0.2518602927947446,1.9580947827122888,1.061651595747123,3.443867341494211,0.36923553405294984
632,6.22138152752404,1.8672730548852423,0.7859974989682359,2.013900119182179,2.2176205682396146,2.7837693003968913,1.0452779567051946
640,4.913940971195171,1.2629802651327866,0.5563982447410027,1.6870399996256198,2.5572361960203427,1.774488890775795,1.0293336541092997
648,3.3960340957492496,-0.10186018345500428,-0.33808247182455686,0.5055601149929185,2.300531379318574,0.6025755929074699,0.37880220679874277
656,2.4983644979741615,-1.4587285125168632,-1.3154741155953664,-0.31079307830934516,1.9178658746492538,0.06365490263405349,-0.7261446947734198
664,2.782174967756377,-1.889227215974705,-1.9468722268346141,0.1978330730495997,1.1190515227754168,0.5356091414598841,-1.6445420309440097
672,3.7834830118967435,-1.3917619372354892,-2.302432405906479,0.9025756052302433,0.05556001201285185,1.3535566391154898,-2.456111933347611
680,4.5248974598647775,-0.766741572829024,-2.4395542109070583,1.6136958076825298,-0.9808257708209047,2.1300490453549448,-3.205498682909787
688,5.183401152247831,0.024100481390057077,-1.8559892198398624,2.7585035494135925,-1.4862632936049522,3.2094847465265026,-3.406398043761099
696,5.959893304996268,1.302841371628534,-0.7701758886469252,4.190310483533232,-1.2120195842627188,4.440392181059883,-2.631500163679624
704,6.827268618204288,2.7808870593930743,0.3746320447439012,5.598200828021444,-0.6364267108373997,5.358789592250115,-1.7051307417248114
712,7.4491002598331075,3.710445421134394,0.8067252385626842,6.538920274253024,-0.6459934498676677,5.894521385385178,-1.397403762469136
720,7.406050387055182,3.670584488656804,0.2327269858406454,6.338021014798121,-1.127514178685969,5.98221559526776,-2.0160465360768165
728,6.546647213241307,2.8542312133125134,-1.0763081963298389,4.998691527507241,-1.1801307783334472,5.361978432010436,-2.548589373839102
736,4.507358692770878,1.132236372419262,-2.6563980065806594,3.2320520790618255,-1.0143089143313946,3.4470562035206362,-3.017354734367127
744,1.5783727365281601,-1.371034285677787,-4.075449488655218,0.8196647217008104,-1.3395747733817063,0.4415371984467373,-3.454231327160812
752,-1.047669577773801,-2.968662935815534,-4.151982541939623,-1.3328290062599955,-1.5564185190422148,-2.1781273522372264,-3.285220590170562
760,-2.2674161816504954,-3.2508788628258305,-3.306929450808216,-2.3963203315287958,-1.019092428062365,-3.501512562623865,-2.5167005526661135
768,-2.559198470366253,-3.2046400518028957,-2.616537004393039,-2.5509810541763858,-0.6571545422367037,-3.9049058008929136,-2.451328683555601
776,-1.9246114189979455,-2.758196840558456,-2.12544959049695,-1.801594433928884,-0.4562549830458002,-3.4951345725767275,-2.3779843285561246
784,-0.23291083766521284,-1.181295999211352,-1.2261855415835206,-0.13221584259146174,0.5769419389604786,-1.8672117488598727,-1.6270031806091414
792,1.8573997311168917,1.0891863681000484,-0.009627980431236817,1.5467292853259704,1.5846278818569588,0.5196647037258725,-0.6177226868906874
800,3.3545788167839983,2.8574201885535064,1.0363245777436643,2.4762876861186083,1.694644246846569,2.609975269253701,0.14920285220276885
808,4.411692342123927,3.676962243368359,1.8431111902762687,3.343662935782596,1.0106295436673414,4.67477501256212,0.7343621426562518
816,5.188184506861805,4.1632663286846885,1.9068887166672317,4.23017144821103,-0.19636143072056186,5.942354471815517,0.24486913005669061
824,5.200940101923776,3.9607725057332623,0.9980580491317682,4.502820710868143,-1.0812755382556392,5.800449418050593,-1.5887367335254383
832,4.008299045106621,2.718704013428944,-0.2487939921867312,3.6928452719348805,-1.4033523706816444,4.268192626575418,-3.248548499679903
840,2.2910874427010497,1.0939697547429537,-1.497240440453923,2.5942763489342497,-1.6648404030911597,2.219337494676615,-3.7858747326489786
848,1.018724588583415,-0.2676819491436478,-2.0712386897504063,1.7587897645805286,-1.8641454165984217,0.47661477374118844,-3.7284749058181474
856,0.45748158322958427,-0.7635527359804251,-2.029783205937012,1.0556418431690593,-1.6664349650461834,-0.04955034270869445,-3.4191535372553834
864,0.7365086740763913,-0.5706255114402636,-1.6216065664664512,0.969542115426085,-0.8915370752018806,0.5818478205989777,-2.9487938023214317
872,1.6070726523414636,0.4593824918466684,-0.5947873614906313,1.797056259279437,0.05874906398626065,1.7665165951763713,-1.9458911689928828
880,2.6370806833753857,1.5691128472026001,0.6632256574408346,2.9992639441388995,1.4395339056045786,2.8969745049755415,-0.5220564849127924
888,3.0819296721372327,2.2563163283108927,1.3982623630293072,3.1858134730583156,2.705519116512449,3.3800896943524608,0.3516965888302274
896,2.9990186193854176,2.1207890606013473,0.9964636168339742,2.6070317066053077,2.864963105052155,3.341823235793149,0.20500822532609161
904,2.799713701108565,1.8449508550747324,-0.26633289544641414,2.143049874366858,1.8987325512524926,3.408789701970618,-0.6623670633892169
912,3.0867128989780297,1.7397178429863178,-1.3298241282252483,2.53687645907322,0.5641863927126554,3.923793826591483,-1.6222198754944275
920,3.9939490763238323,1.9565617016901176,-1.431868204295267,3.4265739302999885,-0.36696640218284476,4.780008004782317,-1.6780252674582994
928,3.950899329948858,1.8895951034575305,-0.735098130256597,3.3723628587895638,-0.7751430437087375,4.751308185740924,-1.1965044345031466
936,2.163532098747006,0.5359158171200834,-0.38272685568802806,1.9006948195443967,-1.2997137081638892,3.123384897347628,-0.5969950206030996
944,-0.41786579315399935,-1.8892272550260247,-0.9933973847370451,-0.25658211350493726,-2.442927057676142,0.8481194004811733,-0.7373057857722323
