-240,2.318889700019589,2.26674980108815,3.3716296577643785,1.8184684132505853,1.976403591483571,2.3082797769326846,3.460388794398078
-232,0.264943168049196,0.5170334043906074,1.9639749825326398,-0.19134113647799209,1.3379936115034703,0.3898969421202278,2.098447305769042
-224,-1.582505231918571,-1.186969820097402,0.5437094803209178,-1.8354442297200952,0.890318356968879,-1.5474017596171856,0.7286241141154424
-216,-2.644945697546319,-2.047641276661958,-0.39262531321964694,-2.68665757654821,0.7027361364253641,-2.386004612709466,-0.13047086173942019
-208,-2.936565060871881,-2.500045406065517,-1.2044306803507714,-2.9735481296893913,0.16836311838140208,-2.436446975421656,-1.0321265550239096
-200,-2.5850454299886523,-2.430687280736499,-1.9421490557504806,-2.748134063367921,-0.6670870491323045,-2.2488646642858536,-1.8912215556011527
-192,-1.9545170267119063,-2.0460650316615414,-2.2574131344542745,-2.0198737245535,-1.2739707409254424,-1.9856189975475922,-2.219096477710074
-184,-0.603609715529776,-1.1901224504739465,-2.2164289082328863,-0.8376327676672514,-2.0510969956086345,-0.9830788451969834,-2.026785265120279
-176,0.9932036343701447,-0.334180115494174,-1.8522985902373919,0.749722585948249,-2.780933696770117,0.6893979839173019,-1.3994094412513343
-168,1.8538749756200332,0.29634841376511784,-1.024729975212652,1.5835965511330465,-2.424685091959066,1.8007044346703518,-0.45676937544314583
-160,1.716735060046708,0.9331820776256232,0.2993797606013558,1.3944379431814264,-1.1856966353887755,1.7833648603279277,0.6561133877042079
-152,1.5133894503872098,1.8301089114503002,1.9497880402600736,1.2714848764097455,0.22826344774501928,1.6446486140725083,1.8667280543856066
-144,2.0903231558891444,2.875209892311921,3.0894683279761384,1.7459576395958971,1.3868595556505807,2.0229657844256064,2.769960192312207
-136,2.3409581700587414,2.8862442101345405,3.1005025648583597,1.8137394537159295,1.9070455284684997,2.281482451159012,2.83616559142312
-128,1.0499512598673992,1.212191036283657,1.918261494350756,0.7512988863200256,1.568136522552923,1.2269235280296813,1.7894882163801398
-120,-1.041827021700728,-0.63998630391499,0.33405886051876765,-0.8392091689605296,1.1724798379700394,-0.7229858240750912,-0.06899444129760894
-112,-1.9497881172993383,-1.6078476526780983,-0.9664061290986988,-1.4650087200587136,1.0148476236988302,-1.816952516422509,-1.7793028681193823
-104,-1.4942311599095175,-1.9278408189310687,-2.0256939811137076,-1.2679685672380394,0.16521061991400005,-1.3345983314712149,-2.718790291189834
-96,-1.3224121191884048,-2.580437777928644,-3.3009378555836477,-0.9006856217446337,-1.366973635988063,-1.2731218944349278,-3.4706954491826223
-88,-1.6597448403106916,-2.745951442920662,-3.810089514134908,-0.724137710049175,-2.027452139854692,-1.9178372723265324,-3.7008384575976163
-80,-1.0922693728983814,-1.473860353934807,-2.2306157763383085,-0.2670044781952783,-1.0438277074494045,-1.556859668695948,-2.2080622528503815
-72,0.5991232748814191,0.6967339876101356,0.028252515127765245,0.9199652754981723,0.40638774278462986,0.07148003272087028,-0.0027888842005203292
-64,1.924809372703824,1.9026196346442392,1.0828114472316595,2.1747169631982706,0.9218447213549609,1.3167738402978737,1.0013277112682177
-56,1.609545110275487,1.8978906930587092,1.5273339367712608,1.9697952433261314,0.9344553510638905,1.0976651388682896,1.5719560542489064
-48,0.6070048864670355,1.656713556133576,2.4400239488943583,0.7276541570566227,1.4782860986953532,0.4923578719054902,2.75734947438163
-40,0.07105572197351838,1.8900091426017191,3.2770505197333177,-0.028980097798565876,2.0331512388245727,0.5428001589265533,3.7220580732202397
-32,0.33430124342545775,1.9073486700393516,2.982278397847357,-0.0289800698588886,1.7951266384664009,0.8044694465539467,3.4383202503611154
-24,0.2964695723974829,0.8685528347854848,1.6266422277134098,-0.09203294442536727,0.8871656315974316,0.4970867774234369,1.8036752160560428
-16,-0.18430821955777132,-0.4555567577741781,0.14332403533707766,-0.427789303369924,-0.11695089072015136,-0.0609308239202814,-0.03431525857715372
-8,-0.17642680439655217,-0.920571667930255,-0.9679824767139306,-0.48138420840634155,-1.1289490933718904,0.06517489049974425,-1.2039456485764128
0,0.38474353383314797,-0.6841233840303407,-1.5906293234377573,0.06559920803988906,-1.776817088940187,0.575902934088469,-1.590144210384338
8,0.8513346996575181,0.053594968170969697,-1.5638318684642434,0.5983957460514829,-1.7232221053340118,0.9999332349955824,-1.2291667359535927
16,1.308467849893691,1.0072692344551322,-0.6574471369060079,1.1248870168753962,-1.0658962127094815,1.4885928232769863,-0.0012124869711953791
24,2.121849515703279,2.0697097833939164,0.6209493430487658,2.012355780417842,-0.05389805662387123,2.372909080224125,1.411171202489234
32,2.3929767340838493,2.5268428269513215,1.344480688462256,2.783176980424228,0.5750540711728112,3.1216616102110053,2.1441605766987686
40,2.698783079474851,2.646643323289764,1.642405409567788,3.207207293523201,0.855639254172834,4.248731241971774,2.492527537581909
48,3.6493047690605156,3.3370719997121103,1.967127608167906,3.7242406559456795,1.0227293094515906,5.371071928591058,2.8298602563335553
56,2.7555307600048042,2.684475002445645,1.5036891822774825,2.313433190827237,0.7389914898097623,3.5882526266851005,2.08426033454081
64,-1.6896950424993997,-1.0466772873553778,-1.0546801514936597,-1.9426339757856694,-0.8783139904726536,-1.5631649790631301,-0.5087879108512524
72,-6.812738887483735,-5.8938648570589445,-4.6392345756644024,-6.532881254988066,-3.547025814984592,-6.801280234191385,-4.203684841171952
80,-10.201829316797893,-9.126899637307943,-7.096719251235723,-9.384446260584454,-5.6198881373421585,-9.547231773943542,-6.4136870799495025
88,-10.997871496994701,-9.877228541156416,-7.523902283779546,-9.82896887847724,-6.408048722547821,-9.807324750869947,-6.1914258770045505
96,-8.809937711661824,-7.668802573456318,-6.029549797117657,-7.697782523741204,-5.9714077827878835,-7.765988910245105,-4.0034920710132464
104,-4.758792398862176,-3.7169653152122164,-3.40812766294718,-4.300810504177181,-4.431342018253682,-4.274437391127533,-1.5286677818146197
112,-1.3381753425289695,-0.05201852476628111,-0.4493727209567503,-1.3231396476796773,-1.926567649123605,-1.1186422939457876,0.4117835569032632
120,1.576442382865019,3.575096393655332,2.8136120951975445,1.4102011903977152,1.068442632027387,1.7061251794619787,2.7006018854599536
128,4.503670925417771,6.686754447466634,5.778672199728867,3.9023648395652426,3.5085878441683387,3.870414089059808,4.820753945233103
136,5.630740447282478,7.656192012105165,7.170563878185423,5.023129351625962,4.920971584597513,4.636506267894919,5.4607403730726105
144,4.746424408434153,6.765570549945627,7.057068715751223,4.260189893082359,5.672876827763982,4.266070799889056,4.924791073621986
152,3.740731355792784,5.698401112422032,6.272060842201165,3.098441170886733,5.48844718561228,3.8105140028560496,4.037322281970533
160,3.1921717732545587,4.460988899497509,4.875440208273907,2.280330519804119,4.065029168508013,3.2130882106591145,3.4225570685067384
168,1.9058935443864213,3.0454525187012393,3.043754906849479,1.4417275713782727,2.159256884665391,2.119121246365504,2.8471998118801967
176,0.7220762999975807,2.2131549485444606,1.7953085425550803,0.38874502820646567,0.9691343282160538,1.2931289740453857,2.472035354198692
184,0.4068120760074658,2.247833970400108,1.6755082043721432,-0.240207113475389,0.9707107328959584,0.9242698815944298,2.3932193516252123
192,0.37213300115109754,2.060251819959783,1.6392528078082444,-0.1408988497955925,1.1267664888092166,0.5128499543672052,1.9928337933586824
200,0.6022759103379044,1.5574053483331332,1.090693051028033,0.30992903680885725,0.6144621790536527,0.7477219072463622,1.1762993876151484
208,1.6174267884083344,1.7843955670307567,0.8353289371174007,1.0933605749355424,0.3922008734938878,1.9583365393841599,1.125857117696554
216,2.8595679146400497,2.914617871500917,1.3712782262388115,2.296093568733365,0.8461813933535157,3.017624332979842,1.816285755680679
224,3.855802899031164,4.055874250125843,2.570858547496577,3.205630944214657,1.5791706910252672,3.416433579698726,2.6123279534879478
232,4.1505749243982395,4.37271501730893,3.494582962107981,3.5224716485758027,2.2822099817473886,3.5756420813031964,3.0915296135561445
240,3.7643762586208482,4.081095589468112,3.431529912114195,3.3191261821706504,2.7803274457492715,3.5125892477149105,2.782570658108363
248,3.056607949267422,3.006044451121265,2.1909652049555546,2.5215076679051234,2.370483968413428,2.927773992263979,1.6192455725496893
256,1.6773270156651316,0.8685529990369211,-0.07263195731553353,0.9625258935302806,0.6522938057168063,1.5579509973734411,-0.05165474672990662
264,-0.5941518205055197,-1.5384894133890634,-2.471792780676974,-0.9322120071278068,-1.204612580036836,-0.45343491385554074,-1.8723057409995918
272,-2.4857371891685918,-2.9083126444968737,-3.685560163077932,-2.1617425867922972,-2.0447917417981305,-2.5294499317822323,-3.328826598289025
280,-3.2313372997658236,-3.1936267443600457,-3.9976717380650513,-2.279966677265515,-1.975433634418239,-3.944986334760914,-4.142208341144391
288,-3.6143832073214783,-3.4442618255848667,-4.100132674792899,-2.3918855303533744,-2.1125735454196177,-4.687433444484548,-4.1028003343543835
296,-4.202351037946926,-3.6428782963877806,-3.7832921167340627,-3.1737408370261524,-2.5681302740427476,-4.9049658883831935,-3.3666582821861866
304,-4.517615243987915,-3.270866440635149,-2.9509945626637633,-3.771166528301585,-2.5318749745057283,-4.640143882665601,-2.5312080317001038
312,-4.40412007461113,-3.0265367016118105,-2.3047028290290212,-3.804269359004195,-2.1740501065758036,-4.2665558892686475,-1.9936825949438175
320,-4.561752297687573,-3.5861306292350066,-2.191207725183479,-3.5662448133400577,-1.8855832823571725,-4.176705577677781,-1.8991033023132102
328,-4.000581984688247,-3.5703674294315024,-1.6536821592273512,-2.867934536846629,-1.3196839818835158,-3.4153424149340066,-1.5286677843545895
336,-2.531450578799615,-2.362905400746561,-0.6401075664582055,-1.7676623238224567,-0.5614734307205035,-1.9919243814045942,-0.5608065493821681
344,-1.759053155975221,-1.424994344087122,0.09918693964324034,-1.4902297529111905,0.08954714290094296,-1.386616949174371,0.017703318317141094
352,-1.8615140481689176,-1.3288387483754354,0.15751083520195505,-1.7440175672967018,0.4536773645468836,-1.4244487422902687,0.10440103085776746
360,-1.937177449152187,-1.358788855399911,-0.28701174848589156,-1.8370204274770585,0.21092392826596063,-1.1801189990336454,-0.1651499093334359
368,-1.8236823622397826,-1.6425266115424728,-1.6426478559672313,-1.807070298439504,-0.7979216407919373,-0.8175650100269306,-1.0936031175347471
376,-1.7338319542993623,-2.2809367224157278,-3.0045895102023548,-1.844902046005261,-2.047944271761169,-0.7482069548011032,-2.026785222787436
384,-1.7180688389922147,-2.668711760192068,-3.6130494146536165,-1.9111075365551182,-2.6674385831033542,-0.8349046070597596,-2.2285544169298204
392,-2.192541486186372,-2.8815150042748328,-3.759647236427071,-2.325679983077506,-3.009500229386027,-1.4717384104493199,-2.2206727823151367
400,-3.144639538288428,-3.4505670362158685,-3.6902891050021243,-2.7733552183083203,-2.989008113904693,-2.549942047771561,-2.597413524451269
408,-3.9769371682191847,-4.040111203280677,-3.430196202073533,-2.7512867438665536,-2.538180202577862,-3.437410784559651,-2.829132748572352
416,-4.588549713037542,-4.833000637108943,-3.1748320170437228,-2.7307946930698055,-1.7326800984011355,-4.028531359013665,-3.1270574293770177
424,-4.4435282026424066,-5.220775805439775,-2.980944620412807,-2.5920783359023343,-0.8846192452991449,-3.8598649794874076,-3.1443969791663906
432,-2.8214935543784088,-4.356951711386755,-2.1675629000785155,-1.088267939315029,0.021765363155180264,-2.3749704411891575,-2.3909154684784317
440,-0.29465081342137805,-1.8064641363501963,-0.577054824139531,1.3723695506960463,1.0116950034821677,0.043106345108130786,-0.6049435597329915
448,1.669445333468331,0.5832387430502192,0.901534484054607,2.8020927907925075,1.5444915765453573,1.9299628184131385,1.1731467115191305
456,2.4008584616614597,1.5810501492237092,1.4831969084713121,2.7579557863682833,1.0905112505701557,3.0775245844510266,1.9896811159080139
464,3.118084504158347,1.6756294443942865,1.2672409661101178,3.104746439767727,0.19043170407388363,4.06272522748246,1.9644599662168871
472,4.141117037671221,1.8710932656862094,0.9961136993007749,4.031623352846534,-0.5220654295184292,4.928125631220482,1.9597310200594114
480,4.522586752380525,2.1075414127663707,1.0087242307975062,4.438314203023129,-0.6387132727899233,5.336392721656214,2.3270138639539906
488,4.585639583259509,2.325073754050202,1.330293889105373,4.548656678354772,-0.25724342955810414,5.364766541516759,2.3679981604478986
496,5.298136725318391,2.7790542718778535,1.6487108034153406,5.280069777084242,0.06747866354856705,5.8218997603321405,2.081107688247116
504,6.130434385051469,2.9130416600281124,1.4674337548952743,6.358273411358518,0.4032350460301848,6.461886246760304,1.573532388148295
512,5.700098668791719,2.1501021649089314,0.9519767106243681,6.719250989928059,0.6712095812028208,6.096179645834166,1.0076330102901987
520,4.067029931979789,0.9126899714575155,0.6288308909657849,5.82232412985702,0.8477575636787953,4.638082592989077,0.8027112448679198
528,2.512777196217354,-0.07881601902467335,0.4570118707337688,4.558114431648665,0.8682499138534173,3.321854321273058,0.5678394137380214
536,1.8522986159822736,-0.5879677444618273,-0.12780322097372177,3.7526144741129106,0.4741695767164339,2.943537261493347,0.14696160977432765
544,1.8901302917515261,-0.9126899256208145,-0.8418767721151243,3.547692823497306,-0.1201035869666021,3.005013784719304,-0.4157850130793308
552,2.347263521234786,-0.822839694631683,-1.2123122700926412,3.8724149169426383,-0.6071868371153316,3.4369258064307746,-0.5040590668005954
560,3.5263517571522027,0.18915855204621454,-1.114580327612381,4.810325929575918,-0.9618591058256843,4.30390249919537,0.016126937174296918
568,4.893022241722144,1.3382967015975848,-0.5534099980185814,6.142317469335987,-1.1588992327386576,5.481414292841314,0.5883315651176058
576,5.684335529608848,1.979859394249278,0.4049932945168004,7.532632554308151,-0.851516508744782,6.252235507579534,1.0486173978843891
584,6.522938289230208,2.6655591516071686,1.2215277442864922,8.457933216967938,-0.12010355784160458,6.89537444811028,1.417476526402927
592,7.244893349342413,3.1400318228463813,1.6707792602466436,8.787384288743707,0.3669797541130773,7.653584960157743,1.3969843504702926
600,7.464002113593938,3.1967793922949483,1.7590531680042616,8.67704179292297,0.4647116144676202,8.020867867043593,1.1526545670821324
608,7.579073535083057,3.519925246327803,2.126336006310905,8.989153479499466,0.6570228033510224,8.001951961849743,1.4789530347277238
616,8.157583407184982,4.273406666762137,2.6812010761676035,9.435252332063456,1.2733643039787461,8.263621368686428,2.401100879222468
624,8.417676446086668,5.0568382751613425,3.226608206804555,9.099495851369637,1.9228087089682269,8.56942757878166,3.236551223348798
632,7.244893315645469,4.506702240022431,3.4110378318537893,7.549972274952885,2.483978986577294,7.722943089042719,3.420980668060115
640,4.7606113420708205,2.5583692858243094,2.867207049848055,5.678878999758067,2.4240788488967966,5.757270616381526,2.967000321087822
648,2.955723539476732,0.7660921610292644,1.6975767384185552,4.472993335452165,1.464099268350828,4.03908048890583,2.0511576684282997
656,2.474945509780225,0.03783158244161329,0.39080650582779336,3.8519227554031703,0.29919794812095085,3.039692866179597,0.9177826622930861
664,2.5411510221738287,-0.11507139374482436,-0.5739020852215743,3.6611878115201857,-0.6292552588950399,2.6487652347716213,0.041348130044924325
672,2.75868332298746,0.08512142281067471,-0.9459139817830672,3.8140910203679352,-1.0879647487878694,2.514777899622083,-0.4709563026452187
680,3.187442710935757,0.534372885431443,-0.8592163080193267,4.269647832471435,-1.4379080867499014,2.967182126729846,-0.6065198709419758
688,3.5894046234214456,0.6872760585502727,-0.846605718611265,4.465111684243006,-1.8619384586068615,3.7395795031574433,-0.5734171997495253
696,4.1474222931750395,1.1223406396884392,-0.38631989312573123,4.785104853713273,-1.7799697249046673,4.58448757602462,0.11701155608923712
704,5.578721860397635,2.749104134712395,1.1868486159214084,5.592181233031403,-0.6860028855776142,6.1355877306859385,1.7879120946529654
712,7.203909090778733,4.487786360397621,2.7600171336044483,6.322017988886916,0.6917018605969271,7.926288584064874,3.4493545415987072
720,7.741434584091696,4.9133930646299895,3.173013300921482,6.736590542088072,1.2891275940358744,8.306181957254877,3.6400894345129475
728,6.759386466112691,3.945531858782562,2.5440611992018316,6.6467402050975,1.3064672201937007,7.067193476978195,2.623362240492254
736,4.877258988409922,2.0586754550727515,1.377583455496266,5.259577447737379,1.0148477010832693,5.25442420283554,1.307134074269683
744,2.7240043355060846,0.45713319931622165,0.5689307060418318,3.1142043566357334,0.8509102849862906,3.402246718027895,0.5221261075873691
752,1.7057007622051912,0.43821729446103536,0.8463631274334932,2.464760141805387,1.2970091930909695,2.298821972670048,1.012362082938215
760,2.1423417067064063,1.2374121438112704,1.5131471071040614,3.2986339134444207,1.864484845582474,2.4438434410710026,1.712248547536719
768,2.977791987672136,1.762327085646404,1.680237152392266,4.033199601741573,1.8030083421682874,3.2225460103498054,1.6397378358573136
776,3.0739475952370183,1.6314924494526186,1.1096088807000877,3.9685704506790405,1.1456823377850485,3.536234042001563,0.7806427074348804
784,2.476521863491385,0.8559423937117095,0.4822331472540956,3.413705418413909,0.6081567449052335,3.0412692547730207,0.17218283041530202
792,1.8932830310081477,0.3042301045978197,0.477504060382245,2.653918597020105,0.5088486605473642,2.973487343795441,0.49848132887920293
800,1.9736752785820428,0.6431389885948046,1.1111852151074715,2.5498814164771586,0.7894337941026254,3.7789875226473053,1.3087103732868088
808,2.996707752659603,1.6236108688546436,1.4642810987803594,3.178833552232415,0.7437204874439778,4.434737188728538,1.5514638664630747
816,3.5783704102456158,1.8789749265472577,1.2120697312382644,3.9827573348709446,0.4379140570486239,4.47729771616836,1.4474266952333545
824,3.1180845341300025,1.5589815513393679,1.2514777185551667,4.170339524257486,0.6775149767436867,3.793174467798504,1.442697647138388
832,2.383518848372819,1.3871626223769626,2.038062080942824,3.9796046604682416,1.8597558367723876,3.077524658448837,1.9108649624602783
840,1.7025482066731146,1.3713993228372783,2.7521354495450017,3.4940977711425916,2.6211188985946614,2.1695634919003806,2.13312629579039
848,0.9868982506824746,1.0403720133423393,2.4148027140295483,2.6034763477599383,2.2963968496834797,1.392437268543494,1.5372769191105677
856,0.6747867356386638,0.7660920870314523,1.636100094120662,1.7790603334787518,1.7714818499370155,1.1102757020299878,0.5772972738800145
864,0.7394159888080156,0.41772514291211915,0.7943445981213165,1.0539526142036686,1.356909479613748,1.2552973741365898,-0.29283201979746765
872,0.35164091801205716,-0.4728964228782212,-0.5092730132367961,0.1428389842394024,0.5246118693254312,1.0503756139635831,-1.0384318425313583
880,-0.6099149474965315,-1.6015422391881067,-1.3715206697596223,-0.6610848620677224,-0.43221511233962695,0.37255743923564455,-1.4482754353511988
888,-0.8400579210292622,-1.8805511221550155,-1.1807858105423257,-0.8455143069483697,-0.6560527287697142,0.23699381658351523,-0.7499651273621333
896,0.1419900733378385,-1.0293377340100447,-0.6842446479282068,-0.16612001828250184,-0.7979216037083655,1.1575653982980476,0.38813877870309227
904,1.7135823360299105,0.20176915957273325,-0.1687876270250314,1.68605740488852,-1.1652045344699404,2.4974384942723744,1.0360067547982803
912,3.2678351761004745,1.4171127398999825,0.45070663792035615,3.304939258693869,-1.2172231015430155,3.9334669556677127,1.652348383948519
920,3.699746954821417,2.0208437831981185,1.1821195986447526,3.3648394680015397,-0.9918091666226933,4.570300837796364,2.4736117556613
928,3.051879111143364,1.694545292692792,1.6597448841740308,2.6728344588651205,-0.6150684744393184,4.009130407111731,2.7100598786964065
936,2.177020735165978,0.8669765941876831,1.470586402035625,2.3591466151711913,-0.29980415443831204,2.7969393829938825,2.16938167813045
944,1.153988343383466,-0.14344520175217407,0.6414415626688953,1.7286181333246866,-0.31241471946265514,1.474405980909934,0.8500008502050309
