-240,-1.5428101292502838,-0.7930454365160532,0.011650436813687182,-1.3829162288018542,0.25679929202986873,-2.6785630735055537,-0.40199405982435404
-232,-1.7211596098914155,-1.1299277984681924,-0.7611973194735857,-1.7537699198785999,-0.46367599132647713,-1.9198700863944034,-1.2512773387251046
-224,-1.6362312689856322,-1.4908731953537726,-1.3160624455724907,-1.7339532877051007,-1.209629803913495,-1.2744148918712628,-1.698566511817264
-216,-1.196019474323401,-1.1483289453155672,-1.2622744249738456,-0.7247217140881288,-1.2025524327820944,-0.9177158817800942,-1.3248818750249074
-208,-0.7359910702955687,-0.3075385465925585,-0.6168191916772764,-0.12456155643802812,-0.8727474183931924,-0.7181342763408105,-0.7374609545446362
-200,-0.317011290193306,0.10294837872475804,-0.22048703264708225,-0.44021182704360184,-0.6137160338180688,-0.7436128102851157,-0.5237246799798836
-192,0.06516615485588298,0.21618615580339656,-0.11149566319407055,-0.4175642485462796,-0.45235222199671465,-0.49590518774122594,-0.27743253394306366
-184,0.4147877430300611,0.6507360845792518,0.2706818035986491,0.3029110031831113,0.043063004084481174,0.7766042048377648,0.28450986764611585
-176,1.007870587632879,1.2848675635992732,0.8467789783173213,0.832297589103552,0.5965126091248855,1.7815893652031605,0.8294666226152063
-168,1.0927988876364947,1.0824550627738099,0.934538220843444,0.4600284283621063,0.6050054438388797,0.42556712206225006,0.7770941715798629
-160,0.47989946301424147,0.3506560067425438,0.559438097660592,-0.07926641936228249,0.21716608242182942,-0.8129709506673466,0.5124008957255672
-152,0.10055295699034793,-0.017366763707279406,0.5665154572359906,-0.116068708039294,0.09826642288307377,0.2019225446393294,0.662440912672311
-144,-0.03533234597539056,-0.0046275113321827405,0.7123091118688024,0.14862455777952568,0.15771626998645538,0.9634465522760033,0.7785096135709774
-136,-0.5477332636842634,-0.5708163413782043,0.16027499534762848,-0.518062766711557,-0.23861593070616907,-0.7478592346365356,0.014154709331702953
-128,-0.8577216854333599,-1.0619851458449288,-0.5729395419043405,-1.3347901709471337,-0.7708334354289004,-2.428024585225753,-0.6850884461854377
-120,-0.8322431504246861,-0.8624035823721806,-0.9480396387820805,-1.0248018164053163,-1.0468505070701217,-1.3536813053093404,-0.822389270209677
-112,-0.6623864882279135,-0.8270168100400378,-1.3047386146613995,-0.3623608244258437,-1.2379392364370856,0.13397985217826688,-1.0884980210505164
-104,-0.7374064840048878,-1.2813833224845923,-1.7775063057323361,-0.4699367309044727,-1.3625007747866948,-0.4803350503195305,-1.7070593275246753
-96,-1.1337386857618812,-1.7852913612321462,-1.9586867051757582,-1.0913289794449812,-1.4035494461526958,-1.0592630553458418,-1.9731680938748863
-88,-1.221497985915964,-1.3903746546847013,-1.5949103829496227,-0.789833450950156,-0.9774923929930013,-0.08117189387581754,-1.5612657255020865
-80,-0.8265812428758791,-0.6359280382503801,-0.7258105176432261,-0.15287099017804057,-0.1890743790103746,0.7454637584789675,-0.5562805587504779
-72,-0.5689653348078251,-0.3698192962285955,0.24237237715716448,-0.355283502407454,0.4804438814649494,-0.6317905497033984,0.3637763259397287
-64,-1.0049307315758016,-0.6415899494484513,0.5127275687711111,-0.969598359441505,0.7748621019302302,-2.6290215850636667,0.5690197934640723
-56,-1.275285901142112,-0.6967933688552543,0.436292036274211,-1.1606871105520002,0.8229881131047827,-2.0147068058805817,0.7077360492918983
-48,-0.3877848886842344,0.14965896356961983,0.658521159693856,-0.8082346297285905,0.9164093208076721,0.42415164266617944,1.1083146221818778
-40,0.954082643212619,1.2041856511503315,1.1454435831441705,0.3255585901953829,1.2051655893247677,1.651365920369114,1.3432830475457884
-32,1.6462484639389459,1.7335722169998216,1.141197112416688,1.81180425749118,1.3056641379005773,1.8353772945702067,0.8903319518516063
-24,1.8854632750328988,1.590609494701987,0.7745899214135891,2.5252022309933486,0.9617043844419805,2.09016233751056,0.4628593568021965
-16,1.7410850800293114,1.182953563757136,0.4193063977129138,2.0864058564266483,0.5781114907113594,1.9401223499099804,0.2689397325052103
-8,1.7566552936293922,0.9041055500495659,0.45044677291106433,1.7226295779916796,0.40259292476709635,1.2267243456931727,0.3595299388412118
0,1.9180191813250256,0.906936489683072,0.5594381165151231,2.0113858074312403,0.3997619831569061,0.7058306200315756,0.5562805191933919
8,1.868477601195383,0.9847874755750369,0.4971573325151832,1.9731680718974285,0.43939521861389813,1.2507873895977224,0.5350484684448883
16,1.968976101570498,1.129165626939509,0.5679309232514265,1.5004004002892335,0.5257389768782643,2.2968212074923255,0.8549451316228746
24,2.1076923884170675,1.5552227313409521,0.7222174244583404,1.666010652123431,0.8045869779654627,2.4397838634951983,1.2526928035007256
32,1.2711483319370398,1.6387355577264981,0.6273807977242882,1.8386982389004958,0.9475496779115553,1.075268825782197,1.0007387610149434
40,-0.7388219930512286,0.22326351583495252,-0.5432146301367307,0.15711738701962433,0.01616905202132942,-1.9750735669263775,-0.21656722204066697
48,-2.8082421710729313,-2.33307912927618,-2.5022279807487773,-2.287402900348138,-1.8579160067979448,-4.440825942447598,-1.5527728866826696
56,-4.5959834299654085,-4.9969975466034375,-3.995551043048244,-4.264817375303765,-3.6074395009624993,-5.001352810053799,-2.3737466822742386
64,-7.432589515874064,-7.611374485980446,-4.680639508304594,-6.999509469124969,-4.727077918714922,-6.060125953308781,-3.155087284375349
72,-10.485762748469595,-10.137992150444115,-5.617682054820158,-10.08948502795452,-5.7179083159863024,-7.587420292426735,-4.335590972063632
80,-11.44262184368175,-11.389269518123555,-6.291446779332643,-10.860917298611565,-6.015157511361308,-7.236383309701876,-5.153733879263444
88,-9.810582599908205,-10.541401681670077,-5.764891137151131,-8.950030012088396,-4.797851515685324,-5.866206211323033,-4.768725449877265
96,-6.826767444440996,-8.326187933100686,-4.231934891548739,-6.652718758850915,-3.2917892078531317,-4.297863254361615,-3.963321838083455
104,-3.715559774498034,-5.755690573856493,-2.6352824144813956,-4.5408344697528875,-2.1863055357086694,-2.3246952042135667,-3.15225632223805
112,-1.282363273033776,-3.0620472149593017,-0.41299121023932056,-2.212382853937626,-0.6689194669096119,-1.6452684530950334,-1.6929045994027718
120,0.9073720550225982,0.6252575951863776,2.766159113543327,0.4628593605450313,2.160609239960905,-0.09957299845255159,1.0559421588302682
128,3.466545559635483,4.546115235435767,5.983527155677837,3.3022963585656613,5.01986289569988,4.043513777988905,3.5443421183227084
136,5.511902787569132,6.8887215374063935,7.3253946965458,5.124008933962374,6.237168852146274,5.638750810480238,4.1912128655313055
144,5.749701970255402,7.088303091603929,6.72806548521952,5.248570488581618,5.990876723899617,2.840362517885407,3.474983963343421
152,4.928728252818905,7.0387615923663045,5.62116627224971,4.85790016183416,5.154332747247241,1.0384664971153348,2.7799871795674793
160,5.032057737378956,8.20369512438657,5.2149257848165,5.201859936123974,4.640516320035868,1.872179658209183,2.9880616049716493
168,6.021472689314062,9.38986075383551,5.515005895648636,6.065297875179086,5.022693813893961,3.870826201399368,3.559912283874147
176,6.345615815616898,9.685694350757206,5.455556061621784,6.290357902651913,5.280309736407018,6.142658842233372,3.650502527767157
184,5.892664702588713,9.2398207017646,4.960140873553755,5.793527257539554,4.814619435169961,7.040068333930507,3.2074597255038797
192,5.340630588956539,8.665139025600636,4.759143766974868,5.432581801505487,4.279570964508613,5.369811092484364,2.801219268633255
200,5.671851027546393,8.62409031348452,4.988450299082923,5.741154809697316,4.208797338344098,4.255834623334968,2.914457037196944
208,6.757518191288227,9.077041420126491,5.594272346947826,6.572036905258051,4.5541725494552345,5.631673466262161,3.140932544674053
216,7.9705777471034205,9.885275959541644,6.259544239483272,7.262787282624789,4.634854454149491,7.371288610128117,3.4990469768374353
224,9.306783393499106,10.883183793479127,6.569532634166993,8.376763791155824,4.62777710293699,8.299838374083748,3.827436487349788
232,10.686868668076244,11.4847593421827,6.654460974312512,9.763926476702164,4.75375412874146,9.372766161831667,4.079390582749898
240,11.274289564684244,11.220066075907722,6.386936644937264,10.280573823171984,4.859914457750049,10.220633963008927,4.089298829044474
248,10.849647947433558,10.157046572163441,5.757051605625981,9.735617007837984,4.824527679031694,9.824301831044105,3.671734588247032
256,9.979132622954097,8.883121683006431,5.118673684616431,8.94012168628197,4.582482003418252,9.198663114056908,3.3589152487600153
264,9.097293462545805,7.861150909320479,5.067716668881885,8.027142204046015,4.510292917928618,8.63530527321356,3.7156142342186516
272,7.840354321884165,6.960910554320275,5.4017681231315775,6.654134261066582,4.811788475009346,6.881535279887672,4.028433569144089
280,6.291827783158147,5.725203459541454,5.423000223753355,5.258478788398735,5.093467356125406,4.970647948356917,3.865654306056408
288,4.876355809690298,4.543284310247263,4.732249817800717,4.802696796101951,4.81603486256402,4.775312871121022,3.399963917693172
296,3.719915076651649,3.4420469973756807,4.116519467533803,4.5436653294183875,4.220121111171072,5.107948809786111,2.8762392711005473
304,2.4927008190196673,2.6918468366156283,3.6607374528852783,2.9413509662416613,3.7048892819584367,3.1729984381521237,2.6412709102069662
312,1.1890509785613517,2.086024727169395,3.063408222248313,0.8351284838815217,3.387823560694745,-0.06418619601398073,2.4204572564520213
320,0.5803979761617807,1.3839505985671632,2.3995518157992577,0.4331344370693669,2.7876633723300053,-0.2142263148360109,2.298726640553967
328,0.805458053355829,1.1433203638804672,1.9423543580952496,1.2470309279765497,2.149285481578935,2.316637811992241,2.40913350597679
336,0.9059565614856301,1.0215897815860517,1.7908988476115364,1.0191398573223525,1.9638586425788258,2.148196710843821,2.7346920640832133
344,0.5195326607621729,0.8418248156187955,1.8786580820788676,-0.1401317098252538,2.0233084325104063,-0.334541403289352,2.9116260609187465
352,0.29588811998394465,0.7229251363131933,1.7923142567592758,-0.49683068600867814,2.03746316063231,-0.6501916183957029,2.6257007452637393
360,0.3850628286775557,0.4341688097119799,1.5389448040613856,0.002830913182189907,1.852036330451256,0.2599568819361075,2.1515175907622615
368,0.08073632983458648,-0.06124638839152566,1.325208516876262,-0.014154744385690258,1.6524547779263001,-0.06277080480845552,1.949105082790323
376,-0.5081000896565485,-0.20420905184497826,1.1907386875285926,-0.6383779313432836,1.7048272237918534,0.27977346666917546,1.9207956025221944
384,-0.5194238471262028,-0.17306868212072396,1.1355352375592036,-0.9398734393109985,1.566110946220497,1.2040767840736983,1.7679246415324164
392,0.1260314406052213,-0.20987093445714827,0.9727559846590514,-0.4515356092978405,1.3452973505496697,-0.39965304146919917,1.5796668487579053
400,0.39497116270652033,-0.2778136068472588,1.0053118372765875,0.10899128491757804,1.5604491019255977,-2.490305376980378,1.514555121627249
408,-0.1329999667778024,-0.7873835330726686,0.631627172810644,0.062280754811675956,1.4132399682008212,-1.3451884430738135,1.0446183750555034
416,-0.8633835380911552,-1.7272570029521006,-0.4271459043014272,-0.19816610824720232,0.44222616691440586,0.8063292058602883,0.06369626254802407
424,-0.8747072884143337,-2.129251087929475,-0.9621943740504599,0.011323785605245334,-0.3051431278056309,1.3243919324357905,-0.4699366820370853
432,0.06941259699746496,-1.5092744075837934,-0.45262439247788017,0.47276765428003914,-0.007894000246115146,1.877841431039328,-0.14862462324404632
440,1.0036241093027636,-0.7972918897574796,0.14612027117909412,0.762939480804433,0.6587933614978704,2.830454162417018,0.2632778339275104
448,1.7071137988012948,-0.205624529112312,0.7462804467714097,1.3715924394128371,1.4825981072145786,2.841777963373735,0.8988247751616509
456,2.570551727972983,0.5275899689100694,1.7470192010317065,2.4077180318440816,2.5059844255271946,3.3131303090070006,1.9561824101305563
464,3.357554225914848,1.1956928672219278,2.37973524992072,3.3447604921457823,2.943365323738878,4.814945982503041,2.5832365653075553
472,3.7793648643024387,1.5920249350205227,2.3330246521513813,3.951997975767642,2.7253826065763858,6.359226114971908,2.3199587969790736
480,4.182774394616088,1.7916066114684013,2.2551736509020963,4.512525005005825,2.8032335746781882,6.5262518066684825,1.898148065687302
488,4.448883171305881,1.6826152357812296,2.42786125303648,4.5479118276674,2.9263796561355213,4.959324233614062,1.7183830804093576
496,3.8996800268054295,1.0654694628338894,1.9550935656148076,3.936427805198464,2.4606893139962964,3.492895198947923,1.373007955664133
504,3.2910270393070196,0.7285870440140532,1.2473575697577257,3.6349323252084402,1.999245452315925,4.562992107731347,0.826635708982706
512,3.2429010179449387,0.7738821927978536,0.9331227773318024,3.7962961710895917,1.9426265904618492,6.107272053631594,0.3227276212741948
520,3.1820356680293758,0.6620598234984807,0.9586012247581407,4.0114478249997605,2.09832848530713,5.604779552212176,0.01981659787392694
528,2.881955639609784,0.5474065796441429,1.1128876843026245,3.9236886290017523,2.1691020939855874,4.509204000918842,0.05944984017328905
536,2.829583162117277,0.8673033311647281,1.4115522970362122,3.602376447198109,2.1691020688968976,4.1114565046618194,0.5322174486796276
544,2.911680526136651,1.2523117143268956,1.6861539011414703,3.2315227197807763,2.0572797737992254,4.173737184049523,1.0417874557970543
552,2.795611847285621,1.1093490317148074,1.5530995519501356,2.880485679427954,2.0785118642334752,3.747680124199513,1.0531112839711978
560,2.45306759755152,0.9635554372948509,1.401643973346829,2.7630015117535893,2.337543258844075,1.9783399905629302,0.6567790966592084
568,2.240746770451778,1.171629813281904,1.5658387556683797,2.7488467533732055,2.6857493873890292,0.7383863985994639,0.7034896275253738
576,1.8897097170224277,1.0046040852447415,1.4738330849895205,2.24069232555045,2.6305460006735486,1.4885866846509124,0.9143949772057294
584,0.8932173469716469,0.250157531608171,0.8680110394054059,1.1210538500180147,1.962443158621176,1.9061508842420818,0.3637763247233077
592,0.1331087962272497,-0.4759796685721942,0.08383949417357722,0.26893966417508197,1.0494636718236392,0.5260657206633872,-0.4826759800279816
600,-0.13441547354335312,-0.5878020063966654,-0.40308287849114666,0.18684227628343886,0.5045068976959124,-0.972919322170165,-0.9710138547446239
608,-0.7034352147890316,-0.9232688413602497,-0.9282230245507958,-0.3892548522112233,-0.18058159097654847,-1.9170391665277433,-1.8004804814009219
616,-1.9037555174688623,-1.7357498466372028,-1.5142284923962661,-1.7113057606015798,-0.7665869879654755,-2.1576694114019683,-2.3227896825052223
624,-2.6228153132182928,-1.993365775840576,-1.3882514434797895,-2.404887045214604,-0.5854065971890552,-2.747921214952153,-2.1897353381795726
632,-2.6553712374526333,-1.7357498650355745,-0.9947501985382525,-2.0184631384090403,-0.43819750299797117,-3.4910441225736735,-2.1203771932357602
640,-2.792671983321804,-1.6479905778059685,-1.1278045802688574,-1.922211086105561,-0.9760768983916639,-3.083388163651131,-1.9632597960344564
648,-3.472098597288833,-2.174546191249528,-1.3670193822396506,-3.112623104781753,-1.2917272004721394,-3.32260289917491,-2.008554845223761
656,-4.27891765578739,-2.8157550839756973,-1.5864175777338456,-4.506863092883743,-1.2563403397973982,-5.086281156889638,-2.3879014065948247
664,-4.396401908307143,-2.8921905471365807,-1.9317927543290274,-4.4516597259351105,-1.338437776802052,-5.55055596869515,-2.70921357471373
672,-4.13170859839305,-2.8086776752872873,-2.313970239976278,-3.6165311731795797,-1.5932227292710703,-4.7805392374949776,-2.765832457855179
680,-3.9915768605842588,-2.699686311308172,-2.1950705810457327,-3.333436764770859,-1.5465121889776394,-5.486859755476518,-2.443104788900778
688,-3.72688352466916,-2.306185133117755,-1.695408921033799,-3.146594466749735,-1.0567587699384389,-6.357375063686348,-2.094898680426776
696,-3.251284926808095,-1.9579789870867454,-1.447701275073799,-2.815374037435094,-0.745354918210388,-4.657393038500936,-1.9505205640344163
704,-2.9667750678933125,-2.0910333777884578,-1.4675179116568247,-2.710629057361388,-1.0312803263134163,-1.506552194682311,-2.014216789873419
712,-2.9356347013621638,-1.9537325735310644,-1.3500337242156122,-2.7771562245064754,-1.131778836419902,-0.950271732877104,-1.95193598367379
720,-2.9228953954645283,-1.5474920584242708,-1.0825095073593372,-2.7290301546395943,-1.0171255829862467,-3.4825511709311785,-1.9774144913129836
728,-2.9950844801938987,-1.5758015282007647,-1.3245552171846287,-2.5704972480878445,-1.1997214680598982,-4.653146774717132,-2.069420171571161
736,-2.6751877230473644,-1.7796294953457688,-1.4108990683531735,-2.274663654815412,-1.2181226364987516,-3.1640701255171884,-1.8273744590089211
744,-2.5350560303982137,-1.7414117477997966,-1.0442917290987266,-2.1925662456363955,-1.0001399410797904,-2.53701585964585,-1.3305437438002845
752,-2.4119100474710087,-1.488042226982313,-0.6847618319842748,-2.3893169003423282,-0.7878191218867874,-3.360820747987957,-0.9582746387101143
760,-2.234975993159568,-1.3266783844463208,-0.7314724178935048,-2.6441018058270727,-0.7694179683490958,-3.608528269416824,-1.145116905408387
768,-2.4359730641581296,-1.4186840931383455,-0.7597818612128353,-2.921534366747788,-0.7467704211746223,-3.2475828883447213,-1.1904120143543895
776,-2.8124886591344187,-1.669222681924958,-0.5998335417120291,-2.888978581641635,-0.8217904239460196,-2.561078911457135,-0.8181428730756843
784,-2.921479928080618,-1.5135207618389346,-0.6323893604218211,-2.515293932685064,-0.901056867338471,-2.6913023882222427,-0.7544465935620914
792,-2.6072451406724317,-1.3125236672722098,-0.9678562711076328,-2.433196600900854,-0.9534293059054965,-4.549817208960956,-1.3390365862689637
800,-2.6298927106548042,-1.7187641852680051,-1.2240567047973536,-3.0347721908106986,-1.2804033573968352,-5.196687974111766,-1.825958991168853
808,-3.2739324951178883,-1.9891193732326875,-0.98908832489719,-3.8868863605360504,-1.2789878962470844,-3.1669009430524038,-1.557019298565771
816,-2.727560251477515,-1.155406307323808,-0.19359301611360055,-3.3093737062692545,-0.5712518350073549,-1.0790797462116695,-0.6228077062807712
824,-1.4338188267004452,-0.11644981722559444,0.2607734811256876,-1.6405321538998063,-0.06734382925522947,-1.401807290026728,-0.3156502693248226
832,-1.735314353826796,-0.865234553784693,-0.09734092001895317,-1.622131026667226,-0.2881574278150566,-3.682132822746524,-0.7006587236476378
840,-3.037548668056819,-2.054231060677598,-0.5531229343633728,-3.1409325769910916,-0.7453549458839737,-5.117421509888097,-0.9243032446590198
848,-2.9412965179834756,-1.5588158231924525,-0.5021659612035733,-3.2032132650457985,-0.6448563962437948,-3.6962875937472814,-0.8039881320293043
856,-1.6843573615083605,-0.6826386100187126,-0.5403837207617058,-1.9462741087227364,-0.5486042911780405,-1.6495149584905218,-0.6157303494423207
864,-1.3219965661187276,-0.9303462523294486,-0.8730196236944177,-1.3234664204719024,-0.8628391426003987,-1.5334463216060281,-0.5746816525314724
872,-1.6532169209275644,-1.2233489488472276,-0.7399652279749676,-1.4013173383963264,-0.8033893100940731,-2.1491766142449813,-0.38217745578059775
880,-1.7027585579249038,-1.1101112111502296,-0.4370542003172253,-1.4508589439187638,-0.4905699406526808,-2.668654915553575,-0.0721890989579901
888,-2.015577832789538,-1.3380022199189925,-0.5941716445028034,-1.869838587173628,-0.525956755103412,-3.8321729154154958,-0.41190236617973286
896,-2.2278985751959453,-1.5814634354454664,-0.9126528299572981,-2.39073236210029,-0.8911485688898308,-4.228505090867379,-0.7700168352919156
904,-2.161371484837455,-1.3663116492494776,-0.8121543428107648,-2.3680847399638525,-0.9378591356404252,-3.288631670709168,-0.775678668639022
912,-1.9731136473594593,-0.7477503931047498,-0.15820624119656243,-2.03261792735201,-0.5245412986672933,-2.580895567046746,-0.44728918017430597
920,-1.4168331092238142,-0.18439246331059395,0.3697648581813326,-1.6645952201560963,-0.2541861370077218,-1.776907358318567,0.059449841237657716
928,-0.9794522281940818,-0.188638874433432,0.06119198394790141,-1.3857471483644084,-0.18907438828558693,-0.6416987654353883,0.04246415219487542
936,-0.8591371073535227,-0.48164161276569367,-0.2346417288379264,-1.1776727585405624,-0.07300571004276718,-0.5298764282191284,-0.2944181671825177
944,-1.0912745716445023,-0.522690273944166,-0.5219825121809494,-1.0177245044224021,-0.29098841945057374,-1.5688329347390295,-0.6539480670339177
