-240,0.28778920966575594,0.05623972626293404,0.2543340838400488,0.4876410383646843,-0.6463173659004237,0.2307335300885174,0.6227167176647418
-232,0.38081066770251526,0.05460776932099283,0.19884754308073788,0.5414955176986179,-0.5108650002004873,0.5848679040689274,0.3485481584571065
-224,0.31226854433571066,-0.18692177236080204,-0.24341254538405532,0.4566338519097993,-0.5222887119421591,0.8019180914462959,-0.18346953867382584
-216,0.38897043277774973,-0.33869361141148735,-0.7574786632106857,0.7275385940034463,-0.9743405531029892,0.9977528494475114,-0.44621442646057907
-208,0.8834530928960217,0.10356644637444434,-0.55185218985399,1.1730625597127964,-0.8225686053614812,1.0532393344589488,-0.17367778247163299
-200,1.0172734495876061,0.5931532849283778,0.21027123325955285,1.4080641952642488,0.08969483905518205,0.9651137535590931,0.3501800975176541
-192,0.6859864906757667,0.7661405651008382,0.667218923508042,1.1861181877250047,0.5107394679908838,0.9341065678054391,0.6178208994312523
-184,0.4101859052796171,0.6306882053613663,0.48443989414569993,0.608405814552469,0.19250804768428542,0.9504260518499629,0.5900776315935596
-176,0.2763655317584855,0.4413813352584839,0.22659080057527156,0.06986026931806912,0.15986890306030488,0.8019180947771439,0.5182715712022459
-168,-0.20995738081532916,-0.14938672956298396,-0.042681899552162034,-0.45399760190582916,0.21045953828285174,0.3237549406168685,0.01562910972002951
-160,-0.6146825213238126,-0.696092041625696,-0.5665398119733884,-0.7200064474034096,-0.3590931124142391,-0.17725552272607845,-0.4739576711576448
-152,-0.6505855049752542,-0.7727939142900356,-0.8015415025714835,-0.5976097149749149,-0.7295471026212383,-0.36329853907564646,-0.5473957090019101
-144,-0.3568335185628129,-0.6960919850012837,-0.7313673658136327,-0.5209078060218651,-0.7589223310823356,-0.10544945567306895,-0.3988877214255375
-136,-0.11040812007981722,-0.640605516118162,-0.654665457737122,-0.4262543756160802,-0.8176727513652043,0.07569763673241918,-0.3678805347953446
-128,0.04789167734292865,-0.06126114200143235,-0.04920971995700024,-0.02152928962831593,-0.25138398229536446,-0.11687315882465889,0.12170629884997095
-120,0.2323026818792208,0.6323202373350366,0.7210735295894998,0.024165521049661177,0.40139839179914977,-0.29149249323487814,0.7973360857340546
-112,0.0511555168963126,0.5784656498362037,0.7651363137283476,-0.284274210548239,0.4193499533973667,-0.5101745868902395,0.96542751015716
-104,-0.5102373962488648,-0.23914434769574341,0.1629445257702025,-0.5633386793247177,-0.14367489687997279,-0.6913216719328006,0.3371244323401969
-96,-0.4939177567063412,-0.7205713712117251,-0.3543855057650022,-0.37566368411973605,-0.5467680346911848,-0.5640291440608274,-0.1328789020488165
-88,0.3334839153343737,-0.29789477849707874,-0.34296184521320167,0.34566082403535736,-0.4308991543982362,0.10833679695879159,-0.1508304264817842
-80,0.8198068428093493,0.17700445757192715,-0.21730123010560937,0.7438581437883872,-0.13061927482822902,0.26663650777949477,-0.18020566002680707
-72,0.4738321746501447,0.1982198816888472,-0.041050001338326474,0.2820145320501261,0.15660503615890675,-0.16746375881034334,-0.12308715969593835
-64,0.1196977159960776,0.04481600803487408,0.20047949984737096,0.004582019514357849,0.37691908623028664,-0.36819440464223646,-0.24221992371983125
-56,0.2600459076430465,0.10683038795695592,0.22985473619731853,0.28691045178682006,0.6053929238162968,-0.04343513149886111,-0.2471158050641216
-48,0.11153792725429304,0.17047661840915676,0.1743682189292498,0.2754867105934414,0.7212618035833221,0.2258376142085949,-0.07576040031548541
-40,-0.14304726593095232,0.12478190748130553,0.1254095783398163,-0.18146095143049554,0.34427992319898904,0.194830485254661,0.06948367232515783
-32,-0.17731835031671186,0.30756092825356646,0.3228762215820912,-0.5437552082929678,0.11254219381787658,0.06101004546718921,0.08253934013223177
-24,-0.363361275681543,0.2406507735743241,0.314716473511711,-0.6498323341368012,0.33285628298289105,-0.4351046080570417,-0.10023976215814615
-16,-0.7501348549424256,-0.12327543199062335,0.1498888681309795,-0.43278222424547086,0.49931577377999,-0.8349338684483889,-0.3368734121524914
-8,-1.3425348844193767,-0.7189394291709453,-0.40171228723423563,-0.6367767017418985,-0.1420429189010984,-1.2918814855935348,-0.9145857784880234
0,-1.9104556149891594,-1.1709912333418335,-1.0463349072979053,-1.1328913691154434,-0.9743405362734431,-1.5872655974186924,-1.2605604922272506
8,-1.8533371844307862,-0.9767884519170311,-0.6987282592314402,-1.2977188845632837,-0.9384374991531285,-1.0617756880853513,-0.7203830952355768
16,-0.8578440099550049,-0.11348370453890647,0.376730784888451,-0.8195557859755749,0.05705567725103906,-0.18215136795696632,0.3991388331239039
24,0.27310154354410504,1.0729483662282715,1.31836946810937,0.0029500918488156542,0.8110193961211459,0.9079952632207676,1.1563664036436319
32,1.1151908443659142,2.0537539499647464,1.8471231836876174,0.534967712545557,1.0574447276365702,1.9916141136132215,1.6720645006762913
40,1.6635281039039471,2.9252184550551807,2.552128225328965,1.1436873689428713,1.5584552893271815,2.874502325536708,2.548424952150201
48,2.5578400831416723,3.8423777406706527,3.3648422636799684,2.5161623915463553,2.3809610819519915,3.5746114847819186,3.3350277186990867
56,3.4048252051772043,4.0186290660325215,3.237549741417844,3.614468792182018,2.3597456829040837,3.845516118535358,3.095130158327015
64,2.712875880429108,3.1487964312819874,2.353029535737782,2.6532467427634012,1.4376905047246238,3.085024600823271,2.491306436392247
72,0.7447368394330618,1.9639963539207672,1.507676327167863,0.28854238453628794,0.6543516236597595,1.3518873163410443,1.980504183188014
80,-1.2837845060350663,0.6535356199040132,0.9201721513365732,-1.790569646818336,-0.04575755802484625,-0.8120864600415142,1.3897361078480788
88,-3.266611069751002,-1.2427973149453893,0.09603433602940428,-3.6738469322679816,-1.0086116101407359,-2.966268423597468,0.7989680377673777
96,-4.715788067398567,-2.7425648861071648,-0.5649078955275444,-5.211149491356239,-1.574900351336639,-4.087422244560935,0.33549247224271544
104,-4.77943436709734,-2.425965400127804,-0.47025439447272466,-5.480422247932777,-1.1603835135293763,-4.206555013318138,0.02378891231112874
112,-4.08095720195932,-1.1089769161799379,0.1417290948162786,-4.920661366761271,-0.2138490064651178,-3.9699213769978,0.09885889798133082
120,-3.4461262976017464,-0.18855368214495066,0.7080178694959679,-4.369060167043188,0.4519890896065743,-3.428111931027602,0.4007707117032682
128,-2.481640252956437,0.6437438787782896,1.396703305779809,-3.6983262516861592,1.1765775372404854,-2.251471682904262,0.8413989040579191
136,-1.011247853280732,1.8040646742371949,2.2469524134001047,-2.3323790600059793,2.3042591486311608,-1.0960468101622831,1.4027917896797755
144,0.2192470554447827,3.0084482689114176,2.911158557613781,-0.6579921198983539,3.2116267248516173,-0.324131588597373,1.631265605177006
152,1.3779357633574518,4.044740278405302,3.2946682459560996,0.8793104635576858,3.655518823902532,0.4412558400860197,1.7634540068550353
160,2.561103981773778,4.911308981039946,3.6683861293606634,1.98088080104255,4.02760472389368,1.2604978015722192,2.078421510122211
168,2.5415204094141317,4.733425803745495,3.5639409127750556,1.8160532542146177,4.125522150402696,1.3469914500732227,1.970712448723986
176,1.0841837217230603,3.4653958648443224,2.800185535875111,0.4990647474767394,3.5168025685111863,0.3955610599115962,1.402791762156454
184,0.03483596483237075,2.4503192384453376,2.155562872159805,-0.5502830883024509,2.6551297188209735,-0.5558693079859429,1.1873736016688303
192,0.1294894397663316,2.212053636592977,2.0576455536403815,-0.3870874268908849,1.9550205669386895,-0.3159717972259711,1.1465746432340522
200,0.5325825667084612,2.1190321896006075,1.6871914873498062,-0.05906427667826046,1.3038700975443982,0.09364920358986883,0.9899068811158247
208,0.7480007741785698,1.9966354603276526,1.1910768241836476,-0.006841676274306419,0.8208111377727934,0.07732959016820432,0.5215354340715644
216,1.2082123884787925,2.2136855675893665,1.2547231431662764,0.3358690645023165,0.734317420025217,0.7235841796206672,0.477472701999127
224,1.6162014334045383,2.482958311719053,1.388543527907106,0.691635513231495,0.6380320482798834,1.515082887293797,0.7271619221541137
232,1.5199159713756982,2.2740679789991933,1.0344090862578934,0.5186481688963875,0.38997472668934774,1.3551512431977024,0.48236853723747153
240,0.9683148221462561,1.815488353021004,0.7129137354131729,0.08781177288941071,0.23820283890309932,0.42983210327533633,0.01236519881637936
248,0.7055699091151828,1.8056966362630615,0.6770106886509311,0.02253350082161132,0.1647647763404372,0.3612899655332938,0.08906714826552568
256,0.6451875524013831,1.7828492397771165,0.7210735327450393,-0.06559213231996203,-0.10287599401776078,0.7382718140116115,0.23267925572476267
264,0.3041087456013824,1.294894351854044,0.5497181199322454,-0.7069508242998194,-0.4847537562723074,0.751327499700078,0.27674210840895164
272,-0.12183177905384754,0.8558982212753857,0.3946823329879687,-1.1051481424750789,-0.4896495965945776,0.3645538892344114,0.30611728918633285
280,-0.1658946229726479,0.7530849575996402,0.6982261096123116,-0.7314301805326302,0.16150091241927197,0.002259639208942964,0.4709448684462055
288,-0.17568632518004465,0.6176325869910859,0.8516299997452157,-0.47684500628062515,0.6266083782614629,-0.2914924217093035,0.3338605447524816
296,-0.4155838850261937,0.24717861010747838,0.43711308199760596,-0.4801088940436489,0.4748364238582586,-0.443264367522427,-0.4951731078967259
304,-0.8252048481508625,-0.3631729409975167,-0.16997446862146348,-0.636776641436023,-0.08982037179070892,-0.6978495342361989,-1.0630938423232803
312,-1.2511453929664864,-0.7515784991138124,-0.31521861787160643,-0.9615359811963542,-0.2252726745551528,-1.4387575774103813,-0.9700723367781127
320,-1.6558704763246337,-0.9686286463456997,-0.11611995405066611,-1.407059961280941,-0.10450798777433544,-2.0523730388931023,-0.7481262741922254
328,-1.5351057799018883,-1.1040810343097238,-0.21730122519699177,-1.33688583872302,-0.2628076887778027,-1.6345922745797974,-0.9472249416946289
336,-0.6783288350472085,-0.7630022488972719,-0.28421145473265547,-0.6008736637450454,-0.40478786401349515,-0.7582318243330426,-1.0941010077412316
344,0.026676183979435983,-0.20487323385827683,0.016068480760533552,-0.19778048421058217,-0.28402313673658064,-0.5966682771144953,-0.9390651838070131
352,-0.23443679121824393,-0.09716411583563873,-0.09490450188450121,-0.816291849476989,-0.43416304777110865,-1.007921198758874,-0.8672591186823887
360,-1.118956931333197,-0.5785911638947093,-0.5077894225446885,-1.700812042885506,-0.946597310334309,-1.41917407885531,-1.1544833779537302
368,-1.409445147789441,-0.8592876173117583,-0.5192130916865704,-1.779145969962912,-0.9253818686866113,-1.3294164633521668,-1.2556646221026582
376,-1.4747233711216783,-1.0175873719594057,-0.4049761920021131,-1.58657511076911,-0.6626369174384423,-1.5219873532248296,-1.3633737308339842
384,-1.753787897749724,-1.342346604256069,-0.5567480946895229,-1.6861244723065945,-0.5484000060083636,-2.0376854102873145,-1.8513285950905054
392,-2.2270551244597634,-1.8939477867939893,-0.9957442736531279,-2.045154777594013,-0.9743405019131179,-2.6659885331583784,-2.3817143545633526
400,-2.6089327945024183,-2.5206189090714743,-1.6093597449530843,-2.6930413476549666,-1.4573994928895082,-3.1262001720016905,-2.8615094197349307
408,-2.6611554171704603,-2.545098233924194,-1.6844297360578273,-3.012904706320882,-1.6173312002717102,-3.1898464538190705,-3.187900620368541
416,-2.050803904282562,-1.9118992453112336,-1.256857227463258,-2.546165307027993,-1.4296562667750667,-2.4505703221821142,-2.771751834735341
424,-1.435556422045868,-1.5381813666399797,-1.0675503235259742,-1.8868550190895943,-1.4019130124360724,-1.7047664006438734,-2.3409154429357506
432,-1.4306605240473387,-1.450055736303331,-0.9190423289372911,-1.9553971911919614,-1.1489598450887255,-1.608480942822421,-2.0226839768738225
440,-1.6950374396003758,-1.4875907284372007,-0.45883069675567445,-2.3976572551136655,-0.8633675091002327,-1.947927851408586,-1.4612911084321298
448,-1.85823299617789,-1.516965924115743,-0.42455964006854363,-2.2964760086857363,-0.9792363850104866,-2.15192232452232,-1.363373770979465
456,-1.6640302655923425,-1.366825963118498,-0.6220263022440584,-1.5653596782374166,-1.3056275754762454,-1.8712258958236676,-1.4547632631335858
464,-1.094477632075414,-1.1301923450301676,-0.520845086144376,-0.904417475255636,-1.0951052852885217,-1.3522638745639672,-1.325838760964201
472,-0.642425779168962,-0.8788710955311269,-0.23198882540291793,-0.81792375119698,-0.7801377231179322,-0.9948654948383978,-1.0957329129673785
480,-0.21485334227527406,-0.3142143256524031,0.04381177945239479,-0.8554587969750302,-0.8601036216878242,-0.6244114180293558,-0.8444117448111466
488,0.26330983204539543,0.3189847036319617,0.3114525626080608,-0.6253529887730717,-0.5810391565928094,-0.3796181162086012,-0.5865626615838768
496,0.18008008024811226,0.44301333988414077,0.46975228359661486,-0.38545544558116207,-0.19100164276172665,-0.6831619149217238,-0.49517314769159065
504,-0.1544709268333685,0.10519841260769767,0.5040233481725958,-0.49479652142228076,-0.11429969997427557,-1.2951454436549783,-0.7040634844435285
512,-0.761558561950787,-0.6357096447664143,0.286973179903775,-1.0757728384563288,-0.17141814823873444,-1.9675113399711135,-0.9521208524906257
520,-1.1418043176512913,-1.068177969841396,0.012804555306337943,-1.5669916542879054,-0.12409142707537707,-2.5876546530634577,-1.2556646177199624
528,-1.3164235863210922,-1.1938386378919377,-0.2760516665167938,-1.6763327480104164,-0.20079336863567362,-2.8503995662698376,-1.578791944439863
536,-1.502466593204041,-1.5169658897554172,-0.5028935674965658,-1.867271586450246,-0.5940947488422306,-2.938525136300612,-1.8643842643000412
544,-1.8402815409914939,-1.946170307432904,-0.8553961060233252,-2.0696341716933033,-0.7719779417390735,-3.0625538358389,-2.185879592705366
552,-1.9055597652002696,-2.3982221591122017,-0.9304660092988712,-1.9586611366312425,-0.5222887168507773,-3.4476954816490823,-2.1793517982460786
560,-1.7146209516541449,-2.1632205126916673,-0.6008109368552456,-1.8036252669416954,-0.1159316234324313,-3.276340060947439,-2.0063644356789636
568,-1.3670142792198992,-1.6263069720829237,-0.59265109446928,-1.5539360136535378,-0.18447381043595967,-2.791649140903045,-2.0928581571080027
576,-1.1042693476062022,-1.5251256758675853,-1.0871338094588856,-1.3221982299270145,-0.6838523366467447,-2.4489384138004278,-2.353971034834557
584,-0.9802407104774847,-1.7291201591491692,-1.3939415290682018,-1.382580578050733,-1.0902093960553811,-2.2726870777447843,-2.499215146744143
592,-0.9818726817946638,-2.0669350816923036,-1.3988374044520284,-1.2291767419126247,-1.1081609630881386,-1.9446639278827762,-2.252789796470786
600,-0.8284687411731189,-1.8662044710972734,-1.0365431754634937,-0.8065001972323094,-0.8258325408082199,-1.6296963739516515,-1.5037219259871075
608,-0.9329140036893655,-1.5822441807564571,-0.6987282196118817,-1.2585519389936293,-0.8372562127550264,-1.5774738075574057,-0.9717042469128763
616,-1.1646517721641125,-1.485958739063319,-0.41966377607972355,-2.2409894679264255,-1.1587515337974237,-1.4567090331226993,-0.748126297858776
624,-0.8317327048444108,-1.1775189967716437,-0.2727877340502869,-2.198558611102505,-1.325211115053337,-0.748440157888432,-0.31565798084795227
632,0.18987177439135147,-0.6210220650714989,-0.06389737696264682,-0.9533761682620957,-1.1440639663740524,-0.015691885749948554,0.16740101573828664
640,0.5864371456172134,-0.4594584240632903,-0.15855085119537632,-0.2418433500428544,-1.214238069998733,-0.08097008348724981,0.018893037102610886
648,-0.04186593973798428,-1.117136673892246,-0.7068880446423778,-0.6237210402459047,-1.7070887840441453,-0.7696555884917394,-0.5898265719616035
656,-0.5608279460965235,-1.4729031059671855,-0.7656385084015755,-1.0823006662240935,-1.7511516069260122,-1.06830350603588,-0.6404172071841505
664,0.041363739131263094,-0.9523091111113047,0.042179808135216185,-0.6008736505969619,-1.1146887747275884,-0.3094439840087522,0.2310472908939709
672,0.8181748644798588,-0.22282476600478685,0.6508994024735768,0.1775693349236812,-0.5565598142093119,0.47389497822361243,0.6847311130139084
680,0.8002233435530471,-0.017198280201238713,0.5823571797072616,0.226528081048398,-0.15509859845379345,0.19809432866481616,0.35181200362033976
688,0.47056819800607774,-0.37296474277973185,0.6280520319331822,0.27385478380443823,0.26268215937312406,-0.3600345796117419,0.2392070754283697
696,0.5146310370162601,-0.5214727485881138,0.8679495568930831,0.6426768454693557,0.5613300937468109,-0.3926737294949555,0.5378550380266086
704,1.0335930861498979,-0.23261647557511017,0.6819065126695786,0.7650735289869799,0.6380320586230419,-0.02548362161643915,0.46278501957385243
712,1.2180041432785234,-0.1689702398636759,0.020964341769121025,0.6573644611023667,0.2006678257322962,0.3580260127310835,-0.06760062735140066
720,1.1478299935478966,-0.2897349359358057,-0.34459379952552627,0.5888222446471315,-0.3705168046967476,0.6632018618251939,-0.2552755810084387
728,1.1674134549377189,-0.5214727463091122,-0.4163998544822994,0.450106034835809,-0.6903801922884462,0.7284800776191966,-0.20305295711324234
736,0.7806398250128883,-0.9376215065226838,-0.8684516577766492,0.12371483490342963,-0.8715273525380443,0.05121834466225462,-0.3874640133653287
744,0.08542663581770463,-1.440263993424528,-1.2144263590690232,-0.4197265276879209,-1.0934733220355002,-0.5803486696532948,-0.4021516609043553
752,-0.1952698226832698,-1.6654738917070284,-1.0675502998594248,-0.8130279320869517,-1.1440639926702187,-0.33881919073168515,-0.21447671075347283
760,-0.1773182779145996,-1.5169659106170432,-1.0871337589702457,-0.8472990224331758,-1.3301069362670588,-0.08097015781774732,-0.32708163912075167
768,-0.11856793091038212,-1.433736125335974,-1.4167889129319884,-0.6824714819163221,-1.7625753337441528,-0.20499878285022846,-0.5751389661458284
776,-0.21322131275591247,-1.5952998277019046,-1.593040162034974,-0.5845541558586639,-1.9943130510290286,-0.46121585601730003,-0.7073273993792576
784,-0.4025282938286189,-1.7160645230728033,-1.3923095784373423,-0.713478639270116,-1.7021929552921884,-0.5297580310998995,-0.457638149071333
792,-0.4449591047219022,-1.6328347574262054,-0.8912990775785304,-0.8260836067310289,-1.2272937067763299,-0.7043773187029415,-0.14430260818063959
800,-0.46617456092014575,-1.2901240222594317,-0.5159491686866837,-0.9778555076653602,-0.8046171030172937,-0.9002120966892436,0.13639388748558393
808,-0.340513914257153,-0.8592876299339183,-0.2988990740471296,-0.8619866825943623,-0.4716980535789854,-0.7549680287819103,0.428514002330972
816,-0.13978328630665326,-0.8805030554533003,-0.35275360299316466,-0.6106654462434052,-0.6528451773645655,-0.4236808603772748,0.27674206388077577
824,-0.45801476428951077,-1.3129713940269805,-1.0495988450236455,-0.8783062034535195,-1.2795163066543604,-0.49548698072384917,-0.274859025744022
832,-0.8284687769359051,-1.5430772421991128,-1.4069971958234304,-1.3221982595540285,-1.445975804288463,-0.7973988198654142,-0.5294442024503361
840,-0.5004455984987285,-0.9865802068920696,-0.8537640978915123,-1.0219183152954505,-0.8682634002617582,-0.5379177970516736,-0.19652521840182913
848,0.07237096450447497,-0.5916468401165571,-0.5551161137304167,-0.4523656658255143,-0.6006226107950129,-0.009164040451405984,-0.17530978394174998
856,-0.1773183087687688,-1.113872773857678,-1.1654676816649567,-0.8326114655282705,-1.0314589798045914,-0.19357507408878932,-0.9651764743670624
864,-0.6375298646915015,-1.5691885020803007,-1.5669288323812893,-1.1541067522103434,-1.111424846643776,-0.5836125947568752,-1.2524007832505046
872,-0.7501348360091853,-1.4663752876660407,-1.3172395908387542,-0.9827513756862596,-0.8095129408852544,-0.6342032385695033,-0.744862423594451
880,-1.4551398690604518,-1.6671059001894561,-1.473907345068132,-1.5767833682409236,-1.0396187950178502,-0.9720181481398603,-0.6632646276872622
888,-2.271117955756403,-2.647911414153436,-2.0630435192139984,-2.3193233965816002,-1.5814282031215696,-1.4762926018008815,-1.1871225041703939
896,-2.2139994813710855,-3.289270218505579,-2.289885420018462,-2.107169121227383,-1.6793455523198542,-1.3163608490139647,-1.5787919435633244
904,-1.8810804058119182,-3.349652506849345,-2.5444705492163675,-1.733451203988418,-1.8980276794590014,-1.2249713512499947,-1.8562244692471759
912,-1.445348213309617,-2.8062111479394583,-2.5950611611229806,-1.3646291074372523,-2.066119127548657,-1.381639117750916,-1.810529766734099
920,-0.9002748727393906,-2.1191576780641785,-2.2360308859885016,-0.6514643070317501,-1.5389973191249426,-0.8692048527334071,-1.456395309307187
928,-0.5135012556120285,-1.8335653708261601,-1.7954027300978674,-0.3642400626615699,-0.949861174956706,-0.005900199144943987,-1.1430596949625342
936,-0.4172158140941982,-1.7242243849179324,-1.6925895449600061,-0.8619866519155007,-1.0428826563093996,0.23399738243936935,-0.8950023623276081
944,-0.1038802963441312,-1.427208243748721,-1.8182501125591906,-1.1736902067631612,-1.4149686471099765,0.4265681976309189,-0.8819467315104753
