-240,0.5096426046634218,-0.12340922918402661,-0.08047321747183372,0.708761369161335,0.09203291327552662,0.1740305202061331,-0.19829311601189903
-232,1.2147835620061493,0.40173093851778563,0.5354930653131051,1.1628919938927171,0.7096505517911015,1.2655953426159676,0.4523521852662496
-224,1.0579020633897829,0.3076020802197222,0.4661349007798421,0.956469044949,0.6584576502947254,0.5819223493051073,0.0494144834960119
-216,0.37092623390912355,-0.1960700947122697,0.016958436372625035,0.21004340262749263,0.12340920469672484,-0.536064686512936,-0.7432498964498114
-208,0.5063397298215622,0.10117901863032214,0.3620977644081953,0.4181177995471293,0.38432788971006443,-0.16450326552020977,-0.4773769847666605
-200,1.5417576002182207,1.014394412274326,1.3611851101502388,1.7772068781948787,1.3404792990508203,1.4720183614532258,0.7727207125679696
-192,1.829098443469994,1.1316427232035786,1.3529282103364282,2.0529880560661633,1.3850666275486734,2.0929388372029685,0.965932698940838
-184,1.150379600549192,0.46283215942072775,0.40833650930569737,1.0109645865939478,0.40414451255766676,1.0822917414631275,0.1402405889998206
-176,0.5393675073585558,0.07145412019266309,0.01860983858069257,0.12912551168993702,-0.007050154130264642,0.3887104014269051,0.03455204616263204
-168,0.26028349189831473,0.11769292451741474,0.1754913233602658,0.09114375565842406,0.10359258805793943,0.19219575397288216,0.16170861121717406
-160,-0.10136960862347712,0.03182091760438882,0.07475690625526092,0.07793267370089073,-0.12429838487707844,-0.4155136692668602,-0.14544885984925573
-152,0.2057878950835912,0.358794959009567,0.44631832281311795,0.32894294262751134,0.27698796772612977,-0.16945743453671872,0.292167966851057
-144,0.9026719299059749,0.989623682498386,1.0771470212892729,0.9597716914837834,1.2826808591479018,0.4696282371946852,1.1244655623349733
-136,0.1975309220057367,0.4050336856354069,0.3885198726213021,0.7302292840548483,0.8467154492020279,-0.38248603382308144,0.4391412101003712
-128,-1.1698150181385514,-0.9342388150456189,-0.9144222105515526,-0.7626218372075765,-0.5883373277732631,-1.63753782549102,-0.7316902065888429
-120,-1.1615581499010108,-0.9243304445493573,-0.884697305550287,-1.4892309113190725,-0.5387958332746129,-1.2610223490144417,-0.6243502590600607
-112,-0.786693931587941,-0.4173556120841058,-0.5279983435331027,-1.2266608253394293,-0.12925255034569205,-0.838267990514199,-0.4327896497052012
-104,-1.1698150958374636,-1.1390104705242667,-1.1819464116196934,-1.2679454521327227,-0.8443018941502105,-1.4410231315595654,-1.2023346579118523
-96,-1.1945858522226196,-1.5171773999438176,-1.556810597292124,-0.7758330012988912,-1.3826530856240693,-1.3287290432200436,-1.7093095677212262
-88,-0.18559014982110641,-0.47845679200885494,-0.8913028455533827,0.5733478924075327,-0.8492560519908484,-0.27349460248463503,-0.8142593638500669
-80,0.20248509616669497,0.1887023779034833,-0.3413919046139103,0.5882103128884086,-0.3554922014324767,0.1971498601916399,-0.08930178490150112
-72,-0.370545178017282,0.010352906208117045,-0.24230888386294488,-0.5314280944484057,-0.5420985819887874,-0.28175155498469484,-0.13223776990895736
-64,-0.7487121487698173,-0.1779048501244396,-0.39423621257582897,-0.7361997144480983,-0.727053616216386,-0.7193683658968729,-0.3981105510295525
-56,-0.5241239307577904,0.03347227741510429,-0.2703823698036399,-0.488492085847444,-0.6081539341231516,-0.5261563960217186,-0.17847648890682194
-48,-0.1377000541600225,0.28117991151499694,0.3125562083535579,-0.8220717328917847,-0.2531063711209283,0.3870590859648833,0.8024456097638657
-40,0.5905603737307669,0.7353105552276191,0.9698070755344383,-0.16151805810166342,0.41735557996882866,1.541376504344326,1.6363945829753692
-32,0.40725672485873143,0.5239333526500851,0.5536582451518421,0.29261256485577053,0.2951531367437853,0.7437579777337364,0.9940061964121931
-24,-0.7800884563339393,-0.6188244294416118,-0.5098331005418254,-0.8072092677074257,-0.4050337149123679,-0.7854236651675931,-0.42122999656495164
-16,-0.7899967721926094,-0.6914853203373079,-0.39753899659156344,-0.8484938212366769,-0.23824392704654757,-0.1859712565160825,-0.6045336221982709
-8,0.787075031296292,0.4413641501531931,0.6114567739295427,0.8871108522099673,0.8566237192928463,1.8435798230693563,0.5976739766369592
0,1.1734989669665201,0.7154939224459094,0.8310908097978471,0.9283953984660324,1.0564411993687728,1.5298168320454413,1.0650157328190164
8,0.06542020354542777,0.058243139350152316,0.5586124326174079,-0.6949151233111541,0.5461635506019379,-0.08193405379878954,0.7925373190952534
16,0.539367439061567,0.5057681123197298,0.9632015672850078,-0.11032518924592588,0.6155216599654257,0.956786569746915,1.4464854260312991
24,2.649836316097514,2.029995708606947,1.7096271052983876,2.5186783793508565,1.2480017721803092,3.818635223528896,2.3530952723990204
32,3.3797481130235476,2.6178884305905954,1.552745628501578,3.410425744036506,1.1340562766656657,4.685611882919085,2.1896082662428036
40,2.501211753838283,2.1340328393019607,0.8690726532849856,1.7012432327309799,0.5114844496201572,3.1316593832271544,1.4530910149953524
48,2.3657981906932233,2.2727491357278473,1.1795328680985353,1.2718833237613514,0.8665320473917563,2.4876195715719853,1.5670364996889137
56,3.2129583086600126,2.794586494401261,2.1406384040584494,3.3493244942182154,1.86892220180741,3.610560837252946,2.0987821160355113
64,1.6325837637301222,1.225771568906613,1.3677906490889657,2.4146411182706835,1.1241479914962915,2.3571602551423485,1.1129059054694335
72,-2.812942215804379,-2.6814031210547182,-0.9028624963875003,-3.8507101596384254,-0.857512948079369,-2.522679746676331,-1.2320595916510715
80,-5.6368090346141715,-5.108937772775527,-1.8557111245508384,-7.9940328275436885,-1.6865077616762871,-5.52489601412017,-2.1535318654180666
88,-5.531120467651293,-5.056093512178014,-1.4709386338408184,-6.436777630582071,-1.483387528628711,-4.832966131284397,-1.7588511085199134
96,-5.296623915508935,-4.976827117290362,-1.9448858702439307,-4.230528407713105,-1.7575172571049171,-4.2698441326904755,-2.559772393246601
104,-4.783043481839392,-4.450035563346013,-1.9118581739537437,-3.650892631665909,-1.7608200535382865,-3.962686587827819,-2.9973891482794244
112,-2.94670440938201,-2.735898858011314,-0.43221807078673263,-3.2842854004448814,-0.6461358061708483,-2.4516702333308293,-1.7423372177113758
120,-1.582661081712707,-1.647636714954297,0.21182176180102008,-3.1290552761856025,-0.17549134934860064,-0.975332804726976,-0.9942602570895306
128,-0.7470607391111693,-0.902862503224022,0.21182175683396648,-2.0457473450746297,-0.1242983971173182,-0.2933112191234204,-1.104903040255928
136,0.6252394138661391,0.8575129386706234,1.5279748879045574,0.11426308180713839,1.1588270326960335,0.930364440246434,0.2624430554635796
144,1.6177212644859646,2.2248589639644054,2.5997231649883075,1.463443843886638,1.825986222299191,2.3125728869080655,1.7074041341059594
152,1.5434089823806785,2.246326966313543,2.1257759649511234,1.1827086296901381,1.172038108089959,2.806336697552613,1.5620823425578552
160,1.161939248190203,1.9903624442852905,1.7608200545139585,0.6129810875452266,0.8681834343438727,2.4578947038236234,1.3242830436526642
168,1.0380854691027392,2.044858122346821,2.4444930439221344,0.8375693344726012,1.5997465527633494,2.1606455404557043,2.036029528580851
176,1.44432596783853,2.469263841899543,3.4386262848645766,1.001056338677476,2.725990537178769,2.4033990371153577,2.729610872874548
184,1.8621261275199423,2.9481651855857827,3.853123753307721,0.6245407834376171,3.3056263797490044,2.7567952319693108,2.75933582009577
192,1.8736858069146185,3.2520198933916653,3.6582603877881064,1.3181221397941587,2.9588356578429216,2.8756948326383416,2.0971307948968567
200,2.014053402836997,3.4832136356186503,3.2090839627625303,2.769688735023523,2.5988339545621444,2.5718402440417485,1.6760278634399497
208,2.89754394398859,4.287437710215101,3.3923875310973375,3.559050328647478,2.7557154295850053,3.276981165905521,2.113644643840226
216,3.9957143328333418,5.316249985971074,3.940647042332552,3.7407026175314027,2.8349818794650368,4.930016685284047,2.6569499848171683
224,4.970031014790302,6.214602947780937,4.574778574849769,4.705110840472109,3.2511306764974157,6.105802208192022,3.07144737964148
232,6.28618410789841,7.329287245173704,5.479737022379924,6.084016710315105,4.243612554436038,6.63754779828419,4.08539729292467
240,7.176280151800194,8.214429118639819,6.069281156150957,6.356494956578199,4.773706768397174,7.000852401596889,4.838428392938097
248,6.7370119830286415,7.700848614367156,5.623407463164447,5.595207007308473,4.101593520649241,7.3360832966932366,4.456958656796279
256,5.448932369297621,6.4590078351179985,4.754779435448593,4.7282302251611,3.445994017536551,6.384886065061333,3.6329179731890173
264,4.903975625757825,6.25753905004634,4.881936029773273,4.553183545286839,3.736637630967266,5.394055659756502,3.6560373621354834
272,5.950953129958703,7.464700660194124,6.0296479622550265,5.619977577429115,5.143616849802189,6.094242469724883,4.5031974006294115
280,7.407473930747896,8.76599141761606,7.159194668775404,7.215214766534695,6.550596133918388,7.379019293053956,5.150539947516753
288,6.99297650931437,8.00140058552171,6.498641029819025,7.000534804421903,6.190594310363952,6.928191426438671,4.177874752030376
296,5.209481685923845,5.920656616680132,4.9364316425535275,5.144379042061694,4.671321015429749,5.59387317034433,2.6718124230375215
304,4.112962621588247,4.891844290366648,4.249455885272543,4.146943032004676,3.994253541898978,4.7087311531884435,2.0855711103577312
312,3.9081910131192164,4.766339152887626,4.051289807936866,4.381439579357377,3.6788392057881136,3.8434058997316125,1.917129897577313
320,3.675345848638552,4.459181645987452,3.863032010980906,4.2691454246722085,3.1173685393313244,3.082117867441131,1.8857536191059332
328,3.610941883101515,4.247804467180818,3.747435091793429,3.630059820173424,2.7441557475294065,3.2158799998175636,2.059148925155292
336,3.376445310381362,3.5839481043455352,3.189267286519101,2.929872943504608,2.2371808430418754,3.6435884815664616,1.7503401070505709
344,3.112223861397896,2.8688987830701547,2.579906543205073,2.4361091451002994,1.9630511099534051,3.3628531799143366,1.134373867549957
352,2.994975608121946,2.7665129068133596,2.6426591920383258,2.37170515047052,2.4386497501611384,2.69239117081649,0.8767579557312715
360,2.750570795468085,2.5386219647450323,2.7186228126669554,2.9612493257519312,2.4947967756157503,2.4611974418941114,0.6059309422642317
368,1.8059790795361927,1.3446712476293463,1.9292612568280856,2.7878539796113544,1.6724074881851345,1.977341921740782,0.042808945089469454
376,0.7540473853862214,0.1160415180518731,1.0540276616129458,1.3511498681928,0.8582751259357831,1.0310988243560109,-0.43444102583623656
384,0.32633892581167007,-0.4685484433321507,0.7798979074144976,0.028391068862689724,0.5048789133423522,0.40852701824308546,-0.49223947141578844
392,-0.23348034517805452,-1.0696523189408218,0.36870323717867076,-0.2952801934938072,0.12506058827834013,-0.14468665615460996,-1.0289393076911943
400,-0.6463263956249963,-1.6839671308659143,0.016958443645810912,-0.5727126346730488,-0.4479697025807461,-0.5459729887122091,-1.526005910689032
408,-0.15916801641794132,-1.1522214749602828,0.8360449694124334,-0.5264739305763451,0.009463661640281916,0.07659880427350288,-0.6375613073125864
416,0.6467074440662569,-0.1415744290683733,1.9639403186056208,-0.12683893281679892,0.7013936328186549,1.2573384722496892,0.767766548163725
424,0.6566157299452102,-0.002858194553262829,1.988711037383084,-0.35638132942465156,0.43882356174017273,1.3811922532884953,0.8932718193984075
432,0.012575855847079516,-0.7344213356792713,1.1778814069954024,-0.7939982105851604,-0.28778543094712083,0.3523799399248304,-0.10251280548044199
440,-0.43329783022103524,-1.3470848044687573,0.1292525621424446,0.056464621858609974,-1.027605489981207,-0.2437696989025278,-1.1032515848294282
448,0.49808287116333905,-0.663411814351003,0.22668422024437782,1.2702318993789372,-0.9103572585248142,1.3068799378329912,-0.9315076598781583
456,2.408734225903402,1.1811842757103208,1.864857256344278,1.6715182922507608,0.4421263225171919,3.719552188941138,0.7396930357912082
464,3.2459859655685595,2.0977023534968007,2.6657785226219093,2.1041809307759283,1.1819463971620188,3.8764336409026776,1.5108894087756286
472,2.4450646998231114,1.0556789975572418,1.808710170752837,2.596293373272205,0.7146046533975954,2.561931882592622,0.34501227268423784
480,1.5252437539357733,0.20686760351007244,1.3826531128541677,1.9406939574377442,0.48506234140705035,2.0351403277612983,-0.3882022784552077
488,1.292398572602606,0.09127074570118708,1.6088927524102914,0.8639914719558464,0.7624948194844053,1.686698322679042,0.0015243897862704209
496,1.2626736931461877,-0.14983136773163971,1.3165977325140343,1.3841774921059173,0.6898339582136371,1.1400901343564298,-0.03976024942465763
504,0.9043233342427803,-0.6419438693003775,0.565217944414733,2.0397769443063076,0.19276732541347807,0.8791714679695423,-0.4905880998970171
512,0.055511907200182495,-1.3272682249054806,-0.03588586165518513,0.571696507229364,-0.49585987505376783,0.24834276009146353,-0.9001313292527152
520,-0.127791739897905,-1.494057983678557,-0.021023379263533187,-0.443904708920818,-0.4132906113556778,0.027057327159540668,-0.7680206416590968
528,1.2659764927726638,-0.6270813860217513,0.6180622317988578,1.2603236152739314,0.3331350197899582,1.5578903738654901,0.1270295441177956
536,2.208916762147795,-0.16304243762632792,0.6593468752672601,2.4245494809615744,0.23900609425927472,2.8063367633660743,0.22115845013505356
544,1.4327662451595284,-0.7278158226401814,0.09457348102887944,1.529499256512621,-0.14411502972163337,2.0912874335757428,-0.4988450692495803
552,1.2709306007653698,-0.6980908709840898,0.3984281716274692,0.8375692986388565,0.4619429934387787,1.3894491935483155,-0.14544883767490846
560,1.5401061877212574,-0.4801081949265018,0.9384307550204982,1.2438097787481963,0.901211096929052,1.2672468051382584,0.24097502136077648
568,0.6879920311231208,-1.2413962736944133,0.0367750551401478,0.8656428443615909,-0.22503282397903604,0.7899967086170511,-0.8225163106734935
576,-0.06999331365438435,-2.2702085765917883,-1.2149741279554898,0.3867414859515844,-1.2521937427626098,0.4349491739979923,-1.71261233719059
584,0.6467073518209733,-1.857362528450978,-0.6155216918077878,0.89867053444296,-0.47439182516282974,1.1533012427457852,-1.131325177206989
592,1.7580888825826921,-0.9755233934101384,0.4529238857001395,1.6483989114644544,0.4206583324082932,2.0797277534714875,-0.10416425026325521
600,2.023961708584165,-0.8037794503646014,0.5420985551134789,1.9770243132125327,0.283593446882817,2.472757200229463,0.4721688189349332
608,2.170934876972884,-0.8021280765396988,0.38356569633160736,1.8779413508244485,-0.021912589689696355,2.6824828943394587,0.7363903216690152
616,2.354238574983272,-0.3777223887406428,0.548704124741502,1.7838124009906808,0.29680454817638074,2.482665491962444,0.668683556328108
624,2.9388285259010045,0.36870326440194645,0.842650470920862,3.1990485833241395,0.8698348291013592,2.6230330992380892,0.3631775172720679
632,3.861952320730567,0.8591642896115999,0.992926444435294,4.6423582789170865,1.1968088522348759,3.902855810849167,0.2426264361638729
640,4.008925438206985,0.7204480840118378,0.8409990921289056,3.4467561560454385,1.033321794634173,4.675703604668108,0.2541860869979902
648,3.468922872553434,0.31420761614273784,0.7138425428624997,1.7276653515877736,0.6799255944583769,3.9177182169610667,0.09565327345178665
656,3.6423181821506887,0.5041167631527008,0.7254022627031843,3.0091393476167885,0.5478148660639596,3.47679867578377,-0.23462356119365455
664,4.461404799630409,1.1217343993621436,1.035862471307917,4.888414578928507,0.9226791100992718,4.652584110349145,-0.1190267234303792
672,4.828011970182426,1.4800847366233891,1.6121954722091165,4.173365215787957,1.556810592058978,5.372587608091616,0.46886603048432884
680,4.48452406652927,0.9797153992803542,1.8863252081359039,2.8588634526882415,1.6955268095441902,4.768181029714016,0.7429958435778433
688,4.07828353107276,0.2927395763633016,1.2521937611229685,3.352627287635874,1.0168080193096356,4.290931053821258,0.17326830515822222
696,4.428377047993053,0.35714357400879315,0.8839350797972836,4.743092762012949,0.7608434488526085,4.680657671150435,-0.18838478099459244
704,5.08067372078997,0.9632015365001924,1.379350277393947,5.182360875792118,1.1802950204987994,5.14799943318652,0.3466636206095036
712,5.293702257455976,1.2571478867596326,1.8186184676302655,4.873552037464392,1.6327742554397482,5.321394746863853,0.7050139736588841
720,5.159940181136296,1.1630189894347185,1.4536625937364258,4.748046898743608,1.299194663210393,5.602130025454658,0.46226051247818567
728,5.214435926253052,0.9235683509418161,0.9846695259950319,4.792634236288595,0.5560718508498683,6.259380835691817,0.40611347070325415
736,5.242509308595196,0.9632014673162297,1.1663217614831285,4.528412840878353,0.59405368741861,6.512042724312501,0.9163911561908085
744,5.019572511949874,0.9780640561447476,1.5808191956890805,4.348411984537002,0.9672664886224515,6.077728636747044,1.3061177570222717
752,4.570396009757571,0.670906499396641,1.2472395653198485,4.318687056474415,0.6997422446247745,4.920108388761407,0.8685009925875251
760,4.281403841996642,0.4694376609291568,0.7039342229237492,4.151897171928441,0.5246955287393741,4.6344189553456765,0.6785918384817713
768,4.325991144772252,0.5520068990823991,0.40503369069798123,3.3443704204627016,0.6353383003751109,5.377541788816181,0.8156567282647222
776,3.906539606121489,-0.07221630019145998,-0.1828590678289913,2.229686062755712,0.04084000397378041,5.247082411540136,0.12372679008177785
784,3.810759335149067,-0.19111602539162503,-0.18946454450215183,2.629321087479264,-0.2184272919587055,4.606345375030962,-0.16856822218650436
792,4.550579456803509,0.9714584982247801,0.8393476847763894,4.04290588747287,0.7278157550459484,4.9679985534290605,0.7248305546413193
800,4.410211831610992,1.0639358916944202,0.9978806074203801,3.9702449394560566,1.0035969414321817,5.070384336198806,0.9114369543562661
808,3.6423181496874433,0.07475689675781774,0.4859515271753402,2.845652324962856,0.5511176516762475,4.606345409090757,0.4672146451287653
816,3.9742463230336216,0.11604149481315766,0.6312733070153889,2.320512200722765,0.49497065389522055,4.619556473486209,0.8585927035154667
824,4.023787889554551,0.1903537265383285,0.35218941998896575,2.1372085938932917,0.0028581773391461993,4.180288337887482,0.6934542981668924
832,3.4358950907589643,-0.5907508904598793,-0.41735556426939063,1.8135373391647693,-0.736961867325963,3.4503764758575635,-0.06783375292743513
840,3.0626823679636135,-0.8813945200335195,-0.5379066794373829,2.1537224085994686,-0.5701720909908032,3.5197346826107836,-0.12398082982653232
848,2.780295657007632,-1.1109368703413363,-0.724513030723556,2.9562950712311404,-0.5734748624115094,3.2868894977297214,-0.40801892347715724
856,2.49790898064363,-1.4329568113817834,-0.8714861874042198,2.8555606787840087,-0.8129255367381563,2.9945945301649224,-0.7019652655764377
864,2.6547905209477682,-1.3718555363734342,-0.5841453629562923,1.9192258777444833,-0.8426505322107578,3.0804664402204005,-0.4542577176904068
872,2.699377880134917,-1.8408486915704518,-0.7228615971166137,1.0671116947145252,-1.009440289919466,2.743584135465406,-0.6012308495358015
880,2.233687554544091,-2.2669057425507253,-0.9491012668298502,0.8838080978191597,-1.0821011701714751,2.57349155542369,-0.835727367618363
888,2.2204764498800262,-1.7070865693055222,-0.2819421276068078,1.478306342243821,-0.36705191612871346,2.8525755071992074,-0.2461832751803128
896,2.212219494719046,-1.5799300290862486,-0.0457941659831955,1.4006912708009558,-0.07971103367269466,2.708905063221579,0.037854822195602336
904,1.3122151949180239,-2.5558979919132514,-0.9276332589814732,-0.2985829826539906,-0.9004489449722752,1.6916524634897818,-0.8208649607968853
912,0.976984248909377,-3.090946417110852,-1.4065346817857833,-0.5875751663804493,-1.5841219531842963,1.364678410553943,-1.162701424989071
920,2.0322187031267887,-2.5212189407794026,-0.8995597710894364,1.4485813980383109,-1.3793503301688932,2.051654214844544,-0.5863684171694757
928,2.616808725179826,-2.098464585294871,-0.4817595546416964,2.366750998838699,-1.2538451375200965,2.4942251293145583,-0.27425680972717614
936,2.0834115994787163,-2.420484488727628,-0.42891524330927794,0.8359179241043746,-1.3810016873186872,2.135874780877442,-0.5186616610530971
944,1.835703979393011,-2.2636029904660506,-0.01276648867425001,-0.1763805559266618,-1.0061374895834116,1.927800389279649,-0.054622693144248974
