-240,-3.5292618455920937,-1.4469563619532457,1.2252836152421942,-3.201730143474537,0.3849831386757615,-3.4761697445938426,2.8429677316020845
-232,-3.035296666137104,-0.6129671220875595,2.170922517727564,-2.332216093921247,1.5065548919406888,-3.100620779091769,3.688798612252745
-224,-0.6754285423731594,0.9585866935229665,2.844203926937386,0.07671037451215555,2.1341614610258675,-1.0757016808032211,4.253813587534496
-216,1.703047949051936,1.7046093924240147,2.0051396737612546,2.0576462492025263,1.0650312362368066,1.2689414568189499,3.590682210760649
-208,2.5691787441091627,1.5946514766250945,0.3574611576829683,2.6801778022514386,-0.3424314135374542,2.427729833284027,1.4135135256355078
-200,2.3441877827174116,1.0177948171269375,-1.0178598211431702,2.3756787279799,-0.5809557340046698,2.3448383705044002,-0.9446629910514907
-192,1.780864375442491,0.16858059784317114,-1.8027909436729677,1.930771677672696,-0.25784824082652347,1.844106523050992,-2.12713457985063
-184,1.1109663862769987,-0.37613456970251985,-1.787565923549277,1.2236570247831648,-0.2629233306417093,1.3805911857669737,-1.8344770555033247
-176,0.3243435370975206,-0.4353426625955624,-1.4187837041858546,-0.0027977986991627726,-0.8144049944590225,0.8138845045517915,-1.3997199758467935
-168,0.024919588622021472,-0.2661764803595884,-1.2293175908249383,-0.6946873584129682,-1.2407037363462776,0.38420237187736567,-1.081687608101243
-160,-0.015680366487541102,0.03493938648175118,-0.6862941802764142,-0.31237184739274987,-0.9277463326646506,-0.025179658308765535,-0.2798399038011763
-152,-0.6805035402372785,-0.029343772239242356,0.4471192555694262,-0.4764630212247594,-0.11744031240188586,-0.8405606195568254,1.0481145965672793
-144,-1.6921172127001842,-0.39643438052784424,1.47226625803236,-1.5202183868058066,0.7520737756763571,-1.600116856892437,1.849962291962993
-136,-1.7056504927268048,-0.2205016743985841,2.1303227083586282,-1.8179507609142256,1.4236635463714158,-1.513842120535993,2.069878269664901
-128,-0.337096227147733,0.7961871543895687,2.768079064737509,-0.4612381335760263,1.7061710686302318,-0.42779532742405213,2.4572688303398587
-120,1.2209243362395559,1.8619339573170859,2.822212319136169,1.5738309900613596,1.2122057328947713,0.7462179575877271,2.8091344933740183
-112,2.217313071625486,2.2036496927685634,1.8681150883310398,2.533003197650916,0.5236993862445312,1.2621749581849484,2.069878315276992
-104,1.8062394087396805,1.241094174167564,0.10878690945134839,1.9358466319236596,0.029734239499407844,0.790201185183778,-0.21555673126935074
-96,0.8775169940745742,-0.244184933435067,-1.9059823150440744,1.0037409573108462,-0.5792640346132119,0.26747768231812585,-2.915448850024261
-88,0.6440676665649969,-1.0206575728184064,-3.1645786541026593,0.8751747897890787,-1.252545441460654,0.5550602415111792,-4.319528165163287
-80,0.4529098986978272,-1.2862484475237788,-3.4250945431192528,0.628192062134982,-1.8209437677325717,0.7174597323066628,-4.407494632167283
-72,-0.6009953808367924,-1.6854807218540226,-3.201795164453772,-0.7234456641966476,-1.9444350575081173,-0.12329617628432786,-3.4686223237196896
-64,-2.2926571699414975,-2.44672846886387,-2.386414177037818,-2.4049573712554144,-1.6094859413537015,-1.9519824937587047,-2.0865346256496755
-56,-3.4226871603020026,-2.7207776468114373,-0.9112852072696184,-3.0596305507306862,-0.7653468525907337,-3.3865116650612563,-0.40333119775631676
-48,-3.6020033442630206,-2.150687632233072,0.6957934358372138,-2.9192225799649445,0.4577245902808257,-3.8331103613338025,1.190214236195271
-40,-3.016688376252746,-0.9360745040521613,1.8105985817986967,-2.706073280437857,1.306938820649603,-3.1919705245790624,2.0614199578817973
-32,-1.9374080507004345,0.10937244407343372,1.849506761738943,-2.3169910808846934,1.0870227419105523,-1.5392170113635446,2.044503378473907
-24,-0.32694621143013425,0.9890365747640545,1.9628481444663333,-0.9958031685572059,0.9855231215398043,0.5381437309757291,1.9869868099745396
-16,1.5744815567406993,1.88223387008816,2.4838799781062924,1.096782356940951,1.4761050577654626,2.0758642296727894,2.3506942013834244
-8,2.6825201860777548,2.315299321769774,2.160772561432888,2.5549947845541627,1.555613108678227,2.2856303083222875,2.13246973317403
0,2.621620271131257,2.056475122876843,0.9783010287856853,2.1625292872552246,0.7605320740120725,1.9016230166811103,0.9702981818068984
8,2.0532219172376744,1.4034936996718514,-0.07729590143903556,1.1542989099939924,0.28179177348318574,1.9269979169581777,-0.48791430613784414
16,1.576173367345702,0.8097204195150302,-0.47991143753420124,1.1678322598016617,0.48309953053661847,1.8474898206150445,-1.5113695743187956
24,1.8180809250454404,1.2191025652760195,-0.4274698576311565,2.0474962402086216,0.5693743083255595,1.630957083416644,-1.279611964736266
32,2.6503785094962677,2.399882493572098,0.12570347523012718,2.96776029584304,0.2293503516778265,1.9557561836717379,-0.2696899873035042
40,2.486287352019191,3.259246688776459,0.6890268883201355,2.5211616400943826,0.1024757074594053,1.7324569156746363,1.1411560085544439
48,1.5000485567547264,4.184585550013671,1.6938739754678949,1.441881411581336,0.6454990605839424,1.2790914605429313,2.6788765670378702
56,0.7827839228563981,3.3895045849468426,1.5094827847384042,1.013891029543825,0.11093393510546515,0.6379516595873221,3.005367270008597
64,-2.2926571652167387,-1.5061645656963896,-0.877451909618631,-1.8450174072851713,-2.0797680351345,-2.7267635776739962,1.4811799940958927
72,-7.279676005922222,-6.149776096401583,-2.6283218534016815,-7.500242660063236,-3.551513712245126,-7.08786758612038,0.16845050131234604
80,-8.92227958464964,-6.12440109581426,-2.3525809413538536,-10.071568525705569,-3.214873047528079,-7.657957556903869,0.47294960647653655
88,-7.13757642535371,-5.295486846725556,-2.4067141873933267,-8.144765827637062,-3.3485143183124215,-6.182828614575613,0.44588298790897757
96,-6.400011909395235,-6.491491711553443,-3.2356284455681052,-6.456487374439637,-3.930445960955258,-6.3638364185158025,-0.8685382407920446
104,-5.9669465036891545,-6.2428174416969675,-2.8347045450801587,-6.0403385376016026,-3.221639622848544,-6.133770390024051,-1.4403199220520024
112,-3.490353582968574,-3.375450739060399,-1.540583385975848,-4.056019200162356,-1.995184941472412,-3.6910107671361825,-1.3591201025118966
120,-0.41152925675430757,-1.090015697965702,-0.948501712895973,-0.8503202646201932,-1.648394281572294,-1.3446759619238116,-1.7465105826842406
128,1.3393405736345396,-0.2018932882018431,-0.9248184364142279,1.2219653584650145,-2.0391681185498913,-0.17404606987986063,-2.081459587806832
136,2.2663712945415537,0.7319039658662526,-0.8402352731528143,2.252187353340423,-2.28445904850121,1.0202672621951656,-1.9478183099353503
144,2.8381530068758845,1.7976508751008349,-0.8605353512904335,2.8831771850991323,-1.8006438173451522,1.9963560061246217,-2.155892764062641
152,2.4067791844412376,1.6200264285110626,-1.0703014068613028,2.8696438647303415,-0.804255035438524,1.2520249242952015,-2.5534332001662166
160,0.9418001206308659,0.7538955756664047,-0.9451183946156702,1.7125473119542145,0.04157584139598523,-0.444711853224106,-2.218484226481441
168,-0.12902175557518303,0.9044534233145374,0.13077847472973922,0.4285759554082078,0.6454990900228217,-1.00126855706492,-0.42024779588151795
176,0.22453559830952521,2.129216537229004,1.6262075160935834,0.37444280713489086,1.3982885363345743,0.10507821369266179,1.9024038002677757
184,1.1600244069370607,2.8041896358356015,2.691954405338802,1.172907272748664,1.9497703133643676,1.2655581730657293,3.5771489040209707
192,1.2310743599529006,2.311916036381059,2.810370666902742,1.2270404324704338,1.9920618935413033,1.4803992188684159,4.05927251683335
200,1.3359573294966018,2.2628577931121865,2.65981281180403,1.0105076276716443,1.8888704391234807,2.0318809915368936,4.040664221497347
208,2.878752829147046,3.5332957418813726,3.3060275210350683,2.091479468349837,2.350694147887418,3.9722169169327888,4.372229935234415
216,5.022088329288514,4.7529839484290175,4.023292218899357,3.9100158816836004,2.59936848370879,5.733236844813901,4.922020041584745
224,6.502292324360768,5.5176149886416015,4.233058326079127,5.2768787055522735,2.235661123737721,6.831125358849984,4.830670363516119
232,7.837013466378028,6.295779493509829,3.930250775656097,6.508408342814861,1.8381206781846275,7.7564643605578985,3.983147780203015
240,8.599952878979142,6.519078773863993,2.7934541122089733,7.447280587478216,0.9229316393133625,7.88841403244276,2.3439275199376177
248,8.109370904773693,5.642798079754355,1.1525421349251357,7.110639934027903,-0.44562276528264033,7.325090545573831,0.48817456935796216
256,6.800024771521222,4.328376859957685,-0.08406265757237034,5.7691521707146425,-0.9937211248122053,6.167994030959213,-0.6080222958052357
264,5.082988047794093,3.0207223668554715,-0.7827188294961022,4.314323099543241,-0.5369724844203194,4.264874474353404,-1.33205344741832
272,3.369334806986922,1.4643935295726973,-1.4509251576133684,3.0100518300444397,-0.5166725632900585,2.4091214091074966,-2.25739243622401
280,1.7301144335090448,-0.022577217089861296,-2.021015299033324,1.7210055970242613,-1.0664626267541186,0.9847424274299987,-2.97127369550838
288,0.46982650481877397,-0.8007416107445456,-2.0057903814005473,0.35245117534643927,-1.2102539036248234,-0.07254631285455948,-2.7648910545301932
296,-0.3861542936016086,-0.44887598241918714,-0.6913691172638375,-0.5136795461135892,-0.5538890810917508,-0.6460196575251235,-1.3709616835105045
304,-1.0662023875282243,0.2548553300200216,1.113633921548137,-1.1497444676874828,0.35284161437687245,-1.1146099721387337,0.7199322256429111
312,-1.6616672705823994,0.5813461098589324,2.4466634539443484,-2.0632418071672896,1.0007480738813839,-1.4326423851329322,2.6568849784991313
320,-1.2404435988844107,1.2901523996277329,3.536093617854097,-1.8551673757551863,1.6537294930885034,-0.9691270732899206,3.9780727945142362
328,0.3328018308901992,2.2797744648345875,4.1670833918253765,0.13422678091596557,2.286410967541568,0.46201885369297024,4.4855714286301875
336,1.5321900456179256,2.5115321203926513,3.531018509866763,1.6364225311655614,2.034353384492992,1.5717489325544511,3.954389474055892
344,1.8485308811557764,1.735059408320719,1.9273231924908132,1.2930151920898443,0.7605321430662336,1.83226482865818,2.435277231806439
352,1.6353814002706557,0.5695043985660269,-0.01470436814885868,0.6992419217459828,-0.81609675890677,1.6580237297875893,0.3477667036272348
360,0.8081588318560968,-1.1103157250395859,-2.2003313923153267,0.38120943878901553,-2.5618916290478433,0.48401033701497387,-1.4437030862324904
368,-0.41998769174457456,-2.573603075647667,-3.5519691916989893,-0.5762709512901234,-3.8509378678831094,-1.092618356160051,-2.1220595160216145
376,-1.0831190576151322,-2.986368501345726,-3.443702832640168,-1.3121439046934102,-3.7003799689895205,-1.4478672973140654,-1.8987603030861204
384,-0.6534369071320006,-1.9459966490321274,-2.511597277600088,-0.8029537707161835,-2.3081423640530727,-0.5800447690651852,-1.6010276872881357
392,0.4207684343670257,-0.7060084821023818,-1.6894495413196582,0.3642929160782253,-1.1138291586379174,0.4214189022178388,-1.5993360922048052
400,1.3494906018909216,-0.5080840882144547,-1.432316938055222,1.2304236115520826,-0.8448548915098796,0.9610589930322895,-1.8175604204886628
408,1.3376489780060459,-0.9056246079099112,-1.0567680308857401,1.4046648923258733,-0.3576562797430526,0.8984675642319628,-1.7651189981381399
416,0.9147336934160226,-0.5622173031795541,0.2948696952641683,1.1847488377557802,0.8265068945081774,0.29116098860219336,-0.3711895965892426
424,0.6440676812844364,0.356355018718046,1.8173652207216784,0.9140828367092033,1.5573047920781946,-0.011646475866576363,1.3982885663885112
432,0.4901264186801768,0.6202543330488912,2.12186436295705,0.6552586381797166,1.1377726571309408,-0.38550369691026865,2.1933696228612436
440,-0.0021470372143991144,-0.08516868187104092,1.2574251633465965,0.0817853035038347,0.4611079832486547,-0.9488269918813157,1.9616119849301628
448,-0.36923764841054474,-0.7110835005010272,0.41159431667785273,-0.43247984160317887,0.14815049397621094,-0.7999608861474682,1.1360810241377153
456,-0.5790038053819994,-1.144148890215617,-0.3158202402601211,-0.6608541438086951,-0.13097364512773663,-0.4683951862212314,0.2581085503157261
464,-1.0695856878180996,-1.8326552234184676,-1.3595755202503523,-1.1412861282827147,-1.0952208456749315,-1.2008847012263195,-0.3965646000841099
472,-1.8849667153944996,-2.6987861060654463,-2.672305093173071,-1.995575296729244,-2.1778843588498034,-2.4239560897631556,-1.0444709272953856
480,-2.788314044063187,-3.5057086762998386,-3.9241347447890393,-2.7906563259437536,-3.319756090487258,-3.134454115085989,-1.9647349384080397
488,-3.2535211032721265,-4.126548639171901,-4.991573345055891,-3.2964632899254043,-4.365203029163335,-3.3932782476505796,-2.949282092977084
496,-2.668206066025969,-3.686716631977463,-5.113373009582342,-3.002114116886934,-4.255244955448451,-2.665863743775278,-3.2419396847430573
504,-1.5669342538806665,-2.517778327566262,-3.9867262324671247,-1.8213341878639706,-3.082923413804727,-1.3345258875101742,-2.614333076769482
512,-1.1660103862843079,-1.509547854719533,-2.4253225001745897,-1.2478609089765824,-2.0916096304891028,-0.8101108913252211,-1.7752688504881309
520,-1.1677020540562282,-0.6738670228597814,-1.0500014339404193,-1.0634696099410925,-1.2187121865142123,-1.1366015346913014,-0.8600799048399836
528,-0.45212910355786856,0.2057971859710752,-0.14157907506119005,-0.22609715882905407,-0.2798399536627541,-0.546211623878517,0.04157583601423341
536,0.8538337150487288,0.720062379597723,0.24073651918746547,0.8836329547412292,0.22427531528875538,0.918767478456808,0.3951332217002006
544,1.2175409065639886,0.6726958177298814,0.12062849771881433,1.0900156178894338,0.10416731944283245,1.216499946515232,0.46449125471470715
552,0.19916066423226234,-0.17990178270981833,-0.6067861402669387,-0.15166395131715213,-0.7568884846556911,-0.16897093390741874,0.34438329012487895
560,-1.9796996748539673,-1.910471691423241,-2.1191316456455347,-2.2002663337197457,-2.123751215846408,-1.9350658554730575,-0.09544870907381382
568,-3.899735803962255,-3.6799499160045754,-3.428477941175284,-3.880086575262598,-3.037248605299622,-3.5675194922617974,-0.7602717885101044
576,-4.312501179505187,-3.778066228089704,-3.682227097500613,-4.147369068311649,-2.991573694848769,-4.611274827131914,-1.0461626096050245
584,-3.273821017315251,-2.8408856791833768,-3.2390117545806114,-3.255863261400366,-2.6515496727813033,-4.404892071669199,-0.8769964328206955
592,-1.9847747061548375,-1.6042809744573445,-2.3711892892073623,-1.8162590566162873,-1.9951849498316008,-2.811346668791982,-0.699371985140594
600,-0.560395444626264,-0.32538462395292245,-1.2800673899253023,-0.4527797781797662,-0.8127133188730776,-0.6003447392602465,-0.6536971164856799
608,0.7726339776467319,0.5999543566753002,-0.6050943629169664,0.4708675343130926,0.28179183999324664,0.8612509183166285,-0.4811475761724009
616,1.0280748811562672,0.6726957639403235,-0.24646213582907306,0.491167513230784,0.5423077188334368,0.9864339901669049,-0.10559878984770205
624,0.48505143789787714,0.15673907790298086,-0.4460782272912438,-0.04339766767274349,-0.27138158300189064,0.6954681305022558,0.06525914738650133
632,0.4495264911922801,0.18549724630522257,-0.8402353963599754,-0.16519723643197554,-1.4792280477274196,1.28585810891543,0.2361168903604458
640,1.7724060627507792,1.5286766506773455,-0.21601221606303053,1.1559905955746193,-1.195028981267287,2.4547963115626024,1.2291225073596992
648,2.8922861446093524,3.318454723155186,1.7361654800486948,2.4907118638883086,0.6996323006266052,2.7254621725019184,2.8362011019468985
656,1.5863233041961788,2.929372612282104,2.5600047563508457,1.2693318774465914,1.5522298807135,1.0760920406240553,3.4333577221905993
664,-0.7972281438422587,0.3039135836470204,1.254041851608268,-1.0144115185913736,0.5490742854312708,-1.0537100913558732,2.4843354790731844
672,-1.8934249741149332,-1.5873642892875546,-0.28537032994359507,-1.853475774493327,-0.4709977000867896,-1.6136502234184829,1.5099383738402128
680,-1.9577080917668714,-1.587364311457575,-0.7370440160845168,-2.017566933605896,-0.689222074164458,-1.5933501470980793,1.457496694353798
688,-2.043982864104168,-1.0477241821181709,-0.7404272831193618,-2.232407949606259,-0.6333971977876899,-2.286931591195807,1.3492304397848263
696,-1.2878100328203315,-0.651875328740863,-0.6304693360643475,-1.251244142029511,0.04665088705285186,-1.8132661495141085,0.7300821663095399
704,0.021536159309895633,-0.36936780375622436,-0.5323529238506848,0.2526432187497403,0.9973647276159747,-0.22141254833754392,-0.2933732241699662
712,0.21100221397477473,-0.6552586955407995,-0.79625220619855,0.130843539503849,1.0599561707722986,-0.13344620036111504,-1.3117534361542056
720,-0.502879005330868,-1.101857355469051,-1.3781837937797774,-0.7928038513109666,0.18705874678677054,-1.0604767308240206,-1.6027193403406175
728,-0.4301374968469805,-1.3471483446615722,-1.8197076004942068,-0.7691206404306761,-0.6638471213698833,-0.6916945134595349,-1.2762287051520027
736,0.3700185927438363,-1.3200817580769926,-1.8416991036238521,0.08855192316433963,-1.3185202212511489,0.9796672861876339,-0.8956046774564054
744,0.7235757552758282,-0.9597578319610843,-1.4018670584496258,0.42011763817345926,-1.5147529480940396,1.3975078173289277,-0.3288980867385196
752,0.2600604238068982,-0.09870201441517003,-0.2667620573227781,0.2780180423403431,-0.42532278527462025,0.01711173869292106,0.36468321470784776
760,0.01476949585451536,0.9061451197984525,1.5128660552259563,0.21880991891809215,1.6317379118186226,-0.7915025302060434,1.3999801671052063
768,0.5561012384493963,1.6284846436183418,2.441588458987774,0.5419173463130647,2.639968333238173,0.12876159393737063,2.469110467308682
776,1.3833239028128967,1.8297924361074627,2.3705385924713585,1.3302317760381555,2.0072868046321073,1.3788994433075243,3.1085586693648106
784,2.227463171116687,2.120758295045227,2.4432800889616275,2.284328918344926,1.433813489218702,2.168905588052118,3.5162490277811473
792,2.9633359117241227,2.579198644459807,2.583687999395839,2.8950187982624405,1.7433876109643236,2.651029163611596,3.3369329452207115
800,3.1950935400239637,2.631640158397955,2.132014289631125,3.0726432437618842,1.914245391009449,2.6053542428026173,2.3540775214809413
808,2.8939777978435584,2.2543994682451345,1.7361655334748085,2.9863686217082495,2.0343533601423145,2.1435305496667274,1.450730189722989
816,2.530270595788453,1.7198343742044737,1.6431240606109483,2.7207777021176716,2.1307780840495294,1.8068900043406926,1.3204721041988248
824,2.257912948413091,0.9501284008206167,1.2235919483788806,2.3570704110190417,1.5725295915920112,1.6106572153490546,1.430430028902098
832,1.740264431599661,0.006181110682116034,0.2745697932146617,1.8664884031951203,0.26656688928715944,1.1522169131820579,0.9483065271215414
840,1.0331499406239666,-0.30508475497672555,-0.6406192392963516,1.4537230267435814,-0.8414715688682632,0.5939684438031678,0.54230773871097
848,0.6406843740891452,-0.02426881762483526,-0.838543804911075,1.3353067155696774,-1.0427793471831088,0.03741178920887435,0.2750252431178173
856,0.3750935019278729,-0.024268868143406588,-0.6253943151216014,1.1339989338021235,-0.7535051909077882,-0.343212210319894,-0.044698985024421316
864,0.3700184495473112,-0.13084359141328752,-0.3614951005558479,1.191515405443944,-0.3170564576536122,-0.2552457667579678,-0.42870611747758297
872,1.254757631346444,0.537362837922842,-0.10097919681981476,1.9730632262300938,0.14138387540603456,0.7225347783269727,-0.37118955788256763
880,2.4761373997223877,1.516835008620321,0.2508865021951981,2.497478256033521,-0.01594066895250983,2.0521809413791483,0.4018998248240508
888,2.667295192848842,1.7519760224374108,0.9732260470947783,2.6006697077255208,-0.03285727979821465,2.2433386194759084,1.5928296374530997
896,2.1344216241104634,1.855167356555614,1.8934899976941817,2.6412696184950413,1.0734895792760053,1.6123488793048244,2.589218485688068
904,1.7571811825526251,1.895767261691769,2.5972213092247824,2.3198538488773086,2.3828356558313732,1.076092076423188,3.1965249904464597
912,1.2835157768517789,1.5202183921386327,2.6006046200545034,1.2710234847052577,2.470802100120186,0.8105011124925701,3.2100583809597403
920,0.774325641057337,0.9213700599646929,1.654965706847566,0.43703437658764216,1.3306221178475957,0.5719768687118174,2.2373527848558403
928,0.8842835623079013,0.20918040703038526,0.059728652553364445,0.7550667797688808,0.0381925318383142,0.47555211736465935,0.8062069656337852
936,1.0280748520808316,-0.7804416152901987,-1.7215911017811212,1.409739844759622,-1.063079269040256,0.13721977633478324,-0.7805717852365004
944,0.4309183134300739,-2.088096305741937,-3.2254784451151086,0.7787500271751889,-2.3656588356948918,-0.5123783912838171,-1.849702067267828
