-240,1.1850019817873214,0.7538759832143563,0.9389381670393915,1.4443075754459636,0.9392595123275217,1.1364706427797995,1.2239557119626707
-232,0.9944760110626295,0.48479980462342087,0.5227893299670879,1.464362872714406,0.7153079837381122,0.7905154922861427,0.8663017531723972
-224,1.3905694988021924,0.6769970770203706,0.5645713369475127,1.8353871597845424,0.6952525446393405,0.9960830193548096,0.8195058822880416
-216,1.3036629432558573,0.6419002361547296,0.39075815063090746,1.5629684792847078,0.7219931094581824,0.9576436650902169,0.31477923144390446
-208,1.032915496385628,0.8240697069561403,0.6397789928154107,0.8142349068921286,0.9459446256598795,0.8105709200743946,0.4317687915998879
-200,1.330403458703382,1.5962012783452468,1.4754190168052612,1.04320032649481,1.5108373859022044,1.4022042110244695,1.3994401272410482
-192,2.14264558082355,2.3917306361649198,2.3110592682622344,2.0309270152388845,2.231159161641655,2.0657024205670083,2.2768622727527785
-184,2.2011404427681622,2.2580281675441927,2.321086882067235,2.1562729153550806,2.162636695048177,1.6829792510535126,2.1715715862430836
-176,0.9175971662686089,0.9393881241462095,1.1144225535926389,1.1033664091427196,0.9810415801693154,0.2958166371129858,0.9849626254134979
-168,-0.1520222679774884,-0.1586430342220616,0.15343637634638446,0.3262210302227508,-0.11698968573866107,-0.4211626446169763,0.062415916075631475
-160,-0.1119114825980208,-0.29067424300150013,0.036446800391579146,0.45992345575578136,-0.04846710173121422,-0.23230796622887476,0.24458548041324707
-152,0.06858675798489292,-0.2188092075336631,0.001349954499040491,0.3329061527112439,0.15877160851854857,-0.20723881295591276,0.6156096802308009
-144,-0.173748867277253,-0.39262234340175894,-0.06550134183964972,-0.10831181178140478,0.06685119912207828,-0.6183736710442338,0.41004224508255005
-136,-0.0968699618013951,-0.20042510224338808,0.03310423169675182,0.13068127225431936,0.1938685145543284,-0.2690761554451094,0.3231355717631819
-128,0.8524172330021419,0.5917618060907465,0.4776647659614199,1.0866535687206296,0.6300726654120239,0.960986168255841,0.705858780414667
-120,1.2668947226215121,0.8240697466327266,0.5946542946992925,1.3072625801409135,0.48634258065238045,1.1648823467943819,0.8796719207710638
-112,0.6618912857961504,0.41293481008889404,0.454266837880057,0.401428652697686,0.15710028314805866,0.5949757993083182,0.8094781469398349
-104,0.7504691627632702,0.7856302751336964,1.0124744497812717,0.4248265798813882,0.7838304889309835,0.9893980403124348,1.324232532593583
-96,1.3103480208613347,1.3120836385623296,1.5974225633060422,0.9613075716571192,1.3721211496067334,1.6762941226404608,1.5582117279499523
-88,0.6267944145895904,0.39956456529144013,0.7467408914108647,0.1774771417024181,0.5197682255901486,0.942602079482516,0.6390075540934811
-80,-0.34254815234725866,-0.9541725338720635,-0.6337366124288805,-0.8837858421712483,-0.8640519451484623,-0.023397926120320562,-0.5826983411379496
-72,-0.33920560681206763,-1.0644769747711307,-1.260466741551614,-0.6732045705874723,-1.333681662308883,-0.10529068149660781,-1.1943868726243347
-64,-0.20383187296409305,-0.7786880430106878,-1.4209096193368833,-0.39075819172303483,-1.425602109227554,0.04846713843171063,-1.538670627909529
-56,-0.736970335182987,-0.8923351175951892,-1.6264771921862264,-1.144505571287412,-1.6244844154241573,-0.4763149068077148,-1.6188920886153086
-48,-1.514115672271985,-1.2132209248709613,-1.6749443006498932,-1.8330730759332419,-1.5659895752029247,-1.1916228944057665,-1.6907571000258497
-40,-2.2344375006143307,-1.7781136985781902,-1.8253594856360533,-2.1288897277816674,-1.6545675263167865,-1.945370273970143,-1.91805119677149
-32,-2.6706416193357874,-2.06223130119797,-1.8186743240095709,-2.322758218188934,-1.7464879378676414,-2.481851197344158,-1.9180512070048175
-24,-2.1458596469863793,-1.3636360834659085,-1.1769027268726366,-1.7795920793288171,-0.9192041662263583,-2.07573012057502,-1.598836683089033
-16,-1.1063232719276768,-0.40766384175687737,-0.5802556215694814,-0.6681907370244607,-0.19219722203820572,-1.1063875568697472,-1.2211274205671625
-8,-1.3336174844714972,-0.5597503054351912,-0.8860999134345888,-0.8236197530601841,-0.7086228167256676,-1.4807543271774493,-1.5553834218328146
0,-2.0004582205188286,-1.1831379322899611,-1.205314504315833,-1.470405262574706,-1.3370242555996026,-2.075730089695504,-1.538670642272094
8,-1.7113267495068163,-1.2566742263423614,-0.9011414906042833,-1.306619779470069,-1.1364705640688,-1.4606989101611212,-0.8133350209409821
16,-1.2751225663333496,-1.467255525574074,-1.425923505861854,-0.9439519580325891,-1.5459343456180699,-0.9860553691324203,-1.3782277582032028
24,-0.07180076867231447,-1.238290158394755,-2.1044632575653353,0.28276774419110845,-1.9303287981324886,0.09693432068305513,-2.2071827751436754
32,1.845157721198136,0.2157237445236469,-1.761850812031341,2.283290240122998,-1.2049931263528675,2.2846401694530245,-1.2144422860500212
40,1.6379189904817175,0.7421770440388654,-1.5044736564573689,1.823688179855274,-0.6701834010611099,1.9303287908476294,-0.771553007497403
48,-0.1419945525573403,-0.04833852617800296,-1.8637988912468157,-0.3356059966772882,-1.0328512312956604,-0.3626678135518788,-2.1436740607851847
56,-0.8472748911621062,0.23577912527449826,-0.8225913279801191,-0.9940903275942674,-0.30083039681236434,-1.0027681551562957,-1.6707017142481004
64,-0.8790291872106842,1.146626915544465,1.0475713059071377,-1.0459000442498148,0.8139135140072871,-1.111401392048548,0.6924885419008356
72,-1.7029703174466546,0.24747803805877594,1.1060661669540892,-2.2893326129277503,0.5164256301450443,-2.5152768661596907,1.3827273153645554
80,-3.7502886916237133,-1.7797849936077608,-0.0671725901908847,-4.2764848628054635,-0.46962975297706633,-4.723038142538382,0.2211874939839632
88,-6.680043041284874,-3.6499475264184653,-1.0482141867873842,-6.7299244160849385,-1.2150208152022706,-7.255027767419262,-1.0840823417797032
96,-7.990326864111468,-4.010944103095354,-1.2170134519293312,-7.9014918255974465,-1.5141799308987984,-7.798193808434404,-1.8445148271360923
104,-6.248852754510643,-2.428241719157746,-0.15575048116150525,-6.534384494562798,-0.7002664825104804,-5.389878945910235,-1.2294837739922804
112,-3.9474997810667256,-0.33579882891007995,1.2899070196785891,-4.395145738996269,0.579934238938682,-2.842847762530992,0.34987617518141745
120,-2.0873648035335686,1.3287963707265862,2.130560982975834,-2.128889698338409,1.3186401540795005,-1.0963598620957866,1.3509730622241403
128,0.9376525793352316,3.6067514173458637,3.0063118444094497,1.0064321040651434,2.1492664565343453,1.5526193714147365,1.917537058789051
136,3.5013965034962693,5.582204794474946,3.8335955932501635,3.4882833654884404,3.250640050564184,3.817204143434239,2.502485104091638
144,4.146510695719243,6.269100954719887,4.238045434235311,4.058189972758679,4.148117641278777,4.606048538189889,2.6412013691122382
152,4.8033238955194255,6.63344006777583,4.381775584883222,4.726702096294594,4.310231873877794,5.34642567098196,2.586049091840807
160,5.8528879533234415,6.805581852420818,4.131083503144554,6.215812800222518,3.852301036108689,6.2556022055398754,2.5726788626626425
168,6.068482968524664,6.690263538641218,3.6480834325697815,7.108276561144271,3.591581322432281,6.290698970283922,2.544267122382583
176,5.276296117999854,6.1771805323971085,3.313827379419364,6.595193412172174,3.3275190580142544,5.615501896610296,2.3119592058979
184,3.6518117969197963,5.023997081856244,2.5065990010961765,4.628096531196199,2.6339376871305773,4.109678234846311,1.386069912245917
192,1.9738463251968028,3.7287549065759147,1.6208204303465032,2.771304100993555,1.9303286710237872,2.65900694622388,0.3983432694620505
200,1.143219941413933,2.898128620817553,0.9105263651798349,2.1997262281370005,1.4406436355896746,1.8651487828958246,0.055730840445006855
208,0.6986593838100971,2.343263537575516,-0.16243558551726017,1.82368824305056,0.6401003355900925,1.3737923693087937,-0.5258746907404995
216,0.7521404545612641,2.1811492997700683,-0.7774667086785756,1.5679822755050503,-0.11698962380009961,1.7732284551864421,-1.053999418677612
224,1.6964137926421528,2.811221957372449,-0.2944667135072703,2.2966605676847327,0.1370449977287327,2.8645743851423044,-0.2668262943556398
232,2.2044829238513426,3.035173592962968,0.2503706510830412,2.823113736859674,0.6618270752839297,3.202173060488104,0.39165814086946776
240,1.8601992746695972,2.3766890900542728,-0.2510134621253161,2.46880235394551,0.350968854165221,2.794380669838528,-0.35039030849602204
248,1.8033757727451636,1.8385368163548101,-1.0515567061108937,2.388580922144392,-0.3008304693433176,2.7091454172211744,-1.5787813779211795
256,2.269662916183859,2.050789486378625,-1.3106050836448868,3.0905186992356133,-0.6033322810229046,2.9915916971634458,-1.948134249675262
264,2.348213005558941,2.151066333041687,-1.5111588114411652,3.4565290588474693,-0.7587613415825797,2.864574395914229,-1.8695841597615843
272,1.945434515258303,1.6897929671519991,-1.7401242561783352,3.140656987110203,-0.9225467246878578,2.282968854495394,-2.0383834378298396
280,1.5560262544948935,1.340495367890933,-1.9005671494033625,2.801387175261643,-0.9075052426701565,1.6094428851882872,-2.4244491792697396
288,1.3671715315828408,0.9677998924332704,-2.032598280984014,2.6693560634295186,-1.0545779004333966,1.280200642800308,-2.75034883034185
296,1.3437736061944583,0.7405057748619108,-2.0476398163227367,2.3117020805819477,-1.5593045114214161,1.230062296039202,-2.4979854422630923
304,1.4273376718605417,0.7488620790952432,-1.9590619244544565,1.9440203736966912,-1.8016401725899742,1.2133494897282038,-1.8461862054685398
312,1.657974317013886,1.1098587033481258,-1.5529407697684015,2.044297241724068,-1.4490000125334923,1.5710034373874893,-1.2712658077229826
320,2.3348428079784194,1.6530247535194034,-1.0365151881867805,2.71615191743786,-1.1030449999204601,2.2712699751040804,-0.6930028626469135
328,3.0484795827725844,2.045775659278768,-0.7841518114185418,3.0487366382160372,-1.0445501701120872,2.856218021124795,-0.383815917886441
336,3.2657459858214555,2.129339639487589,-0.6170238784693035,2.686068902056288,-0.9877266742917429,3.1186090450909973,-0.22337308426605987
344,3.397777075391606,2.3934019101892394,-0.29279546138586215,2.6476293073982644,-0.7520761627210191,3.046743940144254,0.022305145417793153
352,3.39777708706119,2.7711112712742114,0.04647439947495142,3.0771483752645197,-0.4696297922945885,2.968193858668582,0.06074461171039296
360,3.0484795334012693,2.8362911980775247,0.051488311493474624,3.17742520882174,-0.32255711011498794,2.627252704393986,-0.03786095410613013
368,2.184427584572397,2.3332357946869635,-0.0554736808177157,2.321729742860606,-0.15542906585587069,1.5793598954798003,0.08079995134840216
376,0.6501922301043508,1.2402185413354632,-0.32120726593839993,0.861030800217992,-0.5114117613937481,0.19386854820277954,-0.04788865713856652
384,-0.7369703299765566,-0.24220709647703662,-1.2638092571049513,-0.5395021818585147,-1.6077716302979423,-0.6434429437060174,-0.6746187359923231
392,-1.0394720777427298,-0.9474873989958582,-1.9908162199644386,-1.0024468059737006,-2.34647754795221,-0.6517992989264558,-0.9002415258592759
400,-0.6450499423034665,-0.553065228188778,-1.6916570705158827,-0.623066259553247,-2.0105502037219254,-0.49804151113437645,-0.42058410853893263
408,-1.1180222082306546,-0.7736742094476762,-1.549598284915048,-1.060941607954604,-2.1325536873864843,-1.1565259517454463,-0.5559577441828687
416,-2.5954340040421355,-2.1925912438524997,-2.6743698867384875,-2.608547170056968,-3.2606678909386497,-2.4350554004270126,-1.9381066127106261
424,-3.695136373418973,-3.2739095641325977,-3.86432144588569,-3.363965813771401,-4.26176474458841,-3.5096885773929,-3.1681688886560484
432,-3.6282852424293117,-2.99313440363754,-4.011394056970593,-2.737235694702463,-4.204941186649973,-3.696871957878917,-3.3386394890427473
440,-3.195423667088663,-2.4616673281891024,-3.623657051739701,-2.5299969234117987,-3.618321782224869,-3.130307966161371,-2.833912839275803
448,-3.4711848929441547,-2.5151483355654514,-3.190795529540542,-3.2269208446780318,-3.031702477799123,-3.230584786433219,-2.651743350700718
456,-4.587600033623239,-3.192016782006033,-3.137314554479964,-4.176208124579766,-2.777667830597206,-4.418865006026901,-2.9943557228060977
464,-5.241070704225647,-3.3039926114708753,-2.9434459647914677,-4.4954226086394335,-2.585470616548176,-4.851726705962802,-2.860653383807522
472,-4.9268701294915225,-2.734085918025246,-2.4220065379772504,-4.313253052201229,-2.134224999651133,-4.099650509938584,-1.9180512793562388
480,-4.85166244364177,-2.4650099196845012,-2.2364944816049994,-4.430242677886414,-2.2528857797922854,-3.8790415714083175,-1.5436844410058852
488,-5.556942658189881,-2.988120706518896,-2.3802244728284374,-4.956695956396382,-2.640622897948845,-4.651173082654183,-1.7041273500297336
496,-6.048299069263463,-3.4861620851448003,-2.488857777045213,-5.117138888220803,-2.841176586607135,-5.236121111798883,-1.9414491670428877
504,-5.9480223015945075,-3.6148507726258763,-2.894978853814352,-5.003491793169648,-3.090197276368917,-5.032224984786046,-2.260663699935276
512,-5.3246347745595655,-3.4109545797247693,-3.282715949529403,-4.555588648558711,-3.2556540480399714,-4.415522512735539,-2.497985547827945
520,-5.4065274676382264,-3.512902617647871,-3.5384218106123995,-4.468682065184907,-3.314148790595762,-4.48070241153185,-3.0946325525931453
528,-5.765852797220601,-3.574740019382647,-3.6136293388330007,-4.777868903482866,-3.2523114719843296,-4.888494819955103,-3.7497745047602202
536,-4.77812602858476,-2.5134770706972662,-2.5440100000979613,-3.798498701017636,-2.3013529668909958,-3.690186840058257,-2.616646420787174
544,-3.0450084549931606,-1.1079302590074531,-0.8309477419075421,-2.3494986828288837,-1.0061107662966453,-1.9854809805350355,-0.5425875963327287
552,-3.0433371165168306,-1.0728334161669597,-0.4749650023843091,-2.675398370884601,-0.7771453373582965,-1.925314906325133,0.09751279482253726
560,-4.069503251266379,-1.9084735511076238,-1.1468197154407702,-3.6798378233905735,-1.328667852264571,-2.919726667468254,-0.4239267741810734
568,-4.2182472074703,-2.346348940262758,-1.6281484624403726,-3.649754804059296,-1.6913356841149103,-2.904685160316064,-0.7565114073476049
576,-4.037748875864631,-2.5402174768097643,-1.9306501583217797,-3.521066155895743,-1.883532934429416,-2.7325432354565344,-1.160961259463742
584,-4.652780078917713,-3.2672244139961664,-2.687740070674571,-4.08763021745126,-2.1994049004222975,-3.8606574345203994,-2.1202761709441513
592,-4.861690051342681,-3.4092832329899645,-2.841497922021001,-3.995709846654183,-1.9386852165482131,-4.179872030069477,-2.5046706369234752
600,-3.701821578671747,-2.394816161472561,-2.0927643212623566,-2.7188516193940417,-1.2116781942636135,-2.7108165733205483,-1.9046810144511939
608,-2.7876312739256353,-1.6210133304216996,-1.5145013614646585,-1.7144122085395073,-0.976027708904571,-1.7665432372145131,-1.398283103586238
616,-2.9948699838163346,-1.7547157387196521,-1.5963940945789696,-1.90493808357361,-1.2885571713727642,-2.214446380030126,-1.4851896589530413
624,-3.3775931870818576,-1.943570395204842,-1.567982377099482,-2.3411422437669716,-1.4723979070423596,-2.4968927781044936,-1.2812934012408606
632,-3.529679706594643,-1.8951033102598756,-1.5612971558683548,-2.682083497681862,-1.5191938211939422,-2.4300415709932386,-0.8216913705959263
640,-4.000980681980562,-2.587013354157274,-2.126189918444596,-3.3054710353091976,-2.027263013803098,-2.9648512566084104,-1.4183384667429473
648,-4.550831998445515,-3.5045461864853706,-2.893307597025111,-4.064232277161718,-2.4935502577797486,-3.524730123324015,-2.329186182327575
656,-4.676178028901989,-3.7385254430621724,-2.965172650625686,-4.31659562035746,-2.675719755510969,-3.2623391675799946,-2.4461758056788443
664,-4.565873428937514,-3.683373181589564,-2.574093054258459,-4.246401814030927,-2.7124879151044134,-3.038387548326894,-2.060110081294491
672,-4.326880358007631,-3.5563558981140195,-2.203068812071338,-3.724962375367593,-2.3163945160536885,-3.02501736708379,-1.8829543201789687
680,-3.778700463680948,-3.2404839100386944,-2.2431795692642726,-3.1450280921742584,-2.1776782203331053,-2.9397820638383947,-1.9832311871291533
688,-3.9742402263172143,-3.613179502730794,-3.1991519007393348,-3.4141042090061644,-2.8344913991280354,-3.1436782411202113,-2.706895516123674
696,-4.427157254939669,-3.8939545244475666,-3.70554979849845,-3.566190716669833,-2.899671332214971,-3.1620623162491004,-3.1715114717134383
704,-4.1447108487863575,-3.1602624945749933,-2.9100204214688477,-3.009654407338537,-1.9086020571819275,-3.080169575953506,-2.467902450041157
712,-4.234959991878386,-3.136864535614115,-2.681054933823515,-3.0681492111147612,-2.0021938018231515,-3.5447855584730807,-2.098549518682429
720,-5.018790435297993,-4.310103272292435,-3.657082658257609,-3.9656268050609307,-3.279051982404956,-4.209955046528242,-2.7770893404034136
728,-5.630479033031709,-5.1724839449426,-4.121698604691239,-4.869789353633114,-3.753695589501456,-4.6277751280020745,-3.4138471111586175
736,-6.120164165054073,-5.381393978588001,-4.006380235795294,-5.583425998625599,-3.8088477703641708,-4.998799349902071,-3.5074387708811763
744,-6.6232195287680495,-5.396435544985771,-4.16013806344349,-6.064754760885427,-3.7102422921592937,-5.304643576597041,-3.5742900458555504
752,-6.753579429950673,-5.324570493719111,-4.013065410886683,-5.697073157410638,-3.38267130332898,-5.4918270118403365,-3.440587596265224
760,-6.399267971812573,-4.8900375996506575,-3.5517919708502528,-4.752799742669558,-2.747584818806276,-5.518567516875002,-2.8706810426750704
768,-5.555271427073724,-4.204812638565167,-2.908349083351582,-3.9054606041013926,-1.8835328888282725,-4.796574479498943,-2.20718273905773
776,-5.104025746981394,-4.01094415408246,-2.7479061874335744,-3.5244087209999293,-1.6896643930350455,-4.188228364284664,-2.3442276993540276
784,-5.202631334880361,-4.7379510889349445,-3.5701761041475275,-3.9639554310372525,-2.7743252818304387,-4.3770831304639435,-3.219978580177105
792,-4.602641617256087,-4.706196797195135,-3.9378577727924546,-3.5511492441673327,-3.3442319135170386,-3.721941220307373,-3.321926694939928
800,-3.380935732078453,-3.5647122998332623,-3.372965066230218,-2.1389173967030115,-2.884629797235312,-2.287982712322855,-2.539767522492598
808,-3.195423646622007,-3.34577455040865,-3.319484015586642,-1.8096751622144438,-2.9915917920599506,-2.3381211827815522,-2.588234634367373
816,-3.5296796724835504,-3.8521725587595164,-3.7005359126916058,-2.108834361393381,-3.3793287477399936,-2.9330969217809066,-2.9392035421229155
824,-2.7040673150811285,-3.1953593745786244,-3.0219961550635683,-1.3082911477487214,-2.5854706314493376,-2.0640311415434107,-2.1871273311975368
832,-2.0973925270326608,-2.715701973416165,-2.179670913074169,-1.0459000394024487,-1.8434221619762576,-1.189951538335295,-1.351487239883164
840,-2.809357905361638,-3.310677733600306,-2.2715913113396518,-1.906609417741171,-2.3531626569757984,-1.8751764730295724,-1.4266948332739053
848,-3.1803821001522947,-3.6181932237272023,-2.691082687483992,-2.224152673557194,-2.720844332981541,-2.700788890395704,-1.8278021276466703
856,-3.2689599771194153,-3.4844908531309833,-2.7596051336108154,-2.219138820604719,-2.602183364511255,-2.8344913893573476,-2.1704145388900407
864,-4.328551672785728,-3.8170756222032876,-2.7963733271358198,-3.240291115328104,-2.5904844718345688,-3.569854690920324,-2.1988263315934624
872,-4.881745455971296,-4.054397440293634,-2.482172629422232,-3.9823395470994516,-2.2562284161707016,-4.076252655285835,-1.5754388049175834
880,-4.106271384827675,-3.61986453222168,-2.104463302268819,-3.2453049372215306,-1.716404882091356,-3.4311384165640577,-1.1860304376916602
888,-3.27898771928984,-3.118480509138418,-2.4888577519107247,-2.3093879805727617,-1.7347890040781129,-2.7759965828881423,-1.991587548633214
896,-2.7926450613489067,-2.632137906313826,-2.686068861999924,-1.818031611509683,-1.7665433117962748,-2.428370283863078,-2.6233315535089936
904,-2.070652004762918,-2.01877812162884,-2.161286820710204,-1.1578758613269455,-1.4924532989242,-1.9604117832767183,-2.222224243876003
912,-1.6494893908597341,-2.0421759541991458,-2.034269497019479,-0.9305817821754473,-1.8083252995667691,-1.6228130991338476,-1.620563361203372
920,-2.169257535211624,-2.6789337578087187,-2.326743621644984,-1.6609311672315983,-2.389930846730629,-1.6144567430157484,-1.414995868963925
928,-2.3932091086840495,-2.6789337021537794,-2.263234909261345,-1.747837780946322,-2.246200713138265,-1.2985847488363336,-1.2762796201012108
936,-1.5007454156254152,-1.7797849009692168,-1.5863663498950957,-0.8369900628482444,-1.4339585107672648,-0.6601556552240866,-0.9871480972044329
944,-1.1130083581506924,-1.2132209500054505,-0.9880480323266507,-0.33560587172297246,-0.6183736975114026,-0.7370345982221459,-0.8701585160431977
