-240,-0.6227574648488305,-0.6338383798516612,-0.2935555242096483,-0.4941840166208712,-0.47970270027901707,-0.2941418011324043,-0.06466781911664549
-232,0.1927721879916586,-0.04848622317195274,-0.26459281953934977,0.2375062038320559,-0.6778687464477946,0.41468310016675786,-0.09820356112310503
-224,0.42294972836467404,-0.3731736900160504,-0.6228161137031483,0.19482426876273065,-1.0726765525021098,0.5884594526378055,-0.5509369168509302
-216,0.12874934024359333,-0.8365774712165533,-0.8468962297511118,-0.004866259696870748,-1.1748083340081241,0.4040125528648052,-0.858856532914803
-208,0.055580297795172526,-0.5393283734710562,-0.5206843461158002,0.12775259496469382,-0.6809174888220162,0.37047675649367023,-0.8405642959644307
-200,0.3650242404245463,0.18474005204283,0.07686266691021662,0.43262355249384565,0.09345465310906718,0.45279199462494196,-0.5478882263851488
-192,0.770502593125817,0.6725335274323103,0.5844727267754452,0.47682984081976304,0.8022795422908013,0.60370300861984,0.09081631900139633
-184,1.1195798029561013,0.8981379982106076,1.185068361165155,0.9051734265428121,1.4577520164021065,1.079301619966808,0.9962829603724624
-176,1.2369550693770734,1.0703900622696765,1.6317042999366336,0.9554771778385517,1.7473793285422576,1.2820408302134918,1.5496236498665226
-168,0.6637977698624185,0.7350320414099161,1.1347647100838183,0.07897328043754887,1.046176239867031,0.8536971621246834,1.19749773565179
-160,0.24460027174786364,0.30363971314889693,0.311613247239378,-0.49875707082318127,0.36021671781752584,0.4360240221791922,0.5892802909306317
-152,0.3391103166094893,0.22589760765571842,0.25063906211975956,-0.20150792821045152,0.27485284424014533,0.4055369473861518,0.449039684559769
-144,0.10740841184494752,0.01858541623878969,0.049424272921764406,0.12165521501562701,-0.07727304606722879,0.21804130212769898,0.19142378835182325
-136,0.015947099041354395,0.0948031493167403,-0.2569709871017823,0.18872683248399993,-0.5742126333000594,0.027497008978212063,0.003928120659754312
-128,0.6790413451668378,0.6832039913860098,0.2552121770729579,0.7329213868823479,-0.1778804394381087,0.582362079729947,0.5526957700339196
-120,0.6942848715102987,0.7929575056064357,0.45947564969552507,0.6521306182694757,0.13308789623887066,0.7820524922552392,0.7234235104749694
-112,-0.4428836512092001,-0.3411622699901194,-0.5999507519746371,-0.6511925048842737,-0.7708543461896258,-0.3276776351658149,-0.5677047974334763
-104,-0.8986656251894859,-0.961574655552084,-1.115182629212523,-1.0551464576604803,-1.0833470141633221,-0.7971788031928436,-1.4731714417520254
-96,0.1577120905998695,0.4225393372476857,0.1500317001886921,0.23903051271266287,0.38308200111025376,0.33236791934764504,-0.3405759694686101
-88,0.9579982154594067,1.3584930532480435,1.287200176567217,0.7923712351202763,1.2854998668660478,0.8460754112341294,0.6380596978122269
-80,0.049482880511328355,0.47284303859997306,0.6545930504295046,-0.13748504460135044,0.5035060172741536,-0.09902437256109077,0.2828850084734693
-72,-1.0754907621182537,-0.5835346462408165,-0.2859337248493836,-1.018562013234562,-0.3181210168253943,-1.1050984161454844,-0.008266676245658838
-64,-1.424567967363565,-0.7908468430614631,-0.511538207253862,-1.1481321585992081,-0.47360521978804954,-1.2895453527620155,0.32099391128285276
-56,-1.3376797460970595,-0.6292652999407541,-0.5892803361631507,-1.0261837765700412,-0.6046996982681578,-1.320032407741424,0.013074228409378587
-48,-0.999273070468806,-0.6399357381858568,-0.7874464206492006,-0.5917427157597428,-0.8135362953413671,-1.2483877119996338,-0.6164841497866461
-40,-0.5633076521444403,-0.8579184831272019,-1.0008560408124059,0.09269249577166579,-0.9781666291422598,-0.7423020278246143,-0.9335498722901511
-32,-0.2340470742771209,-0.9554771784998451,-1.1548158770910488,0.3625032231085702,-1.1062123667218882,-0.28499569240028483,-1.0646444034974454
-24,-0.016064376822993175,-0.7832251057620786,-0.7783002775297873,0.15671535334467196,-0.6092727999576851,-0.30176357593031533,-0.8055041435529694
-16,-0.07551417020499877,-0.40061210087065197,-0.1716071361217675,-0.038401982217195804,0.13003915763087714,-0.2804225846520444,-0.24606595653804403
-8,-0.3895311801366052,-0.4509157991117074,-0.2584953662307205,0.05153490675397581,0.050772712636024064,-0.4755399749060856,-0.1546047429663592
0,-0.6944021217821016,-1.0728524809456035,-0.7340940140937211,-0.0018174699991812847,-0.4278745778780415,-0.6813278330438032,-0.20185973518547706
8,-0.8681785146991586,-1.1719355179486592,-0.4840998317690496,-0.1359606962572294,-0.16873431465858538,-0.7011444392981718,0.34538357010204107
16,-0.5343448687108615,-0.20244600033719765,0.43813465153979525,0.03019395493921968,0.7443540405957556,-0.22249713028046583,1.0968903747032177
24,1.4092071956607721,2.006343775158804,2.0509018064023876,1.6322905656110906,2.105602707036803,1.9192210302033976,2.337714965703219
32,5.279543302014835,5.43766582823364,4.976138221806927,5.152025244298722,4.692432352984898,5.591391127395966,5.090699313446212
40,6.8481041865639005,6.937630762853867,6.239828097737145,6.789182042424345,5.568936224022308,6.679780228660206,6.415363382847251
48,2.8680144570963124,2.7990080715107504,2.5036350958118576,2.6962900525958786,2.020238825926969,2.064034716976414,2.7127061009860505
56,-4.012921975574448,-4.155097387724777,-3.2355598072605627,-4.0078212662347275,-3.1198847013653994,-4.426666960731109,-2.8572854311130675
64,-9.717056717065464,-9.74795417053057,-7.302537748824716,-8.922340300806427,-6.596937485920958,-9.203994122463723,-6.2962292540733396
72,-13.456298438767602,-13.657923675248515,-10.363441643693239,-11.791175652267011,-9.128890361413296,-12.359408119669784,-8.31599900387196
80,-14.617856596890178,-15.292031716917503,-11.803956760369106,-12.416161007373038,-10.026735170510545,-13.54535594348901,-9.058359659458757
88,-12.617903406022464,-13.20976340549031,-9.604313114237605,-10.048838345326063,-7.636547239089504,-11.66582669788186,-7.030968108498635
96,-8.028071919186885,-7.717513962345717,-4.756865634090903,-5.664794632952444,-3.3134777575214835,-7.582080961703398,-3.1164255774157192
104,-3.3391572836714087,-2.2237401220597954,-0.3804437266450157,-1.7837879386866682,0.34344883330500126,-3.742231837460425,-0.060094769826806345
112,-1.1425623789316297,0.29296923937025654,1.465549649722679,-0.32650506014629443,1.5934195440083065,-2.0913558696866645,0.9032973367232737
120,-0.6684880918576772,1.0033184292451474,1.596644111664136,-0.20303230537440142,1.4013508481500216,-1.6599634428487322,0.814884778083831
128,0.8772074422615626,2.7532774476131348,2.5768041230316197,1.0804742565559615,2.056823343384951,-0.13408460406333053,1.511514779643194
136,4.078352017515509,6.038261447885935,5.124000554833487,3.789252252110917,4.197017109347467,2.751518540374071,3.323972368645949
144,7.226144130211808,9.04886173932409,7.5507729968350485,6.216024704919914,6.326540420526231,5.695047232356251,5.176063145922585
152,9.451701776792914,10.890282124532849,8.925740847661649,7.810499604983494,7.600900841302169,7.880971694429699,6.644016574876145
160,10.623930457327592,11.617399276209802,9.489752046959135,8.557433307076398,8.222837494807484,8.707171899975858,7.426010492751382
168,10.447105286830274,11.504596945273097,9.259574417670398,8.257135491682783,8.13137622261365,8.243768013975979,7.124188239442929
176,9.534016903411102,10.492425493083559,8.351059122185834,7.592516875270807,7.238104450852562,7.515126574378296,6.217197284278783
184,8.755071705312718,9.071727110222549,7.055357790532397,7.351668897471433,6.148190963090674,7.115745644528335,5.36508311086908
192,7.221571109578049,6.826352809899857,5.495943028961614,6.248036168175587,4.773223136335183,5.932846512812385,4.051089468578211
200,4.185056813596571,3.558136722304412,3.1392909281352566,3.6230976200731044,2.7305880529728856,3.304859268676652,2.0038812956438155
208,1.5784105214393453,1.2716048454089584,1.572254455464932,1.6871673385230845,1.5248236150393422,1.2713703159888416,0.7843977082032629
216,0.5372763540995696,0.5353415764849362,1.1408620788979515,1.0957177999293208,1.3342792639227008,0.6082760744483312,0.5999508120327407
224,-0.8117774443689885,-0.8137122047899743,-0.01612301028490305,-0.10090058150804362,0.03552917188264914,-0.5517577292714096,-0.07686266269052983
232,-2.7659999448569867,-2.792324419935577,-1.6334631844712633,-1.6847048876011967,-1.5482751864464426,-2.3184846575330194,-1.0463521344522653
240,-4.22023417845381,-3.7465703298203135,-2.203571772069016,-2.2182289859057986,-1.6122980797167359,-3.5776015079170085,-1.34969869582258
248,-5.0235690581324945,-3.8852866281293146,-2.1014399859780286,-2.541392211661384,-1.3409629218337002,-4.280328941006378,-1.4411599542614972
256,-5.096738038683785,-3.490478779500254,-1.6654746189071068,-3.2639362472388966,-1.0757252888176168,-4.071492376355475,-1.13171600049719
264,-4.3543773827694885,-2.473734289155808,-0.772202835683589,-3.1587557764133463,-0.3226941381648043,-2.9343238672271488,0.0694754127088685
272,-3.1608078209958848,-1.3350414613219308,0.11344715915084994,-2.1496330566093356,0.5217982894305649,-1.9175793788476914,1.05420845011383
280,-1.9245562317985045,-0.5393284054021156,0.5478881775501514,-1.039902971271781,0.7717924563628278,-1.237717284234469,1.1136582374371218
288,-0.7462301998070913,-0.054583654210714184,0.39240407234566316,-0.2137027755505635,0.4577753789666236,-0.5532820659893509,0.6319622115900428
296,0.008325316874737343,0.2838231006720663,0.35124645205191013,0.30305340942168596,0.3769846488347724,-0.021282347632431774,0.39416291279401794
304,0.3497807320934779,0.7457025575995551,0.8756244304894598,0.6719472061839533,0.9775802843707256,-0.053293796805688916,0.540500965268553
312,0.2644168783297308,0.9331980941286552,1.0219624456292171,0.36402757047019807,1.139161836006383,-0.452674679332181,0.3941629172152417
320,-0.0008207923486283734,0.6450951203439361,0.3085645318837461,0.0073286469203880265,0.3754602629921245,-0.4679182218867948,-0.1043010296603932
328,0.6195915260762352,0.5551582109041372,0.04485120807576741,0.4753055122892737,0.07363806617708404,0.529009651395848,-0.009791053737106661
336,1.4061584354379073,0.49875708211556585,-0.06642669182355797,0.7725546118360099,-0.0696512987791538,1.1722872801320283,0.15636358206693365
344,0.8756830962099258,-0.6658497417466888,-1.1014634171533868,-0.020109717920737798,-0.9553012954148316,0.28358855553204354,-0.6698365949868953
352,-0.29654555386743153,-1.944783251767226,-2.3148496434760113,-0.6816796551656139,-1.8805845192966584,-0.6980957625873098,-1.7353603988759918
360,-0.6898290680710377,-2.0514880801068447,-2.2752164078786623,-0.317358881165844,-1.7921719518147678,-0.7118149528678256,-1.6652400842281292
368,-0.6944021397944939,-1.8350297680041194,-1.848397161821037,-0.20760536907415525,-1.4979715258676625,-0.5136488189295704,-1.1972632699489398
376,-1.0480523386549767,-2.075877739908527,-1.8880304100270608,-0.9286250666237338,-1.5177880867635507,-0.8307146328050307,-1.1469595489467697
384,-1.2172557684141811,-1.9325884255507384,-1.7843742561058178,-1.0292324077586754,-1.4187050492692477,-0.7941300781760191,-0.9777562159632385
392,-0.7050726089881622,-1.5850355933756521,-1.400236899267791,-0.23656811926668214,-0.9812153022506434,-0.11884100223156921,-0.9808049282076391
400,-0.333130133877542,-1.810640040574089,-1.6974860598929127,0.3061021193736003,-1.054384349120288,0.27139374307047376,-1.6576183074652286
408,-0.15020761601721339,-2.078926455591657,-2.016076146624195,0.5743885501110746,-1.2815131787226441,0.2165169626260245,-2.157606603012484
416,-0.043502727090456085,-1.8472245428034124,-1.8422997479759224,0.7207265626308482,-1.183954477127538,0.1936516171086671,-1.805480747092405
424,-0.04045404988834665,-1.6643020395167472,-1.7310218351404243,0.7405431883713502,-1.1260289575838478,0.018350869133778973,-1.0143407267075117
432,-0.15020753610768975,-1.6749724584394647,-1.5282827113532256,0.5957294608248257,-1.1931005604785578,-0.4130413916626419,-0.31618627184090325
440,-0.3742877034090979,-1.5987547928261123,-1.1853028906419534,0.3533570768779254,-1.0238972230738033,-0.9038836945758368,0.048134451396668915
448,-0.48861423007583366,-1.1917520945644544,-0.9093947959646569,0.350308440613072,-0.6107971540330228,-0.8185197992198364,0.23410568952510039
456,0.5464224554629828,-0.30457776383081925,0.079911384394586,1.348760629817529,0.23826832252468785,0.4497432124597082,0.8590910230162587
464,1.8192585511471606,0.5292441660785513,0.9990971426866065,2.3837973888796573,1.0065430607630959,1.5747168508318146,1.4322483618306798
472,1.4000610021066586,0.20455666091718175,0.5433151056629464,1.9325884612417294,0.8388640400989019,1.04424150407138,0.8453718887379085
480,0.32996414336025565,-0.5378039897571452,-0.24325183595728295,0.7359701400640047,0.09040596444452606,0.18450551312527025,-0.10734975582346093
488,0.5708121571844146,-0.2085434780444318,0.1546047250799276,0.9661475934862898,0.5477123131325258,0.5412045309945167,0.15483924616773823
496,1.3665252977624749,0.5155249643356038,1.006718924525726,1.6673507167125607,1.3053165499187074,1.2972843904530007,0.7234234895150942
504,1.006777638060907,0.20150793377162035,0.5158767773378531,1.1353509701908098,0.8205718029847816,0.9664993614071726,0.6944607927047493
512,0.4031331722175078,-0.11403347870503457,0.07838696858586637,0.49359775235087655,0.22150046257451741,0.3338922809554375,0.8514692501833353
520,0.5159353361302077,0.16187471847915091,0.5524612600810431,0.5271334882986219,0.44558058058746947,0.38876898836782203,1.6349875553749622
528,0.1866747734915478,0.010963611966054412,0.4625243670161456,0.3274430864170159,0.2504631809997337,0.2576744884365914,1.849921482781283
536,-0.37276338110107127,-0.2344574336267989,-0.052707528889128726,-0.18169136927955123,-0.1534907462316252,-0.15847431298971978,1.4947468902182002
544,-0.25996106244554407,0.22894631547889552,0.24454165842708436,-0.0856570459946373,0.11784434123933059,-0.07311035819282391,1.6166952869847788
552,-0.45202977844495834,0.07041347641513597,0.26588261499056237,-0.1542529355000863,0.19711076461931254,-0.23164323410011398,1.5160878616828393
560,-1.261462015475344,-0.9143196061845567,-0.5725124174270808,-0.7838113701895244,-0.5970779275639726,-0.9892474726875354,0.33471312694446786
568,-1.4184705228973826,-1.2161418337844132,-1.0069534166677465,-0.8676509129439282,-0.7708543640382695,-1.1416829378609425,-0.6987993160320961
576,-0.7782416653552501,-0.7222509537197632,-0.6456814009258531,-0.26400649147651406,-0.17330735952720142,-0.798703160215664,-0.9503177667913653
584,-0.534344930607992,-0.6246921880987873,-0.4078821147385031,-0.1908375277913737,0.18948897573898546,-0.8688234797759974,-0.9289768536213786
592,-0.9916512499849166,-0.9600502418721011,-0.5664150106231737,-0.6908257263992058,0.04162661946006288,-1.0791844430419724,-0.6881288281710389
600,-1.232499269376543,-1.2359584125289453,-0.8514693247269293,-0.9545390850857265,-0.433971990576913,-1.0182101986452068,-0.31466197917145017
608,-1.2812786061735553,-1.2512019437848763,-1.061830230025749,-0.9575878330274145,-0.8745104758760127,-1.0944278735922535,-0.050948614098717405
616,-0.9352501755610226,-0.7344457606138666,-0.6959851307704705,-0.6618630069914953,-0.6717713024728599,-0.8627260117299557,0.775251573435049
624,-0.09990386242898769,0.05364553999417123,0.1927136036544559,0.12927698964978915,0.034004852030857596,-0.04719635332200064,1.9246148866737478
632,0.8299524618323737,0.7091180226204262,0.7384325244093182,0.9783424326389498,0.4166178371086527,0.7851012139970831,2.2508267840639777
640,1.4808518511203017,1.154229525442055,1.1683004915537916,1.6460098241749501,1.1223939757287147,1.3216740438684704,1.889554765210853
648,2.153092200246688,1.7593983324246196,1.8237729422489877,2.3502615392900883,2.014141378840802,1.768309926146536,1.9154687645142097
656,2.9228912160896385,2.257862230503046,2.2719332290370886,2.9981122723357823,2.396754413207052,2.4542694460673036,1.8011421355043336
664,3.3420887598901703,2.2898737183210724,1.9045637357517111,3.304507525481869,2.0629207379076817,3.059438228978762,1.33011663485309
672,3.1332522014617306,1.4697709149938472,1.050925180920583,3.3167023436746557,1.2473910398724617,2.9664525820772125,0.7203747563108184
680,3.2506273969793766,1.1100232651172208,1.1195211845591024,3.6154759242022227,1.3647663433007138,3.1387046528499916,0.9978073316414479
688,4.331394874258557,2.036830805084611,2.1255951320228186,4.568197430723165,2.2870008524819045,4.493855931318271,2.3057035450222925
696,5.203325692731146,2.7807158203142137,2.4182712577680157,5.286168502160331,2.3540724262292874,5.440479947523307,2.8742878116220103
704,4.714007764198168,1.9118337329171617,1.3131141452495068,4.7800827290695915,1.0294083561732523,4.66610793855643,2.154792423116788
712,3.628667415951834,0.5658286293356073,0.16832391798042753,3.8669942623021636,-0.039164178627633786,3.608205865089257,1.2706667948026125
720,3.491475437822123,0.5155249731780509,0.09515492400171745,4.145951224949182,0.1422340033334993,3.4984522218345995,1.374322822145859
728,4.415234264071371,1.3158110947626072,0.883246153870177,5.185561129421827,0.9531906422539377,4.262153934690526,1.8331535642089627
736,4.921319944807661,1.556659144284054,1.303968063044729,5.546833126168833,1.2946460800700434,4.579219725149876,1.513039125531081
744,4.334443566198078,1.2731291287447173,1.2673835333055692,5.136781720411495,1.3998264998058996,3.9024064174506083,1.0587815111935994
752,3.965549713433645,1.3661147990623772,1.5676813925839235,4.74502272747098,1.7610985523913238,3.3536386498496475,1.3971881961555472
760,4.136277491700718,1.9651861108165625,2.1271195206492006,4.670329283787503,2.2549894313097307,3.6463146776729287,1.8331535820576073
768,4.296334601819059,2.186217535088754,2.089010650098375,4.496552810142179,2.107127036713537,3.946612616369561,1.3926151607843749
776,4.335968058968837,2.2959711243062335,1.9213316837988559,4.633744707216123,2.099505261260629,4.018257297701438,0.8148847731713608
784,4.707910360996738,2.5124294969960994,2.212483347558109,5.368483575560082,2.661992047041881,4.464893161639613,1.0542084491313357
792,4.483830322074566,2.372188815628183,2.210959026723824,5.162695600014314,2.477545127455249,4.0853287903930555,1.4170047554139455
800,3.0890459006908886,1.4286133734633735,1.2094581039875922,3.7633382336489256,1.2336718869267231,2.698166156579706,1.090792936786997
808,2.1485190664623524,0.5399146726069969,0.162226503644066,2.7222041691435375,0.2687554397287253,1.7805047278006696,0.5847072603081812
816,1.7171267524474987,-0.05153492182518419,-0.21581344704505076,2.2953847639218594,-0.2205623617350098,1.3186253232728695,0.19447244279281833
824,1.3650009472896172,-0.06220539675006803,-0.16398535215391125,2.024049702978246,-0.13062546359389324,1.2347858489655572,0.16246101687192313
832,1.6454821256440475,0.45302644822926025,0.5006331967934651,2.1810582519925363,0.7199644078126624,1.8506250673383855,0.828603951170701
840,1.9976080087464645,0.6664360289289502,0.8695269971582109,2.278616898731721,1.2123308990871817,2.1006192327969067,0.8103116940791991
848,1.753711240921905,0.021634103593338665,0.28874791203820876,2.1094135991529903,0.6528927734781398,1.5122183671477785,-0.3283811591357769
856,2.116507606154162,-0.024096523415508202,0.03570504596146715,2.6063531166287364,0.4196665732604108,1.6539833117103229,-0.861905189320785
864,3.3466617710264885,0.910332842766987,0.46709743431837786,3.63681676008267,0.7733167940632633,2.7987735548630615,-0.36344130990974866
872,4.404563788491494,1.6511691216810833,0.8146502044325848,4.584965363377902,0.9684341695798927,3.9725266562826778,0.02984216286535459
880,4.363406232059859,1.5597078481772557,0.5890458078325955,4.694718859258437,0.5964916253671846,3.9649048389100203,-0.2872235589831546
888,3.4701344814223956,0.8188715286534008,-0.03593955529713566,3.87918922623158,-0.16111252954448563,3.068584396169285,-0.8984897405110672
896,3.239956965939231,0.6771065541247846,0.0006449032111984227,3.831934210760101,-0.18855093368537745,2.8216388448694953,-0.5189254797951004
904,4.259750196037913,1.5307451284420457,1.0722662085511376,4.694718900523192,0.9470932008989866,3.835334624934532,1.0221969513246199
912,4.605778858191567,1.7990314940074092,1.5585353067766674,4.990443827756008,1.569029843596866,4.362761299077831,1.7965690680383521
920,3.9655497193286093,1.0155132438354535,0.9929997227827771,4.257229061968882,1.0934312794096173,3.7636901184866143,1.317921767863096
928,3.3619053147273448,0.7838113461121201,0.7430056342862974,3.571269666497372,0.819047443669475,3.192057032714381,1.026770034346758
936,3.268919585623785,1.2075819678585715,0.9929997570063238,3.426455899651083,1.049224981095009,3.181386550748289,1.2096926378478263
944,3.008255083772053,1.1816679598765163,1.058546957683483,3.385298435737649,1.142210569865655,2.7911519071343895,0.970368989725185
