-240,0.6630862018779715,-0.06469684362652768,0.055767301943620624,1.222444136935449,0.9296236397404417,0.7193590138665585,-0.740531448295966
-232,1.293880249559879,0.16162970134845162,-0.9123262046561069,1.802132048521206,-0.3859906536968132,1.0011719259354268,-1.5173425639749538
-224,1.54941010326147,-0.07491795775378707,-1.4584302203013348,1.869299859538494,-0.8050597742984169,1.3895775451049623,-1.743669098597548
-216,1.242774231888746,-0.16836898791403893,-1.4584302361436217,1.3962044875329809,-0.6517418332790077,1.177852682491787,-1.6487579370618834
-208,0.9726425094824092,0.20835523360412628,-1.2043604512325665,1.171338091814808,-0.437096665721191,0.6624122772923853,-1.4998204441266023
-200,1.0179078132698414,0.5953005312908034,-0.8393176237581236,1.317355175967883,-0.1538233990731993,0.3338738006558497,-1.3362813307869772
-192,1.0266688747625603,0.3791952842763564,-0.7166632252666151,1.508637659275822,-0.16404458754941045,-0.09687682504234049,-1.4647763553237627
-184,0.746315948194579,0.1776916324127061,-0.4421510679519126,1.4312485979817178,-0.1421420605559096,-0.3655481908304487,-1.342121961851593
-176,0.34184852093458173,0.16601015805956776,0.08643090705639904,0.8325783807437428,0.33825431701384107,-0.46191957597187144,-0.483541371772888
-168,-0.15460971382103475,-0.06907735994228964,0.6485967798874926,0.04116556968404197,0.8376328284803193,-0.6225383664854623,0.312252018344306
-160,-0.837969887648758,-0.3465098510628286,1.0048786401386682,-0.4917968791325083,0.8770574262267665,-1.0854126568325617,0.9196832247651543
-152,-1.5695156179760632,-0.4005361512484337,1.004878598415417,-1.036440757285004,0.6010850315031249,-1.4183316270409807,1.3679557627934191
-144,-1.7388954564929,-0.13624525628833145,0.7902334214463408,-1.6701550946966839,0.19807780432073663,-1.2241288833350303,1.5198135609870507
-136,-1.5651350095868102,0.03751514701225503,0.38138544210779524,-1.8774994284457516,-0.20054891846681905,-0.8766082119422881,1.1620716220635152
-128,-1.658586016218913,-0.13186464068378023,-0.2391872069131024,-2.097985206363413,-0.6473612343010153,-0.9656785752066233,0.586764233381401
-120,-1.950620263579645,-0.6356238077526631,-0.9970160981904161,-2.5126738322951536,-1.2693942233135829,-1.278155244380115,-0.0002246561622332166
-112,-1.5023476959059119,-1.0459318398826039,-1.312413118580575,-2.0030741099222955,-1.6402776845191664,-0.6721842253316748,-0.4134530619390102
-104,-0.3050072118639943,-1.2766388842330771,-1.1678561065119777,-0.747326858788125,-1.6110742376038905,0.636129228650076,-0.5215057551679826
-96,0.4630427491508031,-1.421195889870647,-1.2510859866253277,0.21492599510108887,-1.780454139803585,1.255241797273217,-0.9011502504167765
-88,0.6557853290124943,-1.0868166289228172,-1.7650662540182898,0.6894816460819382,-2.3265581537234152,1.1924544155175387,-1.615174024965358
-80,0.9361383242826722,-0.12602396224915743,-1.6978983190860824,1.0267811457818816,-2.219965649435395,1.1369679461546272,-1.6838020283743926
-72,1.3157827564760258,0.9063170559131175,-0.7969726983231566,1.0457634222591943,-1.14527968215315,1.2815248567384747,-1.060308916456545
-64,1.4471981687765372,1.3093242818406712,0.013422336353947104,0.8354987283527616,0.10170650419436005,1.4290021223034934,-0.41491328758387414
-56,1.4194548348847182,1.2552979822824841,0.5244822191202692,0.7537291694085615,0.9018803419251191,1.4903293773893884,0.3925614065426568
-48,1.1945885302989114,1.1297232093598681,1.1757185843068094,0.596030657017521,1.2099764522753265,1.3428520282210124,1.192735239254077
-40,0.03667274266481414,0.5500351688398525,1.2808510055305502,-0.37352300401520616,1.0946229291589638,0.3061304945272473,1.2672039954466863
-32,-0.7518196577304282,0.09300169166524407,1.114391417686756,-0.8115743330193431,1.160330648798692,-0.580193452030299,1.0569392954229342
-24,-0.24075973747592178,-0.023812086270887992,1.6342124110412017,0.0397053967422321,2.002849478941215,-0.599175615886203,1.4541058416610302
-16,0.4148570580702082,0.006851578603389934,1.7656277744031632,0.9990379091397472,2.407316883771044,-0.3699287493400243,1.4132210971674457
-8,0.28636210803922824,-0.11434259675292317,1.0048786189633343,1.118771958610548,2.007229989610221,-0.45023814506738236,0.0917661470983193
0,0.3637511073758729,0.2857442542729592,0.9347903618325102,1.242886491300847,1.8918764991195585,-0.05745211326279595,-0.260135126095793
8,0.70543119883851,0.6026014251747593,1.440009618867263,1.2969128528164944,2.07147755811089,0.8361727610592422,0.4976937725536738
16,0.9390585362126953,0.46388517624212133,1.2355856526477131,1.185939761314556,1.6611693797927154,1.572098987624954,0.7576042429577964
24,1.5318880434883262,0.7267159515908852,0.5171814552685512,1.5714249215085019,0.7967479864233423,2.3970956593329604,0.46995053732322783
32,2.196265901625156,1.2012715616327554,-0.15449734741618235,1.7816897261540903,-0.1363013446331027,2.953420850906053,0.601365930958074
40,1.785957883455252,1.2742802369570447,-0.7779904820779074,1.0516041143401436,-1.2036864843807726,2.300724384303276,0.7546838708795037
48,0.975562841719703,1.328306552984937,-1.312413146500645,0.049926607334903506,-2.3134166609299815,1.442143763010559,0.8087102159254465
56,0.7828201933126702,1.5663144970229765,-1.7971899821932018,-0.4742748930808988,-3.0989887443027997,1.2391799173434728,0.6218082984992371
64,0.1812297675954671,0.5003895013559202,-2.8426725100891788,-1.4876336320993389,-3.980932138311235,0.9033405747430525,-0.6105761546656668
72,-0.6802712916543605,-1.8519464249070356,-4.425498114797751,-2.515594144455093,-5.257121793847336,0.357236452593736,-2.5949488827875746
80,-0.25682162148387777,-3.5676476095248812,-5.576113033644584,-1.6862169318051956,-5.833889368803879,0.609846163694917,-4.329632266553548
88,1.0967570567601608,-3.3194183642323694,-5.383370366728742,0.652977322379828,-4.9052205087322935,1.5604176709104163,-5.001310947519324
96,2.0779921256397897,-2.066591586190679,-4.0429332284912896,2.678234761742203,-2.8989452666357938,1.9210798140781127,-4.453746777597951
104,2.473698499249785,-0.6224822763730639,-2.500992572186931,3.3718161256146795,-1.263553604797313,1.8130271322995055,-3.3133530831469695
112,2.5145833532276898,0.7880431160149786,-1.1882985992228925,3.187834489448107,-0.2837786903506832,1.6421871294678456,-2.292693442558711
120,3.200863736789476,2.7724157487694554,0.5974908771905825,3.095843787986016,1.1296670984280741,2.2393972005861005,-0.851504481448094
128,4.541300978393929,5.521918140176818,2.9936317214478363,3.723717274580165,3.092137133604603,3.833904097853644,0.9547273311356782
136,4.9705912383763415,7.323769480050334,4.620262464060474,3.6857528775387425,4.052929804670185,4.638458508838285,1.5417161069599234
144,4.37484140152994,7.8085462853131515,5.493444882218655,2.873897755876001,4.746511154425771,3.947797479869625,1.9009182635287523
152,4.371921052038668,8.691949823088494,6.953616087965154,3.2477015480640423,6.542521741045148,3.620719116413401,3.3158241504298047
160,5.288908592886046,10.112696495085114,8.409406740064563,4.754598315241122,8.7108759285588,4.498281982028292,4.526306154087247
168,6.338771762110688,10.882206688960077,8.97595314348516,6.422113714038362,9.829367085663895,5.492658617893456,4.8183403280401516
176,7.727394523197098,11.168400205653693,8.840157183968584,8.142195461714556,9.979764724562042,6.676857457306947,4.862145459670045
184,9.278096342322074,11.295435107442053,8.158257305899609,9.592145527923396,9.201493504800293,8.315169508320842,4.761393635228336
192,9.973137841648178,11.675079623552474,7.318658894734826,10.405460818763444,7.922383502282591,9.353351333224584,4.351085534082491
200,10.358623007018316,12.402244909246445,6.943394990464454,10.512053297797921,7.038979899412704,9.445342180247494,4.155422573358665
208,10.459374785031144,12.510297582554918,6.698086089800727,10.439044702626193,6.392124019014207,8.934282181565823,4.0035648302209035
216,9.438715101621654,11.123134876612712,6.09065490518263,9.738162567686695,5.676640199360092,7.729640847245452,3.742194116447377
224,7.701111411969914,8.959161195846708,5.239375021390102,8.257548932441573,4.688104318474466,6.113231369967646,3.4034344034940593
232,6.638106761559061,7.228858284634137,4.291723965621187,6.868926086653824,3.8966915169828797,5.270712564137543,2.715693847774735
240,6.245320654464398,6.030057767250762,3.5879214452707795,6.140300720091531,3.1607652245383506,5.1159344649206275,1.9914488635746095
248,5.877357607060358,4.705682469572612,2.926463944624791,5.541630501755579,2.227715797016494,5.238588857137963,1.2292395394280373
256,5.2859882887256795,3.1257772766264806,1.621070832291596,4.7166338451055845,1.2041357860753419,5.0181030050282045,-0.14478154902154147
264,5.045059953159408,2.0072860743473417,0.23390818407178401,4.65384642648914,0.5105544570245241,4.799077267039885,-1.3786262599864472
272,5.358996810175873,1.8671096923138935,-0.2844525830103799,5.3868523125042795,0.12506933384819996,5.296995634582604,-2.038623622198578
280,5.110767713110697,1.8437469506553312,-0.7940522832667782,5.344507408244647,-0.3115218807207912,5.542304531324974,-2.828576276472463
288,4.3164346110663905,1.4860050211430564,-1.071484928104559,4.576457388880039,-0.486742391554933,5.0458462582968995,-3.180477487081699
296,3.4257300761969454,0.8639720395026419,-0.6757784310502077,3.8551328029528786,-0.17280572119512025,4.146380760439255,-2.5423827600925546
304,2.590512291930223,0.0316744255995462,-0.2435678234587798,3.425842418114423,0.3382542479979368,3.354967985769756,-1.8780047651787515
312,2.5248046049161954,-0.242837695011243,0.08497073176177414,3.3995593796676453,0.9719685571758374,3.073154893945827,-1.282254919548507
320,3.5206413467463684,0.6493268641021083,0.8939055662044152,3.844911611967,1.3589139587000794,3.835364261697903,-0.44411670501053563
328,4.11785124595228,1.4071557401645525,1.6035487775377901,4.147166957455849,1.4260818050095916,4.520184549490207,0.3429156077716517
336,3.706083034449502,0.9136178374893754,1.4224874756476173,3.8945573192919327,1.0727203700103263,4.140540083730027,0.24362401775864925
344,3.0344043064274286,-0.14792659464876645,0.4456329695126304,3.4448245651869156,0.18055579050591095,3.6236394911582166,-0.5127446944595352
352,2.701485176698158,-1.0897370687621812,-0.513699450027122,3.1644717904539243,-0.8839090137105242,3.5228876569915406,-0.9873004599440439
360,2.6182554615955613,-1.7307521304982871,-1.211661335548409,3.336771921210201,-1.711826101259182,3.538949545234562,-1.104114090123399
368,2.924891451707013,-1.961459173123363,-1.6029872340953304,3.89747773074066,-2.1075324696929836,3.695187868214086,-1.3275202763527025
376,3.618472724133416,-1.705929236132124,-1.9286053628091389,4.4976081369195855,-2.463814281005609,4.166823263973117,-2.064906717740331
384,3.984975608006904,-1.2810194167048345,-2.4119220357554156,4.7151735783648885,-2.8814231955691394,4.6340778557455495,-2.932248429543818
392,4.2200632414535475,-0.8035434690926231,-2.4177626867405317,4.9561018276612785,-2.7485476373057622,5.002041008241992,-3.18923853665349
400,4.900503007283336,-0.16836894070088562,-1.754844951195273,5.829284289268107,-1.8432414930117764,5.6401359113785485,-2.6942405167197894
408,5.62182764434501,0.36167309917660406,-0.8159549544094064,6.549148675745076,-0.6970070776186494,6.314734961756093,-2.038623642903349
416,5.45974856136661,0.5617165955092744,-0.21874491089751316,6.270255910197975,0.5587401686530374,6.362920748988392,-1.745129173034839
424,4.875680077624947,0.7456981145056633,0.31567774489823675,5.724151749776203,1.9079383531683367,6.178939069843733,-1.5538467838394974
432,4.688778214470335,1.112201196015605,0.9785954578564713,5.775257974965615,2.7183333194569537,6.44907074378208,-0.8091594857423894
440,5.249484081880042,1.3721116523028392,1.3976646411998068,6.176804930387961,2.865810650430227,7.357297156159943,0.03481949051985347
448,6.224878433895741,1.6057390031664962,1.5217791398527174,6.696625970955562,2.889173375462231,8.39401880122028,0.39840201643193796
456,6.811867226032835,1.621800854235043,1.348018798509591,7.2033052821934,2.5942188426067956,8.80432699067511,0.4962335666724543
464,6.506691347533152,1.2333953905081458,0.7873131293637552,6.895209126512292,1.436303030346569,8.592602026890892,0.5093751430692461
472,6.087622185051442,1.3107843669440564,0.4091288003120347,6.462998542762721,0.33387377936589074,8.275744897712341,0.6276490123829379
480,7.0250522457455356,2.508124848476304,0.9727548404381825,7.087951840954996,0.5616604565005548,8.849592253680417,1.4614067380546558
488,8.247215467926704,3.850022223808985,1.7933710053985423,8.186000668477675,1.0654195774542652,9.343130114946051,2.1564482307928787
496,8.293940964262738,3.8062169927334475,1.5407614103695646,8.537901872028465,0.84931419099632,8.813087869746246,1.8819360270492953
504,8.001906622789411,3.128697566513107,1.1742583657203898,8.844537792496595,0.5587401077935567,8.680212407477716,1.4906101804211564
512,8.606417503090283,2.965158426037683,1.2472670214378885,9.592145454358718,0.6259080075903947,9.58697880910114,1.5329551383249673
520,9.71468744615191,3.3725461966716317,1.3173552586482125,10.427363377598375,0.8303320169448856,10.56237303735877,1.5650788164633496
528,10.45937476793402,3.9595350350807554,1.4122663463054885,10.87855636079905,1.1092246759878959,10.975601519209897,1.3577346055312198
536,10.601011397885648,4.143516511099059,1.6385929293960706,11.050856373600874,1.1530297858150378,10.887991336416379,1.0613198645986053
544,10.428711074198546,4.296834546701626,1.8342558138886944,11.487447709888823,1.1690916988410445,10.69524845539438,1.29348699389561
552,10.967514217762574,5.047362609032676,2.079564599421343,12.242356181717836,1.4027191411507753,10.90843363666704,2.084899822052433
560,11.791050982710562,5.984792392565175,2.476731124954669,12.876070478347392,1.7064346696201114,11.42241383080903,2.5287919339561746
568,11.973572399663295,6.281207251609099,2.3876607127517833,12.709611085159816,1.9400621089496102,11.691085420741972,2.246978808722275
576,11.621671078628612,6.237402033081907,2.432926013402129,12.327046028823263,2.5942187707675135,11.482280909031756,2.0279531871198646
584,11.58370648175478,6.54841854892038,3.3104888995649353,12.427797884165274,3.7711166999841987,11.361086659953907,2.887994059154139
592,11.78667038263459,6.860895168841611,4.087299988892396,12.55191239317057,4.502662520189032,11.330423137346504,3.3129038170945315
600,11.361760656221916,6.37027763542135,3.6492486645938884,11.972224718905414,4.299698792790112,11.023787067553057,2.7142335653486036
608,10.327959361123412,5.47957320344834,3.268144065889751,10.720857802763401,3.949257671989892,10.375471166988863,2.4791460722865857
616,9.26203444309925,4.483736481852376,3.5601780779689904,9.519136894792924,3.9784610823581095,9.746137428241466,2.965383081077807
624,8.669204931431697,3.3039181981250816,3.297347348892253,9.056262601622446,3.781337932379621,9.47454538874419,2.784321809774228
632,9.11601739110131,2.916972741231261,2.5555803819344587,9.783427823006143,3.1768271129382284,9.781181360817394,2.1199439621466376
640,9.86362496041938,3.6426778590027604,2.3832801887501587,10.53979656832059,2.851208885092486,9.943260574455447,1.8045469660688989
648,9.663581477262474,4.210684379525029,2.3073513532577743,10.249222409827748,2.9373590867770356,9.471625209910428,1.378177012913381
656,8.84588565802888,4.206303842033933,2.0897858068769284,9.595065684170136,3.007447225639696,9.02481268200918,0.9153027202134674
664,8.65752358146404,4.365462611754411,2.1262900846207193,9.621348853903987,3.097977839802442,8.837910972414956,1.329991349596002
672,8.883850093185902,4.3567016162973635,2.0883255834280243,10.068161363296424,2.592758653822698,8.75176066108923,1.957865012023854
680,8.956858725218398,3.996039221064762,1.6984599453476281,10.145550354947206,1.8174076958706507,8.98976852026908,2.1681295348022154
688,8.88531026675513,3.866084039428454,1.65465480414962,9.907542399145091,1.7633814159192533,9.337289424433644,2.1637490523669887
696,8.859027263914285,3.969756176186958,2.0620426048995992,9.865197520139006,2.51390937519701,9.357731818012624,2.1053422143765785
704,8.466241047178446,3.4674573498940156,2.1803164472343477,9.662233667413476,2.8643504037668834,9.04525515997579,1.8395910896934
712,7.616421524866633,2.075914102225653,1.5787259688140898,8.678078155871106,2.3255473099256823,8.44804502674322,1.2540624411663541
720,6.981246950359722,0.9822458986208038,0.7435078920140442,7.582949911395788,1.3530732333660125,7.7135790884072515,0.3560571295831366
728,6.746159467650089,1.0056086768264236,0.11563432322822692,7.264632602216986,0.5193155280853573,7.244864026297203,-0.4645591239999181
736,6.424921752198747,1.426138038444616,-0.5823274462208569,7.00034154224613,-0.5422290082040587,6.4213274070668795,-1.0354860330701834
744,5.762004055082797,1.0172899916587088,-1.624889659760934,6.537467305072648,-1.9235509903807404,5.330579571618965,-1.4764576943116152
752,4.87714013794535,-0.03695359820055059,-2.692274850172553,6.0848141443813875,-2.9281487623327656,4.380008165417653,-2.0123405603805056
760,4.436168633244538,-0.5888983559632593,-2.86311495762605,5.876009709059227,-2.8697418625417495,3.8003201772869835,-2.2372068445752515
768,4.501876349433471,-0.22677586103981834,-2.0760826727639317,6.03954888968936,-1.4227122675431407,4.052929881643428,-1.6838020804500287
776,4.624530563150581,0.4010978075053525,-0.9181668940705332,6.442556067148926,0.24188291603013082,4.463237858717499,-1.0004419577568158
784,4.846476697843325,1.135563870697369,-0.09171004644048324,6.779855686528722,1.2391798893087784,4.280716646930225,-0.7098677898527158
792,5.467049443643343,2.530027385508484,0.7741715120279834,7.235429120950612,2.036433399821582,4.432574324032314,-0.18274603923443355
800,5.728420052638179,3.5404658410713243,1.7714684495438455,7.271933389910562,3.029349803924559,4.5756711448071465,0.3823402094394569
808,4.482894063701755,2.9563973452518812,1.815273580546322,5.838045260569588,3.4031536820687727,3.4907638747018837,-0.003144994516845812
816,2.7759539559483515,1.8043223176166605,1.612309781308117,4.274201898300936,3.192888972790617,2.0583359647316004,-0.5010633807252295
824,1.9334351306683135,1.3414480285243948,1.5714249872485653,3.551417199664029,2.68620957340065,1.3705952653337103,-0.1929671494403347
832,1.5815339884475659,0.8610516613070301,0.7829326075580921,2.9556673954433275,1.4976302280237805,0.9413049308454944,-0.0016848297314603438
840,1.1011375396659508,0.15578902683518733,-0.2873729213649926,2.3307140448617067,0.5280765342084992,0.19077692278604266,-0.5185853961085981
848,0.9390585224095149,0.16455004033048096,0.21784628782919077,2.1131486551783345,1.0084728769565892,-0.20200899812253434,-0.11557820766922909
856,1.3070217545879514,0.8216271063818137,1.2195237604833324,2.1627943863451238,2.0612563141082467,0.12652943161455674,0.8934001447519794
864,1.5786135664895966,0.9545026957023475,1.038462565254103,1.8795212015750924,1.9838671729752901,0.5864833486285286,0.6685337843260302
872,1.1653850617377388,0.4726461768753617,0.2893946382198256,1.1596567434156952,1.0610390583151261,0.35577631666954757,-0.16522396926575836
880,0.1315839517273404,0.0199929921853881,-0.042064190574503016,0.2952353374979759,0.2929889969135586,-0.3348846319896976,-0.1608435018885474
888,-1.0423936977982524,-0.6560662383492655,-0.2698508871591044,-0.6874598574240196,-0.18594717979431138,-0.9744396341896732,0.0771643773686547
896,-1.5300909830551401,-1.378850820129699,-0.4888765506416197,-1.4087844681341632,-0.5305475699274165,-1.2445713150296132,0.09030600286085101
904,-1.207393101877288,-1.4460187930206534,0.0017409454473119462,-1.2102011152546897,-0.37138888255545943,-0.9569175538686122,0.591144693857021
912,-0.39991838814396563,-0.5012880233738591,0.5551458598389798,-0.31219583425806646,-0.020947804105909452,-0.37430927804727726,1.3256108030073555
920,0.2892823776916457,0.3456113532004558,0.25581072173137914,0.4908983859033721,-0.14214200424520676,-0.22683199491457423,0.8437543357854428
928,0.04105330258607894,-0.2004926913059683,-0.42170873742837134,0.33466002606307943,-0.4370966544276783,-0.8941302685783458,0.15455354704909943
936,-1.3504898835953913,-1.9147337097267387,-0.834937143048294,-1.0159983436286693,-0.5232467147864793,-1.9366924356895412,-0.09075523911096764
944,-2.8646873358833163,-3.6757002185230805,-1.629270347047914,-2.6411688943201224,-0.9043513625860214,-2.9558919646660327,-0.6879651849026136
