-240,-0.8771389370763697,-2.460562320009911,-0.7967292967255847,-0.6377517707755065,-1.283824130585724,-0.4470169681837379,-0.9088964368261049
-232,-0.46594439580654473,-2.0179913485961727,-0.7736099578044463,-0.6410546032200154,-1.0476761732195865,-0.405732343164392,-1.1863289746854986
-224,-0.05805251544048051,-1.2633088199428588,-0.7967293020474278,-0.8838081456475209,-0.6480412983946204,-0.22077735576901464,-1.3993575058522676
-216,-0.492366563092112,-1.3987222897782643,-1.1451713681534854,-0.6889447013646256,-0.8049226797530392,-0.4486683262205058,-1.6652303121629215
-208,-1.2982420308494964,-1.9948720180125892,-1.3119610889640807,-0.3949983732795322,-1.1335481563617131,-1.0431666501180263,-1.7197259969654535
-200,-1.5872341294264616,-2.0576245550871324,-1.018014785714256,-0.63610048263228,-0.8362990169420893,-1.332158874290494,-1.0046766588375682
-192,-1.342829355976848,-1.2500977849949404,-0.3772777399805549,-1.4287648354367022,-0.20051615051379346,-1.4064711819406281,0.27514601232750074
-184,-1.1165897501257314,-0.6126634595922499,-0.09158830390390238,-1.5410589271467248,-0.10803861637009576,-1.3750947610212443,0.6846892626157829
-176,-0.6855784061300013,-0.4442223701012002,-0.4829663654837087,-0.3735303641893924,-0.5307929431166732,-0.983716850581787,0.1876226489742597
-168,-0.1967687767422027,-0.49541524729449243,-0.8396652934410963,0.16647220962431863,-0.8016199120576233,-0.6055497790690197,-0.47127962023729386
-160,-0.07126360289725184,-0.4921124623917834,-0.5159940206183073,-0.7863764009769364,-0.4168474713729304,-0.28848411277236724,-0.4861421244485039
-152,0.009654260721507874,-0.24110210370340604,0.032265533369048166,-1.2206903888465284,0.2437061925961092,0.050049616542436816,0.11826447521646817
-144,0.4125919495419269,0.2047716735456236,0.35593676734238083,-0.00857449206950035,0.49141376868790976,0.5438134161885075,0.633496347992193
-136,0.749474308224934,0.6886271269985171,0.7852966403008711,1.1143667271340283,0.6945340483903121,1.151522837122118,0.7804695447640759
-128,1.0648886746703052,1.169179967089451,1.1568580671476252,1.021889204875781,1.1635271166638912,1.5874882520350446,0.9191857876167417
-120,1.1392010025434445,1.2335839189670896,0.9999765594841253,0.3712438530401216,1.1387563554890747,1.1465687168891718,0.527807756194047
-112,0.7329604060631316,0.9379861487601056,0.3856616514110633,0.13509595510123415,0.5062762503699835,0.4447304396088416,-0.3127467650033179
-104,0.7610340434989651,0.8983529007587675,0.1131832891317843,0.4719782497447271,0.043888707198339115,0.3902347736101558,-0.231828914689166
-96,0.9905763576182474,0.852114191872405,0.26511070246197593,0.7262914240251094,-0.007304166447057278,0.5520704258096848,0.4056053360303244
-88,0.5760790071426297,0.2708269822182671,-0.048652308962338624,0.5974835261238581,-0.2946449947976693,0.348950168104235,0.2008337298674243
-80,-0.5039262220863896,-0.7348659003337663,-0.7372795083652155,-0.1159144413722305,-0.8676753480997161,-0.5791276665984381,-0.8048592110474905
-72,-1.2255810452249898,-1.4086306231990176,-1.3251721744695095,-0.8788539517957432,-1.065841374877881,-1.4081225531046095,-1.4290824259320891
-64,-0.9844789995569668,-0.9858763113536019,-1.1765476182417014,-0.598118647127907,-0.9089599234485252,-1.066285995957561,-1.1912830785981243
-56,-0.06465803681712437,0.1436704036817228,-0.3260848171968053,0.46537275870258976,-0.09152478711754622,0.21188526058180654,-0.21531506610058582
-48,0.27222435752223284,0.5400026720631252,0.3955700401789867,0.3828034579289918,0.2387520225152318,0.5735384753458339,0.21569620392152267
-40,-0.28264069690918314,0.0660553925530814,0.37079927137619634,-0.594815889898783,-0.0981303429087766,0.10454528874993978,0.07863128504582798
-32,0.031122268037700036,0.23614797649748157,0.5276806639104864,-0.1093089139641642,0.14957729207808948,0.41665689956274,0.6434046384834107
-24,0.9889250283194331,1.167528510421187,1.1865829483779904,1.2035414018692112,0.8976542988225766,1.290239097359471,1.3601053848507858
-16,1.0566317530369362,1.3062448190873144,1.120527666314563,1.3373035558878064,1.029764982690905,1.0491370341293649,0.9224885577956832
-8,0.5744276358012537,1.002390151550045,0.555754224534382,0.693263784678646,0.7638921689296707,0.226747723814823,-0.08650710983645361
0,0.36305037840873355,0.8719308468284626,0.46657954873483054,-0.0828867763035247,0.7407727902721025,-0.33802558527406545,-0.4217380826317127
8,0.23589389247226192,0.7645908217781632,0.5557542401451222,-0.9184871499491484,0.5360011961720472,-0.46353078980831214,-0.175681837257885
16,0.8964474723561779,1.172482738155367,0.5194238629055653,-0.15389630259884599,0.26847694490118573,0.5636300911901747,0.08028265762896766
24,1.8922320908488153,1.745513017306398,0.3460284935262722,1.5305155108617987,0.07196225717854811,1.8137278399692895,0.26523768884085475
32,0.8237865772030072,0.7233062201749273,-0.9651704866220773,0.5512447262339756,-0.7603353865567473,0.35885847633493023,-0.7338496946862763
40,-2.4360455781112216,-1.6150536104600066,-3.1433461403521967,-3.1049196726263864,-2.1524521760410558,-2.6367522649426056,-2.395142114410798
48,-4.366513590823054,-2.78093081946065,-4.261333121355254,-5.395389410615952,-2.7816294710673812,-3.7266658094981104,-2.8938600525614766
56,-3.9503648532179247,-2.422580480602852,-3.6255502856162543,-5.213737133972267,-2.0764885107089435,-2.877854334558922,-1.937708724290132
64,-3.42852746367782,-1.8412932207459929,-2.124442131671331,-4.637404131119725,-0.6810689026169175,-2.6763855086864683,-0.8808228501251762
72,-3.2832056630825805,-1.6596410253491154,-0.3822319127223538,-3.971896327581707,0.9917831145458933,-2.565742795768403,0.01587864082484027
80,-2.6127436956725054,-0.9710138653278788,1.0990596242289952,-2.9860200245929485,2.5490383861907113,-1.9134460685112866,1.0859755964151454
88,-2.267604400100179,-0.7893616110359357,1.5647499684462727,-3.3476731598841174,2.8991317947227975,-1.8077574864698527,1.7217584575215978
96,-3.78192362535895,-2.4357915563515684,0.5706167629827841,-5.238507898872372,1.4789415420043273,-3.2196908860293383,0.7705612017640048
104,-6.2903761226042505,-4.982225768827585,-1.08076737405589,-7.076498403694934,-0.720702135539699,-5.870162340604286,-1.0096308649295853
112,-7.8608424329222775,-6.10681839609321,-1.9906800111803487,-7.817969962149424,-1.8733682262168807,-7.836960779516635,-2.1292692752821103
120,-7.439739399818164,-5.134153155548561,-1.5216869021059718,-7.177232819558174,-1.4621736280033326,-7.595858736864322,-2.1408289550315764
128,-4.959360434104015,-2.4572595354619904,0.15611928850821752,-4.497036437098034,0.1826050089460701,-4.953644186715447,-1.1367874429339455
136,-1.8564097809540474,0.8025726067250242,1.9759446574859463,-1.065460292615624,2.4235332311496074,-1.711977154118838,0.18431985183131114
144,0.6503912573168568,3.7007517915478343,3.3515474974440473,1.1952845137634556,4.3110652412919,0.9632650353764987,1.860474715985003
152,2.4867304175846523,6.025900541289603,4.639627131398072,2.693089901964308,5.651989128925043,2.928412140022976,3.752960971423558
160,3.7533419677653383,7.495632437340941,5.430640086251903,3.9250224233628837,6.4859381179246824,4.266033260492887,4.943608890331927
168,3.7913238681962,7.533614366509754,4.822930780979687,3.7103425247574235,6.594929393155728,4.348602456603568,5.01461839551727
176,2.861594567068549,6.336360797436136,3.5744843937852355,2.7129065272954356,5.769237407213658,3.356120679247784,4.256633036370788
184,2.379390436883047,5.216722386374032,2.643103772405903,3.2578632147784843,4.7387737063656905,2.7021724727932677,3.217912477751572
192,3.147284057073215,5.451218858511347,2.575397005645838,5.120624498160547,4.415102394516051,3.3330012734488137,2.712588913029149
200,4.029123124704038,6.387553686514876,2.7851227948394346,5.66062726693112,4.611617082416084,3.7392417830056868,2.4896520606818657
208,3.9663706268337404,6.555994938499542,2.6100761437031275,4.597135691156426,4.431616284615008,3.810251282691792,2.410385618961994
216,3.617928520459069,6.427186866928806,2.7190674125479593,4.3708960950620215,4.413451023706859,4.555025453266479,2.5408449863039313
224,3.132421564747454,6.390856565436819,2.9073252464020323,4.139702341126979,4.405194083447039,4.654108487676842,2.559010222199417
232,2.4058125238087804,5.669201651826883,2.218698085316427,2.314922906908688,3.465556525000994,3.7524528560934804,2.288183188686768
240,2.288564279579964,5.157272558809419,1.6902551458391186,1.2497801859709585,2.738947526282278,3.5988740877422325,2.293137333400193
248,3.122513278158921,5.641128099717937,2.519249939922612,2.5444653483974196,3.44408857480592,4.1339224852662495,3.2691053563640233
256,3.6922407646018733,6.049019935203122,3.3911807351564867,3.7169480236049304,4.598406062724116,3.9341050372987767,3.890025827501501
264,3.447835959753383,5.743513888519107,3.0774178204123253,3.6129108953934432,4.857673339143178,3.1876794371972257,3.234426285894145
272,3.4808636283699856,5.609751780445759,2.532461044054492,3.9663070872316846,4.819691571226214,3.50804796166063,2.725799976360231
280,3.7698558646052964,5.951588321095095,2.6761314443930058,4.268510274507186,5.123546173659601,4.114105880158125,3.1997472077962903
288,3.672424108404052,6.085350358033137,3.1153996227438747,3.683920395256945,5.430703614746313,3.5245617957028386,3.916447906621864
296,3.19517415096035,5.900395398311344,2.9387015090852753,3.5369471750689505,5.148316977941346,2.7500626819870084,4.084889112483887
304,3.0977424834564937,5.4792925143962385,2.649709284735413,4.017499869873561,4.685929425722568,3.1249268071678205,4.091494686546779
312,3.243064254072015,5.000391047952813,2.4465890577192604,3.7351132415835444,4.207028021189919,3.6087823679445536,4.127825129599797
320,3.0762744965407016,4.485159214381333,2.2186981041202736,2.950705810412493,3.832163839597569,3.303276264671604,3.99901716641727
328,3.109302187863834,3.9368997152089613,2.1097066626703254,2.556024979008533,3.4771162006703813,3.116669870810685,3.615896069045577
336,2.802144741100488,3.172308784128327,1.696860705178245,2.1200595917691905,2.6563783111903576,2.9779536362955747,3.0544254433895865
344,2.4355374836250325,2.642214588261458,1.067683355691724,1.7947368993536468,1.8670167099384265,2.9267606725336326,2.524331114121846
352,3.00196226517032,2.771022500354292,0.9686002613219261,2.301711852092557,2.083348081709864,3.347863682931214,2.6894695806716165
360,2.9788428767560386,2.6422145873744847,0.6895163652483688,2.1729039178253764,2.233624043338846,2.771530603621523,2.118090657606011
368,1.5239734160867366,1.5919342980935023,-0.20553381449710098,0.7989523514641289,1.5317858169708156,0.9467511761442324,0.894415032295954
376,0.26727016987927243,0.7811047106353577,-0.5638841888338545,-0.29591525301009736,1.201508994210826,-0.2950896510015151,0.8646901327939263
384,-0.06630942980066304,0.7530311753789152,-0.12791873453928634,-0.6889447293930002,1.5334371613481865,-0.6930731816265066,1.455885626020886
392,-0.8193406032555269,0.24440488252010972,-0.25342394421798203,-1.0704144784846368,1.0462788731446517,-1.4609667425668171,1.1619392583767576
400,-1.6945741582020517,-0.3930294256752879,-0.8776471268167315,-1.8151887063578367,0.11820101201015706,-2.101703837971056,0.6285421811044214
408,-1.976960831018157,-0.6555994861100831,-1.1303088944541775,-2.749872089223766,-0.2781311992501271,-2.1116121575550166,0.5889089405536653
416,-2.6606338271673344,-1.1295467175461429,-1.5348979998516408,-3.666390245418736,-0.7008855650235553,-2.651614750172575,0.32964167602005484
424,-3.9701813839976383,-1.9932205489266914,-2.4811410761264323,-4.280705162538933,-1.6438257907595712,-3.5648301000000684,-0.6331152880475632
432,-4.6604600060089805,-2.6834991446836076,-3.3216956260617487,-4.812450804075589,-2.403462491622502,-3.870336180566486,-1.3844950197353252
440,-4.510184025398758,-2.9229498372819167,-3.4207786450387667,-5.342545102299244,-2.5884175629256085,-3.5169399842933737,-1.4736697656058133
448,-4.255870858036773,-2.7049671688523045,-3.0145381636876643,-5.223645466506046,-2.0715343290974033,-3.4640957710602667,-1.156604015756221
456,-4.366513651846857,-2.430837388222033,-2.580224135904248,-4.994103117972178,-1.3069434748287054,-3.6507021228786236,-0.9402726849629766
464,-4.587799061185274,-2.528269137504882,-2.672701663129549,-5.631537350597401,-1.3961182237149046,-4.203915767651391,-1.1566039788581077
472,-4.467248020345694,-2.7082698918442354,-3.102061536265432,-6.308604814903641,-2.0153872692282055,-4.365751363084592,-1.5347709978620208
480,-3.874401116218322,-2.336708503492148,-3.2325208848035243,-5.464747567343845,-1.9080473041373402,-3.8158405305333294,-1.4868808392257913
488,-3.8545845292044643,-2.226065769286709,-3.250686074221579,-4.454100517904038,-1.9063959049449843,-3.738225537498955,-1.52816544207079
496,-4.627432297833345,-3.058363340644937,-3.628853047280247,-5.340893770162113,-2.6330049279667844,-4.864469413703558,-1.9377086669916195
504,-5.3589954646815965,-3.7139629019431157,-4.096194746518582,-7.041819322226579,-3.4289720844777647,-5.774382073179761,-2.1210123061069424
512,-6.069090654725558,-4.05579935158893,-4.319131570837491,-7.315949115629273,-3.660165849411282,-6.192182263195679,-2.406701796111606
520,-6.476982453312628,-4.615618545234532,-4.624637676416572,-6.666955210527768,-3.7328267601751937,-6.652918349876454,-2.997897258649269
528,-6.427440896725807,-4.762591725153912,-4.542068456180202,-6.69172587129714,-3.5181467881282953,-6.8428276008397555,-3.1564301607154657
536,-6.282119178264349,-4.5759853442428104,-4.0450018599233655,-7.0302596435414815,-2.9731900532808395,-6.978241063756767,-2.3951420776900787
544,-7.0004712372554305,-4.954152321204162,-3.9855520208280915,-7.134296887236969,-2.6065827713249043,-7.670170972492178,-2.099544346155155
552,-8.253871750714248,-5.485898012233961,-4.47436170698222,-8.002924941029853,-2.98309834536861,-8.741919326742654,-2.72541893646121
560,-9.016811262202134,-5.7583763787707145,-4.923538176888674,-9.241462976354494,-3.6931934797106116,-9.199352705510053,-3.283586747944354
568,-8.881397779416908,-6.0655338047788705,-5.248860846242898,-9.636143798888714,-4.091177066214958,-8.811277397611477,-3.3661559380236126
576,-7.984696133778646,-5.690669643764313,-5.412347868719435,-8.74109357479455,-4.19191150478473,-8.026869977261503,-3.2406507712744532
584,-6.845241147765529,-4.519838283486639,-4.86243699270645,-7.185489744207255,-3.638697801649081,-7.232554261275864,-2.812942290944713
592,-6.321752355130382,-3.429924775829247,-4.04665318620647,-6.293742375618921,-2.933556793748841,-6.902277447917793,-2.490922406315803
600,-6.690011013039957,-3.5868062405632095,-4.218397143975773,-6.863469950049682,-3.2952099512143564,-7.031085416776953,-2.834410292761666
608,-7.109462621761656,-4.296901408610218,-4.882253551514539,-7.499252714121192,-4.2447558155849645,-6.918791217920488,-3.012759729332867
616,-6.797351014496751,-4.252314048713491,-4.992896272947554,-7.187141185264778,-4.499068951548075,-6.30447639162642,-2.7700062919230692
624,-6.366339732766589,-4.090478426671074,-4.817849572672894,-6.64053302798625,-4.186957336123011,-6.170714238317402,-2.82945611789113
632,-6.53808365186383,-4.625526847965988,-4.864088370079249,-6.407687861909034,-4.211728138276019,-6.945213407912586,-3.234045183729558
640,-7.230013580467456,-5.297640175009385,-5.0672086127061435,-6.988975045840931,-4.16383799525053,-7.797327629082423,-3.4041378231985235
648,-7.594969571974032,-5.12589624651022,-5.0672086229950395,-7.699070174683693,-4.018516203879821,-7.903016191965222,-3.4718445248547054
656,-7.3687299104209565,-4.6040589087693915,-5.050694774938644,-7.7287951369834715,-4.124204789469151,-7.676776506996036,-3.580835881332557
664,-7.54377667615429,-4.848463680090268,-5.627027816640641,-7.860905935981011,-4.963107895331234,-7.9905395093732166,-3.9391862636520747
672,-8.078825044762958,-5.353787291644912,-5.899506150181967,-8.364578014410244,-5.625312872988345,-8.261366548385103,-4.112581533512899
680,-8.067265338404278,-5.4016774112542905,-5.313264844775362,-8.151549477034658,-5.161274003533599,-7.9806312305900535,-3.8566170382712577
688,-8.382679708397541,-5.5783754628247175,-5.1497778185735354,-8.235770041293605,-4.9614565431484925,-8.307605303926291,-4.249646449372882
696,-8.935893423241245,-6.412324484110209,-5.907763110842189,-9.328986367203925,-5.724396018802629,-9.065590534816348,-5.001026218136151
704,-8.427267102354065,-5.978010397609121,-5.770698141586376,-9.049902450375178,-5.57577137902188,-8.601551622964248,-4.736804742011286
712,-7.05661830014034,-4.747729242939652,-4.7154637671966135,-6.990626473239055,-4.480903700574034,-7.080626873135727,-3.5412026533768297
720,-6.313495496472158,-4.316718041391928,-4.215094397390335,-6.115392932306717,-3.91282754804216,-6.254934872292497,-3.1019344858470417
728,-6.120283497326866,-4.43231492208474,-4.284452519348852,-6.7495243841093115,-3.818698675552514,-6.248329331579824,-3.4867069714126138
736,-6.125237654812715,-4.7180043044107745,-4.5701419554255045,-7.34402262658263,-4.003653765304678,-6.309430507956678,-3.779002004436085
744,-6.20615546592262,-5.107730985069886,-4.8459231563581096,-7.495950015609738,-4.411545592452309,-6.449798189205945,-3.866525361757903
752,-5.9997325113022715,-5.180391923862172,-4.741885925789838,-7.590078887389805,-4.609711737020605,-6.41346778748591,-3.7955158239319218
760,-6.183036174188495,-5.234887578862382,-4.781519136715666,-7.931915392205395,-4.581638158125047,-6.5356701352725635,-3.739368741001402
768,-6.952581132369819,-5.926817455844128,-5.382622962121617,-8.219256258695884,-5.153017077465361,-7.0310854162447685,-4.198453485078755
776,-7.4694643670849965,-6.838381522850242,-6.312352210030835,-8.341458636639649,-6.162012761063026,-7.54466582419207,-4.926713918646177
784,-7.246527557489854,-6.661683503565665,-6.733455109556685,-8.039255375567922,-6.682198724624166,-7.244113947588932,-5.184329788599696
792,-6.873314631932275,-5.829385842623074,-6.366847902993529,-7.6891618896917135,-6.330453895434956,-6.722276600978366,-4.8557044239271265
800,-7.003773990936659,-5.839294220747311,-6.01180032136485,-7.733749313273167,-5.681459966562552,-6.537321517789808,-4.655886938884145
808,-6.678451367705079,-5.872321809004079,-5.575834891373365,-7.505858283926609,-5.197604441264774,-6.292916640741647,-4.28927966544316
816,-5.421748053732808,-4.666811449924016,-4.639500117297847,-6.32842139198339,-4.253012755844783,-5.2541960904599865,-3.45698213187002
824,-4.333485937639797,-3.216896271803877,-3.490136779947102,-5.121259668302953,-3.1730075399203743,-4.2666684585272066,-2.6824829214740364
832,-3.975135588847892,-2.4787274872536185,-2.9864646380105397,-4.7794231384747,-2.8328223541147004,-3.895106931807194,-2.2613799884205776
840,-3.9933008114387696,-2.58606751833534,-3.4108703206651465,-5.297957779478024,-3.678331083710215,-4.0024469066547725,-2.4925737586759382
848,-4.026328488570321,-3.235061454658325,-4.258030398718112,-5.728969049854922,-4.61301445610985,-4.3591459790115055,-3.0276221780195125
856,-3.9107316500974667,-3.3374472597798155,-4.466104784284481,-5.236856520435205,-4.546959131471676,-4.3525403302654135,-3.1977147520298055
864,-3.535867399321153,-2.8717569868752357,-4.015276911992565,-4.6638262806658135,-3.689890759734391,-3.7217116168880966,-2.7815659564165838
872,-3.3674263022021274,-2.8502889662544355,-3.7890373492483786,-4.9181394554783795,-3.366219436176696,-3.368315443321518,-2.560280516566265
880,-3.527610490105418,-3.2482724764790283,-4.025185249670793,-5.179058146877933,-3.5297064834885012,-3.6837298124278095,-2.6263358514933364
888,-3.871098424093081,-3.7635044001670557,-4.431425728715763,-5.5605278741500115,-3.8682402605225,-4.435109582965024,-2.7733090370893474
896,-4.349999752168581,-4.206075367855502,-4.745188682664171,-5.981630726843638,-4.148975511794508,-5.130342250880904,-2.966520993305104
904,-4.856974719631257,-4.348094265048321,-4.703904101816125,-5.575390278133174,-4.002002366289715,-5.250893334472629,-2.958264082847607
912,-5.007250639395072,-4.136717147442884,-4.373627269299421,-5.3788755309832865,-3.4042013013059975,-5.323554154765202,-2.8707406614862743
920,-5.036975556636577,-4.055799376424199,-4.1407821222034435,-6.325118681054304,-3.263833661212318,-5.685207319681297,-2.8806490227580075
928,-5.172389064257071,-4.034331383476983,-4.140782102867415,-7.243288220121312,-3.6122756999995818,-5.571261850243686,-2.8773462460154584
936,-4.5200923547394325,-3.5636869090926524,-4.114359953498719,-6.939433499543006,-3.76915716863623,-4.67786304875799,-2.5900054226319
944,-3.6663268299930243,-2.8734083300108444,-3.800596974715044,-5.690987159890353,-3.6188812721111314,-3.741528314241505,-2.208535706003507
