-240,0.21621064234954818,-0.11644164320224748,0.9087248978419951,-0.2687627694282967,-0.17432902499030414,0.3904728971206799,0.2496225986701365
-232,-0.24328704207705779,-0.6470313377320194,0.8393667749344165,-0.6762417622555332,0.019873770448164407,0.02634273634936952,0.11784207653970699
-224,-0.4184162388698985,-0.4337550654649161,0.6954486108599953,-0.6467645919595199,-0.044282497530086305,0.029810673535729637,0.1854663197022792
-216,-0.7322617930503418,-0.47190205413991426,-0.33972142345916767,-0.5895441251520357,-1.0257000821356015,-0.28403489740851995,-0.37806850950448545
-208,-0.883115782137387,-0.7614722638964075,-1.0402386090503288,-0.6190213228289327,-1.514674903330608,-0.2736311977944122,-0.8653094030845049
-200,-0.3889390022637177,-0.38347040169084257,-0.2114089122758463,-0.19940460144470482,-0.4933764249731138,0.2933716060378805,-0.41794941554992227
-192,-0.3924069921629359,-0.17192812595659696,0.8098895809828089,-0.3329190543566184,0.26782909327258303,0.15638927386787116,0.23748490252317148
-184,-0.8987213322104741,-0.4771039150297064,0.6555676951288031,-1.0160966454718543,0.12217704721798114,-0.5406599734193431,0.09876865205140069
-176,-1.07211663528847,-0.619288084433915,-0.058821039532239515,-0.9762157414753277,-0.3442564383793908,-0.67244045829687,-0.561867581300724
-168,-1.0530432022319964,-0.7441326874881409,-0.9587428358168555,-0.7265264155987936,-0.8072219683502159,-0.592678564063345,-1.2762563524696118
-160,-1.2368422503726415,-1.5625586825996063,-1.8638664229558066,-1.1444091583315568,-1.3690228256110384,-1.107662688030933,-1.7062767542827015
-152,-1.203897100794487,-2.1312954200073513,-1.8864077885420278,-1.349015680019959,-1.5285465418074569,-1.3296087548351632,-1.1219344314116129
-144,-0.6854451094897323,-1.8989456457659029,-1.1598814110056712,-0.8045543444056349,-1.2823251208935218,-0.6238897362938872,-0.0954341540041452
-136,-0.34732418983744895,-1.2175019606589697,-0.6396953959734394,-0.47683715379725233,-1.0326358618859484,0.07836136722650673,0.39007280059875216
-128,-0.054286116469078306,-0.36786485348040066,-0.14031680307995814,-0.48203906441967065,-0.9823511891711785,0.30030737423982756,0.5183853957873698
-120,0.8872505850015351,0.8094894422576406,0.5289891080214425,0.2080744241650863,-0.36679781663159894,0.8048877881624946,0.6883127726686118
-112,2.1790457230849336,1.7596958566815235,1.1757537286012223,1.4721263476934,0.7377304409917159,1.8088467342564118,0.6484318517220138
-104,2.442606677938826,1.657392613811848,1.2797909341036129,1.8206509792532475,1.1920262071590588,2.1417657416098965,0.1889342291352269
-96,1.5738961755154792,0.8667098554209451,0.9000551204412031,1.2397766285862488,0.8070885497431917,1.2643854023673793,-0.18733370210258993
-88,0.8855165746851033,0.7054522414118627,0.8185593883721877,0.9189952195908591,0.8747127463396354,0.4234180668154017,0.2218793222752325
-80,0.7918831585763165,0.8181591559559681,1.1011937353043602,0.8721784767981331,1.1746866508673595,0.33498642889496233,0.7906160010096551
-72,0.6566347707851004,0.6967824442670324,0.8809816907374903,0.6051497063886088,0.7342625397544069,0.5326570752793207,1.073250406801414
-64,0.3687985640807219,0.684644759295938,0.30010727245647156,0.24968926974643893,0.07882818144817758,0.3384543811687484,0.8946532007378452
-56,-0.1999381532104543,0.42801970619565016,-0.2859689294145656,0.03121119358648492,-0.2662285550210912,-0.38807205988380755,0.15945699699939414
-48,-0.8605743444667985,-0.362663011962118,-0.8390999839426232,-0.38493764127533014,-0.48123875527571,-1.0226989876693833,-0.4994452670144921
-40,-1.079052491593533,-0.7285271564140341,-0.9223297984124377,-0.7195905831355889,-0.07029178447018447,-1.171818960293268,-0.4370229065346602
-32,-0.8831157117294005,-0.4146815741076491,-0.42815309285830994,-0.42481862238536666,0.6076839334618014,-0.8302301595202428,-0.046883383944917215
-24,-0.4114804727168613,0.11590811576550979,0.1995379633485124,-0.062422254746063034,0.9145936667274398,-0.5978804355702148,0.16639283058018656
-16,0.33758737247867077,1.0192977443695646,0.671173371675496,0.5600669593836826,1.3723573456804914,-0.16612609273109308,0.37446723972232315
-8,1.5270792848287296,2.27988184805816,1.1133314336865001,1.7408890785004647,1.6549917831372198,0.8395668284752615,0.7646067490872859
0,2.610800167810745,3.0168120071650106,1.1809555649040988,2.7361783036317386,1.4486512913655212,1.8556634526484856,0.9865527706292383
8,3.0893712472958628,3.065362664720472,1.3578188012569004,3.268501951294737,1.5128075537558363,2.3116932479449765,1.234508048750174
16,3.5072540157331296,2.9405180236682855,1.9022801774768872,3.8094954188268337,2.0798103181000513,2.9255127301224713,1.7269507531148318
24,3.5714102926520774,2.734177610686477,1.9542987576900763,4.180561421747103,2.126627045805351,3.2792391415470497,1.874336853071761
32,2.7165713642580576,2.097816756030975,1.026633682775383,3.6534396068479564,1.1642829655956195,2.547510841281081,1.6142438229245062
40,1.022498915237016,0.545928492060361,-0.7333288700104907,2.418864872614638,-0.37373361836115865,0.725125904359783,0.5998811172393079
48,-0.29703953593539545,-0.8065550429388303,-2.0754087666766003,1.5033374664660255,-1.3222060913864808,-0.7157892445317243,-0.49250946491240305
56,0.3549268797828023,-0.13204717911923117,-1.4754609337792943,2.300956039811269,-0.6026154505733688,-0.49731111621770696,0.3918067593199129
64,2.7079015263212995,2.165440916305838,0.7370635445444629,3.8025596167247455,1.3255405872415467,0.8499705740967052,1.8188503354859464
72,3.746539518502183,2.9387840638295386,1.9438950387044596,3.448833162459329,2.4890233115579656,1.7637639695563565,1.7633638503101583
80,2.406193647053667,1.622713527305482,1.6335173885552934,0.6831776279311345,2.35030698620786,1.827920189664627,0.6172206873145812
88,0.28210085973573423,0.1800643764794446,1.3040662587835246,-2.392855523032352,1.9220205624874407,1.1950273144775287,0.03287842237175641
96,-0.9403362217502522,-0.4233513641744279,1.6005722793965382,-4.1233409166980834,2.001782360608476,0.2500227242493286,0.3744672112238524
104,-1.4865314963416982,-0.631425753199997,1.6508569489448113,-4.485737160098954,1.9532317207481433,-0.5753390332898844,0.23921882995189395
112,-2.048332389551574,-0.9001885713651196,1.0370374330534389,-4.440654415142939,1.3116689623620068,-0.7591381656220898,-0.1509206278177979
120,-2.0049835602896153,-0.44069089085006946,1.1358727949886371,-3.672513050836728,1.2249713531981865,0.4719687366643205,-0.09023224226414009
128,-0.463499046038263,0.8337647550166226,1.7479583085729522,-1.7755682379652107,1.6133768762748406,2.9688614787318954,0.23575095739932034
136,0.7294608685044712,1.4978688735873082,1.6057741358159823,-0.44735995053242117,1.3446141011368193,4.5831720491656345,0.5842755867239949
144,0.3653306051014134,0.9672791758910402,1.0821202471135902,-0.7542697122965294,0.5504634625564977,4.095931213141349,0.66403738484503
152,-0.4149483698563513,0.5476624828190187,0.906990939120834,-1.0108947652105538,0.17939745702852444,3.019146157965923,0.9345341030579917
160,-0.20687393910753063,0.8476363690928199,0.8671100606425451,-0.6901134182412467,0.3025081445749569,2.9532559169241432,1.0333694564250222
168,0.2890367337359259,1.118133085443137,0.7630728506698061,-0.38146979386846647,0.4932430300216838,3.17693587707069,0.9137267062512155
176,0.653166842353172,0.9967563985273816,0.8965872400655197,0.0398808925699156,0.8001527798648642,3.208147005715335,0.5946792813089609
184,1.532281189863212,1.338345165959058,1.167083948033934,0.9276650131966637,1.0377044040064978,3.209880973004664,0.48197233565868125
192,2.7720577844275307,2.011119072175083,1.1324049185245089,2.238533735024528,0.9614103996481465,3.4543684376188772,0.5270551210340975
200,4.0291739477632715,2.5243692746744135,0.9451379432557868,3.953413552726404,0.8400337136637142,3.657240956813957,0.679642983346891
208,4.884012913782723,2.782728234341797,0.9364681801973628,5.1116943245108875,1.1521452843498152,3.884388850607837,0.6432300094586727
216,5.180518939983672,2.5070297239706494,0.7613388474314259,5.326704572821751,1.2943294379215402,4.005765602716173,0.18546626512677625
224,5.2186659316389035,1.7354204783574325,0.3503919293387578,5.054473925876215,0.9787499265100521,3.967618625030783,-0.3503252552750592
232,5.796072369520191,1.6677963097006665,0.34865797881323546,5.035400365228549,0.5469955592702791,4.232913533576694,-0.24455414991109423
240,6.71853549804968,2.2556064544603807,0.6416961773513605,5.435943623008922,0.522720229561226,4.577970175982383,0.09356679730833724
248,7.332355052311543,2.6994985645995113,1.142808641049152,6.1728737871449155,0.9596764755721854,4.82765949496713,0.660569545075011
256,7.550833069798175,2.9942705886796683,1.4843973732768347,6.606362106772856,1.112264315905766,4.706282706164685,1.0229657657516114
264,7.536961523894791,3.575144970639106,1.7895731861918016,6.906335988390046,1.0255667067419452,4.51034601533499,1.3645545875725267
272,7.807458192561393,4.398772748223004,2.254272705989961,7.535761010209816,1.2804578206788464,4.6733376469248205,1.6211796708476665
280,7.838669290099861,4.488938377647158,2.31669499997336,7.788918217207093,1.459055030840235,4.799916173682478,1.5795647453588377
288,7.1433540687753005,4.183762526920493,2.1658410058571733,7.05025414221992,1.3792931926723289,4.416712536455062,1.7911070864719267
296,6.272909563113577,3.859513307212348,2.2351991991727393,6.31159003612657,1.547486663172739,3.7318009169557342,2.19165026751132
304,5.244675205913013,3.594218430331405,2.181446665826325,5.565990102040367,1.7607628734137581,2.5336392132350456,2.0997507449311135
312,4.4141115621520335,3.339327287150975,1.8693350455938629,4.813454341078893,1.7295517492394616,1.7481583485164904,1.6974736245420694
320,4.8892148029847196,3.4624379469439943,1.8242522460623434,4.960840358148114,1.6688633867826042,2.2700783451804183,1.7650977851894616
328,5.740585859012429,3.7901551200435115,2.1901164238556063,5.874633825319604,1.767698703828054,3.4613042428874627,2.0251907557320714
336,6.314524405155902,4.4854704520091975,2.829945208619421,6.620233730907337,2.114489362324375,4.352556278162565,2.6494139440429327
344,6.777489901412849,5.574393083749767,3.6986557604028634,6.587288573506072,2.7543181377749613,5.073880815111961,3.7487403361198424
352,6.983830374744359,5.981872148661371,4.222309699024146,6.552609498361841,2.9467869176815915,5.661690990046528,4.229045446969282
360,6.742810868550663,5.376722442022023,3.360534888434296,6.457242130982474,2.166507939184802,5.451882625349727,3.479977573461544
368,5.81861375764442,4.312075123785491,1.8225183061538985,5.591999421576754,1.16948480413367,4.300537553035583,2.365045626841199
376,4.696746002030201,3.729466761684474,0.9538076649634888,4.489205152476922,0.9128596845369504,3.1075777973764787,2.0303926292878502
384,3.902595332716232,3.6531728769079415,1.2901946860580495,3.9672851329024583,1.5145415156434943,2.6896950296842705,2.6788911832568165
392,3.482978658829457,3.4433645343766193,1.5624253104655792,3.500851779925422,2.1335628311436343,2.5388410750561596,2.7534511530843493
400,3.063361941729314,2.834746929107662,1.0699825513391548,3.0188127371769102,1.870001977617639,2.084545348935688,2.2107237510454762
408,2.7512503637788965,2.1064864887282817,0.17699659124303332,3.1315196587990672,0.7862811015274089,1.5799649555021174,1.7044094324183572
416,2.3056243772475193,1.1961609751344309,-1.0523762770713525,3.0274824298273484,-0.33732062584648903,0.9470719326072594,0.9171946153116334
424,1.6172449446140007,0.4505610559493879,-2.0511333697260574,2.1154230152543345,-0.36159595425169055,0.6106850279280199,0.03808030840725836
432,2.0160541125429945,0.9638112238035184,-1.546552945186312,1.909082600223617,0.2938383943687839,1.411771435082819,0.45249510911078394
440,3.410152621459789,2.364845526440498,-0.3674647276074842,3.2511624128844305,0.8833825127508209,2.8856317404442686,1.7841712640670058
448,4.232046451498396,3.0861700984076226,0.06082173653233529,4.447590237232641,0.8937862449612183,3.3919461363711605,2.3615777021345603
456,4.063853028681702,2.871159924230036,-0.2686294107482984,4.461461812007026,0.533123958232598,3.1578624348872553,1.804978745065343
464,3.847108864304251,2.6700212838486403,-0.28770285963725606,4.385167916240887,0.6371611423145698,3.038219659381474,1.5327480193299177
472,3.5176577885491915,2.413396232797262,-0.5477958273858984,4.265525118569629,0.6215555970843596,2.8388149766036515,1.6836019884866598
480,2.5951945659561226,1.6435210064411738,-1.2968637124420357,3.497383818710939,-0.12577833875010785,2.4486755298235665,1.5396838551458834
488,2.0906141544548937,1.3712903125569798,-1.6228469437704631,2.9217113129149825,-0.6008815084297496,2.3949229638808616,1.6385191975233067
496,1.932824348364599,1.5897684121862625,-1.1113306528673719,2.8696927563573875,-0.0026676314596372876,2.0741415427782792,1.9506307631802666
504,1.2219035510761806,1.2048307223603703,-0.8564395115495875,2.3512406406279363,0.43775649660338606,1.4117714548268576,1.6263814700839032
512,0.5057808530373642,1.045307067817507,-0.8529716693581297,1.7495588799293795,0.562601148831443,0.6245566630521073,1.3003982802924627
520,0.8855165940566131,1.6157777285561536,-0.2686293926806404,2.1050193208556336,1.3896968386422561,0.5690701337316286,1.6749322140660996
528,1.4126383966623017,1.8030447051287275,-0.19580334953677175,2.328699280629651,1.5145415109868814,1.0719165771984709,1.8067126808759686
536,1.1906924350975225,1.2082987046227431,-1.0558441714168738,1.66286118210365,0.2834347120772761,1.4152393435844435,1.215434601351332
544,1.4369137943579025,1.0591787277147746,-1.0385047030420254,1.6247141904484195,0.02854352773238853,1.7741677243047609,1.432178713388455
552,2.3489732467426134,1.74582418747103,-0.2131428601936654,2.6061318074639592,0.7221248676355645,2.3446383325168147,2.4950920905989524
560,2.480753634948857,1.9972474554911823,-0.22354660600137252,2.779527108306781,0.18459929668416236,2.4296020326920997,2.7863962100890394
568,2.2796150524957244,1.7059432730436892,-1.1147986284242226,2.4188648552920373,-0.9320666341755821,2.436537823245789,2.099750747725081
576,2.6870940758703417,1.8793386573330135,-1.5517548230261755,2.6737560174714483,-1.1678842686761453,2.8578885171347506,1.5292801601883883
584,3.380675420616395,2.493158068729993,-1.097459049780781,3.545934525440232,-0.6633038655568199,3.0833024358161927,1.560491295166028
592,3.8765860513640726,2.616268753668722,-0.6795763500751206,4.237781901593105,-0.054686233838304246,3.043421512448157,1.3801601506841297
600,3.6043553900761673,1.797842856346127,-1.0541102205188222,3.8736517102744146,0.13258077346791408,2.8630903061264403,0.6640373764631269
608,2.8396820307565998,0.8372326353923061,-1.5621585531876638,2.6945633975144188,-0.047750387777789435,2.613401082881654,0.18546628915489852
616,2.5795889464063713,0.679442932492552,-1.700874788758273,1.8796053822438883,-0.16219132437299094,3.0139442920469888,0.535724883719992
624,3.3043814490405987,1.0279675221428846,-1.5933697045565796,2.288818334537343,-0.11537463168541957,3.797691139184799,0.9310662888062116
632,3.940742326979167,0.9690131374061682,-1.9002794858784633,2.9615922366555485,-0.6286247723449307,4.293601764158274,0.7455332843658447
640,3.6286306821597885,0.1679266978413442,-2.931981670183057,2.7309764850239913,-1.6447213827345806,3.860113537848856,-0.27749925310938395
648,3.434427944277055,-0.38693839270764807,-3.4608374628023446,2.696297400194005,-2.0469986292247015,3.490781437397863,-0.8288963507789259
656,3.4482995654313044,-0.46149833645814875,-3.256230927702898,2.9685280178960123,-1.3742247120190694,3.4630381747865338,-0.698849884227205
664,3.0876373051522443,-0.5499300019457367,-2.968394681882972,2.566250892477826,-0.977149383974476,3.135321110092963,-0.5982805149558069
672,2.7980671184925505,-0.11817559112006645,-2.5609156931535546,2.151836037943856,-1.0465075262535648,2.75211732366767,-0.12664530518679637
680,3.372005626079268,0.9343340363711695,-1.8187836712942669,2.72924252257754,-0.5453949973631935,3.1856056650885596,1.088855970099282
688,3.3061154181925723,1.4354465682417732,-1.6436543217645236,2.578388636494771,-0.22808156504224134,3.161330310606326,1.5674270743575807
696,1.9328243658734636,0.5962131815389373,-2.3407035835803702,1.0629133188452284,-0.9008553958211379,1.8643332196184652,0.4871741779220219
704,1.1386737649185725,-0.18406577870393,-2.8192746725649784,0.6484985753249093,-1.1834898437086774,1.0528431325935974,-0.1890676235708475
712,1.9172188137514667,0.313578801637945,-2.0840784744144636,1.484264037507371,-0.5280554617468554,1.8452597519167913,0.582541606954943
720,2.153036432605811,0.45749692939078573,-1.463323207830007,1.3923645326222938,-0.46910107980410637,2.285683920771744,1.3593527348783732
728,1.364087682668693,-0.052285341882648585,-1.6089752719522672,0.9398026249658029,-0.6459642889622887,1.7013416427904027,1.1859574146640421
736,0.9964895822895834,-0.18753371700787774,-1.8430590073363142,1.0473077818106573,-0.17779690648357405,0.9834849819326056,0.5409267610010622
744,0.637561325993962,-0.04014768596881866,-1.862132485655065,0.5531311297144457,0.1620579364996119,0.4615650253155482,-0.08329647052316666
752,-0.2207455908091595,-0.5343243725239655,-2.1326291822613435,-0.5461952323738777,-0.47777084826420096,-0.492109313814972,-0.44916060584812223
760,-1.0721166665809088,-1.6735316982134605,-2.8591555501119443,-1.0160966458443847,-1.4435827918995456,-1.2394431559583892,-0.8618414556535965
768,-1.4241091883884598,-2.5665176530941762,-3.7850867287040906,-0.9293990022216286,-2.166641370830341,-1.4145724529615396,-1.3820274518731124
776,-0.6403622922630842,-1.9544321493818786,-3.6064895367966243,-0.09189958802352738,-1.7817037119243575,-0.9568087408534038,-1.135806105464983
784,0.5907445360763142,-0.5481960098832268,-2.6337416660757014,0.9432705997775954,-0.9615437802572085,-0.04821721596929929,-0.5410600947144515
792,0.9358012384591767,-0.09390026383245215,-2.210657069717462,0.9744817764784856,-0.7257261302966909,0.33672044088777453,-0.655501058504272
800,1.6085751742912602,0.28756946142619627,-1.8257194422901826,1.0871886804055133,-0.3113113370437458,0.7147221775510565,-0.580941036522675
808,2.6853601504905296,1.161481928674934,-0.9795502134383869,2.0460648608680527,0.5383257924865649,1.4429826067545666,0.07102542930067832
816,3.264500564601846,1.4735935146347259,-0.9292655602813908,2.6009299402411736,0.6839779163997336,2.0689397725993053,0.12477791403205414
824,3.2471610237701007,1.0106279738605597,-1.4841306728095962,2.42580070042123,0.01640592080612615,2.2475369378709447,0.04848403391213381
832,3.0841693860335417,0.5303229531631446,-1.7390217878640848,2.2315978535737555,-0.035612724599643195,2.2718122938432943,0.25135655441106514
840,2.6524150001673172,0.1922020934880353,-1.9557659377129035,2.016587673063175,0.27996676539142545,1.8886085850903043,-0.21854484937368657
848,2.3992578000618288,-0.30370858587467897,-2.1534366230265456,1.7981095641206661,0.38400393028815205,1.5660932799586316,-0.9433372812273986
856,2.697497794297166,-0.2395523264645957,-1.8239855154202538,2.0321932685848036,0.7030513578381106,1.8556634377473256,-0.9606768391954785
864,3.2610326201511683,0.051751836425123134,-1.1390739823476626,2.465681606094137,0.9128597555037299,2.4469415366434704,-0.4907754363420488
872,3.250628968034512,-0.1823318363740468,-1.224037659053619,2.6754899737711706,0.5539313783224389,2.4382718395226837,-0.5150508215579274
880,3.091105242338604,-0.4060118103041669,-1.8413250039116698,2.7639215416561522,-0.15005365299920617,2.268344365411366,-0.9225298345017319
888,3.5419330929262705,0.11244020558750378,-2.115289662477489,2.8228759787331974,-0.47430292728285367,2.412262525201703,-1.2155679473581797
896,4.292734820288247,1.0713164294496753,-1.7182144085661721,3.067363380390005,-0.17086108631382757,3.29484471900102,-0.9554749729040151
904,4.660332914893157,1.653924705682752,-1.459855349619801,3.5875493959810307,0.16552585878481096,3.8063609219872605,-0.9207959342676286
912,4.795581301566786,1.294996379351673,-1.459855332297201,3.977688890258567,0.42735276513804604,3.6676446383604064,-0.8028869822549705
920,5.045270594474501,1.3851619452596287,-0.7888153816358401,4.431984586017922,1.211099663871126,3.6763144414657014,0.04675002527208274
928,4.8996185061378545,1.6469888940811732,-0.12471126157503856,4.2759288207914405,1.9168187146361635,3.58788277746823,0.4247518712726344
936,3.623428849209673,0.9204624554500562,-0.7818795838178351,2.8142061996560255,1.3602196817572865,2.117490413763488,-0.5514638215231782
944,2.22412852783186,-0.24822210107141948,-1.6020394817711072,1.5935031025957032,0.6666383442755506,0.7285938421049367,-1.2762563301178698
