-240,0.16690747131366238,0.21334376286605586,0.1696079713907114,-0.960738490478039,-0.4789860371609927,-0.224541170588018,0.5644816279850001
-232,0.43748971750537,0.5918165036854807,0.5549309195036106,-0.6627554631272835,0.1546561274843791,0.5735055575711547,0.9943308129425515
-224,0.8108249454275267,1.1055804443141446,0.9556667906111009,0.08733980036415863,0.492027837758334,0.7584604909333975,1.5303578700619094
-216,0.9461160420324273,1.497753591258132,1.347839886412831,0.8288724388492072,0.8499499892591299,0.3902630086241738,1.9396565297206356
-208,0.9426909832731385,1.4309643207070157,1.3564026370672873,0.8990868299718372,0.7574725364673623,0.7156467821806357,2.0749476517126992
-200,0.3570000364145323,0.5318773769599309,0.46245340894684805,-0.2431815624350268,-0.2700553613468118,0.33203644972694335,1.4447305450907573
-192,-0.17902696901067383,-0.12916554456111468,-0.15748844192436728,-1.4368264872831955,-0.9567865429256831,-0.11665070925795872,0.62955847383253
-184,0.024766039927573955,0.32123419034656525,0.30661173277346154,-0.9110747396323304,-0.28718092501984227,0.6420073276995932,0.6004451531757656
-176,0.9170027822680626,0.9446010790050654,0.9231284498276873,1.0515035728500326,0.5399791030080567,1.5530819931091409,0.8830153219196645
-168,0.9855046782285289,0.4976264929995013,0.6456958946098855,1.304960397941548,0.4954528628520362,1.1814594750362468,0.4103524559880595
-160,0.012778147361669873,-0.6908807379298854,-0.2602412242368078,-0.524039246502765,-0.045711787373308686,0.16420691354944927,-0.5144225897909571
-152,-0.4085082541956638,-0.9614631226472022,-0.5410987951660993,-0.9333377884239215,-0.24950488351094413,-0.15946437404309702,-0.600049934998254
-144,0.18060773964847493,-0.44427411166945757,-0.33901831799904053,0.5428771491658653,-0.18956571520931498,0.21387066292343884,-0.16163804298594012
-136,0.22684656179811644,-0.19081721060041698,-0.0667234596434594,0.3014082251026419,-0.2717679654162268,0.2566844138041746,0.19628412985479066
-128,-0.10881254698193199,-0.12402786848693374,0.19187103305984876,-1.0446533120086048,-0.00803581926642667,0.23955887257486783,0.4600163087503522
-120,-0.007772375545610535,0.1499795093141841,0.26551055836739806,-0.5668529385147154,0.5399790551771692,0.4176636834514785,0.42576540032258375
-112,-0.07969930708578149,-0.08463930900421804,-0.4092327543770484,0.5651403675731431,-0.08681293731203336,-0.03958614321968619,-0.17191329266582342
-104,-0.7698554442196043,-0.9683133485211378,-1.2706436139353656,-0.558290130647159,-1.1708548129496408,-0.7365925167134453,-0.644576126771492
-96,-0.8760333461837326,-0.6788928781097433,-0.6969405147552142,-1.7348096257487815,-0.604001958959746,-0.2673548949778021,-0.04004723145666302
-88,0.21485866260947442,0.6226424727472145,0.5891818062235147,-0.24660670949749341,0.6204687682779085,0.9810915195223044,1.0028935479599865
-80,0.9204278901459941,1.0336535565576321,0.5412305336151932,1.4779275321920828,0.5348414002589578,0.8971767333130102,0.6466839026592508
-72,0.5282547956320182,0.5575655601204063,0.05486733680069174,1.1799445771395531,0.325910655457919,-0.0019101662824862564,-0.45105835445161563
-64,-0.081411818252896,0.08661533431534757,-0.013634427808798085,0.6011038156825936,0.49545294416454555,-0.1783024459398032,-0.8517942704465538
-56,-0.22869074266803702,0.07634006752672343,0.015478808592018112,0.8494230958669391,0.36187422939939695,-0.22796626135721043,-0.9476968804188604
-48,0.0076406228746103,0.06606481269582179,-0.03247252141336866,0.8990869037417838,0.19746980459516897,-0.2947556529572657,-0.9220087171265995
-40,0.3090487586551919,0.15511716699186992,0.01890388133264352,0.9830017019087998,-0.06454985559071588,-0.37695782387528326,-0.52469788031106
-32,0.451190157847413,0.3469223608134591,-0.02904739992203084,0.9401880880819539,-0.12277640105850442,-0.5584877729840426,-0.3654310795189307
-24,0.017915821044306952,0.14655444098871762,-0.04274781837224508,-0.40073595747196,0.03306535090844281,-0.8444829894493334,-0.5024348565387025
-16,-1.1842917503341537,-0.8381597561671523,-0.3938198032358205,-1.5978057600579028,-0.009748315900309404,-1.3702347729733642,-0.7319159675088817
-8,-2.1724311232510236,-1.8571248543921932,-1.1182269884268103,-1.3974379989949153,-0.5646134287274573,-2.421738302860504,-1.3450076662761083
0,-2.936226817150402,-2.5918073014047525,-2.132054430629849,-1.977991168598616,-1.3455345624914543,-3.759237135124567,-2.1122285070539886
8,-3.2941490580581645,-3.2357247799337765,-2.6971948330572766,-2.769187680633998,-2.129880870360765,-4.296976726406658,-2.211556127402801
16,-3.4465656302168837,-3.8505290584870435,-2.9420889624998563,-2.6869854931591353,-2.2343461921709213,-4.238750109560467,-1.9306985452516465
24,-3.4928045559387937,-4.2478398075513,-3.1150561624258795,-2.745211974791086,-2.1555691179089727,-3.988718286383071,-2.2458071658937904
32,-2.4618514091455705,-3.1244092819202205,-2.7108951953981792,-1.6697327022680408,-1.7034568223476072,-2.601555639989355,-2.297183506643613
40,-0.33315611617234675,-0.7508199012644611,-1.048012585162494,0.9093622036440991,-0.1929907997236972,-0.7297423622179122,-0.8963204427195071
48,0.4237893996839856,0.6860066203352736,0.15762016749591448,1.681720649669653,0.9903788127125379,-0.6732283797953542,0.03359225944944086
56,-0.6962160283712011,-0.40488546609114356,-1.0531502143256117,0.07877722558019765,-0.2683428093394776,-2.2864471416839054,-1.0864131483696011
64,-2.9379393193032324,-3.2494252375685257,-3.618544811798581,-2.502030333520001,-3.085481828908238,-4.66688672264247,-2.9102751303531393
72,-5.7704913006831875,-5.874758938587459,-5.259164392926924,-4.8721947700266375,-4.683287660995497,-7.412098652829133,-3.984041743801246
80,-7.0326379570271556,-6.469012519098812,-5.033108203846109,-5.442472731158604,-4.068483439471364,-7.9138748022565855,-3.891564243730485
88,-6.784318660653895,-5.521974347262924,-3.909677680974502,-4.925283605754658,-2.703583932563959,-6.2116036279390565,-2.994189910307625
96,-7.49331294106282,-5.58020092345286,-3.7058846920884356,-5.468160922781468,-2.6573451873116682,-6.276680473234691,-2.870886596073622
104,-8.416375497566555,-6.323446145771181,-4.411453873265786,-6.141191675608089,-3.5307439057703034,-7.338459246730876,-3.4874032421173755
112,-7.116552782788914,-5.420934082188442,-4.188822795374272,-5.072562640548772,-3.609521067599569,-6.509586692634699,-3.3863629954393883
120,-5.186512780183853,-4.138236784463764,-3.9850297570016306,-3.4096799929682002,-3.6968608533314367,-5.117286427563865,-3.470277825248377
128,-4.48779388411715,-3.8197031210672825,-4.267599942854272,-2.63732155374935,-4.013682042353796,-4.569271590833084,-4.079944420000935
136,-3.518492577578039,-2.841839072336102,-3.231509333570176,-2.0071044693871665,-2.7823610697419205,-3.418440391294524,-3.403488502267248
144,-1.5011128602515824,-0.6052533973217126,-0.8185313597661134,-0.498351070516922,-0.38137093331427807,-1.4198986119382853,-1.4563231639217338
152,-0.3674070755584063,0.6586059054036086,0.2278345323115558,0.5017761035352698,0.5879304004516468,-0.6561028705759494,-0.5435358802774694
160,-0.6996410315730748,0.11744116981852519,-0.48115961895397674,0.12159081475573971,-0.42932219433280705,-1.1390409953856842,-1.0521621805211534
168,-0.5934631172832942,-0.02298764333284645,-0.736329178546059,0.005137636804739055,-0.6365403652346824,-0.7143294894457545,-1.0607249663129152
176,0.3484372806090574,0.7973220999523332,0.1473448799192512,1.0412282654051543,0.17006906703581492,1.0033546590086178,-0.022921806677171037
184,0.5607930413055514,1.1364063471484953,0.3631257514371153,1.5704051630619242,0.3002225427560205,1.325313416485659,0.3572635264379119
192,0.5042789757308348,1.1278435560217492,-0.08213632064186024,1.1919323477366939,-0.0354364797444651,0.642007374610656,-0.06059780182690133
200,1.1276459219703647,1.6672957977324236,-0.227702792206777,1.6406195460900965,0.010802212157990019,0.8646383914258071,-0.6188879079218151
208,1.45645489336362,2.0646065473485757,-0.26195376814968296,2.2674115464897917,-0.008035748623884462,1.1694716711414508,-0.790142629610451
216,1.2800626413010463,2.2906626269702444,-0.3492935858914541,1.9180520797839988,-0.34540744933166184,0.8577882779544576,-0.8295311729042505
224,1.6842235765028089,2.6913985297197063,-0.36128146410809214,1.4368264398343877,-0.6125647028074988,0.900601833832343,-0.6206005206375832
232,2.091809589596215,2.850665355163139,-0.6626895559210494,1.4505268917662244,-1.1468792068157323,1.051305998948112,-0.9305714291484151
240,2.114072803404369,2.958555735548621,-0.7928431528741586,1.763922865107189,-1.3266965513031812,1.0632937879417468,-1.125801662964868
248,2.3435539114311097,3.628161448012446,-0.3013422937828477,1.760497787767439,-0.775256580755411,1.5017056553027563,-0.7935677075020947
256,2.460007142180051,4.1179496831661275,0.04287952094817339,1.121718058346683,-0.4618606057587623,1.0924070914897708,-0.6120378150545408
264,1.9548059645314952,3.8045537370519757,-0.23969062185666762,0.4880757551757021,-0.7855318808416923,0.14365624678157557,-0.9031706535083166
272,1.596883675608879,3.40724296241659,-0.7089283536033525,0.6867311220732849,-0.8300580888038464,0.05289132410531288,-1.338157528889315
280,1.781838805997587,3.59219802639395,-0.3390183323483072,1.4813527156796094,-0.07825014600132262,0.3662873381025323,-1.069287686061259
288,1.387953074300504,3.335315994635323,-0.0889865478035502,1.0292404280287366,0.0587535241348114,-0.7314549254471074,-0.7935677108134642
296,-0.2492414392382336,2.175922067437926,-0.7157785235519423,-1.3751747439786124,-0.7581311613109041,-1.935375077531432,-0.9031706498290172
304,-1.0353001432965616,1.6998341598557725,-0.6044630422791973,-2.3564639633197726,-0.5166620753585214,-1.8172093974276013,-0.6942400014256142
312,-0.8845961741034679,1.8762264431923883,0.1696079969618397,-2.103007062250731,0.3824248531194717,-1.8463226310689431,0.3213000731774429
320,-1.728881488937145,1.1244185607303694,-0.15748837367336965,-3.15964822829166,-0.32314431646808744,-3.4133027323290825,0.2750613089767617
328,-3.0304168488083847,-0.19595479616384104,-0.9932111210816832,-4.140937445425241,-1.175992455910131,-4.719975659919148,-0.8552193939615066
336,-3.1691331014900346,-0.3535091165110028,-0.7722925946456074,-3.673412225949458,-0.7461433415951213,-4.29012653677382,-1.035036745255659
344,-2.699895473683548,-0.07265146390127195,-0.19345184422654427,-3.5364084562882843,-0.3471200009710658,-3.3790517847167787,-0.4493458706952792
352,-2.538916079308006,-0.12402785487352727,0.06343013197466642,-4.236839960471631,-0.6776414636632203,-3.310549921870005,-0.06744802015827377
360,-2.1484554004833343,0.4102866397524944,0.8717520373315326,-4.238552595999052,0.07245390615996454,-3.4424160130654546,0.6278458552298835
368,-2.2974469766148125,0.6586058882948683,1.4300422208756918,-3.7470516357270194,0.743772106243391,-3.7369739450478927,0.9121285930898572
376,-3.3164121712374883,-0.29014486038362175,1.0378690369547485,-3.745339100092565,0.2728218210176523,-4.022969212103546,0.38637683348127005
384,-3.667484182592017,-0.5915530934816637,1.0909580272133304,-3.632311113171654,0.03306533104022774,-4.043519801606138,0.3898019248023554
392,-3.2342099797153963,-0.05552609835849503,1.6663735269976594,-4.017633957344355,0.5605296678593465,-4.255875660723882,0.8470518412484177
400,-3.333537602455753,-0.09662706837949561,1.4180543906739072,-5.216416423236429,0.5879303712012194,-4.959732204718127,0.4685790492867355
408,-3.544180844626533,-0.27986956618421965,0.8991527426970201,-5.115376431901797,0.034777867042610794,-4.915205960698843,-0.08628600356783729
416,-3.020141652110407,0.1722426712442215,1.1115085512244014,-3.596347537022597,0.23857089124994982,-4.088045997058676,0.1157944575942706
424,-2.7290087065890294,0.5353024962436891,1.4437424890265396,-3.4113925988772653,1.064018275288039,-3.639358749586631,0.3110247550625971
432,-3.237634921472975,0.2955460075540194,1.4129167261895172,-4.500572126305681,1.5127054171642007,-4.093183665222364,0.2836240620227617
440,-3.6880347036596484,-0.26616919464506894,1.3118764099727782,-5.067424968889749,1.3328880932808262,-4.353490743598592,0.05071769618665407
448,-3.908953180241222,-0.6651925724300449,1.219398952397922,-4.745466240663133,0.8568001082494275,-4.255875547953366,-0.23185241939137313
456,-3.823325911379381,-0.5658648302964334,0.9179907371444802,-3.8789177552530694,0.30193517037294976,-4.12743464226906,-0.3551557775930007
464,-3.426015085969669,-0.18225442407279518,1.0224561008986472,-3.4713316663661,0.13753067143084544,-3.6102455599129133,0.07126829746300428
472,-3.032129335324195,0.314384013775237,1.3752406644444741,-3.9234438802470266,0.6324566382161234,-2.7865107830716433,0.4428908285974099
480,-3.1537202530012522,0.13627917677560344,1.13034657418643,-4.19402620683142,0.9098891099138361,-2.863575297415765,-0.18047605251852755
488,-3.4654035558614527,-0.6103910498483799,0.8803147653582996,-4.147787520999809,0.800286119572061,-3.329387922940203,-0.6188879336769085
496,-2.9944533363112016,-0.4425615250767129,1.2022734781318585,-3.983383208598166,0.8927636222183309,-2.4833899832490705,0.14319524004107267
504,-2.0868037261656087,0.4942013915603428,1.5756086718365334,-3.188761593835873,1.1273825391419476,-1.1202029586262838,0.6346960845991529
512,-1.876160529250206,0.8264354167458339,1.1526096051334203,-2.621908679321507,0.7386344566601636,-0.9403856089878173,0.10038151951455394
520,-2.540628607767827,0.1619673871628918,0.568631303552379,-2.7777503450088914,0.1460934040567359,-1.94565037596203,-0.8398063968290403
528,-3.297574181205188,-0.5692899911562719,0.34257516027883705,-3.64429889591048,0.2711092896143931,-3.4407035445782075,-1.1669027704076893
536,-4.128159160188913,-1.3758993388028908,0.17817067586996418,-5.087975562991467,0.36872440376314547,-4.420279959880049,-1.3398700062068776
544,-4.133296746120267,-1.4118628154269082,0.2894862345919537,-5.644553148169127,0.3104978080729246,-3.591407495190841,-1.1737530233244726
552,-3.146869983895553,-0.5949781485616543,0.7724243446844936,-4.587911983599918,0.3430362252017934,-2.1665688354348625,-0.8089805754911639
560,-2.4293130996361985,0.3263718912560145,1.4094916048821442,-3.188761536622773,0.8293994376533163,-1.8685857830648733,-0.457908579405726
568,-1.9635004080683423,0.8452734018110821,1.9849072328900457,-2.3616015341660015,1.8569273890012914,-2.156293638001025,-0.04175982522404052
576,-2.121054690150794,0.35719764452685876,1.5122444186525923,-2.853102434465463,1.3585762913424628,-2.44400144657801,-0.7302034094307044
584,-3.03212929945103,-0.8912487346519774,0.14391978436697128,-4.170050609343865,-0.24779229103132086,-2.8515874883699497,-2.2303941803511163
592,-2.4618513743761943,-0.4339987992575251,0.34771282071599713,-3.5415461671318433,0.2419959914013528,-2.0021644271874806,-1.9752248085872517
600,-0.6311391759009316,1.15010670544217,1.6167097207784993,-1.7536475247184333,1.4407785053082796,-0.5807508635356776,-0.6668392485971689
608,-0.5797628789347675,1.285397919048781,1.142334383232245,-2.4523664802058143,0.4457890650952639,-0.5841759147524028,-1.0059234545851803
616,-1.7425819462039647,0.6106545126661732,0.31517442713464255,-3.9200188658232933,-0.5920141035547621,-1.4832628491172748,-1.754306280679456
624,-1.194566942249041,1.350474642927547,1.4814185813097647,-2.9558552725192846,0.9064640445318088,-1.3907852953287492,-0.8380938836383108
632,-0.5403742745646037,1.9635662351790648,2.351392182876185,-1.772485655851855,2.053870181447817,-1.2486440076192893,-0.05203505209227005
640,-1.0490005906292739,1.3127986453862723,1.6441104986261783,-2.4095528954454313,1.228422697148828,-1.7761082237573984,-0.5246978828865687
648,-1.6346914444016136,0.7853342596324762,0.6867970095952692,-3.30521474529592,0.3122104093828659,-1.9131119856920453,-1.2491050362516216
656,-2.0028889819003237,0.643192895209631,0.4864290469066935,-3.7265010747389917,0.4389388754624249,-1.899411630157845,-1.6566910362835174
664,-2.64680641443811,0.27157037069796397,0.2757858514630102,-5.062287354259864,0.4440764867809421,-2.5381915170526015,-1.7799945033923965
672,-3.515067460869791,-0.16341643606410788,-0.37326923231368714,-5.985349949764164,-0.26491777044840353,-3.387614542361903,-1.8245207036280224
680,-3.771949483062239,0.01811353033735791,-0.5804873975126491,-4.656413859876132,-0.7375805787989788,-3.416727821994483,-1.7097801488787934
688,-3.4517033107062223,0.4839261580693754,-0.03589756324788214,-3.543258626604804,-0.3043062979212176,-2.990303769750133,-1.1155264658989628
696,-3.4602660882195626,0.41884934791104594,-0.023909771126842488,-4.86534454893579,-0.16045241644437971,-3.164983414431922,-0.9185835765029075
704,-3.883264955320701,-0.034975484940457914,-0.8253815008322054,-6.165167289284558,-0.8985598843194486,-3.793487966471019,-1.824520630777901
712,-3.532192980207267,0.29383340182891954,-0.712353467920057,-5.252379994050502,-0.8403333695738066,-3.3156875315328356,-2.0437266026311343
720,-2.139892635111681,1.5251543720492495,0.6114449249217878,-3.3976922129888485,0.7060961677548659,-1.6819182117836642,-0.7850049550079894
728,-1.5131006104286115,2.0012422752162444,1.190285661359515,-3.0568954248232494,1.3637138943825573,-1.3650971609189846,0.15860813783246405
736,-3.138307311610165,0.5901039704425722,-0.09926181551199968,-5.005773370733515,-0.04571187438873146,-3.469816844079002,-0.7165030829629669
744,-4.528895078207465,-0.6669050738470167,-1.4110724478747765,-6.538502422280801,-1.1965430529552872,-4.85355427534322,-2.2526572491948875
752,-3.9175159215134645,-0.5230512291631695,-1.315169866968933,-5.565775964815959,-0.6416779975252054,-3.7729374266389657,-2.574616011455018
760,-3.0543925149148676,-0.16684155222046196,-1.135352423876269,-4.012496318431095,-0.29403100537750054,-2.293297339779132,-2.187580545552266
768,-3.2444851868993756,-0.6206663725623491,-1.6148654251710524,-4.408094587234349,-0.9636367353179971,-2.6717700289044064,-2.1327790316169537
776,-4.107608615205836,-1.2748590143077276,-2.0943784272016956,-6.161742118490613,-1.7668210328516796,-4.158260449257669,-2.6088668930239036
784,-4.1932359160775805,-0.85699784075744,-1.697067628834832,-6.358685085151947,-1.4893884498551702,-3.9253541768757567,-2.413636641546815
792,-2.948214596025963,0.4959140114507442,-0.7003656172981617,-4.272803461930916,-0.46699826582799264,-2.137455544028526,-1.4100843940181387
800,-2.0457026310484396,0.99426492551255,-0.31333010006918843,-3.0055190838894617,-0.03201141270675354,-1.7932336838581615,-1.02989910082345
808,-2.819773639015435,0.4565253653205358,-0.708928375311217,-4.44063294089531,-0.2135413259423471,-3.4389909853962384,-1.5625010244937487
816,-3.938066486732684,-0.214792890136342,-1.3494207373159552,-6.103515659302386,-0.7187426334701594,-4.574409174372891,-2.0437266313296676
824,-4.510057025075183,-1.0316775465155936,-2.0960910286956027,-6.283332998086921,-1.9706139867844068,-4.586397034928893,-2.583178803685554
832,-4.616234880864108,-1.7971857219637297,-2.750283739427839,-5.87574692796438,-2.837162516897957,-4.358628263486527,-2.9462385865570475
840,-4.6539108679193815,-1.9770030773051104,-2.7400084623371774,-6.065839578608955,-2.592268375865585,-4.06920811574966,-2.677368884646145
848,-4.83886599021363,-1.5385912414021075,-2.440312861823119,-6.464862894213776,-2.292572751252117,-4.50076969763209,-2.273207854886397
856,-4.977582175748073,-1.02140222067422,-2.0601275242928767,-6.012750584303142,-2.1127554095241416,-4.9939830947493995,-2.0197510494791318
864,-4.979294789015736,-0.9426251182656336,-1.6611040892947995,-6.005900526389208,-1.8301852692948106,-4.610372696068323,-1.807395149889099
872,-5.784191620160257,-1.7355341149771761,-2.0686903238820102,-7.476977880623153,-2.0750793864117383,-5.0367967376427085,-2.29375844659657
880,-6.42125877421013,-2.5866697445398596,-2.9181133409128903,-8.187684686732425,-2.6933086637517207,-5.800592451594266,-2.970214231691526
888,-5.784191632301944,-2.3640387135594088,-2.9797650194618095,-6.9632139944481155,-2.8765511591649005,-5.290253701811728,-3.1979828991936925
896,-5.505046673168596,-2.1551079327012386,-2.770834255712382,-6.846760831030343,-2.806336715796225,-5.2748406803958865,-3.441164534209969
904,-6.775756071704632,-2.985692996676773,-3.132181557954943,-8.639796867131736,-3.1351457114728545,-7.0798647225695595,-4.15358384265604
912,-7.630316706492803,-3.5217200319043016,-3.5688810443960253,-9.126160138268075,-3.587257904565743,-7.7100818315830475,-4.581720451138922
920,-6.994961833285922,-3.045632169577526,-3.527779835220586,-7.7800985950859864,-3.7448121873840545,-6.932585746644233,-4.516643719717591
928,-6.186639997467804,-2.5267305502991726,-3.3736507276113787,-7.129331036935166,-3.5649947967214017,-6.449647465648252,-4.7204367257124
936,-6.065049190169724,-2.562694016437188,-3.4575654303005834,-7.665357957736495,-3.6300715592328077,-6.638027815397648,-5.1177475020034695
944,-5.768778661108535,-2.5935198995872892,-3.2246591064084864,-7.59171852551521,-3.2961250508428757,-6.328056814352446,-4.595420839786812
