-240,-0.6566112538133807,-0.8048681534186212,0.057495045230399666,-0.21843104089412146,0.872092241318517,-1.0941638734006236,0.2197491195811405
-232,-1.710854885386665,-1.5702556280326523,-0.12038818500700023,-1.2759385742550517,0.6354585979858671,-2.231637208561552,0.10388021562164178
-224,-2.1612747424328482,-1.6910202865889168,-0.20524977471224312,-2.2192091767267406,0.21930979429596692,-2.4862222792066597,-0.10990596583526059
-216,-1.3061297909841278,-0.7102147536916974,-0.011047087953640922,-1.8748664786575608,0.10996876333363997,-1.090899851001225,0.37804889035710393
-208,0.05492160051926166,0.6785798555113609,0.4214213021605265,-1.0164574800910453,0.12302434822013474,0.7532104580245947,1.272360843123354
-200,0.4482230226243784,1.2236531916988918,0.4883315246838795,-0.7553445974558725,-0.10218556145737076,0.968628782424991,1.3017360673770648
-192,-0.2731015560044427,0.8107682678831649,0.5111788126543098,-0.8793733122459362,-0.07281034684558818,-0.2912413566900058,0.7419751316848385
-184,-1.227795918953365,0.02579749596739241,0.7086455698466414,-1.2057645097240064,0.43309602115758356,-1.8367037835838562,0.2540202451642283
-176,-2.151483023921828,-0.9599040867448931,0.2729132963521454,-1.9744157872520955,0.4265682415994577,-3.0117121466414414,-0.37754674092676876
-168,-2.652493510931326,-1.571887439293829,-0.4728906614748063,-2.336710054633035,-0.10218551500080962,-3.360950753928849,-1.023801376485177
-160,-2.3815886738208625,-1.2144891617726956,-0.24278485292223226,-2.011950744499718,-0.2653812188368576,-2.234901080371568,-0.6174443305752396
-152,-1.5035964305449392,0.09597148599263242,1.0742036722229615,-1.7655252289111258,0.35802600217890435,-0.7155499876894023,0.7664543771231338
-144,-0.6435556557788029,1.1404234586595412,1.8020560517974573,-1.1502778881478093,0.7692789623909945,-0.049711865847466855,1.5759046381550137
-136,-0.03973196750312892,1.4374394148790457,1.379379419112637,0.04920970194075455,0.6876812520340017,0.09226829957098948,1.0357271887463144
-128,0.6065227777979489,1.2726118598116474,0.8669452796154972,0.874979538703127,0.8410850148934584,0.4382430048954427,0.45311884622498333
-120,0.64405778798852,0.7095869897245282,0.8685771622269404,0.71341592907501,1.5297705362015723,0.683036378592387,0.25402019993482106
-112,0.17079049255783182,0.07149224984564928,0.971390504265263,0.026362346652136763,2.167865275729836,0.5067851515781826,-0.036467859095038545
-104,0.03860207142063964,0.13513853604572404,0.9012163596185623,-0.3065566849047782,1.9899820482973596,0.6683487675173794,-0.07889880883208228
-96,0.6538495182451626,0.5414955242794028,0.8016670056193127,0.14875907785347658,1.232754383462047,1.0551223246894816,0.3454097566022052
-88,0.8415244212382524,0.35871650385775733,0.4801717236705499,0.5991789059738765,0.30253954819694356,1.162831566654719,0.8284687151466562
-80,-0.2796295220900444,-0.6530962421411302,-0.3096950242557133,-0.02096430771895675,-0.6211475143470375,0.19344962734172788,0.7060720577498908
-72,-1.4432140356140446,-1.2879271685874838,-0.7960179846885517,-1.1355903251071324,-1.045456173395679,-1.134962691238563,0.6065227193530325
-64,-1.0564405226195024,-0.62045712749478,-0.35538988209148326,-0.9511793025141384,-0.6586825327770742,-0.9211764405350881,0.5151332201866001
-56,0.21322128714749164,0.21347250274268745,-0.1758746037520974,0.18629410890567333,-0.6342031802257265,0.52310468190396,0.05492155855327705
-48,1.3833338477492876,0.5039606203253453,-0.8482404981398473,1.4200528005601591,-1.26577020050174,1.689953332829259,-0.4689363280977063
-40,2.2825416825610585,0.14493026086782443,-1.6332114637707136,2.5036715499753335,-1.5595222899951542,1.8074539276134909,-1.5623468300336094
-32,1.9659421760706879,-0.6808394679049561,-2.217451663133245,2.604852914560705,-1.6558077117032066,1.0959211495397323,-2.507249392778086
-24,1.3001041283839427,-1.418483661357902,-2.43123788315786,2.1185300307373653,-1.5448346410536655,0.518208761466035,-2.4566587454593023
-16,1.2642010409502964,-0.982751347893233,-1.5532455190948768,2.1185300328410586,-0.9818099311978575,0.5198408397209587,-1.4742211756797925
-8,1.7847949625275246,0.025797485098310043,-0.5120576473652511,2.1462732854269744,-0.35187481702452883,0.8805030521629081,-0.10827397716261081
0,1.4404523608776232,-0.041112716914032815,-0.6409820631079013,1.1817871852090995,-0.6586825752015567,0.7254672443570056,0.14957505119332393
8,0.8088853767150128,-0.8783062233442093,-1.425952930391104,0.5355326890203749,-1.572577957276305,0.4447707323871586,-0.4020260845374193
16,1.9626782230931707,0.024165569529004467,-1.4879672801602475,1.739916157472997,-1.4616049674436522,1.4745351053740645,-0.7887996531045273
24,3.749670061239828,2.2403617303363355,-0.63282234028184,3.3359692541250285,-0.4416324386634442,2.918816142788838,-0.6647709919586441
32,3.8214760550141866,3.299501324596719,0.34471940197286577,3.5562832901717845,0.624034818575393,3.0771159040981835,0.1381512265534422
40,2.1944159258275007,2.90783186451747,0.8212504443944313,2.342107990485241,1.2637615797341677,1.758495339967007,0.5314527168532841
48,0.16263062895962552,1.1322636238118107,-0.2493126845467675,0.3723370025397969,0.4510474654748962,-0.23901878556245032,-0.4819919510259884
56,-1.2930741747175407,-1.8068891560127822,-2.396966802278255,-1.0409368656002558,-1.7912601084326183,-1.4907291147234218,-1.9670719712433227
64,-1.5949861497226339,-4.183017151651068,-3.658468842937936,-0.7129136340448216,-3.4982860473081527,-1.3813880471217692,-2.3505816185636212
72,-1.4546378127455166,-4.883126327725826,-4.058298108588517,-0.16457655507380048,-3.966657495053644,-1.407499338207741,-2.3750609216781764
80,-2.36526929618816,-5.4477831472166525,-5.132125180339382,-1.30531385478256,-4.557425588274973,-2.9986564614788973,-3.43256844522187
88,-4.472124570136156,-6.836577731350695,-6.434426079157791,-3.418696811694095,-5.188992575067201,-4.988010920456093,-4.911120651696062
96,-5.966996299748509,-7.391442843900814,-6.176577071663481,-4.438669427777577,-4.395861920795289,-5.77787772325369,-5.201608878846082
104,-5.490465096394401,-6.516714334292379,-4.4875024403651915,-3.763039474000489,-2.6872039338177682,-5.5853068694944294,-4.269761912909029
112,-4.075559223979306,-4.631805193579305,-2.5144676738734684,-2.548864257760447,-1.2233392462066937,-4.762800930487623,-2.978884685511503
120,-1.9866553887387741,-1.5882071181052952,0.12603729481880488,-1.3200014302700886,0.37924139211080743,-2.479694363785006,-0.9585230556818156
128,0.6815926996561197,2.0543188850871577,3.027655124934012,-0.020964346286669412,2.079739614889632,0.8560236398316082,1.6264952479579329
136,2.4473691068488552,4.006138265328441,4.085162665833175,0.9908483844604418,2.7863766658899483,2.732773107330724,2.8325107503126117
144,2.494695855360226,3.764608778342673,3.143523916345915,1.7513398848170605,2.5122080880996873,2.501035440709795,1.959414276534616
152,2.1895201815738927,3.333772323607589,2.2084130996357803,2.817007260038032,2.7798488600356555,1.649154400865956,0.996560273329597
160,2.9092126782663237,4.864547166949753,3.027655036052968,3.8614590091875245,4.070725926325333,1.6736337122199767,1.3882296750313565
168,4.319222722280079,7.229251392293572,4.525790784207944,4.070349453403132,5.30285287228375,2.5157230070813212,2.489800022508764
176,4.705996300664422,7.89508958478454,4.744472889608927,3.810868476870643,4.989517310531431,3.0689561788178117,2.940219833273694
184,3.7235587147566,6.604212352653705,3.9790854987920135,3.3229135440687783,3.9858643176868496,2.678918455493935,2.760704711659462
192,1.7864269310397785,4.766629761302364,3.181058991926288,2.094050675205785,3.205789309483849,0.9833162832314084,2.02795645757768
200,-0.41508172229943835,3.1330418760487935,2.361817006773539,0.21730116808711072,2.4012349580208103,-1.1953450412906672,0.7142317984573436
208,-1.288178253753693,2.41008516306656,1.6698676986796823,-0.8532619063333693,1.546090056008883,-1.9917395572047427,0.035338138536090885
216,-0.8801892426623479,2.356230687940013,0.8897926564669724,-0.6117324563375434,0.42004043925132084,-1.5902784345376548,-0.03320401463303585
224,-0.6778266092096522,2.0347354298331073,0.019960115330791194,-0.5905170008405296,-0.7565999279059977,-1.399339554374574,-0.39386630315856147
232,-0.7088338407186349,1.6398020195812668,-0.09264487842628888,-1.0686801658698886,-0.9442748759531864,-1.1724976716268114,-0.5733814945452892
240,-0.11969766990361613,1.6234824690950953,0.2827050716628851,-0.965866932522388,-0.42857673211335046,-0.5996811633196342,-0.4052899945645303
248,0.5591959765189397,1.4064322754066456,-0.11386024013363985,0.09980038712601744,-0.39267370743988844,-0.4430132714736504,-0.829598561927204
256,1.3409029665575865,1.497821815244483,-0.8906713272651396,1.478803225050416,-0.776183416643833,-0.415269921767226,-1.601513716349235
264,2.1487211481073887,2.3431749692936834,-0.7291077351678007,2.2343989059463896,-0.283332699442881,0.42681929420561854,-1.6472085308839837
272,2.1601449006957716,2.739740348408395,0.2027391212018917,1.9014797513234114,0.8117097966002118,0.8739752519184646,-0.8899809177644646
280,1.5057305379286068,1.9596653004105282,0.8848967784535293,1.1360924620097046,1.3274079697164471,0.5818550755400466,-0.14744094184081483
288,0.9443375995391091,1.1028884491702011,0.581352980091022,1.0087998925897868,0.9373704308163525,0.17386606094254684,-0.07563488705934995
296,0.903538831488579,0.4125710608530369,-0.5087936595014858,1.8835283306726514,-0.1478803216467076,-0.0023851674741207107,-0.5782772845542273
304,0.6048908289201659,-0.4719491548195685,-1.7686637686388509,2.262142129606522,-1.4648688620436776,-0.24717858885478133,-1.5558190010386899
312,-0.04952356189624212,-1.4772341140727119,-2.672767401173102,1.6844296950762632,-2.32817364360682,-0.5817295473760068,-2.038878001481699
320,0.0010670081118110421,-1.8281045904728621,-2.369223571430503,1.1295646743874201,-2.000150480070804,-0.4234298291923775,-1.6618962133092579
328,0.4759662306821191,-1.547408271166265,-1.977554119941335,1.3825179051961842,-1.7015024764505444,0.0628930465668038,-1.369776014842059
336,0.6995441963904593,-1.5963668463658969,-2.380647245305695,2.033668401412566,-2.0768523478265264,0.3990760726491799,-1.5705066166717
344,0.9068026060027771,-1.7791459870486783,-2.8571784253438666,2.3878026984328606,-2.310222092176455,0.39254822296794156,-1.8104042452384987
352,1.721148761351724,-1.271607641592554,-2.219083663726823,2.4008584179557277,-1.7635168050074472,0.552479918779831,-1.3191854500932383
360,1.8990319218166265,-0.4605254441297433,-1.5091828057803716,1.8117223284835187,-1.3392082372941587,0.8658154922777715,-0.6305000176661691
368,0.965553003145018,-0.5372274289910611,-1.5434537341422079,0.8472362251101039,-1.7471971759833897,0.5133129967014176,-0.6778266666027216
376,0.351937536052448,-0.6530962687879125,-2.1179023655830993,0.19608582531300037,-2.56970315881714,-0.020336634756752195,-0.9568911436186651
384,0.6766968167340587,-0.5698665164647061,-2.3985987962101367,0.5371645854811323,-3.073977480471403,0.3321658422369772,-1.348560620878077
392,0.26054806265625846,-1.5865752810738751,-2.618912819459427,0.5665397925546801,-3.1327279074159673,0.1085877995685221,-2.1188438709504998
400,-1.4987006100324491,-3.5008595766187787,-2.6156488913756144,-0.8548939523316614,-2.688835985075294,-1.3324293940854832,-2.7226676717737677
408,-2.668813110678983,-4.293990203717985,-1.5695651051685278,-1.8667066829034649,-1.4224379962790612,-2.236532984721175,-2.1547468389995497
416,-1.9572803305015314,-3.301760964338326,-0.18566632576927355,-0.6460035368665318,0.2617406102731753,-2.019482860454607,-0.7708481460270293
424,-1.2326917405177031,-2.691409504743992,0.3398235591962871,0.5355326406354283,0.8476128621203859,-1.7257307287120174,0.0891926844869801
432,-1.441582134770592,-2.880716331195237,0.02975181473326343,0.5028934381598797,0.38576929718930225,-1.525000076218428,0.25075635897897464
440,-1.6537363829521041,-3.1940518380762213,-0.44841125825950967,0.10959209319018609,-0.30291620413372444,-1.5968062575721098,0.01575466189449189
448,-2.2885672473395027,-3.828882731564712,-1.238278031079477,-0.7618724315347178,-1.2053878905951168,-2.56945209201105,-0.6027566865423685
456,-2.8026334459830187,-4.525727900667158,-2.4149183291655314,-1.641496773225959,-2.2775829573697086,-3.1259490552665965,-1.5133881657776245
464,-1.715750732896554,-3.9316959947145365,-2.78700422985791,-0.6101003975417824,-2.897726280103981,-1.9313571670071568,-1.1413022017991379
472,0.22464500309655008,-2.0794258766112286,-1.6168917737395514,1.5669289363792576,-2.5191124680220267,0.04820548966189866,0.13651931589275476
480,0.69301642419526,-1.1361552751913875,-0.7127881846816299,1.847625376297608,-2.230256273371602,0.1493867324083633,0.7256555762900487
488,-0.45424879601907914,-1.6763327635184138,-0.685044972942426,0.7493188809957436,-2.3477570718634717,-1.192081118466088,0.36825710435258835
496,-1.2490114657857296,-2.0353629834309417,-0.6524058377850647,0.30053087816114343,-2.158450179145886,-1.9737881120108915,0.14631109961826863
504,-1.4562696827347998,-2.4123448236697946,-0.8939352611341085,0.21566920465878203,-1.7569889544496713,-2.12882392332295,-0.2518861482585715
512,-2.0829408462096124,-3.5383945691032643,-1.895956365231475,-0.6215242183248924,-1.9348720989615673,-2.5922993919024098,-1.511756216899841
520,-2.859751904590637,-4.403331265709787,-3.242320109721761,-1.3803837615642611,-2.6137659448843733,-2.907266882021503,-2.7944736152347938
528,-2.859751906168407,-4.196072856097468,-4.063193951540402,-1.4766692269239492,-3.0739774937947955,-2.3605616197462,-3.120864877576742
536,-2.334261990348678,-3.246274524731604,-3.965276584811339,-1.4668774342577382,-3.2665484027760057,-1.7697936113738368,-2.8075294015499264
544,-1.8136681651907272,-2.542901377272012,-3.376140419606169,-1.2530912073961211,-3.3416182704640724,-1.3879159129313212,-2.1596427454128517
552,-2.0356141362659534,-2.750159753926469,-3.06933273961641,-1.6006978226800312,-3.5749879829079854,-1.7877450916292439,-1.7337021937602242
560,-3.3199635108267027,-3.7391251397281207,-3.3418693240007116,-2.826296844802022,-4.058047041202562,-3.297304445114071,-2.0796768759440516
568,-5.1412264943662285,-5.260108179710299,-3.6486770986566706,-4.330960381806436,-4.369750656531407,-4.963531513384025,-2.7389871495072122
576,-6.825405238885687,-6.639111109846586,-3.443050627578976,-5.651212771574028,-4.142908705588919,-6.324582864741934,-3.0882257832660933
584,-7.695237719014759,-7.128697876173715,-2.964887606652612,-6.62712246870698,-3.560300457207865,-7.089970296230253,-3.1159690076274575
592,-7.461867980449988,-6.668486191575072,-2.969783353009913,-6.51451748757206,-3.591307655408372,-7.0638590510749175,-3.450519972810377
600,-6.7748144981278555,-6.174003505686557,-3.8836787555956738,-5.184473424347548,-4.389334156488941,-7.032851867074343,-4.287713422966759
608,-6.619778648072777,-6.275184811719131,-5.117437513341193,-4.8303388426274205,-5.34239644749402,-7.303756516254865,-4.937231913680943
616,-7.18280351868582,-6.875744739154613,-5.917095965929161,-5.891110344743567,-6.0163942914607835,-7.734592927688927,-5.3256375014242545
624,-8.075483382152756,-7.384915069777231,-6.254910953862096,-6.924138482953359,-5.977227364824368,-7.958170839402471,-5.669980242268532
632,-8.23378322392837,-7.277205928789273,-6.219007878699993,-7.147716509668806,-5.528439426853647,-7.959802870499604,-5.656924558859066
640,-8.72337008877847,-7.526895176993504,-6.517655792913287,-7.545913693558307,-5.497432251092536,-8.894913686683816,-6.105712479824932
648,-9.69601581768213,-8.70516743991035,-7.676344572526837,-8.32109287318466,-6.364000899031152,-10.366938007538673,-7.352526909234297
656,-9.813516739064752,-9.230657238624485,-8.466211339736958,-8.376579284216216,-6.992304022603445,-9.988324241387359,-7.861697224079214
664,-8.59281352413186,-8.292282467183755,-7.509885152028159,-7.854353341359091,-6.811156892506785,-7.824350517071212,-6.787870091321242
672,-7.5924245265139705,-7.1956081309536986,-5.848553877623912,-7.4120932516671445,-6.3705287192606805,-6.326214914947614,-5.270150991168495
680,-7.035927498043932,-6.519978371943552,-4.707816555125142,-6.867020046785138,-5.89889343476673,-5.57061919618516,-4.000489259588771
688,-5.935989105580081,-5.54570036107733,-3.7319069144412946,-5.918853460940031,-5.025797018489686,-4.390715036106327,-2.81405719074998
696,-4.7805641984777765,-4.576318634412676,-3.203153160295335,-5.102875605825655,-4.395861931664373,-3.5502576554118237,-2.2200251547189866
704,-4.447645231434123,-4.383747833771673,-3.320653900234407,-4.681830788258784,-4.219610683262619,-3.84727361706587,-2.523569014789831
712,-4.805043486866476,-5.29274731328989,-4.035450713329725,-4.371759252061402,-4.240826104223998,-4.540854947842084,-3.7393761877965055
720,-5.541055745641571,-6.493866934300278,-4.8579565369840125,-4.51700322793215,-4.454612265345197,-5.329089747767103,-4.661431370008045
728,-6.175886614061049,-7.07973924750521,-5.354071150538069,-4.771588411124852,-4.727149022582968,-6.084685387991671,-4.858898074958658
736,-6.118768182801445,-7.084635072400398,-5.571121395416388,-4.658983476271188,-4.882184834946874,-6.089581188343768,-4.870321801776798
744,-6.3831451015100225,-7.551374538660856,-6.018277366452628,-5.055548745292614,-5.273854263996646,-6.200554223581136,-5.563903051911435
752,-7.182803444180015,-8.473429685635532,-6.491544575807196,-5.971076043462591,-5.5725022918093785,-6.910455103441061,-6.170990718233639
760,-6.975545105216729,-8.347769036518232,-6.390363314653414,-5.845415459384475,-6.073512759009098,-6.688509194600097,-6.25748438987527
768,-6.069809344640145,-7.484464312105425,-6.140673998955688,-5.285654557526651,-6.479869811931349,-5.924753607681435,-5.927829193839658
776,-5.749946122363681,-6.989981598518284,-6.295709914575875,-5.28239051636932,-6.762198246132196,-6.040622571771501,-5.576958692545804
784,-5.4496661248115394,-6.555881254617713,-6.50296817219635,-4.954367487820296,-6.742614763530132,-6.047150504548627,-4.991086508718011
792,-3.788334938236492,-5.571811856747483,-6.158625542146588,-3.381161870048867,-6.359105080271738,-4.439673738404097,-4.245282566493452
800,-1.2539073122437723,-4.215656329057604,-5.1239653288374125,-1.0131936045995662,-5.440313824390935,-2.221845398890487,-3.4619436922655917
808,0.23606859159685306,-3.2772816175721347,-4.053402126792868,0.20261370567309883,-4.309368279306597,-1.0664204751339432,-2.7455149991884493
816,-0.22414291120762203,-2.8627647618834784,-3.751490304480851,-0.9201721381480339,-3.961761611956277,-1.2589913548387552,-2.8287446671886145
824,-1.44974185777196,-3.3605113372880933,-4.252500874586234,-2.7544906627471093,-4.394229953334881,-2.2055258175501455,-3.8487172234921436
832,-2.2738797663428674,-4.0916276708919534,-4.874276050830859,-3.8038385258743133,-4.857705466793133,-3.049247024299332,-4.583097563893008
840,-3.070274263849625,-4.790104803598034,-5.218618826386076,-4.515371300441918,-5.4239942416481295,-3.6187997286406044,-4.842578419463127
848,-4.003753073655103,-5.656673482566127,-5.499315265077272,-5.32482149485684,-6.14042289317733,-4.142657617219973,-4.601049031701562
856,-5.067788462657735,-6.782723240446449,-5.846921938212749,-6.348057989587342,-6.731190996215894,-5.035337626893597,-4.375839044187402
864,-6.716064070482061,-7.974051077731324,-6.183104828957519,-7.554073435492915,-6.876435065700997,-6.775002691284563,-4.821363084227251
872,-7.98246191990861,-8.398359768685983,-5.980742329615274,-7.877200789034907,-5.941324278091953,-8.016921359610775,-5.093899748727205
880,-7.584264629607288,-7.481200362458756,-5.151708622795964,-6.818061272611175,-4.769579842942872,-7.334763773008172,-4.681014895911131
888,-6.118768090238939,-5.9226823349007125,-4.443439760534472,-5.807880543334181,-4.4219732734142925,-5.86437140366071,-4.090246758862857
896,-5.434978561069632,-5.243788727922407,-4.546253012639904,-5.8552072525766095,-4.730412903859604,-5.520028606367328,-4.008649002399919
904,-5.426818753043991,-4.997363270185382,-4.743719592771379,-5.610413856615579,-4.89360847603951,-5.621209764264827,-4.049447968898855
912,-4.297505244491327,-3.840306408420137,-3.9195818339133153,-4.112278176129403,-4.180443699651174,-4.6436682048561355,-3.0539546669743185
920,-2.623118300877545,-2.3046358004886645,-2.6760313525728505,-2.6712610376973496,-3.2518608176465484,-3.346263221391726,-2.1090520730250564
928,-2.502353623913963,-2.578804344093906,-2.485092432790211,-2.978068767123901,-3.354673954224155,-3.5176184380351154,-2.490929900844712
936,-4.100038461879368,-4.605693861120695,-3.7188512375182152,-4.4762043084157,-4.043359414875777,-5.364992768583795,-3.747536029831856
944,-5.361540519894519,-6.174003585802214,-4.89549145829354,-5.109403343485222,-4.577009073331345,-6.8223294362897775,-4.5847293660381805
