-240,0.33282679405703725,0.002041874250002702,0.604133723871491,0.4813572946946508,1.3025233145495427,0.28421678481816326,0.4110769955308688
-232,0.38762832933228447,-0.11612385092524258,0.30272548709414965,0.4248432819178754,0.9326133576822305,0.4623216845498464,0.34600029133635274
-224,0.4715430507859162,0.26748661251149647,0.08865721504657709,0.4916325736249617,0.7647837151729936,0.6096007160325898,0.7330357430738036
-216,0.8928294865607308,0.711036141781386,0.29245021018745354,0.8923684756385641,0.6568933163910168,0.6558394603650568,1.0738324705309679
-208,0.8054896642198365,0.5175184169244675,0.24792403662674584,0.9677204751362718,0.1927932047931669,0.40066996755225237,0.5806191543582385
-200,0.8191900723680132,0.3959275296016296,0.4962432711877828,0.791328190143971,0.47022573296812076,0.5719246158388717,0.32202456452143496
-192,1.0966225396505673,0.9319546408066838,1.5186335127959902,0.6115108336987999,1.4909034790462354,1.032599681371015,1.001905567873294
-184,0.7027368705015692,0.7932383691766437,1.5511719198067868,0.1885118118831348,1.4720654422868353,0.6952280075221202,1.0618446771221732
-176,0.08622016227766105,0.13904559552839324,0.628109334236593,0.018969728297430977,0.4753633567962552,0.19687699614285506,0.2329722135367555
-168,0.6684859444131653,0.30173754319902385,0.4260288686593264,0.48478242428044716,0.43083712491865733,0.8288066069412439,-0.04446036412477034
-160,0.9579062757470557,0.7469996125185254,0.3780775033326686,0.582397508442912,0.3212341851672442,1.0051989465711355,-0.0324725028329086
-152,-0.36760475041463264,-0.06474745167456464,-0.5946488099036503,-0.5941219009310429,-0.8843985071506593,-0.4179271725833361,-0.6078881290011598
-144,-1.2769668218728372,-0.7668915016104352,-1.0707367360662647,-1.2500271964163738,-1.244033264560521,-1.3683904861467056,-0.6404265441064142
-136,-0.5970859007533121,-0.10584855175878681,-0.24700182842591312,-0.36806579003533296,-0.20280499631098536,-0.5771940028098572,0.20385892599368252
-128,0.24891203856988994,0.07396884607849873,0.06296903225403114,0.17823656790616518,0.2749954334761795,0.1266625700668845,0.4915666600648608
-120,0.20781089562183305,-0.2976537606655021,-0.3343417819338193,-0.12659673002200902,0.12086627067748636,0.09754930147220149,0.10795627003013793
-112,0.0005927777018640214,0.1476083421356208,-0.09972293031776043,-0.09234573954587194,0.45481285118168024,0.049597926763331204,0.2860611033504729
-104,0.26603754521378553,0.8566025958696327,0.6383846048884809,0.4060052951969426,1.0319409754555335,0.3321681753480196,0.8974402320818001
-96,0.2180861804390226,0.4798423947318892,0.4500045511386901,0.31352772908276416,0.655180793450146,0.11467471686948058,0.4179272302351221
-88,-0.4395316906011568,-0.7138025632299702,-0.38914322485866026,-0.6489233734742414,-0.2918574734956223,-0.4641660008038214,-0.5308235351841789
-80,-0.7169641440863396,-1.1590646215115745,-0.6391750763666594,-1.0856227219416088,-0.714856419333762,-0.6902221365348001,-0.8339442503828722
-72,-0.364179623956241,-0.636737950832529,-0.33262919589296924,-0.4742436070076532,-0.5898405446300367,-0.30832420266167043,-0.6370014358605526
-64,0.11875847638615639,0.06883117681102088,-0.17336239620462998,0.35634138945274335,-0.2832946985577926,0.07186108685371878,-0.5513741543051296
-56,0.3876283076244202,0.5500567830950447,0.22052335462480782,0.7930406998393658,0.23903195722009155,0.5684996492460241,-0.13693785076608897
-48,0.3413895686269373,0.592870403912559,0.34896426821960713,0.753652194994241,0.3554851622139398,0.7774302490826797,0.2004338149883468
-40,-0.06619647776412593,-0.292516152474389,-0.5124466194853482,0.12172257683725465,-0.5521645573907995,0.37155667467419595,0.19872127604252487
-32,-0.5320091169019711,-0.6316003435612405,-0.7933042255519462,-0.14714727978817285,-0.8398723275191083,-0.3031865950224521,-0.22427768727228514
-24,-0.7563527460649593,-0.5870741436935445,-0.4901835083296382,-0.2995638839567938,-0.7747955313421157,-0.861476746188779,-0.5376737187461749
-16,-0.8111542406839524,-0.6110497244402894,-0.49532115920062053,-0.6249476775654359,-0.8432973962125051,-1.039581593490451,-0.6387139370935594
-8,-0.9978218062622484,-0.7292154849368055,-0.795016765233628,-0.8561415245079014,-0.7645202531476648,-1.210836236074156,-0.5873375805227505
0,-1.1022871564030081,-0.8490937240386399,-0.7641909510703847,-0.8647042345061027,-0.4237235683703693,-1.2211115251225397,-0.3133301116589807
8,-0.24087625802808563,-0.35074270971593463,-0.26241482776595865,-0.21393658602849028,0.4359747711905162,-0.35456296244719343,-0.0016467254626558229
16,1.1753996575122094,0.6973357551571087,0.1348959360154946,0.9454574149388537,1.160381951598417,1.0839760701356904,-0.04446035970961168
24,1.9357703171196372,1.5844347975079718,0.148596346371251,1.7092531651315075,0.9326132669875086,1.6439788003521985,-0.14207551433065327
32,2.244028680797769,2.4098822354477925,0.2068229225611868,2.0397745560773304,0.44796261868500653,2.000188427992298,0.13193194312728923
40,3.626053712009706,3.858696557630952,0.7959388923059162,3.137516889901582,0.7373830039206282,3.4335898251572563,0.917990746894623
48,5.1913211770065635,4.961576478306385,1.2377758719600163,4.36198764179054,1.0867424507582064,4.699161691295738,1.2348118877181642
56,3.6072157125951896,3.4802237594144643,0.30615059534001116,3.0433267853934765,0.5079017336367994,2.889000088945809,0.226121981224047
64,-1.3643067547766687,-0.6178999512340496,-1.4046833546512034,-1.2055010131055235,-0.6258040188625101,-1.714324867418293,-1.405934763154244
72,-6.301578230568599,-4.924954306054772,-2.86719797313185,-5.454328770212413,-1.6293562330935303,-5.904926158346285,-2.8170730804375324
80,-8.983425962576842,-7.873959342681103,-3.836499289605069,-7.721740358179226,-2.4907670887885844,-7.9616944406744095,-3.5175045798377873
88,-9.911626104276067,-9.209745612635798,-4.788675127948962,-8.809207319986903,-3.675849298303566,-8.66897611094308,-4.188822817450064
96,-9.101591751219996,-8.511026646846378,-5.276750894063503,-8.411896485930836,-4.40025645350827,-7.941143859450237,-4.853290858254868
104,-6.407756141730974,-5.721288417818879,-4.122494604307648,-5.762587125244192,-3.562821199164035,-5.14113037393615,-4.420016593933953
112,-3.6214429609767587,-2.9332628184319214,-2.5966156559296705,-2.94716078351479,-2.182508763375163,-2.214388488569887,-3.253772398182751
120,-2.104126815683255,-1.1436516733137856,-1.1272507620885155,-1.4212818391840456,-1.0899040991863185,-0.8306508985439144,-1.6217156492053393
128,-0.7803283529347279,0.8429021963678079,0.5698827720279938,-0.054669781924991924,0.24930723541454264,-0.08055552724901001,-0.04103528494537157
136,0.9013922876215843,2.9904355043925674,1.835454582425094,1.4797718749794642,1.412126289254297,1.0719882196977608,0.9077154922476862
144,1.934057768239708,4.103590713932417,2.124875003533882,2.4199598603099157,1.5388547411685547,1.8443466732658778,0.8940151196047449
152,1.928920126750938,4.247444601480098,2.2892794016631925,2.8206957980127196,1.4789156052447567,1.9214112656111393,1.191998213918743
160,1.4511196511564994,3.8398585946414996,2.362918958428749,2.663141495878088,1.8710887402310212,1.7981078971074747,1.5687584428351935
168,0.6016966157291237,3.1959410741684677,1.907381531625901,1.8565320998486863,1.7803238368710783,1.38538425374716,1.3838033895278017
176,-0.2100504710916551,2.730128416634127,1.422730886450804,1.205764454314512,1.4258266968505786,0.7397542436309122,1.500256525718758
184,-0.16038654603113603,2.752391519511415,1.3559416101967736,1.4660714979213645,1.6707208421141442,0.4160829372739405,1.9164054097797005
192,-0.3693172599260623,2.584561936974753,1.1555736195455257,1.6561642182886553,1.6090691521593978,0.1711888070955009,1.7211751110236184
200,-0.08160941032489359,2.8722697258674867,1.321690690363178,1.7846052284650542,1.3795879674192733,0.42293311752456764,1.7485758329459515
208,2.1207253820168215,5.113993154037374,2.77906772769556,3.2111563971805666,2.4105409282239294,2.0875283189521214,2.7898040255858914
216,4.384711758717401,7.369416783394864,4.013813745269353,4.725047445450072,3.564797207309818,3.743560696323203,3.8447327203801
224,4.5405535070050504,7.395105004268155,3.7535066965114807,4.543517519704862,3.2736643846770277,3.6579334136639905,3.8704208634362165
232,4.394987022562587,7.4636068726338785,3.9435993129385727,4.267797554391175,3.343878689888026,3.7743865660438622,4.329383311101572
240,5.6845345123116475,9.06312527898823,5.669846162928757,5.577895557665302,4.820093828551506,5.207787963760715,5.966577818569465
248,6.515119605721573,9.979337674557653,6.481593173220116,6.305727847790784,5.796245313685559,5.8020415821688465,6.8348388611378805
256,5.7016600036864515,8.97064769760496,5.613332110967447,5.153184008677571,5.0889636108550915,4.880691636173305,6.0059663629670546
264,4.886487898026779,7.915719112821794,4.606354781683862,4.072567219210032,4.153913174111111,4.394328403301671,4.793483405222751
272,4.982390400011657,7.300914948142833,4.162805250574324,3.5999044299918115,3.59733558139089,4.479955714843383,4.2163552504107145
280,4.442938354775553,6.180909532229332,3.4914870504908975,3.1443670644492965,3.100697146854225,3.9370784794970115,3.551887172628957
288,3.588377669948913,5.143106432566163,2.770504929578146,2.8172706443275155,2.622896689472318,3.204108573085958,2.8291926455930763
296,3.225317815331087,4.401573798680238,2.451971330937327,2.6408784033028376,1.9961046134630265,2.835911118555442,2.4010560461244808
304,2.586538037711512,3.4785111639914015,2.099186772726484,2.1973288101971096,1.3744502492171178,2.0978035577780725,1.9831946775713414
312,2.3964452717209137,3.4442603473621447,2.311542526984204,2.12026425059761,1.7203846315924933,1.9693625895456823,1.9352434075385299
320,3.579814980922717,4.442674925623343,3.472648995151038,3.0125010144619977,2.907179342156517,3.3034362870729326,2.6750634485769025
328,4.014801640696791,4.643042786395334,3.6730169846984957,3.3789859118341594,2.9619808858941523,3.9610541356693885,3.120325522863458
336,2.584825450934802,3.0640749745106315,2.23619047266494,2.42338503919832,1.3487621076327219,2.3341349832932945,2.216101022435446
344,1.6823134721599078,2.000583614973601,1.184686965405488,1.8993457260011837,0.35034750416832444,1.3254451213186969,1.4557303953898146
352,2.1549762542034947,2.3122670685010984,1.3165530976251205,2.0911509902813505,0.5284523275545521,1.9642249414341744,1.5327949842397417
360,2.040235692831525,2.0108588946397727,1.0887843712541678,1.7229534248199674,0.35377260229611357,1.9573747426030867,1.3461273870194743
368,1.3141159885629285,1.209387090980498,0.5150812488944325,0.9129190121592504,-0.2781570463990554,1.2911941534702482,0.7518737973098739
376,1.296990417899229,1.437155877324025,0.7342872770409412,0.6783001574157883,-0.17711681866945822,1.3442830784212723,0.7981125344677077
384,1.5298967765607048,2.0536726114869914,0.9877441063636498,0.6800126796207997,-0.028125251552261712,1.3956595093139224,1.2074111486870902
392,1.6686130700825736,2.3448054230818847,0.6640727781148492,0.5875351762386698,-0.5110634538112429,1.4093598913390757,1.2091236880008422
400,2.153263638176357,2.53661065277664,0.4962432485600935,0.8067410448875639,-0.9974266127289639,1.7707071409676605,0.9128531703454814
408,2.8211568666998814,2.8345937745014154,0.6537975549259187,1.0961615439974914,-0.6908807451328206,2.445450459598985,0.6525460934409729
416,2.9564479548423956,2.8311686244955094,0.7856636003140934,1.2948169234046907,-0.5247637421982354,2.5259402297288602,0.41963973238795327
424,2.2885548571179517,2.2026640636260932,0.1194830557007735,1.0139592397048836,-1.2680088960815923,1.505262423126277,-0.45547147240252683
432,1.714851832627571,1.6101230250040024,-0.7265148876696568,0.7673525744438855,-1.6293562415559182,0.9332719377656836,-1.2706435879963078
440,2.158401320873276,2.014283953031131,-0.3634550654296633,1.0345097968296448,-0.6823180279599861,1.5686266886358708,-1.0240369302778725
448,2.422133508599156,2.457833491867198,0.39006541135162787,0.9180566330439461,0.18594302454253966,2.048139710718693,-0.18317659657027507
456,1.7354023378742158,1.8961182920596544,0.19826016767553672,0.22447536558846815,-0.3021326714813539,1.5378008426466905,0.022328955361023774
464,1.1274483528939858,1.4183177977007906,-0.024370878941935535,-0.5598709772341836,-0.6532047709550953,0.8579199631032445,0.16104524501962922
472,0.6222471653113222,1.259051009602244,0.04755611496235474,-1.0171208830102776,-0.5984032496611844,0.1968769210851541,0.3494253618693985
480,-0.016532686078197623,0.8737279974695401,-0.2641273806931172,-1.2123511880211675,-1.0351026384168769,-0.4710161540116002,0.10453121292653386
488,-0.02509540858601567,0.7932383873891736,-0.5843735653747855,-1.1592622137675368,-1.601955533246992,-0.30318660311691,-0.1883142444978186
496,0.7027368307651392,1.2761764560895998,-0.6819887085900006,-0.8955300777358093,-1.4769396364674723,0.47773459061966117,-0.4571839971830475
504,1.3124034402348952,1.632386163018595,-0.8344053778822152,-0.7944897823071093,-1.2662963648622985,0.9640977727169668,-0.8921708392663902
512,1.267877239447373,1.723151108506512,-1.2385663162113822,-0.7054374202845327,-1.5043403583898045,0.6198759642407539,-1.3425705495227664
520,0.9185177273022368,1.4799695204012984,-1.4029707454307694,-0.5718587879356832,-1.5060528677172693,0.13693793417296843,-1.4230602423873615
528,0.45613013386216905,0.7863881674021165,-1.5125737525133554,-0.9623193808487223,-1.4683768407416025,-0.18502086524808278,-1.5891772469776309
536,0.05368171166717058,0.29317480670986845,-1.8499454090695435,-1.58739888295885,-1.7218337694053865,-0.39908921272128645,-1.8203710425938755
544,0.6787612053149107,1.1580108184816718,-1.33104376532385,-1.3990187455050058,-1.3587738651170231,0.29449217633502556,-1.2124170178772151
552,1.8021916474259014,2.3208297827304945,-0.15452441077145176,-0.6078222067947059,-0.35179654006463296,1.3579835301691427,-0.17118876324108664
560,2.0830493331493245,2.423582596684907,0.2530616477612983,-0.48965652337950494,0.09860317166346319,1.3391454814520207,0.17817071946965768
568,1.3997432511699617,1.772814930362692,0.011592605592575444,-0.9366311916174033,-0.022987628459987072,0.4914350002395574,0.11309394757603872
576,0.9767442930061707,1.4251680114330383,0.023580428067832025,-0.953756660364518,-0.19595486996208966,-0.143919763140246,0.5549309454426692
584,0.8996796864956081,1.3652288591363602,0.09893248091537625,-1.0291086353948875,-0.36207183463196446,-0.27921093167544314,1.16117239901964
592,1.098335060015929,1.622110886847758,0.25991187529091847,-1.0239710925113321,-0.2935699837429115,0.20201460617361794,1.6030093610131044
600,1.3911804997796458,2.034834548052673,0.4893930813709783,-0.6831743527285161,0.13799173648116247,0.9058712083007875,1.6817865013184705
608,1.5196214965266035,2.0656603734377788,0.46027977966260364,-0.21907421004058938,0.3160965887498878,0.9384096524725049,1.3769532197631775
616,1.764515697347586,1.870430127663604,0.2718996620769741,0.12686022053360388,0.1859430008110611,0.6678273168738297,1.1149336316915546
624,1.7919164935917593,1.899543394050707,0.09036977680405336,-0.005005919412556525,0.2681452675748189,0.5702121493752411,0.8118129330497066
632,1.5453097212631592,1.8755676955663922,0.13318347047168885,-0.6266602983756616,0.33322205252994963,0.6986530791589566,0.6063073080843217
640,1.6257993979388377,2.0605227415151863,0.3523893600925876,-0.7876396314908749,0.4308371685183512,1.0651380775278791,0.7073475749984541
648,2.2628666487542763,2.8893952437332446,0.9963068842449192,-0.3612155757511894,0.7253951135623036,1.6525414481702472,1.05499452152285
656,2.309105451771563,3.437410036680366,1.6727626928873893,-0.31668931701470854,0.9891273268593117,1.4915621262768968,1.5995842880885132
664,1.8809688339064718,3.2130665447552325,2.0152719846775384,-0.7105750323389102,1.1329812098078693,0.8955959269789323,2.082522393214
672,1.8107544300902598,3.2678680086520773,2.33551820026532,-0.6609112594174067,1.6107816762040588,0.741466742104445,2.469557912834519
680,1.8021916571760448,3.370620773671812,2.390319648157214,-0.45883069652267977,2.0526186580657386,0.8955959299223715,2.699039079546079
688,1.6069613770004232,2.925358730843264,2.08891152267867,-0.49479418988750734,1.8334126941229996,0.8613449784468049,2.286315433610255
696,1.8193171923345082,2.90138308993998,1.9553328597916377,-0.3149768019843292,1.8368378266522347,1.1250771505356627,2.032858522239177
704,2.16867666419132,3.0298240351767514,2.179676423279138,-0.3714908272707225,2.2170231570078434,1.4110724306528273,2.080809836239612
712,1.988859307378219,2.8277435712551693,2.063223276050286,-0.8458662034496162,2.0526186757263742,1.0822635186802518,2.010595421937399
720,1.874118663405987,2.891107789853699,1.7070136083058252,-0.6403606599807057,1.513166544946567,0.8801830216449776,1.6834990279386406
728,2.8177316887313024,3.89637254891742,2.232765415193406,0.48649488780063826,1.8659510945110578,1.5617764914604677,2.15273676391652
736,3.5763898487614103,4.7954594100642405,3.0308120469549444,1.1269873233913588,2.5406944063356796,2.226244553237276,2.7624033595889035
744,2.560849702779949,3.749093555331458,2.455396367068927,0.24845097742529026,1.9344529667400459,1.4504609750504172,2.238364112803116
752,0.9168051478841253,2.0553850464926153,1.354229038321225,-1.2380393914177874,1.138118835475653,0.18317656334337476,1.1988483509376067
760,0.3653652014357639,1.9457821118922203,1.371354534847048,-1.923057935813552,1.4994661829735931,-0.23297217207388532,0.9950553447588327
768,0.831177786119983,2.7404036994277012,1.7395520059344092,-1.5325973421646546,2.282099865249589,0.0410352644120526,1.4625805349841863
776,1.149711464233661,2.7780797059832585,1.5237711616433582,-1.1250113160097357,2.17763456937849,0.3201803738447674,1.4728558096833035
784,0.641085166013592,1.6940377766278847,0.8678658475775665,-1.50177149084049,1.4206890136017645,-0.06514262301884484,0.9334036695212831
792,-0.12956074088217537,0.8035135855588703,0.2736122620991608,-2.280980177089246,0.9411760399017237,-0.7381734019684881,0.42820251082111765
800,-0.5782479208390824,0.6151335196673926,0.10749525070218752,-2.825569960947615,0.7202575291026689,-0.8803147985852005,0.1524825085304742
808,-0.7597778633251034,0.32057554261353843,-0.19391296197574448,-2.8512581457637762,0.316096592245222,-0.7176227988524886,-0.07357361469088788
816,-0.7940287491251825,0.11849507556455216,-0.45593260542081837,-2.811869576898848,0.006125653196207468,-0.6525460516101731,-0.04959795925437212
824,-0.8043040052438393,0.20412236503046782,-0.5055963437569106,-2.7827562691196297,0.09860315823402134,-0.8083878081762438,0.2089965224110387
832,-0.8402675094625999,0.17672159822068678,-0.5758107834462877,-2.7981692064634864,0.2099186924886728,-1.0224561319179681,0.5549309586881461
840,-1.0885867986612283,-0.1263991140345677,-0.8566684493014955,-2.8358451782496665,-0.17540426206300053,-1.1029457787913244,0.48985416692631206
848,-1.1896270221596321,-0.5802239170837492,-1.3909829431916572,-2.9266101415821844,-0.7593826291355649,-1.1714476640818234,-0.12837508042738288
856,-0.9532955894697768,-0.5613859494951716,-1.504011039939644,-2.77248092524969,-0.7508199020286228,-0.9864925710380017,-0.32360541008957666
864,-0.4429567300441257,-0.013371015262966027,-1.0827245885278078,-2.416271326676053,-0.23534338713286587,-0.5309552314345432,-0.16091348228716104
872,-0.5354342669078763,0.00717953284751358,-1.1392386368098188,-2.5412872595127034,-0.09491462383599716,-0.8529139940626035,-0.628438724022702
880,-1.3163554604604826,-0.6607135440888905,-1.6256018067654385,-3.10814005003469,-0.3637844123943919,-1.7759765358491388,-1.1867288168721395
888,-1.338618559658471,-0.7275029288822428,-1.2556917867981467,-3.277682209046025,-0.08121423592396514,-1.6149971975829078,-0.7072158102423715
896,-1.2273030450880698,-0.588786645662411,-0.7299399960994829,-3.135540873873607,0.05065189132861395,-1.376953251518358,-0.24311571593722708
904,-1.7273666047953693,-1.0083605748692352,-1.2676795984194709,-3.3341961993790763,-0.7114313143992694,-1.8838669868771623,-0.6421390834201661
912,-1.5218610478970171,-0.6709889050675707,-1.2180157449213183,-2.909484705396866,-0.4014604060724021,-1.7331629150316252,-0.2602411925948358
920,-0.5371468100848924,0.11678252907616657,-0.20247566424741803,-2.1833650202606254,0.6877191014877979,-0.8529139741943885,0.9265534850394618
928,-0.504608438579332,-0.1503747729664179,-0.5552602412226871,-2.638902387826757,0.41028659410088375,-0.8186630688940245,0.5737689227813895
936,-1.475622257573312,-1.0648745720089896,-1.6324520109315095,-3.44722428821657,-0.3449463886965033,-1.7999521811675823,-0.6866652656272263
944,-1.5235734983556966,-0.9193081197603928,-1.1101252984924195,-2.9214725468205125,0.2732828674875095,-1.7383005020667686,-0.37669437956011853
