-240,0.5965253631912061,0.6044146991571115,0.23350190606620622,0.9252102251931318,0.030422202986703274,0.01941121344602424,0.14229201293762297
-232,0.5581570688190024,0.6280259958387594,0.5006045228062403,1.122954699166619,0.71072219207322,0.21715567457914925,0.35331785510585256
-224,0.5743897614753672,0.7165682812735027,0.8739578807680773,0.8189594985554437,1.125395277932701,0.42818145809387237,0.5053154243409338
-216,0.04608743166499172,0.39043751334597776,0.8355895361440856,0.07077710668871924,1.2183647159541884,-0.11192651958175853,0.3370850524345319
-208,-0.6401153729524334,-0.3311822248802637,0.2777730594046184,-0.580008804267684,0.7904102891659193,-0.9206128495451179,0.025711332607874175
-200,-0.769977450803678,-0.6705944020599861,-0.2579078016689873,-0.7482391607973561,-0.03008166425015449,-1.1080273812401997,-0.3992917166135705
-192,-0.5958442606714763,-0.5525379657330763,-0.4113811074029014,-0.7024923069448306,-0.41524065818802214,-0.83649773952443,-0.80953768285909
-184,-0.6120770048478134,-0.6100904598417533,-0.37153708921370454,-0.7246278961373529,-0.27652441545613626,-0.626947530022473,-0.7933049052344019
-176,-0.632736819020416,-0.6868271379931272,-0.25643209402133904,-0.8235001056203572,-0.13780812675258322,-0.6269476206976243,-0.4214272553957818
-168,-0.5692816005315505,-0.5702464752594304,-0.21806377809000857,-0.7880831786695068,-0.33997967848996286,-0.46314429374085503,0.07736099406515892
-160,-0.2003553032131223,-0.059652570482654474,-0.05721192333828997,-0.2981491681194442,-0.47574458439543266,0.02088687971917189,0.7384768220948117
-152,0.41058653676592777,0.6560643525297243,0.34270407098502453,0.5872737781713229,-0.2735729968318571,0.5108209711159601,1.0188607469493742
-144,0.8577251154167268,0.8228190190077996,0.3441798005088455,0.9753842027812174,-0.1260024958492886,0.5624706062584284,0.5230238875785744
-136,0.47404181882251306,0.27385678989797474,-0.13837567909503326,0.5326727191733164,-0.2071662766526645,0.2953680430991657,-0.3033708567973441
-128,0.13020258749882443,0.0628309737275159,-0.1457542292224989,0.12390243727256543,-0.07730422796965034,0.14632182115301764,-0.33583642266776087
-120,0.16561949891442176,0.2797596024169468,0.062320138045789376,0.24048315976943016,-0.05074155039219549,0.0444981397820084,0.1113022041740275
-112,0.0003405397669483124,-0.03161413770065365,-0.11328874689369851,0.18588206161624496,-0.27947581727697884,-0.19751746977531556,0.14671911812599284
-104,-0.1767440404553948,-0.31494950258009957,-0.6356882662459011,-0.2169853884257291,-0.6439749120739204,-0.48085280152345616,-0.35944768510844244
-96,0.12282406447879017,-0.29133820875186595,-0.8201513861331924,0.01912737595688694,-0.7280901435232202,-0.3627963894505644,-0.7947806345997004
-88,0.6939218314196886,0.024462633383644697,-0.43056531997973696,0.727465795606082,-0.34883394799577827,0.4089972945006408,-0.2605754106310112
-80,1.1646717375055955,0.449465688311917,0.20989064378404776,1.1347603757245355,0.20012827841915592,1.1365198487333599,0.5436837423330632
-72,1.3727461780115058,0.8508574399005763,0.9447917056600709,1.0609751070031068,0.5808601628885334,1.5010189823684355,0.9716381760963443
-64,1.124827694586812,0.9231669624532691,1.2605925574654837,0.7805911685155672,0.666451063939963,1.2309649408217243,1.2579249347119592
-56,0.5433999711004394,0.7623151279924932,0.9064233974963669,0.39838357338660485,0.6369369647262918,0.4886854179081566,1.1870911198069145
-48,0.012146178279346496,0.5704734587703514,0.5965253345900003,-0.06941487809030371,0.9040395283611241,-0.001248687121608558,0.7148655165358767
-40,-0.4969720274100231,0.055452464816027905,0.4356735151889086,-0.4840879655350151,1.1372009348337668,-0.15177058310853087,0.07293389363247918
-32,-0.7389876228588009,-0.4610442426512948,0.10216416844125663,-0.42210838732152606,0.6738295933009169,-0.20342025074821252,-0.25909974182149603
-24,-0.6002713742615647,-0.40349179388019313,-0.26233495488982345,-0.2199367975386288,0.0746933336563273,-0.2535941853765673,-0.5955604387114951
-16,-0.43794379680251316,-0.25592129622660764,-0.4497494643916864,-0.27896500325802887,-0.432949119840433,-0.10897510301827808,-0.9290698022625844
-8,-0.6017470787387525,-0.49203409516723545,-0.9145965509836101,-0.41030271425111564,-0.821059533353718,-0.004200060566835486,-1.1282899360097765
0,-0.9337806802688079,-0.5731978019403747,-1.1816991046314933,-0.6169014179411473,-1.161947361905426,-0.3067196194759271,-1.1002515563329778
8,-0.986906052861247,-0.45809287760778633,-0.9544405574421053,-0.730530684402307,-1.1486660052828623,-0.38345625736246136,-0.6988598095000084
16,-0.09558027550431797,0.40962166314770865,-0.1383757030320051,-0.035473687638286344,-0.3503096115740347,0.7174196592707388,0.13491348294257713
24,2.1268313514852197,2.7013914338549307,1.3461834371163097,2.023134749992438,1.134249519379946,2.845386195915664,1.423203907016841
32,4.358097242115223,5.106790474035248,2.6949777780451285,4.30309884509288,2.708826713483482,4.601475060053182,2.6450875489294248
40,5.814617979917948,7.391181764048076,4.061480497560311,6.246602226975459,4.073853797003409,5.960599222148841,3.942232234424831
48,7.429039180479978,10.541811781275388,6.031546650548907,7.943662957838582,5.660236581586877,7.321199235989548,5.875405687503456
56,6.527383518864056,10.153701365542782,6.22043688370924,6.81917573311008,5.914057793830403,5.694972367746887,5.876881427331271
64,1.2768253175611877,4.194804843826106,3.6143419304816895,1.7840705019911165,3.7123060347527614,0.6820027077488248,2.983024016242177
72,-3.2683458988861136,-0.07588532115843419,1.3358534926185825,-2.9647479824014558,1.0279987237847579,-2.8272236569094105,1.0764132802132298
80,-5.065754495518443,-1.337612985698857,0.6053795763542923,-5.333254368009379,-0.6233150600143229,-4.531662821068555,0.7665151635675693
88,-8.014212931681628,-5.0460594731661965,-0.6194555407752774,-7.990999033263049,-2.1757566822043417,-7.519965383216566,-0.3402635535368554
96,-10.25580881611001,-8.466743569034602,-1.8383877794403098,-9.935978037190859,-3.022811317795037,-9.461993078218008,-1.6861063837395365
104,-8.731405601338311,-7.3068394798133065,-1.6465461820290834,-8.942828650273837,-2.676020615851528,-8.231255181383725,-1.8690938023200998
112,-6.960559671345353,-5.422364270518825,-1.420763307770808,-7.210351067599757,-2.42515073314236,-7.211542983729933,-2.298523937548631
120,-7.001879396231058,-5.690942545764381,-1.9859583194195338,-6.559565196432623,-2.2598718491347842,-7.381249076282869,-3.582387265311812
128,-7.088945986065901,-6.030354733565142,-2.1438587574492503,-6.010602970017688,-1.6017074390953188,-7.261716986047605,-4.072321294250543
136,-7.3575242732006805,-6.176449471892585,-1.481267226527638,-6.200968970747362,-0.8092539000725786,-7.354686386974711,-3.021619409261767
144,-8.850937719315096,-6.695897668685441,-0.6076498957634364,-7.717993580225593,-0.6513534492025009,-8.284380511016433,-1.3378400251927818
152,-9.836708534228483,-6.666383569313246,-0.15903562309796598,-8.842480780224513,-0.961251480245746,-8.650355347384943,0.010954286884851377
160,-9.90311525028608,-6.673761984696168,-0.4128568489744697,-9.0121868172944,-1.5234950553570952,-8.603132755289833,0.4226759471450422
168,-10.238100348433724,-7.241908463794256,-1.0621669993365455,-9.319133414970727,-2.0429431793878976,-8.855478243082274,0.2987167542577765
176,-10.300079873542009,-6.886263583971219,-1.5771880367261686,-9.204028468127875,-2.4708976275767713,-8.793498753958707,0.12753495516685331
184,-9.216912460252768,-5.587643210802062,-1.7513212422351008,-8.083968425471394,-2.785222797098214,-8.085160366648202,-0.2974680534727054
192,-7.850409756748407,-4.659424812796659,-1.9505413904078848,-6.66729165291118,-2.8899978164052995,-7.09053520804024,-0.8361003574246084
200,-6.525226697600076,-3.8256515259023773,-2.165994326350829,-5.45573796326395,-2.740951673562125,-5.8863599643708735,-1.1519012404590507
208,-5.045094681028795,-2.878248970961707,-1.9328328891247262,-4.108419266256539,-2.296764451394593,-4.611350873616294,-1.3053744941974228
216,-3.522167128250122,-1.54716309596542,-1.369113643301587,-2.4999008966021465,-1.5471063203341446,-3.6211528951780796,-1.218307953821754
224,-2.062694994650428,-0.11720502337535378,-0.7257062547311259,-1.0315745114097326,-0.6306935700354712,-2.551266788259611,-0.6147446225956693
232,-0.7980158418941321,0.7770721773615447,-0.11181302386932011,-0.10630751316437158,0.04813066685843583,-1.3500429844566035,0.2514941624797113
240,0.3279470540217311,1.2537248541163537,0.3264713483678143,0.8071538445077919,0.4273868482773314,-0.2447399753168738,1.0468991461245007
248,1.474569788839784,1.7982600103765,0.8459194576559788,1.9080297402159574,0.6413640864010531,0.5462378446445628,1.6371811121677806
256,2.3142458776319974,2.33689228611131,1.2738739118687261,2.4835546651333815,0.8686226132994982,1.1734124790517386,2.3174810801707406
264,2.492806249202128,2.238020050472011,1.3314264010631909,2.577999743905814,0.9837276428913523,1.3859139613368225,2.425207544258399
272,2.709734823201126,2.106682328540838,0.9757815286907353,3.0103813082211444,1.0707941972170445,1.6515408846962767,1.7744216703963753
280,3.614341990628968,2.7914093976105687,0.835589513316775,4.0064821356386195,1.4825158826823899,2.4085775118278505,1.4025440448117723
288,4.673898080763224,3.858344066406428,1.4863754307726205,5.157532019238864,2.2306982908769823,3.3899212678415775,2.0134858814618406
296,5.147599340478984,4.345326723168115,2.4588649451805806,5.719775602751931,2.894765477926271,3.817875753124831,2.7513383264529927
304,5.183016290257145,4.40140348458251,2.6831721098889316,5.876200338365256,2.8357372790233604,3.8341085148972196,3.1158374917926652
312,5.672950330768053,4.606526507573804,2.498709023767037,6.141827230020113,2.3723659812428552,4.275344260579581,3.1689628169867308
320,6.512626394830677,5.021199579483262,2.475097774959333,6.752769066828704,2.0078668661549703,5.379171559693818,3.0966532861908416
328,7.271138779703165,5.611481532686178,2.638900960672117,7.673608952910679,2.117068980187909,6.264594485218076,3.2929220694786414
336,8.14032898641476,6.538224266954803,3.1686790637586593,8.57083751773995,2.6734097316836762,6.983262759323937,4.0204445978721095
344,8.918025462435475,7.498908184224864,4.242992252562616,9.066674373781767,3.4038837283191246,7.743250844710538,5.05934085084793
352,9.244156284102292,7.791097726508267,5.255325799268319,9.159643805462332,4.001544240209749,8.103322858097558,5.803096174145097
360,9.07297451909381,7.352813420216698,5.596213631466057,9.167022303435736,4.506235301555569,8.004450651626492,5.972802265429848
368,9.081828735018854,7.019304061738344,5.138745148265324,8.933860925338706,4.633145949368879,8.002974922102672,5.614205892793773
376,8.999189242604755,6.90715050371745,4.879021046777696,8.628390052589033,4.476721227071485,8.010353420868688,5.2570852948605715
384,8.622884567631878,6.6548049049589135,5.227287484902993,8.154688663518513,4.553457892382497,7.831793157411237,5.383995950758554
392,7.887983484355252,5.993689120998651,5.616873581334339,7.558503937268848,5.1186528499748825,7.4038386469228294,5.642244321771222
400,7.12504400618362,5.480143836118684,5.596213655244505,6.934280760641135,5.310494497479374,7.096892082853377,5.5891189506054895
408,7.042404477467753,5.5937731395157,5.190394838573793,6.888533907264178,4.7187367841576995,7.1470660634534005,5.019496838682607
416,7.191450769798109,5.515560750229172,4.510094845682726,7.005114608360439,3.852497999399364,7.086562186388117,4.100132624422078
424,6.747263508158352,4.717204368726615,3.872590332723387,6.581587284382695,3.3596125778341257,6.682218997945032,3.306203398993773
432,6.562800401269946,4.258260115103129,3.7707666519864693,6.276116366136923,3.2415561581521315,6.788469748995261,3.092226161662667
440,7.192926449704233,4.8337850309847425,3.967035423067998,6.7306334874646065,3.2548375330048396,7.6768441321404515,3.323911867145626
448,7.8673235753859005,5.626238585859781,4.1087031083611345,7.30910979549716,3.1633437991434947,8.451589200792013,3.6042957840740386
456,8.045883873876932,5.900719752885803,4.188391138081562,7.446350392880931,2.9582208609620024,8.74820586332347,3.676605390485394
464,7.769927074501679,5.788566159672802,3.8548818691687003,7.101035390500396,2.552401952030908,8.498811777668918,3.3696587609459447
472,7.368535348752269,5.521463580185673,3.4047918425668677,6.643566868778577,2.1952813285755055,8.137264088180324,3.086323373239191
480,7.235721894285338,5.632141408682748,3.508091186564995,6.540267515427595,2.2749694258267272,8.059051649276102,2.98007261679918
488,7.5102029837936195,6.187006518476431,4.212002381975055,6.705546453650035,2.9936377948878645,8.069381634197189,3.396221398258562
496,7.331642679912806,6.2091420453694175,4.85983690934076,6.4679579814612485,3.74919866459557,7.510089482307288,3.7902346296806013
504,6.289795014653626,5.131877476779313,4.884923908121752,5.542690974655646,3.8657793300241576,6.249837457249629,3.6338099127729886
512,5.109231045948259,4.079699835476333,4.358097206380482,4.642510970277063,3.3994566123511905,5.30391060757876,3.24127239549804
520,4.938049246381767,4.197756197773006,4.1323143948973105,4.412301027924797,2.9744535800917067,5.188805616032424,3.0612363819087793
528,4.957233455946667,4.517984226102135,3.847503320150895,4.428533754188037,2.685215412204667,4.948265685430086,2.6155734639828223
536,4.577977280710168,4.054612865388004,2.8425482747475765,4.2735847252712205,2.3826959113149906,4.183850553350099,1.5265032470518942
544,4.11460595946826,3.520407689451782,1.7033040252210856,4.08321883265423,2.1613401590485224,3.6098013148382417,0.44186010851895163
552,4.104275989289808,3.5705816508705213,1.390454627549102,4.052229028804846,1.8780048135088816,3.6540724291799975,0.10687510754589942
560,4.135265825477883,3.696016538565073,1.6000046994531023,3.9917251368384026,1.5946694779561892,3.7677017530264805,0.28248398154730103
568,3.962608277364811,3.37283714646062,1.5513064358535844,3.541635120223518,1.1342495263549588,3.4755121704782383,0.4256273881210634
576,3.4756256814759534,2.915368677368433,1.430298592950143,3.0797394823752433,0.6989165676693682,3.099207413548972,0.6956813783063238
584,3.440208786071179,2.7973122475409666,1.387503224777122,3.1638546377335066,0.3565530270313675,3.2954761329520053,1.0601804716765584
592,4.046723486620889,3.1824712406862194,1.3166693521697082,3.761515091129148,0.2178367739954872,3.890185270446265,0.971638189887844
600,4.276933445459545,2.782555169162208,0.7780370972014097,3.951881082188917,-0.04483869982770487,3.9934846198341747,0.3784047942821988
608,3.6615645170955657,1.6093697499502115,-0.09410456507032329,3.4545685075613664,-0.7472742674857037,3.3692613902597786,-0.4184758504044795
616,2.990118768822201,1.0146606570009127,-0.6548724461670009,2.9011791493262002,-1.0778321767448404,2.8601432035931684,-0.9143127257861018
624,2.9694589148603274,1.166658303119644,-0.6474939412185875,2.7285216587569727,-0.6971002872027271,3.0180436485978954,-0.982195127773695
632,3.2395128838035085,1.4322851694108223,-0.13394861100104327,2.845102377290762,0.056984898952825234,3.165614105986641,-0.5660463919689342
640,3.443160168235169,1.517876037330947,0.35155832241921897,3.2199314251456728,0.6325098481242668,3.0313249705039245,-0.08939367352257789
648,3.3531421413873805,1.163706828378226,0.3117142985231944,3.35864772573845,0.7682746996563505,2.683058612908309,0.06260396023136118
656,2.4042638973462513,0.16317890655194534,0.08445571217862805,2.2075978565637984,0.42295976480661157,1.8906050792753502,-0.0008513627241558874
664,1.2487869423230324,-0.7635637757211384,-0.2224908975454473,0.9340644599824118,-0.43294909384266206,1.083394473763076,0.04341975177612312
672,1.3624161897614329,-0.7355254077750415,-0.39072124900238403,0.8942204625597273,-1.0025712114723728,1.1365197994327099,0.10835078237928829
680,1.7682350658782668,-0.38578331161979385,-0.49402062264431124,1.54795772857269,-0.9051746641409174,1.3844382874545706,-0.055452458182450474
688,1.6752656357829288,-0.41234599363589236,-0.8216271034507434,1.5774718079709873,-0.8402437132748173,1.1409469786513176,-0.6073660864182269
696,1.5380251292328304,-0.5038397135472138,-1.3587836945237386,1.4756481530733174,-1.0719293750054317,1.3077016009014781,-1.0958244045388488
704,2.1105985924077206,-0.25592128100839984,-1.674584540463801,1.9242624951718579,-1.4615154449634387,2.0794952682077703,-1.3407914843989472
712,2.703832007353172,-0.010954265667159423,-1.783786746915643,2.426002136466693,-1.7345208632843585,2.4026746989918326,-1.5119732327625133
720,2.6403767141999777,0.21925571473062305,-1.6480218391078971,2.60603815623835,-1.3906816308510086,2.3377436707665122,-1.3570241870422604
728,2.624143938636088,0.5793277143261437,-1.0119930659763747,2.7565600875758998,-0.5819953338604316,2.2728126832816007,-0.9984278965210954
736,2.4278751995762033,0.6870541860229058,-0.3656343014243194,2.6193195043006723,0.20750681554773623,2.078019613031232,-0.39486456323421154
744,2.2611205350004027,0.4952125391525057,0.1715223375226202,2.3330327555134818,0.496744982008068,1.912740649128068,0.3961132657630352
752,2.908955021625698,1.0973001570241148,0.9802086251603404,2.747705850884342,0.769750423948913,2.6417388750237167,1.2387408262847293
760,3.5936821002068116,2.031421386095681,1.5055596113278122,3.523926666972827,0.9852033396009144,3.268913442217143,1.547163080881348
768,3.525799637504911,1.6934849561943552,1.1130221024545823,3.6124688850352986,0.8450113405548222,2.868997422847195,1.0911702750503722
776,3.122932165428242,0.7770721867144011,0.3766452974217611,3.3040466347188007,0.6457912148923024,2.5044983110882932,0.5805763932594301
784,2.975361680297972,0.7741207650781846,0.1110184173390829,3.091545103767159,0.39639707866891505,2.6623987573612053,0.4182488492487301
792,2.5356016928320924,1.0117092767391969,0.059368743992573726,2.4614190884641753,-0.08910987900536509,2.182794613157035,0.4418601243712507
800,1.6649357255261685,0.26795396438011737,-0.1664140838184646,1.5450063207279734,-0.6498777453594043,1.3460699385504578,0.3784048033180094
808,1.1823802059744954,-0.7192926190537441,-0.3892455641820466,1.0786835290247703,-0.7826911930098469,1.1881695087639377,0.28691111526980895
816,1.0894107887195188,-0.9229398934984558,-0.41285681124599805,1.2749523218239487,-0.33850400777817147,1.0627346085460694,0.14967056211395047
824,0.8931420461721284,-0.75028243209746,-0.5456702932959294,1.2985635820453088,-0.18503062896515804,0.4119487215266386,-0.17350884600132513
832,0.748522954460983,-0.561392224934897,-0.6460182269129736,0.969481389311107,-0.25438884671308,0.2643782279946507,-0.5704734564168951
840,1.0480910747718988,-0.2662511747787705,-0.7699774575287114,1.1081976562970104,-0.13190532770806554,0.8384274191081331,-0.7003355358533696
848,1.253214044975035,0.05692812205336514,-0.8821310058797047,1.3531646811496314,-0.13780811914347946,1.3342642975016918,-0.6678699848841139
856,1.1853316066856765,0.11152927790891876,-0.7522689768535412,1.2262540363482588,-0.19683634293450067,1.171936778220578,-0.709189742901126
864,0.7824642205284681,-0.3798804710422526,-0.5619030441302325,0.9502972066951172,-0.052217226810814046,0.5403350500386884,-0.5970361316165054
872,0.0446117347969065,-1.314001692663238,-0.22839375112187474,0.4323247671676055,-0.02122747273765082,-0.12668358781504532,-0.2576240192726867
880,-0.7552203671936611,-1.9544576332826664,0.16709517986313976,-0.23616953680075242,0.008286641694227685,-0.6461317357828202,0.27510544267496784
888,-0.8422869882575325,-1.3317101701679483,0.519788665157391,-0.2833921249327893,0.15733282575338103,-0.786323692027705,0.7310982771986055
896,-0.11328875015561347,-0.487606972541337,0.7396686883756064,0.3083656183497314,0.5144534552326571,-0.4336301919908164,0.9509783197566255
904,0.5847197319708659,-0.31642516504869556,0.7293387909592081,1.1805071656922959,0.7520419940011008,0.19944722465743983,0.757660972055066
912,1.2222242189324333,-0.30461955269259045,0.5433999596197164,1.9700093144663717,0.9143694971128696,0.7823506649857944,0.5053154080130657
920,1.567539222264105,0.2015472421401261,0.5876711391144217,2.1264340446899155,0.9940575453804875,1.059783184373486,0.663215833677988
928,1.5734420425507036,0.7549366014849533,0.7809884609767341,1.8430987023207344,0.8479627606058078,1.0376476175327058,0.970162473045863
936,1.3063394545033307,0.6988598269131495,0.9064233928992004,1.553860546005875,0.6000442995328565,0.9874736232997062,1.0764132456552178
944,0.7986969564616097,-0.25592125691290574,0.7263873810536927,1.1701772579719025,0.33146602809185305,0.5964118410968834,1.0203364771072876
