-240,0.41174863755088537,-0.08943404381375367,0.22820530736096614,2.2154450429563575,0.036191616470287714,-2.214289936030979,0.3473956902274341
-232,0.2901931139304465,-0.04224192452137699,0.2410759048316331,1.481821892412288,0.23354056092905268,-0.8199770528702013,0.5776360757843927
-224,0.6105275797782482,1.0589077756766003,0.9174964346174778,-0.7204775772663832,1.2746275451320872,2.5521153052064935,1.3441506981506983
-216,-0.157417116398664,0.9845444423210798,0.8073814772098996,-1.3454158314630018,1.247456330608083,1.4824269243665962,0.9823444073312252
-208,-1.2800178120738455,-0.19954900198943282,-0.27946759518132513,-0.8706343248545604,-0.03245146527094657,-2.2171501490944068,-0.4191189421241856
-200,-0.8281174315926952,-0.38831750204835414,-0.5955119199406804,-0.16561250458342208,-0.4385898317624708,-1.6279635765574254,-0.6865410140222918
-192,0.40459832671991314,0.4125185874508637,0.17529288253360675,1.0284914539434153,0.2492712594740073,1.5310492074910287,0.3044937461271919
-184,1.1425115624346687,0.9402124150393979,1.1391564419849063,2.1539522777300424,1.210274611545828,1.9529182783650751,1.1468018334208263
-176,1.0466972889052224,0.6370387436684685,1.1849185229529475,1.2415710594638003,1.1387714055336526,0.4685111516151607,1.1038998555241355
-168,-0.16885760395797259,-0.4512403859423802,-0.06066774864644858,-1.2867831501055107,-0.6688301908967514,-0.4209890677213293,0.230130413693393
-160,-1.274297547248221,-1.2048844601501087,-1.1947089845726735,-2.130521163887963,-1.584071532512212,0.14817673108532353,-0.6236181433396052
-152,-1.3014687957222923,-1.0790387352220987,-1.053132544508725,-1.3296850597948235,-0.6559596358252648,0.3541059998129216,-0.7222926127270134
-144,-1.3958530283158588,-1.365051664193409,-0.9272869043790752,-0.7204774310199352,-0.27556245659406386,-2.1756783136765603,-0.9596833636501213
-136,-1.4130137866919803,-1.985699626446526,-1.000220166996393,-0.5703207312076459,-0.4600407819217106,-3.9332275700701502,-1.2313955672658408
-128,-0.10450472398517044,-0.8845499397671288,0.2582366504572763,0.21621474093099552,0.621088066353247,-0.4767615682756402,-0.11165506345449583
-120,1.6401740409357026,1.466476245320193,2.0129258722941334,1.6863211054564644,1.7908808923814623,4.276773131408926,1.7545791897541658
-112,1.6444642824917728,2.291623502957925,2.1273310947616735,1.6848910746595194,0.9857545447351912,3.6632754080925163,1.9090262097760764
-104,0.05709256723369535,1.1389914256277578,0.8131017612380516,-0.7876905412616295,-0.4514604032713212,-1.4206041960750277,0.5032727186177384
-96,-0.8939003595679077,0.0221109695844848,-0.043506935888769825,-2.103349882231924,-0.38138718012658346,-3.5657009686462287,-0.13453609264743052
-88,0.14432650159314736,0.2866729855726486,-0.14504155888858064,0.9255268056769866,0.5109730805259297,0.44133992925652593,-0.13739620155634893
-80,1.4127937948580869,0.4682911529865274,-0.708487000851098,3.330895354523723,0.4180188759641453,3.7190479699412946,-0.848138310925106
-72,0.4946923440264671,-0.6371487632665629,-1.4320996499293188,0.3105989977965556,-1.029206475805754,0.9018207870122465,-1.6103627345953833
-64,-1.3200595733738432,-1.789780824927467,-1.2090096011651499,-3.516253797285715,-1.9229968463696248,-2.802046463791574,-1.2271054134269161
-56,-1.2642870629878382,-1.5466698377520962,-0.48110672773632335,-2.643914406222545,-1.3137893254361306,-2.2929436307663393,-0.381937231357423
-48,0.21439967834457901,-0.2510313777390404,0.24679613109858253,0.6380838224048374,0.023321060169839834,0.6115176255484599,0.29305324704636654
-40,0.6806007164348032,0.43968986588087833,0.379792167318425,1.610527745605366,0.5982070456094254,1.0376768995735213,0.6791706671384381
-32,0.24872121568193134,0.539794390951708,-0.030636405089277723,0.372091820015971,-0.02530115950944206,-1.6622851363233302,0.3917276852488706
-24,0.2201199341066104,0.7571642507786412,-0.08211870402877612,-0.139871337293728,-0.1926187115598066,-1.3634015129469954,0.019910915699343675
-16,0.8421980580411004,1.2533966248986452,0.37693204504454747,0.08035858627778024,0.7555141120168255,2.218910166767739,0.20152911030400092
-8,1.0509874137099255,1.1289809587264605,0.5285188781184681,0.9855894852639379,1.1301910425525257,2.633628867974271,0.5561850987416143
0,0.7263627837306451,0.5297838672109295,0.3826523226206496,2.0924594883853525,0.5281338608697421,-0.04774217981133153,0.3717068262593224
8,0.40745836803593577,0.28667294071554467,0.43270453223389954,1.375997117877857,0.7683846962761538,-1.9297072222008769,0.13574613486014137
16,1.0824488983633596,1.0288764324266684,0.5013476772666641,0.9584183334169833,1.3246798111239564,-0.7070018785586912,0.06710305112184366
24,2.872889730119214,1.9598484735088058,-0.0535174081667752,2.783180592825354,-0.08536387842316955,3.478797170174773,-0.3819372407282559
32,4.182828943753981,2.939442718293723,0.0823387408024916,3.822837618125703,-0.7117321505126362,6.024312064382502,-0.21318963330171106
40,4.345856266230652,4.837138372279179,2.2245754556203057,3.692701809409588,1.776580258122661,3.387272916988283,2.0763437730407173
48,3.4706567406039888,5.653705325157845,3.35718662249815,2.3312802972961855,2.9735442376876513,0.19536884407927124,3.5264292722782105
56,0.9566031857249657,2.57191612378271,1.14058650673192,-0.6175128564912117,0.3937077502248118,0.1381662199414034,1.501457812641227
64,-1.9979101898743927,-2.204499516455924,-1.753864204028028,-1.5713659078709958,-2.1346464120294724,1.06627812323402,-1.0297564998458153
72,-4.752214605814403,-5.944118434325461,-3.612948147327441,-2.389362936710952,-3.1070903226331454,-2.0998846811495735,-2.1137454754641176
80,-8.611958883011463,-9.682307248735691,-5.796656742266585,-7.626259439928393,-4.8803704006214845,-10.241242572641582,-3.5409498780694
88,-11.96403025520831,-12.729774933665821,-7.830208582397398,-12.261098820453217,-6.574996900625827,-15.187835810240735,-5.585942299160616
96,-11.296190180882963,-12.377978993303518,-7.907432052313475,-10.39915462921859,-6.524944674114354,-10.655961313021269,-6.08074457519802
104,-7.751060058929253,-8.994446165641085,-5.868159972550757,-5.807217277592368,-4.836038430179283,-4.41372935778796,-4.178758708844337
112,-5.401463928910875,-6.225841148931482,-3.697321937598945,-3.603487717972968,-3.1442719664214915,-4.884220665700374,-2.527034144951983
120,-4.865189705312867,-5.359222056029525,-2.7649198346885777,-3.8008366541362406,-2.592267088982011,-7.403994370189853,-1.9821795391703203
128,-3.782630860498271,-3.9220071180083256,-2.2672573306865873,-3.559155647216761,-2.3648867667087674,-4.359386920751701,-1.7047470148112163
136,-1.7462188773548468,-1.3393105091933313,-1.2504814637737744,-2.0747487084979963,-1.145041730299202,0.47423132580485644,-1.0440571459333734
144,-0.8009461791244973,0.4640009504499933,-0.5368792136967137,-1.1023048373747213,-0.3770970557827407,1.0834388329125317,-0.6207580207584872
152,-0.750893924500524,0.755734121818376,-0.5082779379589607,-0.8320225564073138,-0.5601452825669254,-0.5883065976503817,-0.3690666847350482
160,-0.3662065376633218,0.5397944141483605,-0.39530279851924066,0.008855404076738922,-0.41856890794519036,-1.1732029015941339,-0.10021451767312431
168,0.39744796703771224,0.6398988943620868,-0.08354875955857696,1.1257358095789596,0.12056545282785683,0.27831260386106926,0.2658819855145761
176,1.2197350756716487,0.9044608249374078,0.34261048082365675,2.010945806869148,0.9113911457838385,3.054067903135524,0.7506739009558728
184,1.3069690147933273,1.0117157063107927,0.5943018534087078,2.451405687654991,1.1001596880883193,3.5846218391721147,0.892250333799671
192,0.8236072181733616,0.9702438106738221,0.529948980656056,1.7964361157093964,0.23640065678025304,0.3712666958192336,0.24443103658429788
200,0.7521039209107766,1.1590123394597247,0.6586547518159358,0.7124471516126121,-0.3470656649105422,-1.6994668122183036,-0.04015182103432906
208,1.3341402382273038,1.896925643074617,1.326494875760612,1.5047029378889665,0.15488700906049635,1.7283980153814198,0.6119576337068543
216,2.596887274347629,3.1010400042895006,2.010065778593616,4.171773422695549,0.8784996570633765,6.583467369250699,1.325559883937535
224,4.147077280989627,4.642649620913213,2.665035341936478,5.410209269938631,1.6164130130627632,5.9914205100662095,1.8403831051454298
232,3.8310329923310236,5.230406218110146,2.710797428742087,2.40993388342205,1.4705464128614603,1.3537210685619756,2.050602608669806
240,1.6887962718292606,4.318024990473072,1.7569443721392155,-1.5127332681445826,0.19492878019218873,-0.43099945274305074,1.4814368897456673
248,0.9494528973225466,3.4657065287575115,1.2907433664628576,-0.06121779203084048,0.12342559568684378,3.224245692367689,1.116770475116114
256,2.273692670863928,3.431384947177535,2.0086357531733783,4.656565201722091,1.6807658871979965,6.843738989908956,1.5743910889307438
264,2.5496951393859897,2.9065511988492174,2.128761183934302,4.366262298954753,2.16698784065639,4.885980575532312,1.42852451561298
272,0.8493483651851871,1.70386696751632,1.4952425274297791,-0.7462187173652992,1.396183034495217,0.14388652516914405,1.0524175117275343
280,0.035641559466873356,1.5837415187818311,1.3808373830013103,-2.3049891261615807,1.2460262435861371,-0.7570541175134027,1.2097246514117785
288,1.8890053235071227,2.9723342331296223,2.058687994278773,2.587261887779792,2.052582704830652,3.693306792512665,1.9776692766161499
296,4.122766144036018,4.195039492587927,2.7451189952672808,5.334415856474075,2.663220224147227,6.521974529825821,2.734173480778767
304,3.2618673171886456,3.654475036651062,2.4405152265818515,1.0928443704778292,1.8852651277401915,2.8195373021379333,2.709862367482671
312,1.1067599637299468,2.214400005543827,1.6554097790953473,-1.83592798776517,1.0215061721668934,0.11671524842895258,2.240801209576493
320,1.6015623264091532,2.0585229762318016,1.744073785421963,2.158242450925115,1.8452233337190869,4.461251513729672,2.455310857261721
328,3.5922122242831693,3.1139105969979424,2.5220289064082335,5.913592039534346,3.213795155588121,8.137947424348152,3.126011181365725
336,3.7867009956197633,3.264067349809206,2.6650353720460407,3.072053695994177,3.0250265788727106,4.757274774109249,3.0402072790321806
344,2.1163855729643837,2.5762063616518946,2.1888238509243956,-1.7243828946380368,2.074033675882242,0.4856718439345888,2.489632417181246
352,1.1682527759640493,1.8897753586663233,1.8284475876758433,-1.2581817353414593,2.289973429945563,1.8084815969715802,2.25510183415722
360,1.5114682445821068,0.890160174548484,1.12485583921825,2.6887964969537825,2.355756377891404,4.421209663637189,1.8160719944608772
368,1.379902312282435,-0.6771906430077498,-0.20081405406618366,3.9958754270134405,1.3632915330242767,3.392993111763087,0.5876465158021518
376,0.27732246453614595,-1.7997912334530815,-1.2976735901326815,0.03173645508374435,0.05764258414223304,1.1992740199667045,-0.058742675803229484
384,-0.9425226488371486,-1.6567847859424603,-1.2776527088682015,-3.756504624703874,-0.11110503972167536,0.17105771127340796,0.4045982612127071
392,-0.7651945357162929,-0.948902845087267,-0.6055223476688223,-0.870634326390762,0.8784996996161766,0.6730103377757987,0.8507784254122214
400,-0.04158185929367212,-0.5928167582598118,-0.4124636616643508,3.047742625711741,1.0443871087268362,2.2661023315317004,0.36741661404471476
408,-0.07304334870933246,-0.7873055924270764,-0.9372973106003865,0.6152027818440067,-0.0353116002953025,2.469171429902291,0.16148731996978108
416,-0.7151422397684808,-0.8602388450590797,-0.9973600313575564,-2.904186176199653,-0.5243936975344035,0.6658600785612213,0.6505693635954259
424,-0.6808207164105676,-0.3997580879246024,-0.02491612075388563,-1.841648206351109,0.5395743292265237,0.6186677916691856,1.4585558734568316
432,-0.004400182169737344,0.12793578390655377,0.8316925740686324,0.5551401017961953,1.825202415892995,2.5878668681177044,1.8675543262751026
440,0.178648071344366,0.1436664781501426,0.7044168192653972,0.2977284505596997,1.7465489114930852,2.3376055095849955,1.477146715628874
448,-0.4434300085011215,-0.2481712029270478,0.21533472863196557,-1.23101055891527,1.0043453418965096,0.5014025063787921,0.8550686336327036
456,-0.5721358745982962,-0.5141632016290282,0.17958313714739418,-1.346845791594648,0.9714538806740676,0.11671522676850273,0.25873171662192407
464,0.04851222068993123,-0.4312194802522848,0.4384247992102061,0.030306313833860173,1.3118092150358711,0.784555371451907,-0.0029701618839598496
472,0.5504649003449178,0.48259180183924877,0.847423286285786,1.8922504609794861,2.041142177176466,1.0591278013423926,0.03135145748658945
480,0.7706947792129422,1.7038669318764295,1.279302756160994,1.962323683509744,2.614598045330923,0.6315384516632809,0.28447285702808045
488,1.0352567935112822,2.0213412882008317,0.9432376161938525,-0.09410924280710807,1.846653387405445,1.8571038158827609,0.44321002290066436
496,1.64017403893864,1.5894617774626452,0.3826522710042562,-0.3515208926610211,0.47093130970147734,5.054728226740619,0.6534294967763394
504,1.8975856875635908,1.0231561998612915,0.26967721129342925,1.171497961980402,0.19349872143636312,3.989330056579125,0.8307575168033428
512,1.071008363642643,0.3338651060939875,0.16099225349789273,0.13613118514903097,0.4938123138543162,-0.5311039610692752,0.6090975252587962
520,0.008470414840069019,-0.47126129716280285,-0.19223366281893617,-1.830207663642141,-0.09251418602811651,-0.34805577484082856,0.12287554092273892
528,-0.38765753621293114,-0.549914828753491,-0.034926588576904526,-1.6714705200444893,-0.8361477861143982,2.7008419605496377,-0.1302458643027001
536,-0.4863319582853114,0.21230957448529805,0.7129972335556776,-0.5374292735184688,-0.056762561054337496,2.502062932448573,0.09713441802928797
544,-0.18172824044817468,1.1947639377035855,1.4737915820327667,0.7682196887285347,1.5763711763352366,1.3794621908409455,0.7106320477909837
552,0.7849954308308273,1.7481989364223192,1.9199717448496991,0.8068313925016695,2.0954846109867002,0.9733239205156784,1.806061578407872
560,0.6291184648103318,1.5937519574170071,1.8656292649533992,-1.34970592370022,1.2789177258545497,-1.5736211198577783,2.2422312180985062
568,-0.5335240824935363,1.026016287263379,1.5996372276927444,-1.6357189198035647,0.5567351521231371,-2.812056956193828,1.9390575776052419
576,0.06138281493457293,1.1447116694074122,1.4094386532087353,1.4432101789610798,0.7297729771409972,2.4105389073881054,1.427094438576349
584,1.790330848128525,1.9555583225886655,1.3150544468842267,2.727408272313939,1.4047634533941034,6.8437390614959766,1.0123757057240519
592,1.3856225850963095,1.8597439476698754,1.367966794133376,0.48935714340417924,1.757989376623842,1.5353392794503762,0.6048072872359918
600,-0.3376052459490672,1.0260163242858515,1.5066830526260417,-0.7433586225894402,1.7751501420664935,-4.217810540753258,0.6620099040000897
608,0.005610304855808595,0.6942413204913092,1.6239483482089905,1.2873331774543135,1.53918950489525,0.5986470222402246,0.8164568472118908
616,1.0223860921933485,0.29382324970307366,1.1563172519774216,2.1339313465389904,0.5309939418197812,5.642484836073552,0.6648700156741723
624,-0.0287113005353003,-0.7587042596962222,0.2925582426370465,-0.668995235313224,-0.8890601358214698,0.3455254836724356,0.4403498871082071
632,-0.8738794478866238,-0.6414389519772766,0.35119087314624614,-1.5370444338251745,-0.9634234856143535,-4.143447125210922,0.6505693646707676
640,0.5275838659288957,0.8043563133851576,1.3937079661852967,0.6123426697090638,0.44519009571123663,1.3308401551986857,1.3412905248749083
648,1.600132274258997,1.8697544113451485,1.8756397292431528,0.732468111377023,1.4905673031895332,6.037182585503923,1.9891097942850218
656,1.036686829838556,2.0099007785202123,1.6668503067495328,0.5465596990274306,1.4004732614573647,3.0054457361479767,1.671635513388146
664,0.8650790939933247,2.0899843645653586,1.8041364769912918,1.4031683353206454,1.0586877866137792,0.28260273757574594,1.35559117403487
672,0.7506738670707981,1.620923215261912,1.9342723963139643,0.03316646944332654,0.8584787209564784,-0.10065464365822659,1.3226997131196687
680,-0.07447334786051328,0.3495957637759637,1.3794072336095562,-0.7133272443141,0.8713493557568579,-1.5078381516340706,0.8836699467001693
688,0.04279193666178,-0.5599252572497331,0.41125358729774636,1.0528025541817914,0.5881965379987699,0.13673620911508577,0.38314729983919105
696,1.0495573732349053,0.043561962603766956,0.027996259830850776,0.8983555768663017,0.05764256217454175,4.900281336988653,0.3659865622017989
704,1.5572303278544515,1.0832189301429143,0.3326000309742033,0.26483700761806395,0.44089991130188866,4.251031947989108,0.46609102659264234
712,0.6148177709468862,0.8458281996512962,0.050877339103976314,1.6248283747946988,0.6153677999914209,-1.6737256152799058,-0.25323144529638153
720,-0.020130925571795504,0.3581761683881709,0.07804854763679141,2.7231180126306844,0.6325285680456167,-2.7076622971010806,-0.25466152755610044
728,0.9995050782088152,1.13184115243374,1.4251693904659843,2.111050397535811,1.2803478035056617,2.2203402759109956,1.4814369173973068
736,1.7531491590222135,1.6952865263425014,1.9957651612330387,0.6895661428511671,1.258896842132146,4.797316604077484,2.019141216342124
744,0.9280018623649462,0.7585942771206008,0.9403774845491415,0.0832187245281609,0.277872518313536,2.5049231341441027,0.906550975432243
752,0.4045983105897904,0.14509654888834495,0.5299489420973811,0.7110170950074692,0.03762169028089472,-0.011990627499916157,0.6205380108210421
760,0.5962269177141879,0.4196689180988437,0.7087070036747455,0.9984601770574195,0.05478247953468003,-0.3380454008797638,0.8722293872465984
768,0.6348386457593171,0.09504426461566917,-0.16220230589680618,0.3921127061962985,-0.8475882819691979,-0.2951433005477593,0.5390243526551102
776,0.7134921850310159,-0.6657500617401084,-1.254771649104843,0.22765530514679305,-1.5897918031754041,0.13959629958957778,-0.1388262455646337
784,1.025246295425081,-0.7343931944832555,-1.1031847753215647,1.4517905078385194,-1.014905800991215,1.9185965634427502,-0.28898303954611687
792,1.5114681917367523,0.1436664778429016,-0.3681316392985153,3.22793078107034,0.4623508651480135,2.8052366193351443,-0.3719268137682154
800,2.373797171048283,1.3635116012015105,0.1552720561115447,4.020186517112885,1.2846380131087258,2.6808210880415104,-0.1502667598538604
808,2.927232204331564,2.0099007709928207,0.31972944886555865,3.2879935151924706,1.0129257265380878,2.519223743055567,0.567625614413423
816,2.3523462262657486,1.592321892669994,0.47989666366227385,1.1085749723956666,0.6997415911846457,0.5514548995682038,0.7249327408863284
824,1.6659152238946606,1.1447116583467576,0.7873605790471954,-0.2428359755748419,0.8527584933069463,-0.4124086082667036,1.0466972286211038
832,2.207909755331954,1.5093781637658592,1.1062649743104147,1.9995053743058762,1.108740042620334,2.3676368168877957,1.235465754180981
840,2.6855512860509543,1.4192840538263132,0.765909614294035,5.1499375686297615,0.538144332226026,4.541335059833563,0.817886954665326
848,1.967658864929504,0.4597107462236374,-0.1378911724764614,4.033057128870231,-0.6202080057820196,2.9325123235973267,0.19580885223766634
856,0.47038119785564464,-0.7615643870395674,-0.8400529526605387,-0.24998629039993928,-1.5912218564009033,-0.7913757259769162,-0.08162368272123233
864,-1.1012597022597324,-1.62675342149294,-1.2991036622534657,-2.478026915232309,-1.6684453810057787,-2.8706897200453763,-0.6178978974092677
872,-1.3744020561889279,-1.3536110863054107,-1.0145208153882546,-1.212419789251971,-0.7088720426790591,-1.1002698482075548,-0.6836808556476631
880,0.2501512884171966,-0.050822273983925095,0.10807992621937253,0.9140862585130332,0.995764946501516,1.3580113153411326,0.19294870430921202
888,1.3856226059886605,0.6084374358240898,0.5185084357964057,1.591936873477379,1.7236678414371733,1.2750676595602224,0.386007417197222
896,0.7478137489446658,0.22947036343184302,-0.06209778205493817,0.6881360392382364,0.735493237358015,0.431329452984396,-0.36048626138117457
904,0.48754200800178005,0.1636873700144174,-0.14361148308091087,0.13899125058342815,0.08052364006508526,0.30691390709684097,-0.31043400829340345
912,1.7631596718559563,1.150431920407217,0.973268925032854,0.9755790486258231,0.8141467423724049,0.28689296161911104,1.1539520960150491
920,3.030196856131259,2.2058195778885885,1.9442827802603437,3.0491727465301337,1.247456305260747,0.42274899952096023,2.05918298993174
928,3.290468627951808,2.483252165385601,1.7812554304392727,5.065563735651836,1.017215948123529,1.9529181311969057,1.5429296546647413
936,3.160332699411923,2.0170510987220154,0.9160663944496981,4.3090595230401085,0.8027062260861154,3.786260936240843,0.20867942528271835
944,3.1145706284291954,1.6366539373107596,0.20675437563615234,1.6577197725719923,0.06622297830826455,2.9396626875808924,-0.3261647206641776
