-240,1.1560722977616058,-0.18251488208504146,0.009677887562669131,0.6667810992765932,0.436683266995098,0.7922211903312335,0.2509424914547601
-232,1.160911204683226,0.5513909444586109,1.1000521679363866,0.4877403207616435,1.0399376879811078,0.7567357275908236,1.5719729475943582
-224,0.8754137674736422,1.0272200058392624,1.7323403522132341,0.03449298361439622,1.3544687666732,0.5373704482489707,1.9719918873860818
-216,0.6318538190667019,0.7272057740520914,0.9242374885674024,-0.054220935566374175,0.7173417314407227,0.14057738651156643,0.9558146077279861
-208,0.8915435541854346,0.08040080455420058,-0.5806727703120931,0.6087137852963695,-0.5488474026109108,0.0744451877522767,-0.6136147862163659
-200,1.1657501469517861,-0.3583296964308225,-1.280705988153896,1.5039175461864431,-0.990803897740696,0.308327321969439,-1.450751260502767
-192,1.4560864928156836,-0.164772147076181,-0.4209877362671392,1.7587684499289784,0.014082538340513982,0.6664087798892917,-0.7749127144983607
-184,1.7367450062965242,0.7336576561275233,1.0629537187796583,1.3942349368376465,1.4157620352927816,1.3051488516129195,0.7816127638577458
-176,1.7044854223035102,1.4675634637848198,1.8726695844360466,0.9829250962901633,2.0061125938842266,1.5309659828813431,1.8365016461205075
-168,1.0286468189469602,1.2788448466491174,1.7968594843325127,0.7280742478205393,2.019016435313205,1.0938484696987918,1.8961818451544998
-160,0.3350655382802318,0.7643043015265505,1.6678211320731433,0.31192547557392347,1.8351367736145303,0.46639933269171047,1.6252012340575188
-152,-0.29722255000541403,0.4433213191003619,1.5694293936777846,-0.5235980802177312,1.4173749537875284,0.0325077861040988,1.5848767075867576
-144,-1.0456451837753145,-0.03895965623727647,0.9597229850953288,-1.4091239595162632,0.3866808932401198,-0.3836410308460003,1.5090666956773062
-136,-1.6569644715203793,-0.743831868328434,-0.27420653048269655,-1.712364205200898,-0.8182150354352322,-0.8191455539735788,0.6703171777957133
-128,-1.8972984540254567,-1.4954804361186431,-1.5613644545054812,-1.5026768105694346,-1.6940630854695553,-1.3546548590917062,-0.9023381603918366
-120,-1.5359910085450768,-1.522901095516566,-2.1420371897238737,-0.7736099127793353,-1.839231262733236,-1.290135738581473,-1.8572222072970996
-112,-0.6165925820553024,-0.8986778713909374,-1.7387922303167993,0.0022333365513514587,-1.3069479536658326,-0.4594511470635804,-1.836253452499619
-104,-0.7053064360868099,-0.521240602638939,-0.8871388706596892,-0.4671437497082462,-0.631109360012364,-0.07394888056092284,-0.9152419664738753
-96,-1.468245886439501,-0.7228630937782511,-0.30001424383605324,-1.6301022029226917,-0.35206385824516107,-0.5368741129879876,0.02028634029312283
-88,-1.3133998598123706,-0.5905987612356655,-0.3177570729301523,-1.4026720296185007,-0.5359435386569213,-0.8126936939033499,0.0331901543455495
-80,-0.5875589402262554,-0.5131757682812449,-0.7839081456388262,-0.22519675808857084,-0.7665996603627753,-0.6384918280279062,-0.7491050605763797
-72,-0.3520638464495192,-0.7373799304602824,-0.9742398366918511,-0.05422093383368114,-0.529491648611101,-0.6578476395531291,-1.4604291223416066
-64,-0.4504556855143506,-0.668021830428585,-1.1516675898048876,-0.5881172797387741,-0.8133760839833987,-0.7094629375207403,-1.6894722567647964
-56,-0.05527561695076689,-0.192192727809835,-1.1177950686040425,-0.5429538434008152,-1.4650199344125119,-0.34815551681787243,-1.3039701015010403
-48,0.4850726799909459,0.7497874716020225,-0.39840600163757467,0.11836787042656188,-1.094034562290568,-0.004590839267523567,-0.47973739292492584
-40,0.468942843204321,0.9836695488135802,0.20000946269852102,0.5974228829811853,-0.12785963299609251,-0.1787925699929005,0.19287514230086494
-32,0.5366880034291466,0.6320399107654744,0.5597040335212916,0.7022666004827922,0.4528130809101732,0.1905797280384514,0.2509424373947335
-24,0.7834739361044969,0.6578476483765353,1.2629631831309023,0.724848255235202,1.128651605255915,0.8793221215362625,0.8025815411802376
-16,0.8334763216417888,0.5981674325354196,1.5936240606636396,0.6006488727942136,1.4560865352533374,0.9954566963030312,1.3106701737319741
-8,0.5560437572556872,0.7788210818960539,1.3839366911562272,0.7974324091895751,1.381889472334031,0.7244760897110528,1.51874462249214
0,0.7689571066997772,1.5530514605543273,1.2548982891685632,1.2958431707191982,1.4947979813958112,0.8567404279715258,1.7784342990458442
8,1.4141490457709447,2.482127734155049,1.674273101129771,1.5474679917763514,1.6335142947773391,1.2551464101096388,2.1720014241639
16,1.8109420369877376,2.743430513042242,2.016224785159761,1.6990881401758926,1.7802954447690624,1.5487087818265817,2.054253875976012
24,2.685177074961884,3.4821752846267646,2.464633185236527,3.0201185758697107,2.6045280875028354,2.4471385456981523,1.9719918969158945
32,4.151375771261924,5.479044298726352,3.75179107443218,4.954081357631677,4.246541567479987,3.9197891057070753,3.159145071696029
40,5.34014190248279,7.903352963649842,5.421225150044148,5.623468000768333,5.562733073034096,5.2908219465176165,5.022136717628226
48,5.3320770611943225,8.153364815097802,5.403482370851614,4.876658297448762,5.204651629149057,5.589223264661583,5.218920312068809
56,3.361015661338041,4.420929459918272,2.635609037041238,2.6168736424530343,2.5787204739526057,3.8762386417506187,3.070431163257955
64,-1.7230967127306516,-2.1374463583467684,-1.8146022775731918,-1.9381813588210628,-1.513409323830404,-0.9594747841171588,-0.9104030446510945
72,-8.376638402945773,-8.478070050891162,-6.542246125038705,-7.840074489216366,-5.970072588615108,-7.661406029049103,-5.200929372003286
80,-13.060731757865398,-12.776661330077646,-9.77465767318746,-12.251574287514243,-9.275068255371297,-12.347112361201766,-8.609155674893177
88,-14.502735756857456,-14.54610010537724,-11.097301121634533,-13.295172179960815,-10.871918267128935,-13.240703185403813,-10.462469460372688
96,-13.222029731197415,-14.000912956093739,-10.55533994258463,-11.493473859307267,-10.681586653007487,-11.534170510410622,-10.093097077092834
104,-10.604163599568745,-11.805647446732296,-8.421367605851566,-8.78366770467359,-8.949246290478065,-8.793717766863717,-8.104293050001209
112,-7.695960980861682,-8.739372798936419,-5.850277712618621,-6.393231647758878,-6.949151245154085,-6.379086968110799,-5.7783760983490255
120,-5.15874380046545,-5.37308390895721,-3.621139686388064,-4.152802654237142,-5.026479378355958,-4.4677059185526256,-4.271852993574626
128,-2.7779854655612355,-2.1116387352667267,-1.4597467495151841,-1.9559241596722643,-2.8118581123956625,-2.5353560698400237,-2.881464359085601
136,-0.5391695010800699,0.32234782684254526,0.40485792978931623,0.19256495691049513,-0.6504651627008514,-0.3658982305146072,-1.5330132548105844
144,0.8641228251332459,1.2159386030489943,1.1468286326218375,1.6523117042531483,0.49475052327664065,1.2228868158937358,-0.8281410046001775
152,1.3818894508619641,1.606279789815008,1.4823284252198525,2.091042167985268,0.8818657148582779,1.977761413348916,-0.511997030804697
160,1.4706033560079206,2.2111471575386616,1.9823522393546724,2.0587826434236307,1.398019226991,2.0938959447983563,0.2654592290267427
168,0.9205772214850716,2.299861104269253,2.2436549309141314,1.5910184690745446,1.8012641879574993,1.2293388015842184,0.946136740864336
176,-0.15689329283181985,1.3175563650448971,1.598462981966613,0.5506465170592441,1.2512381128660268,-0.1691146760992372,0.4444999742739845
184,-0.566590208300324,0.3546073936818957,0.35162959463747767,0.34902399629087905,0.3415174234611829,-0.44332129000444526,-0.27327599988880436
192,0.2721592558677811,0.17717974747602688,-0.26614166840191134,1.5603718545174559,-0.07624432931059344,0.6244713018293461,-0.4071533498629155
200,1.4609254886244611,0.7126889427414077,-0.05484130225529181,2.6136476909325257,-0.10850392664534471,1.9906652178715303,0.13803383303482974
208,1.9141727637412929,1.8417748090859383,0.9516580668752861,2.7588159038896847,0.4657168686256635,2.179383882309756,1.1896967225389845
216,1.7996512121239367,2.9095673851522217,2.2662366901479394,2.69590966531437,1.7786824432783144,1.5341919751201416,2.1026432645275572
224,1.6189974374895868,3.198290856011972,3.138858709997482,2.4991261214684286,2.5271050458597384,1.1341729606493425,2.3736238662679954
232,1.364146665778271,3.103125017502866,3.5630723547210423,2.186208044960162,3.135198531442444,1.42128339293871,2.5478256669941763
240,1.041550669212674,3.796706365571358,4.316333992616649,1.736186683764398,4.282027143365261,1.221273862052049,3.196243558625468
248,0.5721735122591949,4.53222511008995,4.853456242739728,1.2732614423273294,5.061096387533786,0.5228535914676986,3.6752985980368345
256,-0.2988355828579085,4.287052171628037,4.2921392982542415,0.6619421003489674,4.701401877875083,-0.38364098198405333,3.430125618856631
264,-1.0020946964275006,3.4031392435721526,3.6404954644589833,0.3490239983701111,4.162666642548571,-0.7417225429991486,3.5172265881809097
272,-1.147262912850047,2.6902022011084927,3.5856541581385266,0.6958146830604196,4.059435922379248,-0.35299442096718286,4.15596657326988
280,-1.20049124436323,2.2788923468727327,3.721144424181612,0.9006630955713802,4.093308478580496,0.022829850625800084,4.26564919648022
288,-1.1327461167130362,2.2676014464635115,3.6630771864398866,0.42806006142992853,3.9449143707618917,-0.14330702928129782,4.073704613789195
296,-1.1279071749642844,2.298248083545611,3.4550027835960893,-0.33649237741831173,3.446503559157438,-0.6368788689881403,3.9253104494847944
304,-1.4634069824634592,2.312764896663015,3.398548432987364,-0.7429632547316483,3.111003779034815,-0.8885037229664642,4.091447361619985
312,-1.0359672761933743,2.424060448417723,3.5582334283932595,-0.5461798058372913,3.1497153559956246,-0.3465424947080761,4.252745332872769
320,-0.5552993494757383,1.9530704531931915,3.080791490795575,-0.4719827150216257,3.2577849633338634,0.34058692432900023,3.5381953530280117
328,-0.9649962273448013,1.14335450488734,2.088808864608328,-1.1236265727280506,2.6771122515068293,0.21154852944537847,2.38652772883583
336,-1.3053349351813628,0.538487073920387,1.4855544101813405,-1.7059122936696822,1.7706175688954076,-0.30299210057915443,1.8800520069817206
344,-0.8698303592066429,0.33847758253912996,1.3968404965451882,-1.0494295172593244,1.3496298448504196,-0.14814595647542772,1.9607010457151586
352,-0.40529221902753,-0.014764947666784848,1.383936675908527,0.023202098452874065,1.3770505217485438,0.25832495271946276,1.8074679212954585
360,-0.9762870302033979,-0.8470625132988734,1.0177902108814716,-0.16551652578686973,1.4754422608369788,-0.46751598228762115,1.4251917293345244
368,-2.1069858732611637,-1.9213070935954562,0.3032402339822919,-1.29621536503271,1.4947980014950513,-1.6433783152235633,0.9251679902253188
376,-2.7054014060386393,-2.7068283114988816,-0.35969453799490003,-2.2656162378773064,0.8802527079961808,-2.028880456279237,0.3848197650171029
384,-2.298930416966594,-2.4955279502038024,-0.5855116368619614,-2.286584937921684,0.23183482589470056,-1.3965923508399287,0.2170698378761574
392,-0.9585442811597229,-1.3519252679695601,-0.25001190785378574,-0.967167546689404,0.36087321800601296,-0.09491765909629978,0.3106226891025978
400,0.2608684637518812,-0.4631733628179818,0.025807693334086546,0.27805291261517295,0.43184433061769495,0.629310300063895,0.13319493061821233
408,0.9044474250701974,-0.46801225917017303,-0.25323783199774313,0.7425911182900872,0.0915055344137822,1.0019085759526924,-0.21036974866483008
416,0.739923510787099,-1.1825623549321043,-0.9968215671629517,0.9538914030001284,-0.21173460159137544,0.9115817663468061,-0.9555664458153823
424,0.07537577613148574,-1.9874392582206903,-1.8275060860810002,0.9296967448510082,-0.5923978627554417,0.3325220144258839,-1.9185154157922282
432,-0.22141255472981594,-2.137446400277943,-1.9775132672971178,0.46031960886311635,-0.6907896349383167,0.27445470772296987,-2.02819801613102
440,-0.01011213192413036,-1.3906367371568527,-1.4145833346626207,0.17643518787217233,-0.3246431972878137,0.7002814057448039,-1.4233306144465805
448,-0.14560243296761854,-0.8793221605351871,-0.70003325882666,-0.013896466447756793,0.0850536752099002,0.7680265190136452,-0.7539439922755118
456,-0.8327319039854891,-1.2132089398601402,-0.5322832994576215,-0.39133365168394446,0.3576472351237575,0.13573841842587817,-0.3894105195559311
464,-1.0811307591407802,-1.3809588985361014,-0.47905492982518894,-0.6607013966135133,0.46571691644799534,-0.19330945917553458,-0.4265090776990586
472,-0.37948451156533064,-0.5905987149727583,-0.02419473326803341,-0.13970885540430367,0.8479931312804788,0.5647910580918697,-0.23133852217539708
480,0.6044330761529677,0.20137430876760076,0.414535857470496,0.6119397236484108,1.0415507232593726,1.5438698123547392,0.20900498896384076
488,1.1625241990699315,0.43041748737446556,0.5984154917926185,1.0474443082865954,0.7302456002462528,1.9664705739304935,0.7880647038051288
496,1.1705890654824493,0.3239608129123246,0.37905025958001953,0.7813025696306405,-0.055275611766015774,1.7890428183916862,0.9832352343780087
504,1.064132410079933,0.0836268149862776,-0.1709758621208998,0.6651680274385032,-0.6924025769976894,1.8390451152150882,0.5928941565983945
512,1.7077113663734378,0.4255785168630066,-0.26452867003001096,1.642633840681615,-0.04559772237735486,2.5197226573748117,0.07028869134982076
520,2.7190496904212376,1.3094915102414244,0.11129556049814386,2.812044249957491,1.199622736060875,3.1907222318281403,-0.42167014842569694
528,3.0545495024254157,2.0563010884605495,0.5016367411997326,3.4152986243340515,1.6689998866033902,3.2374986956472456,-0.5313527414871775
536,2.91422021285046,2.3788971082442343,0.830684592984017,3.292712215314184,1.5625431395414056,2.8632873524253606,-0.2926317835176672
544,2.633561796053897,2.1659837596664917,0.5161535763223394,2.468479535154238,1.0818751935908744,2.335842910774173,-0.40070139969264235
552,2.4109705785332722,1.532082662959325,-0.45002140911139404,2.360409784349005,0.5044283613775837,2.129381502663621,-0.8362059722019757
560,2.57710748616346,1.1078690251665386,-0.7500355987941216,3.29593810133889,0.44313516085284343,2.21003053862475,-0.8926602585277852
568,2.8787347291444627,0.8707609584884902,-0.4790550038111871,3.937904119211679,0.8834786903586285,1.919694162611992,-0.7620088739357288
576,3.604575632963072,1.1030300295310291,-0.07903600580097307,4.155656360676226,1.435117787386629,2.4164919152002855,-0.8474968391702195
584,4.706240866419884,2.0369454281994392,0.5532520880292902,4.83794683328628,1.9706270476280043,3.842366098024763,-0.703941638966313
592,5.520795676770602,3.4224950561369893,1.3226434512993523,5.642823716302356,2.2738672520745427,4.755312645211415,0.11706514875796098
600,5.898232918492584,4.629003908331898,2.0871959008902907,6.238013357510505,2.3900017890686005,4.894028912676574,1.4058359947408787
608,5.701449393706268,4.859660067810463,2.7178709802346077,6.141234575036064,2.6109800520544626,4.3601326145938115,2.2574893006845005
616,5.174004961065084,4.195112333328118,2.629157037835749,5.6460496912142215,2.4303263077422415,3.5729984520319746,2.5252439481321196
624,5.088517020088298,3.5789541059135317,1.8533138082577632,5.699278087703398,1.628675351122624,3.450411961922065,2.1123211303515914
632,5.193360753010873,3.382170576622213,1.024242164170593,5.715407865231918,0.8237984005315145,3.614935959720974,1.2880884974941693
640,4.491714527787165,3.2208725708888326,0.772617371009799,4.486317201302599,0.6883080916909073,3.334277473789955,0.8574228890853295
648,3.417470002763492,2.8756948417729036,0.774230291583777,2.8943060940408114,0.9609017183134513,3.0052295861389218,0.5412787707832393
656,3.3900492932907382,2.748269475063505,0.46615118887908535,2.9007581684451833,0.9963872415248524,3.413313393902585,0.1283559576809826
664,4.696562959184483,3.351523929490494,0.25485083468804826,4.347600914084738,0.9270291557012386,4.539173329345653,-0.01519926071620185
672,6.580523436499201,4.611261168818035,0.9548840190888737,6.420280084253848,1.3060793606214534,6.194090590454065,0.5799903576203977
680,7.996719719885397,5.8855151952725855,1.9904170832421784,7.862284000423174,1.7238411579234443,7.629642667345476,1.6961723657288252
688,8.164469499054347,6.653293604874229,2.6678686915548626,7.74131045618456,2.0367592597290316,7.690935899578502,2.4268521979544477
696,7.116032728448861,6.5065124394615355,3.006594431514923,6.579965104263988,2.5109752950146924,6.3828092897194235,2.4381430884873185
704,5.864360329196901,5.595178824111366,3.1840221808160365,5.494429664449741,3.123907689424982,5.253723384909104,2.0413500541264655
712,5.025610793641835,4.685458181489238,3.2098298475599467,4.800848357099537,3.333595041432195,4.756925625909844,1.8526313969655517
720,4.8385051358924365,4.380605013844472,3.4340339795901227,4.410507181942568,3.4303737445492875,4.711762193383811,2.2768450995610627
728,5.104646758804489,4.696749118285017,3.5792022024236356,4.352439940562187,3.8207149391124196,4.740795757934743,2.8171933171454278
736,5.286913601984812,5.114510870883525,3.69211079638738,4.521802796940576,4.0400801602357825,4.71014923538366,3.289796390965553
744,5.2465890469246155,5.420977028583264,3.896959270755486,4.597612880930063,3.5658640927220273,4.419812794394908,3.7930460732783415
752,5.0385145849959825,5.34194107624254,3.9534135063133857,4.570192187224815,2.9368019959821052,3.790750782730218,3.680137519166538
760,5.4901490076336765,5.435493806353728,3.8695385453419537,4.797622277879543,2.9771264824276544,4.195608583007385,3.6252961826972205
768,6.065982799890432,5.898419025439059,3.700175692775489,5.083119755287608,3.114229774392463,4.869834135318163,3.2768925763933194
776,5.878877159294696,5.740347053355845,3.1791831475810852,4.8040743233479395,2.67872522458141,4.584336807268247,2.8413879732153173
784,5.117550705061403,5.079025207670515,2.6162532419766005,4.126622758872392,1.9544972683667927,3.885916532352165,2.576859349888051
792,4.223959908235905,4.537064091690645,1.9952560710805687,3.7798320440332214,1.3996322134073174,3.148784731243184,2.1397418036110603
800,3.6642559423696164,3.8015452834089447,1.4178092710953705,3.645954739802211,1.357694792179707,2.6600518731370375,1.5784248301895973
808,3.3206911520209417,2.7450435278747296,0.8226196768432052,3.250774659802853,1.4480216303750308,2.6648907414196006,0.8541968939009532
816,3.2126214953009473,2.095012656411353,0.5000237234216685,2.8120441132480005,1.7109372788950237,2.6084364719009154,0.06383681707150837
824,3.25294598590496,2.4498682108062964,1.0629537021458042,2.5039650523012136,2.0335332475642613,2.2245472973355884,0.34449525258115665
832,2.752922353702921,2.751495411336316,2.08880891225739,1.6006963660870557,2.394840785223918,1.5954852004223947,1.5477782291475157
840,1.7706175637106563,2.730526713024631,2.7210969821764865,0.34902398936010665,2.6287227907019783,0.9406153982995027,2.862356781726287
848,1.8593314374948657,3.196677855734108,3.311447593095265,0.7216223470320218,2.9174461745805305,0.6502790496632965,3.570454873604455
856,2.92551108328409,4.203177274073173,3.624365676361035,2.149109459267213,3.2174604888438982,1.2567594561306015,3.607553419272192
864,3.123907647160598,4.038653325829288,2.9017507070825443,2.5781621862609394,2.965835664841166,1.3148266949119427,2.3929796391541607
872,2.052889037617417,2.412769676574334,1.7178235288729398,1.7442515153497837,2.017403459812854,0.555113199718416,0.7719349534798933
880,1.27381974562656,0.9627007505254999,0.793586057192631,0.8474348110141826,1.0786492060303479,0.03573369915882006,-0.43296101712663404
888,1.4689903065215706,0.944958047224925,0.6064804178097808,0.8990501379177694,1.0189689946942337,0.5760819228076125,-0.28940577360539826
896,1.6980334986434427,1.6191836092387848,1.103278218220406,1.342619607508289,1.4754422764312185,0.9438413163790345,0.7783868740211128
904,1.5254446155456607,1.9869429603592228,1.2968357727731272,1.2555187147690487,1.433504786762227,0.9615840588384758,1.4074489395725602
912,1.4109230670471518,1.8030632685116872,0.793586053900514,0.7893674831724127,0.7931517733257657,1.1841753843058846,1.0413025474918869
920,1.7093243796465003,1.5014359874114365,0.32743490200776315,0.7716247362079691,0.47862072547561146,1.7551702717202515,0.746127200274593
928,1.8883651252402813,1.4030443236951533,0.5177665398671074,1.3490715134948863,0.7512143165779458,2.2406771277112485,0.9993650645804001
936,1.9593361713165465,1.5578903747532578,1.1565065343126197,2.1523353919013672,1.1576852285451458,2.472946203605326,1.5703599556334225
944,2.1448288355455847,2.2934091286283906,2.198491465466927,2.8184961320329225,2.0351463142042725,2.537465450255622,2.4284651682567193
