-240,0.724273311687561,0.4045604545718582,-0.0639655377879134,0.30732141626186826,-0.131717362705344,0.49508745421719413,-0.833100737922196
-232,0.3469053849861382,0.3568300750442434,0.307436111701284,0.3804083940680111,0.30531349666632257,0.40708460104154875,-0.4393255164410773
-224,0.3081246151521838,0.7297232831813659,0.7802646346667569,0.7473352559348387,0.8184144783786644,0.08490489068925612,-0.08134806125961713
-216,0.3737537229697107,1.004172655184521,0.76534891391683,0.6891639586615108,0.7617347051441128,-0.23578318763089853,0.21100017586776904
-208,0.6317958049999967,0.8714227086569374,0.6012759217368464,0.514649967981134,0.45745388667404985,0.09236276740742869,0.3004945130253055
-200,1.313444536231686,0.7834198960188596,0.5759191880660479,0.7980487958595116,0.18002135859997995,0.562208152728154,0.3512079733168911
-192,1.5282310305226428,0.8833552903200694,0.4312366401673449,0.6101105815497581,-0.09741115473315586,0.6084469414021086,0.14089623732666415
-184,1.3358181155940732,0.8878299491194972,0.3223518340534865,0.1924702528220154,-0.3823015688185951,0.7441800516915282,0.13492996780536107
-176,1.3552085502617015,1.0280378250801139,0.35665798226080264,0.7682173309664373,-0.35694484588304154,1.0976828455099197,0.3183934089132238
-168,1.3268686340824447,0.8550153452998557,0.40289678167000215,1.5348857019413984,-0.033273557815746896,0.6785508813852608,0.36761528940684934
-160,0.6079306282146202,0.470189641862245,0.48791637975411334,0.9844953268643146,0.20239491152482356,-0.11944056151941641,0.19310133541857924
-152,0.22608802364669212,0.6238216196793086,0.5744275996158004,0.21186072818743876,0.37094263861231613,0.14009310607702147,0.3750731877557397
-144,0.7048828473778379,0.8967794176526952,0.5878517684473588,0.2625741782244618,0.37243424244440726,0.6860087170851831,0.5838933426661862
-136,0.7093576026342444,0.5790744136874093,0.3775400073014085,0.3207454825478017,0.12632475473522847,0.5532587452416484,0.4347360830929676
-128,-0.02002153968988498,-0.3099029221386336,0.04491925278387351,-0.1356757866562252,-0.04520614749025574,-0.13286474653395652,0.055876615368649414
-120,-0.7061449585619596,-0.8513438206711426,-0.23102167578424856,-0.5637570715842908,-0.29728193051737134,-0.7473926497908342,-0.3334238623924448
-112,-1.0059510243392562,-0.9885685216539946,-0.3861452369242782,-1.050009875700827,-0.5448829789574329,-0.881634259274471,-0.43783395058291324
-104,-1.1476504241784216,-1.204846579720158,-0.5830328449409689,-1.3930716312823952,-0.5717312752818452,-0.7473926770295167,-0.5183788921107823
-96,-1.3937600017752498,-1.685132958574222,-0.9067041224332457,-1.35876535216918,-0.6821076898743935,-0.5012831497441351,-0.7421147905234668
-88,-1.5548498327570373,-1.9685318152935567,-1.01558894312781,-1.1857429952834442,-0.8252986331398672,-0.40433096086392234,-0.7704546804254071
-80,-1.4131504068007827,-1.6687256336717489,-1.240816400188419,-0.9396334755287574,-1.0788660188774808,-0.6534235836542075,-0.9121541033373383
-72,-1.3728779613527993,-1.4241077603696788,-1.5719455588852398,-0.7934593411025382,-1.3160260883649093,-0.9696369925999165,-1.2373169543787015
-64,-1.5369509657100764,-1.4748212706522565,-1.7822573107379933,-0.954549165514997,-1.4264024970290379,-1.2127633945780711,-1.6281089891854452
-56,-1.0969370284585347,-0.8543270124727977,-1.2840720361562377,-0.7815267049620428,-0.8282817957801105,-0.9412971571753398,-1.2253843800860365
-48,-0.04686983857793745,0.4910716513607797,-0.18925764108488052,-0.0029257736342125315,0.3366365171629994,-0.3029039584044782,-0.3050839788996058
-40,0.17089985103968094,1.068310298728144,0.7295511871933741,0.09850119389562784,1.1241868905864836,-0.1194405485409857,0.5510787590352139
-32,-0.13188949210077805,0.6551446369714338,0.9130146270194168,-0.3623947953147471,1.3300239461465646,-0.20893492110880835,0.8523764619719298
-24,0.006826773939101128,0.5223946467017321,0.9741690883750364,0.08358547346615589,1.5119958130644309,0.3101323743476365,0.9672275390491396
-16,0.5094868282920768,0.9355603477141897,0.9935595539665801,1.421526172456413,1.4985716110657719,1.0693429227613338,1.2536095045722644
-8,1.0002142474659226,0.8788806063649178,0.8175539578518367,1.7198407819711827,0.9750296119461878,1.4004720551808392,1.2297443631971743
0,0.8868546965104472,0.6387373848122636,0.37008215317531873,0.7562847642044668,0.2486336586998453,1.2259580587322705,1.0075000098130737
8,0.7391890103260874,0.9295939966370689,0.22390802419683595,0.5638718451099812,0.13825732790630046,1.0753091773814758,0.8643090393089181
16,1.3626664396378496,1.3502175258187543,0.28953723552135346,1.6348210518595792,0.2426674260308763,1.8136376759192994,0.7584073870227885
24,2.5514498772923866,1.3666248124268456,0.1508209388780146,2.386573740218769,0.23670112350270003,3.0576093707809884,0.5406377465950251
32,3.1152644138305603,1.3621500884148086,-0.12810311403596958,2.754992220017711,0.23371796647042056,3.6497637360141844,0.08719965012557643
40,2.66331781079643,1.114549059522507,-0.6024232656688014,3.4023348076886832,-0.004933685859290911,3.2008003326328565,-0.45871599901674
48,1.5267394710735807,0.2867261549293057,-1.2348501168875476,2.7699079301926206,-0.379318435980674,1.994117984509695,-1.1522973240888545
56,-0.1348726335909861,-1.0348072169152935,-1.7211028708528642,0.8800852691170794,-0.6120037564605696,0.6606520378917481,-1.6713646100918749
64,-1.799467778321728,-2.2012171221541115,-1.7986646059983717,-0.6293863173577292,-0.6358689342073117,-0.4908421701505914,-1.6206511536457504
72,-3.562506673945388,-3.469053987231847,-2.2386785331555794,-2.4655123848230804,-1.1251047814343464,-2.101740655417625,-1.8011314444508901
80,-5.977363003185208,-5.6691237699465375,-3.3305098082072195,-5.084714075422564,-2.0647955999838308,-4.504664386010199,-2.546917807369364
88,-7.794098526387295,-7.257648703730776,-4.071821460572771,-7.08789623329667,-2.764343195538614,-5.981321295441382,-3.024221096807171
96,-8.125227802210446,-7.22035938423093,-3.958461959287833,-7.34892148133198,-2.809090389513447,-5.884369203178374,-2.9392014378365943
104,-7.798573316092623,-7.01303087176741,-3.880900150597885,-6.712019924687589,-2.815056711429155,-5.529374850391602,-2.897437399451993
112,-7.389882379950225,-6.847466212465458,-4.00917540451803,-5.8752476126078825,-2.9836043797131397,-5.523408536166816,-3.2151424149536605
120,-6.43527585779516,-5.7854664564638005,-3.573636165642118,-4.571613088102258,-2.7926831200497033,-4.44947624576915,-2.884013247444326
128,-4.399279065177498,-3.789742138775989,-2.256577412219605,-3.0606498819328314,-2.008115841490213,-2.5119232442615145,-1.732519100448679
136,-2.3558244105825947,-1.5598408557579377,-1.0155889309505177,-1.5213468417808769,-1.1236132213443741,-0.8920751898383876,-0.5616345159013082
144,-0.7986225141189238,0.19275709824610365,-0.008777332654710954,0.08358546257068335,-0.1272426249137389,0.4950873579204429,0.19757605029764605
152,0.4199924980243245,1.1473636312966409,0.6803292789803845,1.5527845601758448,0.7244453886885895,1.2886041232790704,0.5555534750358736
160,1.4640932703333727,1.6559899828902844,0.9667112172648281,2.9205567955206595,1.4135520116998392,1.648073117400468,0.5555535166950343
168,2.3292055570753876,2.185498214037927,1.3187224093340868,3.8542813307692736,1.8282092274578758,2.4565055554407604,0.5346714701839378
176,2.740879627337528,2.7314138441131663,1.5901886408083992,3.6797673497025487,2.2055771278819813,3.2604632334178207,0.7062023357173149
184,2.685691454730516,3.047627324360131,1.8198908412685766,3.1308685903143947,2.5889113053580854,3.1858846565864134,0.9269550958443414
192,2.869154882859948,3.4861496497682056,1.9914216784416794,3.6976661847040018,2.7828158125823634,2.978555926053213,1.08804495086026
200,3.3583906924335127,3.829211420411163,1.9108767894684433,4.685087421876621,2.8394955217258993,3.2530053957951672,1.1715730241044575
208,4.081803419909958,4.115593353888781,1.809449829469298,5.031132161604954,2.594877587056682,3.925704696307358,1.2834409689846562
216,5.112480258441248,4.834531469031787,2.037660466474724,5.548707944559006,2.339818695546231,5.165201603706905,1.7413537840184046
224,6.117800260756112,5.547503193841925,2.2837699472941173,6.448126275360437,2.220492862411477,6.58368732818426,2.1947918945878766
232,6.71293783573645,6.081486289360932,2.3493991397117853,7.307272214550338,2.230933845690255,7.020718102635329,2.276828399089814
240,7.261836596887109,6.348477722637856,2.4955733238085416,8.112721421693454,2.3219197762650925,7.025192879522455,2.2977104414349943
248,7.991215609587159,6.6274018513394655,2.634289539697201,8.513954526301845,2.283138888022986,7.62480515736479,2.317100918082238
256,8.432721197617461,6.785508616298216,2.265871054450523,8.340932011912441,1.9520097523989306,8.146855531502247,2.2738452835564678
264,8.25671554141739,6.700488921116215,1.5573740145569008,7.778609201780425,1.705900256357919,7.878372483017075,1.994921186419683
272,7.038100741896086,5.753340249882688,1.12929265448212,7.162589641976596,1.601490203257283,6.6448418206240225,1.539991500218167
280,5.361572876264479,4.325905202679196,0.9652196778442077,6.6330812550877845,1.6999339603990726,5.098080920097107,1.082078659868467
288,3.981868113253214,3.050610510393596,0.6400568183107848,5.909668496206737,1.7133581122465116,3.8242777508889176,0.6017922198074822
296,3.036210994098282,2.267534727512607,0.3909641540215667,5.226528213537361,1.7416980007064042,2.89204475153592,0.5853849320777985
304,2.400801118996342,2.0214253288899395,0.7936888369858716,4.788005815866665,1.8983131236989095,2.402808960708978,0.6569804355157023
312,2.130826381598256,1.9781696930823487,1.4708628184088908,4.088458191310698,2.0564198881769777,2.2611094613685108,0.8389523500211479
320,1.9861437845096985,2.0423072704519982,1.8586717000288153,3.441115657476179,2.1981192889775083,2.2506685415398393,0.9090562073268899
328,1.9563124163940586,2.085562919718702,1.9213177749904058,3.676784177288425,2.2562905848087897,2.2208371083718177,1.0582135340354477
336,1.8817337850852878,2.1273269528157948,2.042135168535587,4.146629567736432,2.459144441517204,2.3923678534140853,1.1700814286041987
344,1.8653264113134147,2.128818489672774,2.437401929437325,4.379315002298335,2.7589505842037196,2.466946480877396,1.5191094248661132
352,1.7743405082977137,1.955796072060801,2.4030957712959014,4.418095806901666,2.700779252000788,2.182056169658037,1.6787077425443708
360,1.7266101802031393,1.8797258168914963,2.01230369466977,4.14961272092325,2.3070041040641103,1.9956095777667688,1.5638566545716879
368,1.8742758873773075,2.0393241304038376,1.8079582466270128,3.8423487072867526,2.1339815954428945,2.2551432639496003,1.616061706037389
376,2.6021634308363994,2.1780403897141607,1.881045302624195,4.5762026138400325,2.068352414882064,2.8040419563626435,1.4385645426224338
384,3.2823206348247616,2.27200949991336,1.6781914747567395,5.305581635032142,1.920686746963644,3.3052104993348195,1.2058791772788273
392,3.4732418465801644,2.549442001870341,1.3306549966051828,5.011741702903195,1.7879367565337143,3.3290756008132525,1.23869381426557
400,3.488157659781383,2.913385793868672,1.3560117203418736,4.671663230613206,1.7521389934386067,3.0799829789843316,1.1894719066934902
408,3.573177127440277,2.777652635030307,1.6573093925149012,4.817837283002925,1.9535013342798493,2.7816685034197857,1.1835056049664516
416,3.455342959825217,2.808975657129259,2.1375958304929283,4.705969315210188,2.6500657977978483,2.5385419772652877,1.4937527256442358
424,2.970581872020506,2.926809873613718,2.7700226861980455,4.476267114429556,3.3555797040524125,1.9568286462632267,2.170926722128644
432,2.60514648948897,3.205734025067638,3.265224865915806,4.255514360551404,3.701624560105939,1.4974243028645584,2.6392806120913215
440,2.4709049059621955,3.3146188367894607,3.298039445060407,3.979573391285486,3.6345038321131122,1.239382294218485,2.6422637816213497
448,2.2113712704112656,3.007354885801932,3.0951855192939237,3.6141380789336126,3.266085295753848,0.9843232983999058,2.3424576001597694
456,1.746000613909403,2.307807250670947,2.9355872269316174,2.9056410077956216,3.0035685627752837,0.6979413272688172,2.0650250847436755
464,1.328360241119087,1.976678126743502,2.83863503324458,2.3403349464175327,3.0602482749631426,0.8247249986671339,2.232081274653734
472,1.1553378589174,1.8424365251110153,2.798362554148813,2.1046665631191512,2.87827641493506,1.106632188104272,2.1947919016378887
480,0.9778406767558226,1.7812820703247243,2.479166028548164,1.9122535873041164,2.3278861029876268,0.966424357167594,1.8830531867416656
488,0.8958041328379104,2.037832578325242,2.2330564530342936,1.8167929378445238,2.051945090460274,0.6129216505129838,1.5951796983013569
496,1.1284894754292072,2.125835385996266,1.9168430120430768,2.0136805107713833,2.0250968053517893,0.4384076359587037,1.2938819976078269
504,1.0255709814571774,1.3278439732143659,1.5290341486890913,2.155379958037901,1.7774957189378007,0.1818571726616692,1.0701460980735498
512,-0.0006310172175647626,0.1942486722758723,1.1069190480412778,1.75563848001391,1.2658863215097915,-0.40433096342756325,0.694269759021237
520,-0.907507236113323,-0.27410512844006624,1.0800707904919304,0.7160122448915878,1.188324545185806,-0.7384432057724505,0.8687837376845478
528,-1.0014763309306796,0.0018357788177929951,1.5096437489510661,-0.11479376642244574,1.5403356694788153,-0.6847465894099504,1.5728061118889585
536,-0.8359118321767218,0.24645366750170702,2.08539085241144,-0.01187526956632017,1.8759395949684257,-0.6996623361167387,1.9516655629496127
544,-0.9567291879082038,0.16590878093188374,2.304652015275704,0.17009661561748593,1.9967569353180639,-1.085979642264847,1.815932471246587
552,-1.0641223796149542,0.07492285981047137,2.3792306220696617,-0.1699819119510028,2.1578468053953723,-1.2634768213821008,1.8562048963456725
560,-0.9507628400356344,0.529852580140453,2.5403204721185264,-0.3265970706742496,2.2712063057189438,-1.2246960209446864,2.0963480978698845
568,-0.5629540010362353,1.323369244235276,2.765547970678068,0.025414124920015,2.266731617277421,-1.0695724324057474,2.200758224514962
576,-0.15277145048672763,1.8155882715673555,2.8460928785581534,0.25959104009903167,2.2398833089359442,-0.7384432604100409,2.2305896406988643
584,0.04560767259599713,1.8618269733979835,2.690969299632868,0.36847578660824537,2.2130349650239527,-0.2238506309632626,2.08739869422884
592,0.34690539812479665,1.8305040016104797,2.441876622365219,0.580279152547652,2.062386158339192,0.28626718666678724,1.9069183912464074
600,0.718307010441205,1.736534899582885,2.3091267255081727,0.9919532072677206,1.94753502277893,0.1251774402851404,1.5444662025994857
608,0.9957395268186644,1.7156528561161108,2.32255082864644,1.8197760939154373,1.8744479951420234,-0.23280008844076036,1.2595758545277922
616,1.6296579288341864,1.945355024691008,2.319567679945993,2.464135573103076,1.8207513542647098,0.16694140913098993,1.2506263859945943
624,2.121876985808362,2.0751219257046802,2.0853907721374427,2.4417618952007514,1.6894929721532428,0.9649328576436313,1.1820140264503118
632,2.150216825879538,1.79321461657757,1.6856492875441236,2.4313208848435197,1.3121250468938677,1.0917165338487744,0.9821432990548133
640,1.7803067531439765,1.3263523898914005,1.2426521418272616,2.5640708643779773,0.8378048965428567,0.6785509624603961,0.6420647246998828
648,1.1762197963135412,0.9310856136078179,1.148683101166814,2.0524613653657062,0.6289847526881105,0.492104278278065,0.40192145331646373
656,1.0673349889178627,0.8505406839367867,1.3291634209731384,1.5035627019538473,0.6230184565690354,0.6815339799344883,0.6480309828450305
664,1.3671410825747508,0.7819283314425163,1.3619780041234275,1.7795036101730717,0.6289847465994639,1.0260873206015257,1.107435351399423
672,1.7653910402451984,0.9519675969892638,1.4827954178572784,2.3955231228700047,0.5857291013384476,1.4989158627943029,1.5414830446058407
680,2.1800483321113164,1.4426950480483898,2.0033542883048576,2.5968854943147077,0.8363133157835312,2.1149353926355823,2.214182366908977
688,2.5216184130402217,1.836470237804455,2.508997451621851,2.365691736488425,1.1793750950787756,2.5251178169257895,2.488631762946263
696,2.524601526170156,1.7932146811492684,2.4448598210566588,2.1658209347473476,1.4314508827524899,2.4281656945400054,2.397645798403187
704,2.1099443831554225,1.5948354590459237,2.291227809912267,2.171787195616364,1.3881952612051496,2.064221878667772,1.9263088425776995
712,1.9846522341936068,1.5963270366006985,2.227090189761865,2.2568068678858264,1.4791811956254486,1.9985927988900642,1.5444662400927296
720,2.0830961094230944,1.2428242687391686,2.0391520595715695,2.083784471904571,1.5940322826367654,2.0836124105935165,1.1029606885943068
728,1.8504106266326998,0.9385434936907684,1.4290988234459516,1.6079727524908451,1.2927346175137489,1.98069379597015,0.5316883559324111
736,1.4760259047113629,0.7192822265183757,0.7623657608902387,1.619905270543643,0.8228891701849659,1.4109130333323343,-0.08134806574598848
744,1.2343911783472383,0.42991719993926775,0.6549725389004842,1.9465597425614434,0.5529145338904575,0.9708991415854132,-0.305084016873533
752,1.2418490449710753,0.19126553078566422,0.7116522876202229,2.0136805894431054,0.42613084502733883,1.1618203648772,-0.2588452259563926
760,1.5878939381973909,0.2792683158646051,0.583377035302354,2.2210092010874702,0.39629940945590447,1.5212895301216107,-0.033617750149161296
768,2.0219415785287222,0.26286103422356816,0.6176831750176103,2.722177688620917,0.3694510754780205,1.9941179535857803,0.12747211912700798
776,2.626028556829648,0.4030688964046164,0.8667758341795467,3.3680285684721247,0.1740550366842715,2.51169368590793,0.5674860610251488
784,3.0048879979561938,0.722265400695002,1.0233909807255004,3.9064863391337656,-0.13470048480801972,2.6832246084823126,0.8792247384281268
792,3.0317362713680684,1.056377725877527,1.0562056056951774,3.7439049289949273,-0.2778914806281269,2.5504746454512928,0.9493286609464775
800,3.0899076923370563,1.1220069615566308,1.0830538698138539,3.4008432541680396,-0.11083532676926536,2.9308257155656534,0.9299382499925254
808,3.3315424337625714,1.3009956275398717,1.3321465897020286,3.745396451271201,0.28592300768155926,3.4827076273394884,1.0104831796635567
816,4.048988952604179,1.8036556463223332,1.5842223770552875,4.60006764529903,0.8094650582341838,3.840685090372098,1.192455050106429
824,4.6053455135637895,2.2406864622723375,1.6766998590678108,5.1131687258717635,1.1927992565398673,3.9883507504393703,1.3699521934929417
832,4.529275287716125,2.0870544742007113,1.9317587659601054,4.571727859865445,1.5806081562655045,4.0972355254690855,1.437072987980198
840,4.125059192712096,1.5635124542515466,2.183834587762285,3.8319077714353273,1.7760041626932899,4.180763583972348,1.4594465386618551
848,3.928171497852078,1.3606585329714342,2.1107475319253313,4.207783911164581,1.708883455850498,4.227002361911058,1.2431685071934637
856,4.004241714726999,1.3278439937234905,1.7393459372339515,4.852143475433043,1.3732795287586124,4.140491197968783,0.8374607711845531
864,3.966952337385011,1.2487905518798124,1.4634049378452572,4.412129526164435,1.167442531841811,3.8809574364790067,0.5048399982408517
872,3.707418660976059,1.068310298888372,1.5215762992096011,3.837873948505341,1.3061587410009134,3.2828369225360725,0.3691068708070851
880,3.3404919165560187,0.9430181976743626,1.627477979054867,3.7081071639770906,1.3822289519474167,2.645935288501781,0.4615844343754258
888,2.6409442158919703,0.4582570448172693,1.597646471541267,3.297924672711773,1.152526751807695,2.2014466512723345,0.5316882961675387
896,1.5640287024482808,-0.2890208567206878,1.4798122513715741,2.3999978917457536,0.7557684461978275,1.5436630921794243,0.44219395292135577
904,0.9211608966314864,-0.6723551006912204,1.3172308372270487,1.5572592176934537,0.5916954045075341,0.8351660463573828,0.6062669801911702
912,1.038995086678402,-0.6112006401367385,1.2172954829827236,1.6184138097947443,0.6394257683328501,0.9291350693928012,0.8240365299301464
920,1.0583855152573833,-0.9318886510010985,1.0204078890660568,1.7481806029752818,0.5200999026719061,1.1215479253576366,0.5212472967057805
928,0.5915233658008878,-1.4957032147779556,0.5982928162978348,1.1336526425171725,0.06517019708285744,0.9007951927897461,0.10808158928422117
936,0.2320542406133624,-1.6582846944555456,0.4118461433314315,0.29986349131520634,-0.07205445406923006,0.27284309025807685,-0.1141626953622642
944,-0.29596243140567335,-1.4718379828743047,0.4222871706727816,-0.1759482388337654,0.18747918452602286,-0.7205443879153436,-0.2648115416232271
