-240,0.6491596561585584,0.6193519083776805,0.3959676809484343,0.006958977527990708,0.3574031573225026,0.6451581873585247,0.012236278342164168
-232,0.5225056551247339,0.7686226565303609,0.7156182073903922,0.4879425657246524,0.8685424045650256,0.7959367734844165,0.2263417969579282
-224,0.20888626823407364,0.5349158982942532,0.6251510543543158,-0.08652369142899348,0.8052154029143296,0.7974445644865764,0.3514879384766457
-216,0.3641881912473252,0.4610343936419606,0.19693992253280793,-0.5765539451399475,0.3016150956194734,0.8517247899980545,0.1660303808748719
-208,0.8436640030190499,0.7203735198738379,-0.1438195580822171,0.2542358309740706,0.022674781759347302,0.9859177155924782,0.030329677073851414
-200,1.191962405603167,0.7957627854020303,-0.2116698854444019,1.1694616121504715,-0.33617813856555867,0.9527464528384317,0.007712930602872046
-192,1.0095203880557044,0.4534954514267251,-0.578061780540341,0.6025342980219068,-0.8186695452991336,0.8999739572667456,-0.17623691228420837
-184,0.3325247407133961,-0.19032891858431403,-1.2656119602006615,-0.6549588551925478,-1.5589921879753421,0.4898563213584119,-0.6783295047024022
-176,-0.11830318649377292,-0.6758358456119646,-1.6048636598556143,-0.6866222835367042,-1.9932343968280586,0.1279877247631451,-1.180422028607648
-168,0.011366385854407031,-0.3034128232743826,-1.3636180018401867,0.13813636711733196,-1.839440284253263,0.3405855252628643,-1.1442352154332658
-160,0.5270290154976188,0.5017446363500527,-0.8479553428805591,0.5829331277243566,-1.1910925222853554,0.6934073372965175,-0.8411702999602193
-152,0.9733334866081387,0.9586036650457708,-0.23579444235383876,0.653798921606861,-0.3135613961438072,0.6542049072944501,-0.28781306516865035
-144,0.739626823933826,0.9405101644354918,0.3959676386744879,0.733711588648101,0.41620676474876245,0.06164520330428096,0.021282967018044486
-136,0.04906103943153773,0.5982428963816284,0.7518050451840841,0.7849762783164663,0.7961687565123953,-0.7676367793780406,0.20221721559115072
-128,-0.4394614906564205,0.25446779796710356,0.8799667764816398,0.5196060784547325,1.0811401725089467,-0.8369948917495268,0.5143288357750228
-120,-0.27511284041863227,0.3404115783206395,1.1754928106398486,0.30097721177573794,1.412853033446947,0.09933987194454187,0.8957985607178316
-112,-0.4575549183805851,0.2665300577953706,1.0066208241625774,-0.08049256127190618,1.4384853455633624,0.09481650655061313,0.663599616645471
-104,-1.1978775515006135,-0.3079361700418601,0.36581194124193894,-0.8298619360317254,0.856480124166678,-0.9425398916392325,-0.10537098121383924
-96,-1.45721672356976,-0.5929076346291551,0.2828837367378947,-1.0892010242008545,0.6468979610647243,-1.262190420348758,-0.23202498726870732
-88,-1.0832858449564533,-0.4044344924315562,0.42461560924465835,-0.9911949619912483,0.8037076235739483,-0.8550883269242714,0.08008660732404047
-80,-1.3034225384327882,-1.0407199378819971,-0.0955703754264575,-1.4314683358244171,0.11917301101678578,-1.017929134977651,-0.30439872861556383
-72,-1.7467115007490428,-1.811198297912959,-0.7559804383627946,-1.8913429332429854,-0.483941149003928,-1.5396229480657986,-0.6873762397014578
-64,-1.341117242544291,-1.4613921261925165,-0.5494138187165045,-1.108802217012116,-0.2683278295058868,-1.1234741099241092,-0.31042988533559074
-56,-0.4726328177122168,-0.6471879124566666,-0.10009379993912369,-0.2825358432209909,-0.11604152153865951,-0.19317056757575488,0.08310217183569205
-48,-0.1771068052578728,-0.44363687773014,-0.11366384493866102,-0.41823648450192186,-0.2411876684023583,0.1490968114269717,0.10722675563200668
-40,0.2797521997903504,0.04940895587953441,0.21051003960861409,-0.11366382807518083,-0.07985464778781724,0.36169454584328026,0.3364101189958014
-32,1.1949779940862524,0.7821927125438001,0.861873384714625,1.2177107306664505,0.49913502270262394,0.7733199593103351,0.8641351132613161
-24,1.3653577484040955,0.7927471975668218,0.8226709712334099,1.6579840910561807,0.6031721808938282,0.9044972896189694,0.8535805286272711
-16,0.8059693138087077,0.24542108094662335,0.33113291178110443,0.7201415721551335,0.22471799308988594,0.6828528584283233,0.6213816002659176
-8,0.7456579158661956,0.17907853681207905,0.35676521887647644,0.2421735554347967,0.3197085165409341,0.2667040824827837,0.666615148925263
0,0.8150160729411653,0.3072403071441979,0.522621644891325,0.7457739100246422,0.582063165010517,0.052598521593073766,0.6922475201604158
8,0.346094779882044,0.2032031014960347,0.6025342759754149,0.6884780294607613,1.007258667856654,-0.04389978702924566,0.4404473871640537
16,0.8527106989835416,0.8862299084738146,1.368489296365542,0.6628456857603632,1.6179117964935745,0.5064419519255897,0.9802345699914123
24,3.137005656197616,3.0137151978336845,2.776760931073822,2.808424463420858,2.706532935210095,2.8616028227173667,2.456356574497794
32,5.572079220107665,5.276901221444777,3.881967694364663,5.741067215806516,3.4559023039770564,5.613311391641514,3.7967778029649155
40,5.890221992476429,5.590520553427896,3.990528248238026,6.16626274165227,3.3609118101663604,5.614819199650434,3.9988210402105167
48,3.824555849625314,3.959096721955965,3.369320630042947,4.025207286139944,2.673361620140015,3.3199696446828115,3.103196484563144
56,0.8285861257152211,1.4652195580702365,2.0439771962753897,0.9131380790987839,1.6314818751826927,0.7974445678879285,1.7130182408120331
64,-2.260866313475032,-1.491547761266945,0.21352561335250692,-2.7176093515756237,0.24281147782718876,-1.8683201733876942,0.048423114192226745
72,-5.467926018862021,-4.725747626623679,-2.09037055740488,-6.278998636998808,-1.4881262700244735,-4.760252640305404,-2.2388874841449056
80,-8.121628453662261,-7.75187308036015,-4.590278933728019,-8.884451958628052,-3.4768953586128064,-7.030977692461281,-4.704116734473602
88,-9.275084440263116,-9.399882635855453,-6.209640574370538,-9.725796254750422,-4.876120236780133,-7.899462076639101,-6.151590783958851
96,-8.715695946872929,-8.891758956525935,-6.325740039685002,-8.863342986800346,-5.028406651161087,-7.478790014664513,-6.303877147643464
104,-7.438601618015943,-7.576969965507454,-5.779921736904609,-7.767182894368782,-4.76906749447901,-6.212250143457762,-5.887728312417216
112,-5.982080912248642,-6.24107205125201,-5.113480513846893,-6.951470978551832,-4.328794126152793,-4.917062535726256,-5.085586466057146
120,-4.09433342252288,-4.128664569225297,-3.3870661357623253,-4.866203688078847,-2.8933823517209127,-3.3082553379947846,-3.476779326634564
128,-1.538637083459857,-1.2744267380681131,-0.9715937803745469,-1.8596793819642483,-0.9317534336303204,-1.0722095059374213,-1.3598485316919244
136,0.391328315745827,1.0626407929487451,0.8528266678561138,0.25423581429124886,0.45691699206978553,0.6557127561195937,0.26403645102096635
144,1.579463317392263,2.6729557207819807,2.289746208670845,1.4981588217613586,1.5711704581278223,1.4201599665571714,1.699448219136052
152,2.823386369889795,4.2576382273316,3.9679114661338337,2.980312018620978,3.143790705497048,2.552506848353656,3.3776134501980706
160,3.7355965154500903,5.4020473598860805,5.1892177204922305,3.8382419321910284,4.532461212019755,3.5657387293165046,4.407430982460146
168,3.7129797756198455,5.649324203128102,5.431971178904028,3.746266987666887,4.898853044595605,3.512966200865083,4.46020344061696
176,3.64965272651219,5.720190143916621,5.309840572904486,3.80808625970173,4.748074498476091,3.2008545881317914,4.4933747122793095
184,4.4442556975502825,6.211728189925487,5.661154549070527,4.38556804087474,5.043600414072888,4.046722262929564,4.7708072336795535
192,5.614297239402663,6.882692779672885,6.247683140072338,5.336980741477282,5.71908833260919,4.916714449285415,5.122121287428814
200,6.018383731872442,6.994268874896309,6.312517900493333,5.8978768316686265,5.970888451352266,5.186608086941283,5.016576323820196
208,5.92037767241631,6.620338072408502,5.99739070089665,5.70035700954148,5.616558899012795,5.117249914641215,4.846196487869905
216,6.5053984541134495,6.983714398457652,6.208480688852314,6.371321541465894,5.498951654357954,5.486657414579122,5.101012280615775
224,7.3271415801002435,7.930603726539624,6.73319001008685,7.708727315722351,5.707026024190178,6.071678202916992,5.45684960225354
232,7.110020463445216,7.903463513444001,6.511545571121686,7.728328477435537,5.334603014162252,6.175715379572681,4.923093605624592
240,6.538569777929863,7.297333772390782,5.712419296237937,6.6758941888223635,4.70284089620496,5.753535477519284,4.044054640699988
248,6.398345693671783,7.369707444738784,5.543547290810275,6.588442602889445,4.657607347545615,5.736949725475249,3.685201717459637
256,6.45413372557249,7.5159626951111,5.602350899694256,6.85079730966792,4.9139309050546425,6.088263827167374,3.731943054205697
264,5.974657981827805,7.006331219434438,5.388245377191232,6.075795515406143,4.677208558659388,5.848525884028609,3.3851523888499835
272,5.70325656547943,6.787702310805438,5.297778252985665,5.665677883223099,4.591264731172832,5.5937101756686625,3.0715330048747678
280,5.959580105819731,7.065134780375555,5.43649451109428,6.713588819723814,4.977257884029659,5.776152216863621,3.3625356096612364
288,5.825387177147894,6.627876999560607,5.347535161855926,6.787470346889818,4.910915289522711,5.546968780775681,3.3610278453839864
296,5.059432177651785,5.652339814934743,4.935909748064932,5.263099199410117,4.3123244824243026,4.860926458524869,3.0926419802657943
304,5.258459831273376,5.782009347438515,5.314363933601308,5.492282598569092,4.645545048196878,5.500227417952587,3.747020900573419
312,6.734581942679392,6.8645993592373316,6.472343163309389,7.248852729641622,5.95279503124065,7.080386716218344,5.117597904218281
320,7.5593405549467425,6.855552624886153,6.957850067985298,7.580565511862618,6.284507892664559,7.657868396808519,5.585011417613082
328,7.042170079555799,5.727729088237454,6.306486685302446,6.924678841692997,5.34968090086029,7.158791494104125,5.073872126314951
336,6.859728048888836,5.2769012225785605,5.777253973406795,7.4508959108459,4.834018242548539,7.375912567027487,4.873336645248144
344,7.89708445161382,5.9900837410802055,6.03056196122116,8.219866474367757,5.023999229036146,8.625866781104122,5.376937020570039
352,8.95253422650755,6.546456610192124,6.092381266783614,8.340489507375606,4.8777439912974225,9.542600384866665,5.496052021727614
360,9.112359573871498,6.3504444796180834,5.326426146296556,8.636015384585715,4.212810624677401,10.040169637158117,4.898969052116508
368,9.403362208784227,6.11975330824537,4.831872549219477,9.42609499395517,3.9941817349987874,10.664392716852474,4.552178330071594
376,10.066787763670035,6.25394620225581,4.929878575795871,9.800025720155512,4.0891721630500095,11.145376268120172,4.437586661752151
384,10.042663171451322,6.1408623181358255,4.7383897919893085,9.757807614854897,3.7257959492454757,10.97951994592754,3.970173174110443
392,10.02155419557439,6.471067375762008,4.539362106945705,10.125707332698948,3.3970986567063854,11.183070988752524,3.902322809009449
400,10.645777412294638,7.2551157720461745,4.839411482040503,10.777070687685075,3.6353288046317935,11.751506049665673,4.172216396454883
408,10.948842304120191,7.422479987767429,4.997728986248227,10.822304302589801,3.894667898469842,11.60223530799176,4.009375570584899
416,10.663870783005665,7.0485491656813535,4.816794664789004,10.28100921554385,3.96402602396083,11.01872228879021,3.689725050135799
424,10.345728171148323,6.808811254450509,4.394614754313212,9.911601834329327,3.644375465125043,11.027769040310119,3.3127786329259044
432,10.105990200798741,6.529870948364906,3.770391558163044,10.062380419321434,3.143790724123499,10.988566636223114,2.6795087346564173
440,9.8029253551344,6.122768890249689,3.1914019097004047,10.024685727843524,2.676377225467891,10.376405705084224,1.8818902342539767
448,9.391299936646304,5.775978228133359,2.758667528778812,9.328088856429913,2.2195182163704392,9.83511066063616,1.5230373343371826
456,8.732397499503602,5.32213480071629,2.4058457373152407,8.63299972046304,1.841064058854727,9.412930748864612,1.5260528959333897
464,8.127775615535954,5.047717819370355,2.3153785773144917,8.079642494903712,1.473164439487916,8.809816651202018,1.497404995009951
472,7.732735876367746,4.942172937718126,2.2309426046459366,7.268453797088768,1.305800241583267,8.13432877331997,1.1340286446654282
480,7.6317142598505425,5.008515373333344,2.4495714624166287,6.920155454919139,1.5651393164709262,8.117743102260507,1.2712371794749866
488,8.378068009360284,5.944850232589203,3.450741032530931,7.839904581567266,2.457748271487527,8.81584777828169,2.141229319183724
496,8.800247971504234,6.688188407545205,4.111151122192177,8.287716882390573,2.9161151472267286,8.657530146442278,2.6749854244939653
504,7.5774339666359625,5.902632192076248,3.4808967696459208,6.820641616122626,2.483380681109368,7.253781928148208,2.0236220904018576
512,6.442071455864107,5.01303878650817,2.6832782366876815,5.43649456440082,2.0189827403246747,6.4516401490053275,1.4883582598489264
520,6.294308535642548,4.98891417550104,2.8385801297366418,5.664170154255121,2.2300726981540775,6.334032838267076,1.4114611663896104
528,5.879667509397039,5.047717866503377,3.0662557080911346,5.909939225121435,2.407991418982528,5.477610642327163,1.4054300130709358
536,4.979519576855925,4.536578509445775,2.790331035839973,5.065579335656902,2.275306311925019,4.001488734030454,1.2003712522918764
544,4.064293722793409,3.77363909681306,2.2595905298647474,4.103612188741963,1.8757431399837188,3.14054326194161,0.6862163388210792
552,3.5833101961450224,3.410262803157737,1.7152799550805198,3.530653609050108,1.30881578115167,2.9520699820702387,0.10873452654999266
560,3.4928430316091377,3.4660508915856747,1.327779100466532,3.41606201539844,0.8775890559880033,2.823908150999691,-0.43557602815006036
568,3.130974577384747,3.27908545843385,0.8513188340940999,3.2713145263879286,0.49159608550843176,2.279597681657377,-1.0070267104260295
576,2.7479970816859223,2.9926062571040575,0.5784096780877852,2.4767116680803607,0.253365909724331,1.874003289504145,-1.3417551148196922
584,2.8324329907006036,3.123783529589708,0.7925152464280757,2.0967496419792697,0.6046799944096984,2.234364073717326,-1.025120183015647
592,2.4765956509222953,2.826749772618347,0.6884780239351219,2.0500083170569563,0.7268105916629067,1.8875734739591152,-1.0929705008216524
600,1.0261060691572554,1.5888578914180642,-0.3413394393280997,0.9930507309149238,-0.18992294310078173,0.3782802186844041,-2.140881399421589
608,-0.06100734804186943,0.7429902773587204,-1.0273818781966946,-0.005103251364169675,-0.8337473974977445,-0.6108270767004693,-2.7379644684817483
616,-0.06251510762201475,0.994790547542947,-0.7589960208530213,0.1954322099424024,-0.6497975474840223,-0.6681229177438798,-2.45600857699047
624,0.47425650664446395,1.656708222343571,-0.16945191085288758,0.5648396258183238,-0.021051025784334907,-0.22031064688486593,-2.139373611658811
632,1.5613698575982082,2.677479026895203,0.6945092051124891,0.9975740056061319,0.7328416782502944,1.0266279524696806,-1.415636559057494
640,2.0589391336991234,3.1192601839560123,0.905599155977219,1.0352686642043059,0.6966548869417462,1.6538666877023451,-0.8426780689345749
648,0.8934209018472248,1.7924090641423012,-0.24484120310598811,0.2798682394621255,-0.4055363121613807,0.2757506892022778,-1.6252187704262524
656,0.07017004867411375,0.8274262062956058,-0.8750954827661299,0.18487770353945338,-0.7779592972460595,-0.6666152219795767,-2.0036729276180263
664,0.4456086572272124,1.270715219956078,-0.1905608350616636,0.7065714100519053,-0.08588579397984919,0.1958380816037138,-1.1939921262471578
672,0.6265429011032135,1.5451321732813503,0.46231021471695305,0.3175628473639592,0.6830848579771545,0.4340682436204371,-0.6738061180905156
680,0.13500477410977488,0.9480491315939754,0.37184310103937895,-0.2297633805290409,0.6800692265722464,-0.898814073567557,-1.014565673697254
688,-0.5646076483720519,0.04639340950842683,-0.2976136797272849,-0.07295366635166027,0.19305453380962304,-2.1201203732773104,-1.6810067655599636
696,-1.1179649479512783,-0.7210693774265191,-0.8147840890348155,-0.1242183923011137,-0.19293855166804036,-2.343272655560668,-2.174052637070417
704,-1.053130150601316,-0.4707770454744031,-0.5946474266565562,-0.1408039870731111,0.07092392246509875,-1.952756188168225,-1.833293187715437
712,-0.7817287109293864,0.004175370291224602,-0.14231178343894108,0.0567159947556103,0.44485470924190074,-1.5139906578152182,-1.2135933386566842
720,-1.158675112914182,-0.6004465520631111,-0.47854793332143336,-0.11215608420604273,0.051322703090898106,-1.7959464304211459,-1.2482724037507302
728,-1.7210791168802957,-1.3392614690107243,-1.2022849018607649,-0.6036941533764965,-0.7628814743638633,-2.4186618899907866,-1.807660752826411
736,-1.9095522849929574,-1.630264037030199,-1.188714907557569,-1.0499985522487787,-0.9920648890718777,-2.623720678790507,-1.9584393622758602
744,-1.936692513961557,-1.5518592239971152,-0.8343853395070917,-1.2656118835705674,-0.6558286881691049,-2.5272224937506453,-1.6418043847965167
752,-2.474971894124977,-1.8338150842283483,-1.0168273462026214,-1.7963523396592957,-0.7387568904055801,-2.852904110343313,-1.7111625577444625
760,-3.034360268629814,-2.139895517727902,-1.6320038275998772,-2.8246621414956725,-1.267989615096795,-3.296192987949703,-1.970501615625361
768,-2.8489026917537124,-2.173066858875014,-2.014981325242332,-3.100586888252642,-1.7278642131632398,-3.1182743540986833,-2.2177784727967302
776,-2.4900498090056473,-1.9996715163980234,-2.0496603619917777,-2.5306439569724533,-1.7746055431065968,-2.619197384501034,-2.3067378456825796
784,-2.0512840684166913,-1.6935910383569563,-1.978794427196119,-2.0752927066453024,-1.4368615581663366,-2.2105875807350213,-2.2826132382387696
792,-2.022636263378985,-1.612170625017041,-1.9999034163545206,-1.9968879676321163,-1.2951297927211773,-2.3281947985029854,-2.0669999223040496
800,-2.3437945699711698,-1.5322579874541855,-1.663667319921845,-1.888327298112786,-0.9634169706557714,-2.714187871832962,-1.7398104570482082
808,-2.281975261979179,-1.1538038359313314,-1.0153195291234298,-1.565661165371138,-0.31054581527327185,-2.8423495482229777,-1.2799358729111112
816,-2.3860125719354692,-1.3362459020695368,-0.9248524504311908,-1.3998048318406713,-0.27737451186497103,-2.997651550925048,-1.3251694633584956
824,-2.925799743424989,-1.7433479828604295,-1.2595807918188562,-1.9878411903591158,-0.5593304247361763,-3.2373894480645773,-1.43071443506557
832,-3.1504598193020117,-1.8036594370062342,-0.9580236814392853,-2.399466629417295,-0.471878875894192,-3.318809823179774,-0.9497308505941989
840,-3.1127651192397368,-1.8488929801586287,-0.3956197025783889,-2.189884445583292,-0.05874565911532264,-3.486173995331328,-0.45819282483147544
848,-3.01777461797846,-1.8504007373092373,-0.4483921910234325,-2.25321146019152,-0.05120670782981492,-3.5419620597878323,-0.38581910535045255
856,-2.6905852316015917,-1.7147000683315812,-0.727332509256725,-2.5668308357443386,-0.5789316536665564,-3.0338383943876592,-0.5154886668467001
864,-2.328716749842449,-1.6498652649887626,-1.2505341115653712,-2.171791054464154,-1.0825320131154768,-2.6312597259617467,-0.7250708276810852
872,-1.9201068746480445,-1.4463142164948584,-1.4118671200322261,-1.2776742164469181,-1.0327750716894186,-2.497066784332378,-0.9301296872613226
880,-1.6939389878466564,-1.4930556181905466,-1.4073437719689956,-1.2460107025830534,-0.9724636373038491,-2.3146247329333645,-0.9663164928231553
888,-1.6351353523997354,-1.557890420237612,-1.5083654280066683,-1.5355055150716097,-1.1337966836714843,-1.7054793543204136,-0.9497308313198708
896,-1.3004070106881307,-1.5684448207127408,-1.5294743925457615,-1.0138117481446682,-1.2951297300391191,-1.3466263737429849,-1.0311512768916462
904,-0.9988499398290314,-1.735809040321255,-1.635019356316348,-0.37752626641313997,-1.6464437463735075,-1.4702647723643785,-1.3749263719048186
912,-0.8857659844426216,-1.788581580758395,-1.904913010169132,-0.5177503697835781,-2.0098201224711247,-1.3029006552823326,-1.6991002875501693
920,-0.35200989484338513,-1.227685383505447,-1.5716923872214499,-0.5071958475076537,-1.3931357950021994,-0.7073254120476985,-1.583000771863305
928,-0.15750559365819192,-0.8447078236668406,-1.2972754776278472,0.11099619985897623,-0.8714420120403126,-0.9485710136978625,-1.638788857537767
936,-0.41382916088536903,-1.2276853256824618,-1.7465955075810984,0.20297106939140602,-1.34941004188015,-1.449155817705403,-2.1755604750436293
944,-0.3731189423106791,-1.156819409027347,-1.840078209741758,-0.03375121205422178,-1.4413849779818972,-0.9546022377970537,-2.247934171363063
