-240,0.4237620039628102,-0.4495390146301033,-1.0841929142652342,0.7041318971557461,-0.9464957228601754,0.3574011845509349,-0.6541364967449532
-232,0.6185881936843785,-0.1424928620625077,-0.5885549914558695,0.9348061492371993,-0.37604456219754534,0.4415661125679725,-0.055630385135151575
-224,0.9755098345265268,0.30171085442050133,-0.25033670917552603,1.1561287471520663,0.18193770843970963,0.800046356103497,0.2529743212366165
-216,0.9895373126789734,0.4996542783265704,-0.15214429714603486,1.118722079922232,0.08842112793037368,0.9605831298574667,-0.041602903131843075
-208,0.9116068346137719,0.5261506707815643,-0.060186328538657276,1.0189710764170932,0.04789728528353905,0.9278523648027316,-0.07121645041009737
-200,0.9568065168173432,0.635253343521879,0.020861392249912656,1.051701862567854,0.24895792696608893,0.996431178990478,0.3589597979661917
-192,0.9895373168646928,0.6196672486120395,0.0021580824098818147,1.1109290547353396,0.1694688338177825,0.979286500306715,0.40415947280289677
-184,0.9271929315327567,0.6820116496822808,-0.08356546470855158,0.9862402522599996,0.171027414745417,0.7938119007939399,0.15322332141491077
-176,0.9848614880233977,0.8331967784782476,0.08788160173513823,1.0189710591719292,0.45313581237658,0.7143228140079266,0.2779121272388262
-168,0.8804346608672559,0.7583835146735224,0.2717975453121867,0.741538522695815,0.4157291692564894,0.6956195060096122,0.25297434886236486
-160,0.4035000740168109,0.315738365556417,-0.14590983781818698,0.2646039815534264,-0.03626765344894035,0.5537860399190994,-0.11953337784846892
-152,-0.1077239021800568,-0.050534943851192345,-0.41243208478572746,-0.14219315543242753,-0.3495481828019964,0.0799686919411607,-0.2909804442921587
-144,-0.1903302455860268,0.12091214954853062,-0.005634969063328582,-0.22168226415161021,0.05569031515843716,-0.19122943777974144,0.09087892335838765
-136,-0.042262299573926285,0.48250959562451645,0.318555856328023,-0.05646963175402292,0.4967768878684854,0.02074149274166646,0.4665038685154175
-128,0.24452187700475622,0.47159933508112184,0.220363425881366,0.31603808608308576,0.579383187073258,0.3324634294470737,0.26388459785317375
-120,0.453375589749683,0.24560092238897677,0.33258332359759896,0.6262014234436929,0.5201559942360574,0.4010422518388301,0.11581668984740583
-112,0.041902635809977516,-0.09261738768454342,0.32323166675215254,0.35344473673747134,0.24584071287304138,0.033210376572176216,0.09243752688890708
-104,-0.5285485377446681,-0.3934290427505301,-0.013428041632564633,-0.22168226063560598,-0.15316335773844064,-0.3439731719479439,0.06594119119226882
-96,-0.3851564276058715,-0.3809601783417586,-0.10694461795618114,-0.26064750510964185,-0.25291441214192817,-0.2909804489866041,0.044120658050607546
-88,-0.19812328416722136,-0.2531541887294043,-0.13499957292164408,-0.028414640456515355,-0.20148027747508843,-0.12420918174931578,-0.08368533892861278
-80,-0.41632862295069994,-0.4433045732171349,-0.3002122128535264,-0.20142033219646566,-0.11419813603471868,-0.29253906239542155,-0.2676012953976774
-72,-0.5628379374716749,-0.42771847663300766,-0.2394264382515473,-0.5006734076742478,-0.07679149157519786,-0.593350728344278,-0.4187864424433807
-64,-0.05473118089300448,-0.010011072406607898,0.18763263437288427,-0.24194418103816498,0.14608968509072995,-0.16785028771325852,0.04879645658729403
-56,0.2975146153695437,0.08350552065988615,0.3310247232482264,-0.13595872255832656,0.20531685046961118,0.0441206253955565,0.2810293068415457
-48,-0.1373374949989385,-0.30147109189060284,-0.01810382861666556,-0.32299186382040235,-0.09081896688135516,-0.3611178785923129,-0.14291252741266564
-40,-0.6719406097097034,-0.6163102505582103,-0.07421380752824765,-0.7516095635828111,-0.31837600252575765,-0.6884259282898675,-0.21460857009233436
-32,-0.9478145660953269,-0.6303377446163904,0.22192205837706414,-1.2784196432283854,-0.37136874725283886,-0.838052451713598,-0.04316148004118701
-24,-1.1192615916863948,-0.7347645692611007,0.09099883759392696,-1.4186944972495115,-0.49917473200975865,-1.015733940483376,-0.4000831269107715
-16,-1.1036754959394115,-0.8485430964593136,-0.334501617435968,-1.1178828443600994,-0.7033526098859548,-0.9533895827771878,-0.4951582992306122
-8,-0.6251823440670659,-0.5913724782091847,-0.47945232574756325,-0.587955542417467,-0.5880155054435404,-0.7118050719940568,-0.3689109344122321
0,-0.3290464882074809,-0.4978559099221495,-0.5620586468855059,-0.4523564906164605,-0.4991747271543241,-0.38449702263135993,-0.6572537161957216
8,-0.8745598889108143,-0.9093288628572829,-0.9532696631774887,-0.890325831151153,-0.8280413845681177,-0.6806328885366715,-0.9440379061687064
16,-0.9369042876370527,-0.8828325084086215,-1.0015865891090012,-0.7500509483322771,-1.0306606374829106,-0.7273911593696012,-0.8037630357395603
24,0.7806836287317961,0.41704797811722477,-0.31891550561582216,0.588794781160746,-0.17810111820002306,0.6940608994653747,0.008272620637610468
32,2.4359271497229833,2.016181538446566,0.9232964133690841,1.991543523960826,1.0734624753777795,2.24020171155163,0.9668175973957638
40,2.518533473204928,2.482205863749044,1.677663522129339,2.057005148834984,1.4693493183344835,2.5612753273705104,1.4141385666478679
48,1.7361113475305623,1.819796752896202,1.453223724018013,1.2231489685247352,0.9955320061863037,1.8801628874233287,1.2317812706351075
56,0.3567417574758248,0.4139307598384581,0.4370102050006647,-0.2840266458001132,-0.08458455309413482,0.44624194542755863,0.3386978789030629
64,-2.1245648776186665,-1.7650056027629402,-0.7522090218297961,-2.6437617661809765,-1.4203130721775439,-1.8355626551983368,-0.8177905242725908
72,-4.732118935796757,-3.975114174773184,-1.8198566900802873,-5.042462115967283,-2.6547319643012686,-4.2981659993722525,-1.7513977388948747
80,-6.817538714372814,-5.610095734174332,-2.6381267840195655,-6.767843060369314,-3.6179527665521407,-6.118622199641078,-2.497971810748223
88,-8.27172160992204,-6.875686844915488,-3.205460705977118,-7.921214236057619,-4.57338050979551,-7.381096006714789,-3.1806428497053476
96,-8.436934215028735,-7.678370842772924,-3.6294025494399116,-8.070840754793343,-5.137597245285762,-7.529163947034311,-3.4191101338382706
104,-7.760497590528547,-7.563033705681898,-3.819552940959651,-7.307122011957954,-5.111100851491338,-6.759210697153875,-3.6092605332271623
112,-6.565043927642839,-6.397193669603113,-3.4408107872347244,-6.361045893581137,-4.548442755696221,-5.565315702593626,-3.383262126897313
120,-4.702505346828738,-4.84949422485373,-2.4464177821047266,-4.83672563003999,-3.5353464506044903,-3.7152459664316986,-2.2641803350302823
128,-2.514217323531028,-2.8295360582598144,-1.3850045783723746,-2.9991247412090996,-2.4957537739863653,-1.556571538129446,-0.9954720252646697
136,-0.4646455112107375,-0.6599513459741397,-0.31579831211651394,-1.2550405030402008,-1.501360769191227,0.21712631546121902,0.07841005543361161
144,1.4664719169420113,1.1480359604184547,0.8017248758851401,0.4641060332671876,-0.3152587693458297,1.8895145558213606,1.060334178407386
152,3.3960307316859444,2.589749921908539,1.4267273225218657,2.3157343789870706,0.7227752905149033,3.535406397196786,1.6011717385494095
160,4.635125413472628,3.760265804910928,1.947302996416801,3.850964917470488,1.4522046292701358,4.517330505604256,2.117071544089859
168,5.41443029541905,4.609708121988211,2.8840274301549935,4.658324713027468,2.362432670218479,4.916334584587179,3.0008032451558453
176,5.894482109924274,5.304848064365012,3.336024281825601,5.202279527445447,3.046662358079323,5.081547215812765,3.27823578983597
184,6.242052008532302,5.644624927907847,3.2222457388890837,5.713503540978932,3.50956942726413,5.285725068407215,2.8137700931783267
192,6.820296241261882,6.102856270382912,3.180163263579122,6.204465570989208,3.928835429161041,5.634853699131062,2.612709434752899
200,6.884199300109566,6.324178768342799,3.348493120115484,6.207582799146272,4.0207934114975785,5.94189980080031,2.947810543123102
208,6.415057708978549,6.2041658432631,3.34225869862654,5.593490577558042,3.67789927576391,5.768894091312908,3.220567240712194
216,6.008260661901947,5.931409125749984,3.0928811249850416,4.912378135601715,3.3630601284814596,5.36677282686726,3.007037676690515
224,5.676276706680717,5.357840791177213,2.709463144762822,4.500905202590606,3.210316374221804,5.044140569344098,2.5269859142556412
232,5.077770588541193,5.0242982737803725,2.4102100877022057,4.103459718431908,3.174468350203109,4.3926417104957824,2.109278512875531
240,4.253266059216384,4.700107445207875,2.3089004429950726,3.3319478901352677,3.1573236212907125,3.39669010417927,2.1591540394912734
248,3.581505261548347,4.307337841458535,2.452292552464154,2.6274562976101703,3.1401789350726546,2.788832352801758,2.2183811901364225
256,3.363299940679749,4.273048379782881,2.5411332751670166,2.535498335699944,3.2290196705001035,2.519192854571981,2.0048516753388044
264,3.226142260066478,4.319806696658724,2.6097121226730895,2.348465141362946,3.26019190586041,2.344628554278648,2.109278512708102
272,2.6634841508770575,3.8210515706391823,2.7936280630689905,1.7063179463920861,3.1542064172433917,1.8692526144902042,2.2090295081766596
280,1.9995164554131482,3.2848898696430613,2.7733661664413183,1.1109290351461723,2.9593802189829543,1.3860836006256652,2.318132216244446
288,1.4664719313408865,2.9981056830186517,2.520871336012434,0.6729597120240732,2.5323211468608093,0.957465932674725,2.27916697729556
296,1.3386659007084816,2.825099967001529,2.316693460815099,0.49216100263152546,2.2689160873651404,0.5537860199950746,2.131099032120603
304,1.1609844092598434,2.698852591635136,2.2714938271658727,0.5716500905895397,2.3406121652048526,0.25141574314883175,1.972120873617167
312,0.655994813029583,2.2593246705076666,1.9504202061567006,0.3939685609671401,2.169165056401682,-0.22396022811622182,1.6635161305784973
320,0.034109548507008716,1.6467910310190714,1.3565899024595964,-0.15154481144073,1.4911698377469855,-0.6993361702486677,1.0868305413949149
328,-0.08902061511033958,1.487812842545884,1.0869504144429751,-0.12037261777018918,1.3462191763154474,-0.6821914761614571,0.9746106170575067
336,0.20399802196819228,1.5517158521695082,1.1913772740802997,0.5700914664652804,1.6205344762630576,-0.5200961105969822,1.199050431576853
344,0.37232788168570075,1.4332615376523368,1.2880110956387163,0.768034938590837,1.726519941105189,-0.7351842158656748,1.2302226465108483
352,0.2959559811995581,1.1527117663220072,1.227225314339586,0.5358020640594133,1.7623679403444248,-0.9424793165412153,1.1367060569603584
360,0.032550965067942556,1.1573875821038573,1.2209908474774431,0.2069354289136471,1.5753347881994788,-0.9331276344140236,1.0634513792735603
368,-0.3196948419100473,1.1012776830558022,1.047985196255257,-0.15777924063139795,1.3415433354192803,-1.0671680711319247,0.8592735199819583
376,-0.6142720448476235,0.772411030330015,0.7518493527854013,-0.4554737331724003,1.2729645262543974,-1.456820505659129,0.533524086204653
384,-0.5706309929631761,0.6773357947220964,0.6926221802070829,-0.44923927217026477,1.3228400192169558,-1.60021262199279,0.3823389334663711
392,-0.22461965351704402,1.0093197023935532,0.867186464594682,-0.16245509123843396,1.1326896173166323,-1.065609469443122,0.6441853562806225
400,-0.06252421244219027,1.1324498355388632,0.8578348127720986,-0.16557232692979384,0.9596839528675728,-0.6899845110592185,0.9543486998360945
408,-0.2667020755846539,0.7053907917121821,0.5975470078872418,-0.3323435569978936,0.7149822351908314,-0.763239190085447,0.747053626451445
416,-0.7498711154006533,0.15052572378281803,0.24062534092620413,-0.7095270914539966,0.26610262758302167,-1.0079409045810417,0.4290972446496362
424,-1.2423917921380743,-0.3965462645453011,-0.10850324325244172,-1.0867106500198438,-0.1671908663629249,-1.3929175136155263,0.09243752504719073
432,-1.3795494221878544,-0.38719463499074563,-0.15993733137408095,-1.1630825307493902,-0.21394915896159555,-1.539426808045048,-0.11329894196065014
440,-1.0631516410702762,-0.04741767534379205,0.050474968660774305,-0.9511116132874271,0.07751085600182224,-1.305635347228269,0.19530577311741443
448,-1.0709447226806665,-0.04897629360804385,0.13463988127436435,-0.8123953470585155,0.22402015712849516,-1.2277048768647914,0.35895981437421187
456,-1.4668315982859816,-0.5524072560031762,0.023978613207540186,-1.05397984913535,-0.0954948082798086,-1.489551326802504,0.17036801499983514
464,-1.4870935265576932,-0.9545285674963104,-0.20201980166117894,-1.1521722566442645,-0.37604458078213976,-1.6609983929113366,0.1438716784660529
472,-1.2985017062547197,-0.9062116561311017,-0.6602510694630104,-0.9760493714050062,-0.4602095089666062,-1.5737162029166207,-0.05874759705162503
480,-1.5229415058729048,-0.9155633081211134,-1.0966617699677095,-1.1007381341997262,-0.648801261628354,-1.724901389810373,-0.5107444209290561
488,-1.9780555674508407,-1.2740435416109108,-1.4005906493398992,-1.5324730242802955,-1.0789775600658476,-2.150401847184271,-0.9035140754093152
496,-2.0388413376996715,-1.4252286838011796,-1.6125615858887432,-1.6228723818228585,-1.2815968109714952,-2.0366233454352325,-0.9253346194338471
504,-1.72088495773958,-1.2537816232174974,-1.5876238240877312,-1.2737438096990852,-1.1085911378161395,-1.6469708675439743,-0.8754591053752624
512,-1.122378833405191,-0.8765980608007881,-1.2509641347898937,-0.7936920337024804,-0.8015450066794272,-1.2542012381780323,-0.713363695777019
520,-0.5908929326200444,-0.3201744077580698,-0.7179196088759159,-0.3603985315525232,-0.26538329814901196,-0.7601219492037952,-0.18031915563159512
528,-0.5004935600088914,-0.04118323443310974,-0.42490099607455695,-0.3650743387955061,0.03386978101220332,-0.5497096541918035,-0.05874762919795038
536,-0.6610303372788656,-0.2718574997414363,-0.39996323008782503,-0.5957485863563824,-0.048736543976601134,-0.48736526768786587,-0.13667808382312294
544,-0.5269898992215342,-0.32640884046474183,-0.4420457070720738,-0.5661350062620878,-0.2061561215524028,-0.18655360709672955,-0.245780769790311
552,-0.30722594317837626,-0.2858849887767533,-0.6368719165502381,-0.2933783039849899,-0.37604455533296594,-0.07589228361098017,-0.4639861147686542
560,-0.5877756981006862,-0.7176198678070241,-1.071724024072431,-0.22947531361567533,-0.8576549628206958,-0.4935997156305566,-0.7601219774928193
568,-0.7093472603640891,-1.0386934802773298,-1.1808266887761645,-0.2809094203219089,-1.2067835453250537,-0.6510193096143784,-0.7133636738438491
576,-0.7015542067143046,-0.871922238321787,-1.120040918025047,-0.22324086081754982,-1.208342172295602,-0.3689109555146973,-0.702453411961024
584,-0.37580477678786106,-0.647482414091571,-1.2478469295705712,-0.14531040719694993,-1.0072814889232862,-0.1382366828395047,-0.8739004881155833
592,0.04034404199032717,-0.5679933328307076,-1.3538323687961002,0.13679796816618583,-0.9309095973108693,0.16880940962115953,-0.9736514899464344
600,0.4564927964758643,-0.3544638317622495,-1.244729706268941,0.4017616089243466,-0.983902343209952,0.5740479419044929,-0.6494606978734092
608,0.5500093930583633,-0.21574756904934225,-0.9517110844264282,0.42825798564103534,-0.9012960272623014,0.6488612191035195,-0.4499586541962295
616,0.2803698834434295,-0.34667077024331233,-0.7802639921987067,0.41267190663692965,-0.6737390279499436,0.2654432402207303,-0.6479020923337445
624,0.13541919790214788,-0.29211943018972214,-0.8753391951580136,0.5264503966659536,-0.5412571994505673,-0.05563037894672632,-0.7040120349132818
632,0.2149082848555896,-0.10664487990100736,-0.742857378546081,0.5810017444212681,-0.3994237275000471,-0.16629164500440516,-0.4374897661800001
640,0.3723278634359636,0.19728399076488576,-0.36879105165330306,0.6074981179568103,-0.16251503115933613,-0.026016765199247453,-0.1008300686781533
648,0.2507563487223335,0.16922903630170924,-0.41866654227185884,0.5482709257893243,0.029193966737211887,0.003596784255580854,-0.23642911210772063
656,-0.02200037013021332,0.04921610452485886,-0.6010238851646772,0.5030712564777692,-0.06120539884193252,-0.07589231374816026,-0.3767039842111546
664,-0.23864711526147037,-0.15028595321633836,-0.6976576896453583,0.2755142538168353,-0.30902435405175016,-0.39073146320718455,-0.4811308559033513
672,-0.4334733265813508,-0.3653740614987491,-0.7225954412332155,-0.14531038660321033,-0.5428158135291,-0.7601219815175493,-0.560619912887042
680,-0.723374750069121,-0.6755374211273836,-0.8379325649299391,-0.52405250717724,-0.8841513263105109,-0.9518309702055151,-0.6027023990798736
688,-0.7358436359087761,-0.73788179825531,-0.9049527729083054,-0.4227429133684551,-1.1241772295448325,-0.7008948010700778,-0.4748963949012156
696,-0.5784240308746554,-0.7721712344817901,-0.9143044619000769,-0.15933787078309292,-1.160025237992651,-0.3455317741390333,-0.41255200504870254
704,-0.7046714161193465,-0.9062116753854109,-1.0639309854912367,-0.1577792731125806,-1.086770598144756,-0.38605563018017003,-0.6479020590154176
712,-0.5379001795215245,-0.6287791477830221,-0.8316981226798266,0.04951582354466868,-0.804662207378173,-0.5185374799430009,-0.7975286058791776
720,-0.0531725627961814,-0.13625845145643414,-0.3407360709038084,0.43137521346324254,-0.5895741001003346,0.019182886699715414,-0.27539434720574524
728,0.23361160808992254,0.16143599839022982,-0.1926681550288879,0.6199669763381462,-0.5365813677629829,0.5662548840689887,0.11114087188898135
736,0.297514591762086,0.31262113656220825,-0.14123401801804575,0.8350551343469035,-0.4664439488727158,0.6925022729971126,0.2046574386691573
744,0.562478269354578,0.66174974049745,0.0270958304817344,1.1358667909197486,-0.20148027128022394,0.7034125558085347,0.39948366472277036
752,0.5562438173935963,0.5869364443789707,-0.13499958832509168,1.1343082253955616,-0.14537032635668376,0.6862678376115801,0.1407544471278413
760,0.247639089423516,0.09597440884354413,-0.3921701953574928,0.8693445595230845,-0.43994757098402537,0.5179380137238302,-0.4717791818127407
768,0.2710182612557398,-0.03339022096623183,-0.5012728761343886,0.8942822856617677,-0.471119758961988,0.49767606134237463,-0.26292549736327714
776,0.15723977574729273,-0.10352766245938425,-0.7412987837218579,1.0329985828650028,-0.5428157961165069,0.2670018454255376,-0.20681553552943044
784,-0.0999308579062837,-0.5150006122133705,-1.088868721005931,0.898958123209359,-0.9122062968468506,-0.08524394397243085,-0.7164809025032005
792,-0.09525503659928355,-0.5976069422250383,-1.1621233839589966,0.9270130954199859,-0.9932540030691169,-0.033809864557088176,-0.7897355500528185
800,-0.134220258135577,-0.4900628365157693,-0.886249467086565,0.8319379276207222,-0.8108966605111557,0.0643825776095832,-0.5839990549169436
808,-0.2168266062295528,-0.597606948754761,-0.873780578233192,0.5545053730623004,-0.927792391254403,0.20933327637773824,-0.5902335266345206
816,-0.15759945725869176,-0.5866966523816081,-1.0280829715182682,0.47034045726756346,-1.088329216409008,0.3309048242422664,-0.7195981139173871
824,-0.048496767440641686,-0.42148403773147075,-1.0296415708630682,0.6402289096327207,-1.100798066753762,0.36831145882348926,-0.8099974761479561
832,-0.2760537685947164,-0.49785589937413666,-1.0545793257995009,0.4750162825928545,-1.0524811776565806,0.19686441314096798,-0.8427282936078986
840,-0.47243858377997416,-0.6646271486965457,-1.2556399936009397,0.3253897410868159,-1.0789775131857906,0.1937471627158756,-0.6790742623968278
848,0.0013787575008134053,-0.4744767421082164,-1.3055154763503432,0.6698424907315881,-1.2504245955352142,0.5896340471949162,-0.38605563067601684
856,0.7401597825689571,-0.11132070455658312,-1.0686068093096681,1.076639620852862,-1.3080931761355987,1.1928159888180148,-0.16161584863785336
864,0.8399108004729706,0.03674723241436359,-0.6056997215402673,1.151452891354738,-0.9729920809922693,1.2177537546373176,-0.058747602576774666
872,0.6435259888037174,0.20819430421577415,-0.3687910401007175,1.1187220784153729,-0.5942499229141937,0.7236744894379675,0.2342710283068923
880,0.6123537974771799,0.41081355127056,-0.236309225330501,1.1576873314282765,-0.34487236316928394,0.5724893462431259,0.3277876205362424
888,0.8695243879341316,0.6040811881925281,-0.1412340362677825,1.2652314004706429,-0.29967268213771386,0.9543487286274045,0.31999455968702045
896,1.1609844105992733,0.7848798694570412,-0.18487509501680988,1.4678506786671814,-0.12354978902930333,1.535710147489426,0.42286279637208773
904,1.2794387316461668,0.5323851095156724,-0.33450162111940096,1.6502080192159965,-0.19212862146678614,1.8084668752156983,0.30440844686230184
912,1.1609843973724,0.12247076027848747,-0.8098775922170259,1.792041493677948,-0.6752976269598858,1.7585913408982312,-0.00263767925154679
920,1.1547499658377292,-0.0006594249371732717,-1.21823332570139,1.5083745328666018,-1.0166331610047517,1.6510472485832643,-0.4468414318991716
928,1.1189019418190342,0.04142306075337232,-1.1699164212007613,1.3260171733983346,-0.8966201888775662,1.6759850271271544,-0.5606199341504966
936,1.0082406330670175,-0.028714403007807046,-0.845725596311696,1.4382370741282853,-0.664387365914205,1.7102744117855713,-0.17720193852482946
944,0.9178413008061996,-0.06612102854787588,-0.7054507516665818,1.5442225679355952,-0.7111456459557176,1.8053495933139956,0.14543029488858825
