-240,-0.35392500024975315,-0.4742781224598932,-0.3662704965216315,-0.7527032134011524,-0.6486039768791155,-0.9667332575578167,0.0679312997525943
-232,-0.4216701660191971,-0.2291051685770108,-0.025931723709076666,-0.891419498713051,-0.15825817203532389,-0.5312287184894617,0.16793597552905382
-224,-0.09746119014132458,0.14671909556539223,0.25311375466676883,-0.8075445275187281,0.2401479157970716,0.34784528549114146,0.4018180918994767
-216,0.37352889968825326,0.20801237787324958,0.11601047205850377,-0.30752081925146035,0.3530564832506112,0.49785243759801445,0.3743974482690607
-208,0.15738963077847767,-0.2258792049276486,-0.4049820131847173,-0.21719397100651633,0.1594989371880862,-0.2070197348144698,0.10502979326626684
-200,-0.4668335723815638,-0.7146121191730544,-0.8872630126067905,-0.8027055843838212,-0.10180379179754497,-0.6392983850858083,-0.1820806125128951
-192,-0.4619946467468584,-0.4726651102264474,-0.6420900089956141,-1.0446525907313886,-0.03244568830046112,-0.06991647057275224,-0.04497735329598771
-184,0.008995451399646626,0.05639224125602151,0.059556185386155286,-0.7397994033339201,0.027234570164906644,0.5494677897989214,0.4373036741957152
-176,0.06867574815753312,0.41286079488921246,0.5918395256420367,-0.5801144103537944,0.07239799645324506,0.48656160112517033,0.8437745671032897
-168,-0.045845846257344156,0.509639597809432,0.7128130061175398,-0.5155952009564007,0.25143872887855784,0.14622284841185623,1.1179811612557962
-160,-0.17327126771984672,0.5015746674605367,0.7257168184372732,-0.2139679529505892,0.4966116962764473,0.07041276944717921,1.461545839845761
-152,-0.4668335952531139,0.10155567846032702,0.32408486485268,-0.22203289560160597,0.25789063590477107,-0.24411829365067494,0.927649522530105
-144,-0.5539345153689064,-0.42588867672947284,-0.19368164270636434,-0.30268187022539716,-0.25342398940557226,-0.5473584781712414,0.0872869872169866
-136,-0.21520874820556335,-0.4807300566893891,-0.24529706265557438,-0.08654256614194987,0.059494145667723625,-0.43122393875141285,-0.2449868401722425
-128,0.20739198356786856,-0.2065234408782186,0.00955382583926112,0.0747553948879456,0.3369266216864739,-0.14250056509574957,-0.29015029210444004
-120,0.12351699851200051,-0.3145931504453551,-0.08883794582380591,-0.08492955841350616,-0.016315911465019494,-0.16508229175492561,-0.36273434382991643
-112,-0.15714146870593282,-0.3920161390680429,-0.4565973676381258,-0.04299214342359145,-0.41956085007977606,-0.10056307941195376,-0.4740299200155975
-104,0.144485769423528,0.046714394145073466,-0.2469099927593642,0.6812358244000691,-0.21793838111893638,0.2333237328341692,-0.333700718288185
-96,0.7574180836101229,0.6612596912825998,0.2724695100527329,1.363526258717603,0.23692194296443614,0.41075150102163704,-0.25305173136227244
-88,0.7477402243703228,0.6628726539610218,0.5240943640310564,1.3086849738825412,0.575647667850066,0.4478500496349521,-0.14175610943349184
-80,0.10254831874013365,0.24349792430273945,0.26601760285325027,0.8505987838737019,0.3966068938401179,0.13331898861633,-0.064333080092515
-72,-0.06197565324164687,-0.08232398757007985,-0.12754945157092473,0.32799320721295744,-0.14051535143142077,-0.57800515857067,-0.08852776371222498
-64,-0.14423763004926296,-0.46943918417652764,-0.453371397577799,-0.07041280905921038,-0.5566641666488272,-0.8247910364929175,0.005025104321339371
-56,-0.6055498363813371,-0.7355808062222332,-0.4775660832767407,-0.3607491064076988,-0.6566689238618653,-0.3618658652299207,0.05180143680230234
-48,-0.5603864000433777,-0.7291289135773729,-0.3453017356597249,-0.4672058222812063,-0.36794553010696157,0.16235263252460877,0.16793600966310887
-40,0.20577899126039445,0.35963247585142033,-0.014640927088175432,0.03926987496866101,0.08046284969729472,0.16880456207583341,-0.34660453372676586
-32,-0.10552609086116656,0.14510613999101288,-0.1307754398245291,-0.11073724161800189,-0.49214496608816877,-0.037656902867054365,-0.7563014699875884
-24,0.0735146495345349,0.22575514528347285,0.12730131910077577,0.02636599559370186,-0.4873060291909573,0.03170126993775586,-0.5304842855254843
-16,0.6299927371732345,0.6886803735520736,0.4886087981954031,0.6199426070682051,0.16595082376852033,0.5801144286137144,-0.3288617372072979
-8,0.7912906846881234,0.6338390114388973,0.6128082608600848,0.5699402062832134,0.6256500691548658,0.9285180264274203,-0.7627533049337661
0,0.2154568910452144,0.06284416734185977,0.3869910784772129,0.07798138972578432,0.33531371428096446,0.15590070557242416,-1.3418130384881406
8,-0.7071675545401036,-0.8872009324433022,-0.10819369809092257,-0.6994749328291479,-0.4066570351610027,-0.961894315289257,-1.4160101896015287
16,-1.3701022882247762,-1.6259456612303032,-0.6453159766301703,-1.664036826672089,-0.7873202044923318,-1.3006200339371914,-1.391815466822953
24,-0.5765162014830628,-0.7033212104469062,-0.5501502348053434,-1.2607918903098332,-0.6066664970864764,-0.3941254097175304,-1.2030968500337897
32,1.7074632175293394,1.1564444796330493,0.027296576962167935,1.163516863500816,-0.14858025232453248,1.4995128776285003,-0.9740536516742226
40,3.551099154685019,2.63232106047021,0.9192744246242511,3.5458879772447083,0.530484266512509,3.291533476444817,-0.8240465106565857
48,4.078543545568299,3.6484983063407896,1.749959055127739,4.231404369493716,1.4289139855073258,3.839946638412893,-0.36434728329024935
56,3.3672194226390033,3.009758324024129,1.1418656658827726,2.7410110540301513,0.9788926244848317,2.909257262998489,-0.7175899075814031
64,-0.26521112871804503,-1.3404482737490129,-1.5243900046952072,-1.117236676071112,-1.5873582450429753,-0.23444039993028104,-2.5967114062410026
72,-6.597769890220467,-7.47299748201303,-4.742284723439242,-6.727180503468714,-4.916548605295221,-5.500819496583852,-5.056505595242243
80,-11.407675708255901,-11.703843590751799,-7.200465946123402,-11.13545425875989,-7.53118887827573,-9.297774004328446,-7.088860168073439
88,-12.467403447018908,-13.249078155876754,-8.360198468089846,-12.353254048963459,-8.5263973740271,-10.197816753230178,-8.234075866526322
96,-11.751240370385279,-12.84422034918862,-7.884369419011315,-11.262879724752604,-7.56506138544176,-9.53004308611368,-7.945352440889863
104,-10.407628246324803,-10.947355982449327,-6.03266860868562,-9.285366424107808,-5.592387136398466,-7.858996038813285,-6.616257099971202
112,-8.367208759951833,-8.173030777652754,-3.6454584710633195,-6.967514532409969,-3.601970049944141,-5.829867380422962,-4.880690771886457
120,-6.494539177328455,-5.408383307342079,-1.5889091778793143,-5.167429000299179,-2.248679930454183,-4.773365635284903,-4.004842757892152
128,-4.457345605396362,-2.655026803109696,-0.059804301568988236,-3.3996031306724004,-1.277666139807919,-3.578147587681285,-3.7080544930464585
136,-1.7523785014978357,0.19188255616105526,1.251548222904235,-0.9252920821175805,-0.11954663613934441,-1.4119156699007862,-2.8047857371780327
144,0.7267714442755221,2.8291045947863394,2.740328644304029,1.6054732931347995,1.5466615777056196,0.7091527956009765,-0.9788926372601114
152,2.304265696142195,4.640480932701306,4.219431145819761,2.981345042426385,3.0031822732048297,2.341488367129844,0.6969934053292534
160,3.0252677153909246,5.3147064403086,4.764618338420586,3.2926501429144928,3.3596508192141714,3.2463700614189843,1.342185328632913
168,3.2768925799386763,5.251800244704076,4.480733912231563,3.3200707998866466,3.0596365475750575,3.1802378673379668,1.5792934207815494
176,3.810788911635686,5.358256892136204,3.9290947481483376,3.929777158567538,2.7402666342146493,3.2786295866736994,1.5599375834391984
184,4.770511902368931,5.932477773175524,3.4081023219899538,4.4910940815676295,2.1144304401332876,3.893174938044524,1.0905604635653532
192,6.089929316646032,7.018013147493968,3.691986726173775,5.32661768431527,2.1450770572894156,4.32545351744871,1.0631398377816765
200,8.325519456959638,9.392319470717304,5.342065112068848,7.400909673695807,3.801607319368767,5.523897507736104,2.2519059700421553
208,10.964354334029242,12.25374558159485,7.690563705651514,10.120393738163925,5.853317670630749,8.38371073962431,4.2697437328747965
216,12.537009644493704,13.663489955355793,8.984173539126285,11.462392889496359,6.696906035309509,10.467680759607997,5.632711614227199
224,12.230543582092087,13.005394211415476,8.761582299946996,10.754294724325268,6.408182692322515,9.901524806838342,5.566579419799642
232,11.177267806667816,11.87953438080034,7.979287026113497,9.625208863525357,5.806541248742818,8.409518428719961,4.906870736572259
240,10.415941248299667,11.095626082951084,7.626044522591055,9.331646570299414,5.466202498108736,7.549800180125322,4.529433434379282
248,9.565900884415418,10.732705695064793,7.613140669379764,9.157444732493598,5.750086926376991,6.940093881915419,4.126188488833753
256,8.588435140999836,10.202035365136396,7.493780136161712,8.32192119749426,5.9420315837470925,5.906173725514165,3.619712862797574
264,7.556127992846829,9.318122387698756,7.226025531165075,7.278323248042081,5.932353687254389,5.33356591475351,3.2035640380503563
272,6.504465172303863,8.500341576619045,6.969561739249923,6.258920023447712,5.869447425634256,4.686761033622971,3.1229149858019114
280,4.960843496217868,7.376094711454641,6.467925039021722,4.84433675246823,5.5129789151451245,3.5125117309404823,3.2213068551888733
288,3.5349693655474557,6.211523194372493,5.688855713589885,3.4555610439245306,4.764556236671741,2.765702024848602,3.0890424522989446
296,2.9704264016198874,5.677626935968406,5.201735855761601,2.515193831275528,3.961292347695832,2.1398658824014962,2.726122040674757
304,2.720414521929029,5.235670443610929,4.8452672993561015,2.011944180671026,3.4370738683078503,0.9978761552218249,2.1841607976884774
312,2.302652759280902,4.737259669259377,4.387180965360459,1.7812880577522872,2.8693049034780165,0.5575326976228058,1.5470337395844498
320,2.3220085103351336,4.427567582910676,4.066198045311225,1.8441942310050687,2.651552735826197,1.6237123344020257,1.1937911833881367
328,2.3881407026834576,4.272721498065056,3.925868826083612,2.0329129723748705,2.9273722212701663,2.243096571555611,1.1163681608046632
336,1.892955917451857,3.7501160433859106,3.77586166600635,1.7522543980765,3.0886701689583247,1.4414455860000175,0.7808683867464656
344,1.1542111391098315,3.1807341377095906,3.638758396393283,1.1280312264514738,2.832206458826291,0.5204341424252562,0.6373131437450378
352,0.8058075231028475,2.8710420369795377,3.743602089983724,0.5150988408779206,2.4450912906360114,0.29300397223991215,0.9228105731575023
360,0.5025672366999235,2.4081168395528745,3.356486943798649,0.12637076250982213,1.8111901480124761,-0.082820330195009,0.6292482004009441
368,-0.1152039547792382,1.3451631361008862,2.3467615748054227,-0.28977795585003646,1.1482554895266859,-0.8893101968550939,-0.3353136875508404
376,-0.9120160670274596,0.45802427315834626,1.6193076513027889,-0.9317439607276259,0.5788736581829027,-1.1393220526347865,-1.0047002917019006
384,-1.5926934721311548,0.03542354623645498,1.4257500556852394,-1.6414551190725375,0.3562824914301869,-0.6634930770224454,-0.8288854984949761
392,-1.9943254433892184,-0.5613789942335463,1.309615496859248,-2.1688995699070004,0.3627343390250247,-0.842533825908343,-0.8756619030559745
400,-2.457250672350896,-1.4065804255523175,0.8821759094519138,-2.862480788370045,0.2998281338906885,-2.216792620145357,-1.5692432344906124
408,-3.310517063474346,-1.9824142517698575,0.580548642733016,-3.3383098435130028,0.23530892570618012,-3.4926596252191042,-2.0273295528920157
416,-3.615370221242762,-1.9904791368954613,0.7370076630537753,-3.133461409863185,0.35466949115232416,-3.487820686242662,-1.8628055795240805
424,-3.48471882798724,-1.688851925102937,0.7144260292669529,-3.1237834844345063,0.19498442938428026,-2.831337902554992,-1.4692384701735324
432,-3.0830868305655104,-1.3598040376251734,0.5305463280628745,-3.406055076164402,-0.17438794297960844,-2.2990545595268017,-1.5402096397908196
440,-2.797589439618834,-1.3791597798426698,0.2321450568748926,-3.19314172204204,-0.5727939046719418,-2.023234995591832,-1.777317629017482
448,-3.2379329084803574,-2.135647316758183,-0.48240507769936547,-3.312502220086421,-1.0712046975633112,-2.7184293110170175,-2.348312508288191
456,-3.87505990420743,-2.9324593730404147,-0.7275779317791222,-3.946403239342203,-1.2325026878757213,-3.57653460074516,-2.6176801355678943
464,-3.6653725837352344,-2.571151870207891,-0.2549748361270629,-3.8738191491509393,-0.708284247300066,-3.2071622488270504,-2.080557862053457
472,-2.9411445971984884,-1.7727268413708868,0.4337675036572601,-3.2447570219156145,-0.04534958968062297,-2.479708293269593,-1.1934189299764595
480,-2.7701687554433976,-1.572717350855976,0.7144259972121291,-3.086685017431038,-0.03405865357792237,-2.721655296151775,-0.8950176641598266
488,-2.9653393263880283,-1.6178807769710453,0.7128130454496748,-3.3334709653540893,-0.24697197720488398,-3.081349799919321,-1.286971755212503
496,-3.254062715291391,-1.8888613856422565,0.33537576786094114,-4.001244527122844,-0.5550511502569178,-2.849080699594268,-1.9337766779276793
504,-3.7976368663762585,-2.296945308803286,-0.1856167478776789,-4.586756304759459,-0.7615125852242138,-2.9023090610830433,-2.2144352118542985
512,-3.9799036125257645,-2.49372880396055,-0.4598232914355446,-4.772248978691579,-0.5840848040415473,-3.4910466630604904,-2.269276463421651
520,-3.787959025503005,-2.514697564475918,-0.554989136528884,-4.6512754918051105,-0.33891188550560525,-3.4797558004239804,-2.4692859674515684
528,-4.0331319660441505,-2.6985772736503844,-0.7775803474652752,-4.817412369979516,-0.8744211750294949,-3.53943605317146,-2.806398742134167
536,-4.77348968315343,-3.251829321054686,-1.284056000011658,-5.527123465427667,-1.47928861864511,-4.218500557107341,-3.1612543304898977
544,-5.005758787290407,-3.717980485769366,-1.4566448721934728,-6.0787625820351,-1.7518821984849382,-4.499159093113192,-3.258033130118
552,-4.657355176308234,-3.4582907903293063,-1.2001810482234991,-5.894882904742188,-1.821240348938006,-3.9442940045394717,-2.9305981902442273
560,-3.9669998123348833,-2.827615619152252,-0.934039408157785,-5.031938681928757,-1.5421947860067347,-3.450722198966684,-2.6499397363680313
568,-3.049214243002516,-2.029190646627775,-0.480792051950913,-4.041569071786881,-0.955070192104269,-3.4410442740578135,-2.4902547210361634
576,-2.510479057057759,-1.5259409265422759,-0.07754712113327568,-3.2947594291115703,-0.37278445938032334,-3.3458784734946887,-2.2418558005583407
584,-2.5862890381252726,-1.6291716546819868,-0.11464561412714058,-2.896353444374419,-0.1518062026321567,-3.2991020587108,-2.0902356887186246
592,-2.783072586822755,-2.1130655557916818,-0.6404770274308375,-2.7673150858773536,-0.40826998137883935,-3.397493846834452,-2.353151440333861
600,-2.736296167014057,-2.3066231855432866,-1.1743733866776673,-2.9592595698048685,-1.022815311437536,-2.844241757672247,-2.7805910797219897
608,-2.5766112189106845,-2.5130845811784472,-1.8969883310053761,-3.259273913697288,-1.577680375407016,-2.2958286383284228,-3.3306171974377143
616,-2.7008106259559157,-2.7953560361988545,-2.4454014836169096,-3.499607861895041,-1.9728604214455883,-2.692621681006201,-3.6951506133249596
624,-3.220190173818035,-2.880843957422939,-2.519598518639856,-3.78833123156551,-2.219646355507093,-3.576534644582297,-3.6338573864632826
632,-3.5766586798021645,-2.746966645394808,-1.911505182935108,-4.0883454860509625,-2.080930074526927,-3.741058547949427,-3.1612542973954576
640,-3.5734327249895377,-2.5501831259798378,-1.4566448347672996,-3.95124219997731,-1.880920555076041,-3.287811156742154,-2.801559797266568
648,-3.281483398427211,-2.324365959191205,-1.2598613094611752,-3.4689612483775694,-1.830918176296253,-3.3668472321040945,-2.669295473560717
656,-3.0443752984814547,-2.159841999858085,-1.0453350238488701,-3.0995888728948318,-1.7115576934995724,-3.7958998624135427,-2.259598648365526
664,-3.2476107633884252,-2.3646904205127024,-0.9195225794461414,-3.186689740336752,-1.4809015586252503,-3.999135302023192,-1.970875245947157
672,-3.5185913566386664,-2.6905123426084128,-1.0614647942733462,-3.307663262050351,-1.2631493036456953,-4.097527060691061,-2.162819788093164
680,-3.423425582412477,-2.701803197621074,-1.36147902796648,-3.1253965041185334,-1.0970124024264716,-3.900743539023591,-2.604776298124109
688,-3.0492142989685047,-2.3985630344126325,-1.5324549024694716,-2.885062536341347,-1.2470195205725583,-3.0297344761345806,-2.974148672220692
696,-2.9669523046606874,-2.1662939768851013,-1.5130991361675399,-2.872158687808327,-1.576067384832234,-3.037799333710363,-3.1096389746503346
704,-3.271805497082967,-2.384046201369257,-1.6405245299069515,-3.02700474908932,-1.648651468092727,-4.199144817315614,-2.987052504812935
712,-3.5137524689499413,-2.9001997836760522,-1.9421517564273678,-3.231853251353786,-1.8664037773055775,-4.289471704026346,-3.006408274753522
720,-3.5814976161795675,-3.19376205039179,-2.4454014581463195,-3.415732949265747,-2.303521306775444,-3.45233516060549,-2.9870524961494693
728,-3.8008628650260214,-3.3631249627361677,-2.7163820791196516,-3.7496197176747343,-2.4035260269088483,-3.7733181231057067,-2.7531703801255847
736,-4.0121632266676395,-3.351834072723105,-2.7018652611507066,-4.072215706963019,-2.0293147022267797,-4.292697613962221,-2.272502401600423
744,-3.757312419089573,-2.877618005902428,-2.4195937674912433,-3.7738144021607893,-1.5696154630781292,-3.9636497543808176,-1.819255103265503
752,-2.96533933071976,-2.0872578904339263,-1.9776373016439726,-2.5915002153923137,-1.3179906259069294,-3.6200850402706437,-1.4031063436675473
760,-2.2572411684942484,-1.3839987151804565,-1.421159261827604,-1.7914622434563205,-1.3163776474609998,-3.2813593063750077,-0.7708182210745775
768,-2.2249815534860278,-1.1726983526724926,-1.1308229104190899,-2.1785773849631256,-1.1792743442336862,-2.400672344047716,-0.38692903940520906
776,-2.595966945360674,-1.6549793365003282,-1.4695487033995607,-2.886675508549581,-1.2147599014058739,-2.1909849185743138,-0.7950129291252607
784,-3.1234113542639617,-2.5792167775119665,-2.1486131378544457,-3.183463834559343,-1.5002573249271818,-3.4458832258561847,-1.483755304603063
792,-3.6621465934023996,-3.142146680517413,-2.8728411259506172,-3.422184833420411,-1.8889854873308989,-5.01853855278123,-2.043459369059592
800,-3.8686079983941033,-3.0679496448013883,-3.1083361965092653,-3.6302591799516795,-1.8422090851956712,-5.3169397790924595,-2.2160481520077084
808,-3.387940068730889,-2.7550315578969626,-2.701865291819377,-3.393151226071957,-1.4728366395388606,-4.547548474907235,-1.8289329805253118
816,-2.808880268814367,-2.155003079941266,-2.0695771946969947,-2.8415120675333485,-1.0518489577715857,-3.392654885852806,-1.1998708127449684
824,-2.520156949738538,-1.7856306957950638,-1.4324501270631553,-2.6931179250608843,-0.8970028890400116,-2.5603572987353216,-0.6950081977293509
832,-2.4895102681262227,-1.6630442321953594,-1.0808205143123708,-2.8415120630283472,-1.0486229962014555,-2.2716339564414056,-0.498224639502056
840,-2.6250005806054864,-1.488842421419559,-1.2711521464538276,-2.764089099356442,-0.9873297490672688,-2.7523019351398372,-0.2772464480764217
848,-2.429830009487586,-1.3210925057143879,-1.4227722747541285,-2.5269810506984034,-0.9518442218706732,-3.4491091236632068,-0.4256405709694558
856,-2.2217556343668794,-1.4291621418153344,-1.353414136429912,-2.5043993009944083,-0.9905557201672116,-3.665248460667825,-0.8821138598104817
864,-2.3959574548457625,-1.4114193614099124,-1.2695392083796495,-2.7253775213560187,-0.951844226548945,-3.1684507021883737,-0.8079167849355927
872,-2.552416514325387,-1.6001379731742666,-1.4050294952150535,-2.7511852390411082,-1.1050772404228215,-2.5732611510802683,-0.44338334201833435
880,-2.7104884838095615,-1.9324118464798645,-1.8921494025983614,-2.780218836859749,-1.3857357497451985,-2.618424610982854,-0.6385538568237069
888,-3.0540532017316604,-2.65825275826886,-2.6389590667590683,-3.0963629038741214,-1.9906031739546495,-3.2168401477455246,-1.4321399369811865
896,-3.654081737732579,-3.2824759808350663,-3.1583385626403935,-3.5576751679048786,-2.564824010117217,-3.7571883315423746,-1.8515147312689235
904,-3.821831601110416,-3.461516703384027,-3.1196270652102016,-3.7512326933483546,-2.6325691675697342,-4.166885240946452,-1.8579666188889736
912,-3.6815023513874032,-3.0953702873921887,-2.769610400409945,-3.7270380022780634,-2.1567401020306174,-4.189466910080214,-1.4385919079437774
920,-3.529882253062693,-2.8260026757067234,-2.4760481258970883,-3.565740023574698,-1.8309181723110577,-3.6652484700243657,-1.0676065249058666
928,-3.3798751103123634,-2.6147023201295325,-2.3873341812457287,-3.1012018423307572,-1.7744639010596785,-3.326522694024288,-0.9434070823404249
936,-3.275031431276545,-2.500180763833905,-2.6470239650531395,-3.0528124627892153,-1.9744734184313337,-3.953971847838493,-1.1095439818269557
944,-3.399230858074478,-2.8501973569006633,-3.003492512275366,-3.47702615186972,-2.3567496220013116,-4.615293616072435,-1.335361182056567
