-240,0.1005236870673876,0.000260263255065327,-0.34113008675722867,-0.3268160371364953,-0.03630565742893911,-0.09310642499861103,-0.4697614796599463
-232,0.12759034906638062,0.19818469039802242,0.09024363191445378,-0.06460849452225607,0.4576595958049706,0.013468250296800146,-0.026546080406286775
-224,0.2663065559295399,0.5077587787068918,0.5063924531244426,-0.276066169527134,0.6877255932223507,0.35180050428208876,0.35238616357908703
-216,0.5014475668390856,0.5821919271593132,0.6078921641742085,-0.5145904556489911,0.7350920671369972,0.3162757024085095,0.2830280080843039
-208,0.3272063571183926,0.32675101728952616,0.3203096440512736,-0.17456651154003983,0.6708089251343794,-0.25888932166414913,-0.06714592048615282
-200,0.26630664206552024,0.3859590994610014,0.48101752595259606,0.5410064827531966,0.5896092262573358,-0.18783955418593903,0.29825297441843734
-192,0.5251308029786619,0.8782327107274399,1.0392658741232603,0.886105456164082,0.8738083694039321,0.6444580747866495,1.0493507442356385
-184,0.3102897666254926,0.6464750780662831,0.7060085207810991,0.2449656379449322,0.8146002169062452,0.4194671103056329,0.5875271337830215
-176,-0.384983176606625,-0.346530445891574,-0.5187545876817228,-0.7514231156131455,-0.24268840707656822,-0.8797292023981043,-0.718435771141278
-168,-0.46618294544643796,-0.5901297026193277,-1.039786404239863,-0.5213571897940276,-0.6588371832196305,-1.0336704202988802,-1.122742895232636
-160,0.012557336728579551,-0.1519892915985486,-0.5728877801133588,0.3752236077125144,0.06011905920941665,-0.28764755766678035,-0.6524609273848234
-152,-0.019584253535205893,-0.28901389901706254,-0.45108813357733435,0.1823741217365745,0.14131881151257497,-0.34178077281360125,-0.6050944074946432
-144,-0.5845992637074799,-0.9115454257163613,-0.9552033389263263,-0.702364912868161,-0.8686032395173865,-0.8002211191389176,-1.0381597872145518
-136,-0.4898662088442364,-0.8489539649330543,-1.2072609159780934,-0.604248545721425,-1.35241850574569,-0.5481634445027163,-1.1582678103186959
-128,0.14789026619876977,-0.030189644880802762,-0.7200623111166828,0.4175150937577237,-0.7941701361318916,0.03207652455311108,-0.7252023680865991
-120,0.6283222335909702,0.4976088136895848,-0.10598910655861275,1.0518883152132747,-0.022772380128139272,0.3754838458201228,0.03604541617615137
-112,0.8228633099254816,0.4299423339624676,0.3372262194612906,0.8590387481895551,0.35615987930356013,0.6664496845868024,0.558768891420139
-104,0.6350888112738146,0.30475938913550416,0.002277237235605191,0.6458894513882906,0.156543790567212,0.6630663099728424,0.15446168628100146
-96,0.295064838271148,-0.04372292999562593,-0.6185626318681753,0.6983309869512941,-0.2257718113137454,0.28244248217087065,-0.5238946391999943
-88,0.30352318912437,-0.1536809797232752,-0.2650053426763131,0.6712644743273564,-0.004164105508385592,0.015159929335452965,-0.13988742042912983
-80,0.10898209425426796,-0.08770615577446145,0.35752624508140235,0.5985229469444359,0.28341843351358326,0.2503009097157899,0.49786908714202077
-72,-0.22935037052793544,-0.2568723187479587,0.23234326263809305,0.34139038184150955,-0.07013888348166526,0.42792537702181094,0.5300106697735042
-64,-0.20228363965650215,-0.26533061890088827,0.14945181421446305,-0.027391909301895896,-0.2562217196313346,0.12004292468360318,0.4809524721167214
-56,0.30352323637195444,0.3927257120343689,0.9766744171561041,0.04704124260323357,0.6386673581309434,0.05406812581235406,1.1491588778290582
-48,0.3153648170071177,0.8173329117192447,1.4198897762493163,0.2534239875261038,1.1546242375199391,0.5006668122719419,1.3775331778539164
-40,-0.22596696938263977,0.20833461689037625,0.7652167410608974,-0.11874169876578802,0.1277855125869194,0.44315029138360185,0.49786905679453375
-32,-0.2834834261232983,0.10514329858194169,0.3135430240273253,-0.7023648845196109,-0.2579133523310102,-0.023748296943771403,0.11724519646441743
-24,-0.029734194201834856,0.3707342114488245,0.34060956209227017,-0.9155143721284272,0.0990272923940566,0.023618223128130913,0.3354695418300929
-16,-0.6015158743714636,-0.24672236372533254,-0.15673897598518882,-1.340121400086506,-0.16825528679097587,-0.12355642599415373,-0.10097919814777889
-8,-1.48456337913088,-1.141611451482292,-0.8300203354033251,-1.9558863947150524,-1.0445361015636743,-0.43313050994170776,-0.8182437809823714
0,-1.7704540661153498,-1.635576663828869,-1.2986106336620022,-2.1504273725565226,-1.8159338619287428,-0.6479714948676987,-0.9840266174981007
8,-0.9905980853730806,-1.2194278885944139,-1.0803863081039677,-1.3164381772125975,-1.4082433236081429,-0.4923386315467436,-0.4545365056935099
16,0.49975593868244667,0.29630102574350026,-0.03155598790851374,0.5646897029012832,0.0448940836074877,0.5074334177581722,0.24581143467583985
24,1.7211357421306355,1.5227558406849186,0.3812094899436101,1.9011024752558403,0.6944922150635139,1.6137802866453523,0.37776108966060473
32,2.3741171667893983,2.1435956981585242,0.13591852201250224,2.5219424077804167,0.2868017496132269,2.0823705789072195,0.15953669650218047
40,3.1675064822564534,3.2482508363981513,0.8633330844021201,3.494647875588952,1.1157160005191478,2.984026302497896,0.8328181122539746
48,3.688538296452214,3.72022450218365,1.675330714649376,3.8566634658423533,2.181462887220266,4.002406665310962,1.4012164399796643
56,2.1254428873016837,1.592113954020318,0.9140829371103202,1.5999866843740778,1.27811554019771,2.3885613138635433,0.45050251527949775
64,-1.5843713342738095,-1.7353847014733483,-0.4240215411776675,-2.1436607990532726,-0.28328828677171614,-1.678193535900363,-0.8605353208171382
72,-5.744167645271399,-4.7499259403831635,-1.887308953389329,-5.54051760004704,-1.5012847488609755,-5.278049745182831,-2.1258983118826524
80,-8.012686055894472,-6.820519972746359,-3.484237675818896,-7.266012587582808,-3.110055067190311,-7.101661090415817,-3.3405114956703352
88,-7.623603847618678,-7.314485243607252,-3.962977907838785,-7.311687449695749,-4.059077307763625,-7.245452389819985,-3.2829949653324784
96,-6.380232430372463,-6.80698662184836,-3.5299125114005006,-6.682389282619695,-3.959269282294484,-6.271055109770951,-2.731513217196401
104,-5.737400981270852,-6.340088015167117,-3.6990786734653893,-6.06154937226514,-3.91190273242026,-5.445524200587403,-3.051237335033701
112,-5.147011048106326,-5.629590113778332,-3.573895735543842,-5.161585351518629,-3.8104030562610163,-4.731643006722766,-3.1561202954913288
120,-3.5433157434508797,-3.9159367303197996,-2.731448144279769,-3.432707021351884,-2.9307389740900303,-2.880965050372801,-2.2409313264011117
128,-1.222355737660157,-1.8115094935287341,-1.7502843474245873,-1.8374699775975276,-2.198249393483488,-0.34854739792575123,-1.1379678039610606
136,0.399947905217561,-0.15706427038191167,-0.5390545109926426,-1.0626889262103787,-1.2813687151888522,1.6594551563905955,-0.09928756635671017
144,1.2829953194796817,1.2876148559432654,1.2490319863912314,0.11470768162473938,0.6911088947842761,2.5425025592042627,1.5653076659657381
152,2.416408709168266,3.0689346528005763,3.2468844837392026,2.0990269240236525,2.538403565563807,3.0939842800821196,3.2282111294791247
160,3.769738115447157,4.566055360119125,4.162073563679521,3.195223761201744,3.0069938043995603,3.7943322804195567,3.926867505476075
168,4.412569628333006,4.917921005344581,3.8406577782520204,2.912716248029001,2.521486892205913,4.42193881806692,3.578385112020861
176,4.473469369917212,4.68447167747156,3.3906757309893063,2.9566994590883966,2.3878456070655725,5.090145163266005,2.9693869135043744
184,4.798268432555961,5.005887369130778,3.5057087246097947,4.096879502964567,2.8090694106933545,5.408177616238929,2.9017204230556906
192,4.923451464427514,4.833337905685684,2.9677603088361244,4.470736671672475,2.352320735410946,4.824554274022914,2.372230269091717
200,3.9913457889060924,3.368358873676571,1.2304236648873363,2.971924383263148,0.7215588070997379,3.785873995531231,0.6247436941075394
208,3.013565311966705,2.2400204278808262,-0.07723084420636726,1.7234779988637452,-0.23930503682392387,3.127817520672564,-0.7353523538201545
216,3.074465100253332,2.3770450296659744,0.1934350349050973,2.4441259801178115,0.09395228162771313,3.112592601404293,-0.35642015526515014
224,3.3502060017613147,2.593577751236326,0.6315754424731685,2.8010664885517698,0.21236862823730585,3.0922926537426947,0.4318942310285055
232,2.6177164266064166,1.9862711685194196,0.4810175399451498,1.2075212390474819,-0.2511467095918771,2.4714527755528404,0.6805684885279211
240,1.5367445781142028,1.2960731526434868,0.4573342523783947,-0.17456649027862672,0.043202439459358685,1.7508048339140574,0.5384689381251753
248,1.21194545587081,1.2436316823184936,1.0917074320380062,0.3193987289733669,1.07004113640727,1.5376554758726544,0.802368166865204
256,1.3844949978195817,1.3738896001137335,1.6651807598084714,0.8133639631265216,1.5792313385300523,1.429389121538591,1.0848757027531315
264,0.8499298247300775,0.8122578953195361,1.448648054593052,-0.08490838675880322,1.0886494510057492,0.610624864907135,0.8345097538580031
272,0.012557291479931454,-0.0910895114893872,0.5977421867998413,-1.0068641325168823,0.1751520653686875,-0.22674775793169935,0.2102865166822362
280,-0.20228365383077743,-0.5343048247887872,-0.018022700431311107,-0.9984057522247813,-0.3526464042867102,-0.46527200334794533,-0.35980350952630435
288,-0.3122417148251581,-0.6882460532294095,-0.2869969201300426,-0.8224729334282045,-0.44737946114889016,-0.9406289588834731,-0.8723769675989199
296,-0.5473826863011431,-1.013045131314483,-0.46800471589276754,-1.2504633867005353,-0.5860957619620534,-1.666351935094114,-1.1531928075480975
304,-0.8281985246148277,-1.5103936944695064,-0.8029537353713564,-1.78672011434948,-0.6453039124608042,-1.9285594864309838,-1.1295095528729298
312,-1.3543053622974348,-1.9688341005811882,-1.087152889784684,-2.0015612113976236,-0.8466116193591098,-2.09941735751857,-1.5253583929845698
320,-1.4016719288900354,-2.017892250626944,-1.1971109304262593,-1.862844937297517,-1.0529944162543223,-2.1721587591502276,-1.6505413854225608
328,-0.7148572267513674,-1.3767524445831332,-0.752203890658901,-1.319821486043382,-0.5015126599407775,-1.1571617449649505,-0.9315850975631437
336,-0.07710071209307903,-0.7220793114468373,0.13422686060083308,-0.6228568508703872,0.6623506933087259,-0.10325641473003914,-0.11112916625435089
344,-0.17521710867869475,-0.8523372928445938,0.45564257988171564,-0.3454243537339105,0.9279415432999776,-0.5583134798462349,0.008978847218555035
352,-0.7706820758699139,-2.1075503005389304,-0.6287125703541467,-1.3181298349898372,-0.36787136335198467,-1.8253681577644252,-1.0686097415076752
360,-1.0159730205406725,-2.9838310713350324,-1.726601083118182,-2.3720350978060805,-1.7025924717507712,-2.011450905597456,-1.9195156331063998
368,-0.17521714356921814,-2.231041594312349,-1.4643935076123555,-1.0677639173508024,-1.4691431749521229,-0.8205210142830076,-1.390025436983044
376,0.9159046808435927,-1.3733691023155963,-0.9636616127296415,1.0129800758501042,-0.9125864763812321,0.15556777198755245,-0.8317770679144095
384,0.968346158800888,-1.6372683415954712,-1.1023779179041202,0.9334719945898534,-0.9684112762532583,0.08620970226530722,-1.1278178402158041
392,0.6959886855147017,-2.1075502963593373,-1.401802024840749,-0.05784183415613957,-1.3135103030902584,-0.010215053624887588,-1.515208460313686
400,0.9784961916003064,-2.072025389450744,-1.6386346653607053,0.08256613624615951,-1.7262757636788417,0.25706746995337215,-1.97026544783481
408,1.8310937126277183,-1.686326491277784,-1.7925758863507468,0.7727641277714139,-1.8108588429849322,0.8271576122819371,-1.990565400402888
416,2.7496661293839293,-1.006278519468001,-1.3628938247294182,1.726861318416097,-1.222160558148128,1.6780634313737923,-1.3545005860446657
424,3.19795643346031,-0.3499136980252575,-0.5898043506168964,3.0581991583262664,-0.5708707387490971,2.2413867761365243,-0.7505773241521604
432,3.9998040494437395,0.4790005583323072,0.22388494049686442,4.18653751653226,0.12778553493866118,3.0094011553456594,0.09863690494456592
440,4.958976293195869,1.2825398597146402,0.6451087157760956,4.529944964822585,0.8349001262246109,3.9618068154181363,0.6974851371716938
448,5.094309241565095,1.020332284572257,0.04626047137362871,4.440286834226262,0.38660979180074306,4.222322661003298,-0.3767200880255867
456,5.133217487833681,0.7547414285841957,-0.7234456410271591,4.8412105448152625,-0.12258041068548092,4.3678055471316055,-1.5405833676778917
464,5.901231951725024,1.2064151247197985,-0.5898043644277287,5.754707968250394,0.20221864214030694,4.8651541727988175,-0.9891016502527427
472,5.8944652641006865,1.3400563747878926,-0.6693124978420434,5.230292833593674,-0.17671359566653663,5.039395281845812,-0.8419270067638238
480,4.9048430974932495,0.8122579034970019,-1.2580107783175318,3.7906886724227484,-1.034386087299847,4.526821804147275,-1.5050584898447343
488,4.713685401769506,0.8190245567759811,-0.9602783158924743,3.988613210234086,-0.7434202852409059,3.993948379332307,-1.0178598697187193
496,4.735677010297607,0.8511661194181018,-0.41217991911000645,4.41998686784735,-0.4693710760372438,3.5084413959038403,-0.6389276504474662
504,3.8729294837289956,0.3115260080691238,-0.6185625991583094,3.371156554012149,-0.9481113485810233,3.0516927829518994,-1.0939846423299076
512,3.6614717809207318,0.5466669959000419,-0.3022218528457029,2.9076412559799696,-0.6317705846414333,2.9671096224163076,-0.91128514172408
520,4.084387190898576,1.4094144872146859,0.5047008235140322,3.5420144365481883,0.33247659173680516,3.2022506707604785,-0.04007938187604337
528,4.00149577627514,1.4939975459862493,0.46410088730350446,3.418523192566454,0.197143662993501,3.335891911197335,0.036045406544912936
536,3.9169126155578278,1.4178728240753542,0.059793713238740324,3.2036820669880393,-0.4304628790151785,3.576107912338697,-0.3699534258422547
544,4.5512858061207275,2.006571135080051,0.372751179432556,3.937863310823466,-0.029538984342319198,3.980415111117582,-0.16187903877019225
552,5.02325952024414,2.3990365645968783,1.0121992886290099,4.245745673936427,0.6251340710171837,3.71482422296482,0.416669269055687
560,4.683235442569902,1.7748134422690856,0.8464164626531262,3.459122986307344,0.37645981842424814,3.149809160638482,0.17307001450859166
568,4.035328927458618,1.1607401966419608,0.14776009864979356,2.970232764374304,-0.20716348054205513,3.192100668490268,-0.4900614193257986
576,4.015028990518588,1.4584727215792073,0.12576850338735907,3.3694649343964183,0.10748558436951987,3.4390832424079947,-0.3344284878592889
584,4.177428582169493,1.710530264649058,0.33891799862847777,3.2087569999775902,0.543934360328244,3.2716086981416197,-0.09590414576721668
592,4.055628865670698,1.3671229235744053,0.19851004185528986,2.317251285380819,0.08380231115876176,2.7776435374039425,-0.2346205285367668
600,4.229870143355225,1.6107222348186019,0.37444282630650666,2.5523921818058337,0.009369187238739661,3.0364678562330485,0.1510784070708176
608,4.668010414813907,2.1757373331257925,1.0071243387393614,3.1174072781140874,0.29526003813598195,3.777415651038261,0.9512344099804898
616,4.725526941335614,2.160512313365545,1.0494158574944368,2.8518163743332785,0.1142522476431801,3.7638823343039007,0.8768013449382267
624,5.046942692417756,2.397345005857843,1.3759065909943706,3.05819912925083,0.4779594938566046,3.652232749642731,1.0611924160949837
632,5.561207855878639,3.2482509014544396,2.4078202770837698,3.5081812146750573,1.4016068287012053,3.9905650392454293,2.1506225992672108
640,5.361591847644905,3.2787007338124514,2.7495359214927877,3.2408986611127526,1.6418227949520448,3.8349322026375297,2.32993875869583
648,4.635868797291901,2.5495945594394067,2.2149708732459388,2.8230581174326774,1.1580075127322502,3.247925565765007,1.543316059618293
656,4.3093781859088,2.3009202750452125,2.203129171220827,2.828133206339257,1.186765789258771,3.371416772675559,1.6211324772862172
664,4.289078175916736,2.541136203134541,2.5397698846392296,2.92624955349663,1.367773593198962,3.5913327965347226,2.348547018959587
672,4.407494629378557,2.126679096762335,2.4095119155985327,2.621750459599171,0.9516247961579296,3.2090173494804644,2.360388657018738
680,4.3415197356486965,1.896613082808301,1.7007056343706415,2.1210186043317396,0.23266856008913459,3.1125925746912366,1.6769573238606639
688,4.060703972204261,2.174045643547295,1.3319233873855552,1.9856855485651221,0.08380232133516452,3.631932645700662,1.2861834016556928
696,4.03702061867261,2.3432118003422615,1.2710235696600485,2.1328601348117755,0.6386674462658604,3.665765964249621,1.257425157839037
704,3.7612797669563127,2.0048794498628686,1.0950907470473206,1.8689608575521117,0.8179835077466034,2.6152440653257703,0.8294347738025895
712,2.8646990804815946,1.472006035042581,0.5503756618214594,0.8455055602957232,0.11763556083528015,1.5055138187353652,0.21197821352959348
720,1.929210055242057,0.8427077711089805,-0.10937241866038405,-0.3251243373815938,-0.5979373478671397,0.9861737177418948,-0.28198702207733256
728,1.8158687728249225,0.9543574689826307,0.07332704378393297,-0.2456162652074172,-0.2545300064290443,1.14349828554251,-0.04177103819951101
736,2.289534025334562,1.6157972190536098,0.9462245037503136,0.30924873560750915,0.6319007417414245,1.5393470942163336,0.829434736367965
744,1.6585441804919074,1.24532329175782,1.1069324178163376,-0.15426654298047207,0.8315168484681994,1.069065128367457,0.8649596260130178
752,0.2510816579226817,0.10345161699918821,0.45902594504615846,-1.1303553939438793,0.13286048064871533,-0.3028724785705438,-0.02316276994000883
760,-0.4424997334758181,-0.23149743028278644,0.022577154913158804,-1.6429288556509238,-0.46260443202606044,-1.5462438609262348,-0.5864861268780803
768,-0.04834249244538105,0.355509223853278,0.39305111092094186,-1.6023290026688326,-0.2511467015961321,-1.380461026772884,0.029278764350944335
776,0.4523893973491315,1.1979567860419154,1.3911315693221216,-1.0271640478320572,0.45765961343195405,-0.18445614758899895,0.9174011966482668
784,0.024398943349914336,1.06600716667456,1.4892479239300762,-0.5518070117939142,0.7807669695921062,-0.3959138941921393,0.6501186278213592
792,-1.2612639917427668,-0.2128891489393381,0.07332699671807036,-1.3891796095551852,-0.18009690522420685,-2.4022247571127733,-0.6067860894408393
800,-1.9785285816644984,-1.072253321791959,-0.7775788307329725,-2.857542065969943,-0.9345780700081732,-3.3766219857346274,-1.2005593655997884
808,-1.562379794072982,-0.6967043886363057,-0.32928847450252763,-3.1298995881392067,-0.5404208869468875,-2.429291313713309,-0.740427341144427
816,-1.875337242458093,-0.8607955355735367,-0.652395842111133,-3.0216332014587204,-0.7721785514093026,-2.1992253684499925,-1.0567681009044234
824,-2.9478507155646874,-2.085558686195742,-2.1427498638042812,-3.5917231711518793,-2.0629164540186165,-3.5559380802886795,-2.2375479992164573
832,-2.878492678915751,-2.2970163631995555,-2.320374333654402,-3.6949146695462995,-2.205016004784805,-3.997461833213552,-2.34243104399285
840,-2.167994717377156,-1.4765604580586553,-1.3206022487320777,-2.8964503002449113,-1.3168936290028619,-3.4104551549085307,-1.4289336510869286
848,-2.1324698115588916,-1.1010116050421743,-0.7606622111646364,-2.5750346011351133,-0.9498029760107761,-3.53056314403076,-1.0212432256153667
856,-2.3929857111153305,-1.2363445090713574,-0.6067209854498367,-2.6765342434941597,-0.5844040878298803,-3.6828127306856313,-1.0144765303587266
864,-2.3320858641326656,-1.1348447562256516,-0.2480886798582648,-2.343276867255093,-0.29851321748844006,-3.3444803327769335,-0.8064021400156769
872,-2.3151692716408294,-1.3141609254672313,-0.39018831639699125,-2.378801799968136,-0.8127783878547389,-3.496729925973779,-1.031393164101338
880,-2.6890265453837503,-1.8521094124757214,-1.043169731424517,-3.2094077237341794,-1.2576854487017892,-4.065128255516683,-1.4272420163883162
888,-2.641659981880415,-1.7438430366985236,-1.0685446347908503,-3.341357345645636,-0.8973615002341386,-3.657437790611561,-1.5371999905198308
896,-2.1815279483389793,-1.4173523257320528,-0.7674288626264004,-2.6917591345956016,-0.6537622047997103,-3.0095313478254244,-1.7824910425879834
904,-1.7163210550417491,-1.195744611385783,-0.7234456650143943,-2.4092517566236387,-0.6199289765663263,-3.017989663788123,-1.9584238303101864
912,-1.1580726298211772,-0.6188879451639321,-0.21425543308929024,-2.341585246367314,-0.09043887130370949,-2.7997652577274743,-1.244542544312762
920,-0.86879852170205,-0.40235518924822056,0.3778261671202714,-2.0912192180598987,0.5507009523670849,-2.3869997635204174,-0.3513451432267564
928,-1.2020558655946938,-1.0536450119182383,-0.0027977366412782396,-2.086144281981083,0.13793552103565987,-2.928331670209793,-0.7844105503866081
936,-1.2781806085852803,-1.1399198162385153,-0.31913846405485113,-1.8273200342050746,-0.14626364755194335,-3.021372954265039,-1.0533847771724774
944,-0.16337548570242713,-0.16383093947065897,0.2661764783326948,-0.775106393185219,0.4728845219786575,-1.5208689388425891,0.22551148955834316
