-240,2.526205274186254,1.037359166179038,0.2687706101803758,1.3112766245911023,0.8238240097914887,1.6330858542571243,1.4503068186309
-232,1.8603671237691501,0.9394417170553185,0.1545336572023539,0.6030077423445243,0.587190358394681,1.3230142007788381,1.3621811612968528
-224,1.553559409769682,1.6868776300711328,0.5592587747455182,0.5263058412803246,0.8891022227805665,1.216937098776862,1.6575651879224298
-216,1.5225522993983727,2.282541603234289,1.2658957593041849,0.7237725153767686,1.4782383778178851,0.8203717259732305,1.8713514771936164
-208,0.760428771100163,1.365382276070873,1.001518851639998,0.38922151951498574,1.2970912443903777,-0.4068591994465208,1.2153051559067418
-200,-0.7458666827007118,-0.2551500484886752,-0.07394019668727976,-0.8690165967423451,0.47621731982646487,-1.6308262421871749,0.34710449983631336
-192,-1.556948850711815,-0.9275159532195845,-0.46560960294704123,-1.6572512991962385,0.1400344062916831,-1.7679105497525842,0.0892554290558957
-184,-1.284412177972394,-0.6092845430808367,-0.09515559363149388,-1.405930163121331,0.47132146740795805,-1.5329089166554404,0.37484776031107936
-176,-0.7964573202022599,-0.0674750865921714,0.12679041232998048,-1.071379111161059,0.7242746349306132,-1.5981871247358987,0.6343287982012893
-168,-0.3852044970808521,0.1087761032567845,0.28345822353438543,-0.6846055476778774,0.4239947392322897,-1.2701639741726591,0.4531816426850012
-160,0.1402853917414785,0.3405139183634006,0.16269346400084014,0.007343819494700544,-0.09823123886169909,-0.2126564399351906,0.2198119058733071
-152,0.8110194389299569,0.970448923319983,0.24265931313393904,0.6242231829403752,-0.11128686056282731,0.6343288044651709,0.2279716928620143
-144,1.2647031783046225,1.4747233319269049,0.5478350782556233,0.8608568488877281,0.4076751631511824,1.0162065242952352,0.4270703580854164
-136,1.6873797950364344,1.743996123214383,0.866066499964684,1.2884292575568634,0.7748652664716965,1.8958307774560474,0.684919356814337
-128,2.1133203435335224,1.8680247147630784,1.0651651832447873,1.644195724868667,1.0555617156813586,2.519237997945887,0.8383232616730945
-120,2.131271861830718,1.9936853719445373,1.3899244183463748,1.245998452624045,1.3917446746208548,2.4931267406943154,0.9476643392672903
-112,1.8636310337962614,1.8402815000436425,1.4111398692853852,0.6927653348823477,1.3280984546871206,2.4229526151561633,0.9362405968467575
-104,2.085577032219501,2.103026507565609,1.3164864103044325,1.2198870810718017,1.1224719084023889,2.9109074301511995,0.97377566927159
-96,2.558844388481989,2.5975091122866223,1.3719729389675062,2.2284360353763293,1.2301810020572455,3.656711391834922,1.1859299213098722
-88,2.718776072197641,2.413098040782759,1.061901285138605,2.64784863707167,1.0180267498436557,3.653447439383328,1.0308941043879651
-80,2.1737026609783805,1.4747233952130132,0.6049535447520911,2.236595790809636,0.8156641896696113,2.6416346674388893,0.5918979070170433
-72,1.1325147394613442,0.38457669198378175,0.32915295094116803,1.2003036731508525,0.624725304247297,1.305062735950515,0.31283341352216787
-64,-0.3264539826577065,-0.6256040462339085,0.06967193110765917,0.15421985416121056,0.486009067789192,-0.3807478750520705,-0.05435669505757995
-56,-1.7642072443711272,-1.7614454803760773,-0.5618950364007128,-0.6927653283555044,-0.166773337510107,-2.0078081250258157,-0.8687027648563299
-48,-2.676470601133901,-2.8222169025518773,-1.4774223598150107,-1.476104210121599,-1.3793167160174966,-2.7372923821278285,-1.5704438656163977
-40,-2.6878944094701587,-3.3166995866873146,-2.0420791859675314,-1.862877872127753,-2.3030037999490265,-2.580624666816778,-2.0567667655680517
-32,-2.0334800233870607,-3.0066279233917927,-2.0469750047269457,-1.5625979327777935,-2.61307544886931,-1.98659265953626,-1.8413485705447954
-24,-1.9469863556022011,-2.6965562215285606,-1.8593000815734597,-1.4418331576418548,-2.582068335517769,-1.81034141709497,-1.562284093002928
-16,-2.4594205289337423,-2.6361738991750845,-1.8397165479568336,-1.7747522533614164,-2.5053663613502257,-2.3896858250461017,-1.717319931838308
-8,-2.777652033388075,-1.954016319409485,-1.3892967652411479,-1.941211740126437,-2.02883521006253,-2.8368417271863824,-1.820133126442789
0,-2.072646891645986,-0.7349451716871285,-0.4998806941698038,-1.3243323537154437,-0.747749729049961,-2.3733662345897555,-1.3240185183232727
8,-0.5043371876507862,0.3503055890153977,0.49398057946252605,0.12810855045307862,0.601877976306693,-0.9894674911285958,-0.6092217399388953
16,1.117827154507195,0.9280180652689072,0.7599893688616168,1.567493778224445,0.9511165576485484,0.5266196627759822,-0.12942664619214905
24,2.201445947398697,1.5612171148889746,0.5984257325867184,2.4030552362020194,0.45010603890834344,1.5498561220943112,-0.03150923581144921
32,3.2165225801087614,2.7313295468148597,0.781204751781209,3.026462413916761,0.3505567357483493,2.4800710548305402,0.4564455164234025
40,3.4139893164394675,2.9353240355309866,0.9133932647796777,3.3430618814888047,0.7536498698780978,2.561668807787323,0.6653359013849799
48,1.279390793587018,0.9492334906129817,0.012553523339297545,1.9526354440197151,0.31954954824161735,0.3438406109742449,-0.4329705323838542
56,-1.995945017403876,-1.5819303258039832,-1.3811369168947183,-0.8331136059032846,-0.8962576794610845,-2.89722414560852,-1.789125964530992
64,-4.879611360952596,-3.682257791969301,-2.5577772616126415,-3.5486883786469026,-2.041890879622682,-5.6764452899271,-2.825418070794769
72,-7.355288632052246,-5.900086072053576,-3.915564708903902,-6.182665516065255,-3.2674898544115716,-7.7800366012556506,-4.155462264974191
80,-9.48662329571684,-8.227255341727547,-5.800473904838928,-8.815010596440922,-5.052849740524907,-9.3662980118286,-5.7874183154753425
88,-10.544130761584276,-9.90817013046456,-7.2888177840688115,-10.246236021971804,-6.74192427996192,-10.164324451376139,-6.815550618096177
96,-9.972946223191816,-10.485882513629639,-7.6902789950910195,-10.065088865578979,-7.389810773588683,-9.682897318292797,-6.784543412006819
104,-8.843632641360498,-9.890218582365042,-7.360623903363539,-8.878656835483206,-6.929599261317588,-8.615598102709555,-6.198671195747085
112,-7.647408845069991,-8.452465298036918,-6.508742818290293,-7.339722396939049,-6.18869117273869,-7.42753414109147,-5.48061057658217
120,-5.672742026619511,-6.286859649210765,-5.668285445835256,-5.497243908991643,-5.27969166184038,-5.110156569066899,-4.530812088315843
128,-2.5899770309954744,-3.45867978699202,-4.119559133807996,-3.1129561661595138,-3.701590145895114,-1.5329088964950452,-3.1632329666911194
136,0.3557037050974855,-0.6223401481277262,-2.0486069681552737,-0.8363774740318368,-1.9194941603422695,1.3230142403983955,-1.3892967844306077
144,2.000715388519462,1.4192368660240149,-0.4084911573121988,0.9604061353934835,-0.7379579786329251,2.450695831278062,-0.21755228880034297
152,3.0533270675335,3.021817673513523,0.9998868838289744,2.6641682078935442,0.41583495557443045,3.1605967342786117,0.7681491315769398
160,3.9753821407036023,4.350229992795044,2.3282991782167914,3.6808768631106585,1.4570229607132763,3.720357691533695,1.995380105732254
168,4.177744735763893,5.107457505112589,2.9647619988449017,3.7771622707940873,1.834004774831269,3.877025441205072,2.6106275520308526
176,4.115730337960419,5.38489006638392,3.0675752490219486,4.031747410861075,1.8552202236665858,3.9716788402307635,2.5339256262482555
184,3.8301380663098787,4.96058145782392,2.4784390578712268,4.023587620716828,1.3835848997283844,3.692614407742995,2.179791117631471
192,2.83138100284392,3.3987994715031995,1.2626318701386992,2.8257318364549016,0.19715278793918584,2.401737175612158,1.2609998580692037
200,1.1684178463541548,1.5155222619618227,0.29161798405161815,1.2198871787182348,-0.6449365014876177,0.41401470320391853,0.24429122581740853
208,-0.342773486687317,0.22138108246331842,-0.589638220791903,0.20481050551207364,-1.3352539215354897,-1.2016217759494334,-0.5521032872917422
216,-1.0053476755368222,-0.16376050794960678,-1.1673507333341229,-0.1509558974617745,-1.8933828129825003,-1.4154080448849173,-0.8703346751664023
224,-0.18284182400859858,0.7305514288636359,-0.6353330412871157,0.5263058321643198,-1.4054280218293225,-0.26977486838987,-0.4182828801115176
232,1.1928971752389532,1.8973999609302612,0.6082175075468429,1.4728403197694149,-0.23694747637165092,0.9541921292966843,0.3340488709475659
240,1.445850333294988,1.897399924816859,0.9525602434825029,1.3439158021729454,0.038853088162873084,1.0586373611340685,0.41891054076846385
248,0.7963317828008497,1.0112478477450522,0.2818262539702844,0.5622088766475609,-0.6498323055211773,0.5690505199505186,0.16922126346314117
256,0.4993157680285467,0.2866593671532776,-0.16532966955754533,0.19828264163090645,-1.2618158424938968,0.538043302641465,-0.024981463440942625
264,0.9170965255048484,0.17895031557228772,-0.04946084027916035,0.5018264959165949,-0.9892792205937311,0.7338780324181273,-0.09515557477916514
272,1.2581753715737913,0.2899233043530946,0.001129807916162411,0.8086342290246101,-0.4197265374647008,0.5429392309682395,-0.28772640680026146
280,1.1292508094491465,0.28339543608923295,-0.20939246333832132,0.8233218071417574,-0.21573200527224626,0.4907166093520446,-0.7169308281592115
288,1.0166458842374086,0.2556522313623408,-0.5716867245834878,0.8445372920904762,-0.5714984420804955,0.6539122341242843,-1.0204746624598138
296,0.6184485343314406,-0.13764922335002222,-1.0204746991935358,0.3467907215944781,-1.4609144630138156,0.5331474765191244,-1.0498499380787034
304,0.3573355733336911,-0.5097351959185903,-0.9943633525349981,-0.3386308377954215,-2.072898008927231,0.36179210858512173,-0.5716867569210301
312,0.6543516810191166,-0.17844816881202477,-0.07230821239732635,-0.15421985710098682,-1.5294566563284244,0.7681491657147577,0.2083882488276627
320,1.0280695677545286,0.8349965446472712,0.96072002416013,0.3402629110068762,-0.6579921279220562,1.0292621368803585,0.8007882954847758
328,1.3463009566810349,1.7211487049902732,1.47968200369658,0.8053703530072093,-0.20267635692433508,1.0847486348645718,1.1190197270110722
336,1.915853641913758,2.2841735519367647,1.8697194845697998,1.1921439080756182,0.3505567269829605,1.4290914254962588,1.1777701148620021
344,2.0137709742824965,2.2025757353432587,2.178159170237062,1.1937758304819266,1.150215187459779,1.6461415800910726,1.1696103289251416
352,1.4083152449171468,1.6085437790773038,2.014963574390606,0.41206889759361465,1.2693479762020685,0.9917271592970344,1.1842979619136222
360,0.8534502123073764,0.9492334457341904,1.7554825961050406,-0.04651072540434251,1.2856675599967193,0.36995194588716135,0.9362406622365589
368,1.2353280523985766,1.0177756700782756,2.277708560875639,0.8167940489711797,2.1424444284172077,1.0162064676708218,1.163082513428921
376,1.5764067491052922,1.4306605241215071,2.847261134437307,1.6262442090257794,2.5863365367594344,1.2724235597711346,1.559647825751369
384,1.0900839224322887,1.2527773813626886,2.475175222174614,1.195407765510395,1.8029976348329448,0.5184599083945213,1.3442296223133399
392,0.9122006644962602,1.210346478958745,1.8729834026610688,0.8102661852653209,0.9707000390234575,0.3209932290388442,0.8905458392870376
400,1.6318932963509907,1.7635795286810245,2.150415962004015,1.4059301649148654,1.319938666471259,0.9003376040321129,1.1092279659002617
408,1.9468608411661104,2.0214286366266903,2.737920093131822,1.420617685355752,1.7181358654372292,1.0586373628871477,1.572703486195517
416,1.6384211576025414,2.11608208088179,2.671009929687191,0.8494330533489377,1.5010857743038306,0.660440041906962,1.3964522451566894
424,1.8897423299661602,2.5338628332741666,2.3837856300950597,1.379818837715489,1.3248344601616602,0.805684127870998,1.0064147295725292
432,2.865652113350538,3.320465673452319,2.396841329282225,3.078685075152513,1.5549402851931649,2.0068037986687957,1.052109492917406
440,3.919895633603382,3.594634238971034,2.515974154137917,3.8962950372722895,1.6414339557829487,3.176916287394401,1.2512081541087292
448,4.145105583251061,3.217652443786282,2.679169670044027,3.063997484413208,1.5353568209984179,3.5473703272135024,1.5025293979979204
456,3.696317686127051,2.9532755699564963,2.80319832961214,2.0015940935498455,1.4619188136577066,3.1769162837129388,1.4274594181128757
464,3.289960623036951,2.662787374361878,2.7101769283751014,1.8090233179778539,1.4276476779067673,2.739552024526025,1.172874250171951
472,3.5657612007195585,2.7362254241270727,2.476807189810329,2.145206212228779,1.6789689835042971,2.476807118857878,1.133707291454212
480,3.458052135815178,2.8684138436864957,2.4800710807288935,2.363888338666696,2.1506042681735567,2.1030891981127584,1.262631851650471
488,2.8362768480748084,2.685634745077581,2.617155396007844,2.0064899291388056,2.243625728314009,1.7832258308567615,1.37523681858546
496,2.3858570150457905,2.1683046812857447,2.4066330935485762,1.1382893465223358,1.7507750628288516,1.9545812051018434,1.2202010046437852
504,2.232453159448519,1.5873283267358307,1.8387124043514287,0.4332842905057501,0.7977126762810338,2.3446187040317654,0.8497469595654514
512,2.7220399085954843,1.4290285755943395,1.357285311588874,0.8249537842440932,0.1743054813861305,3.0643113180051027,0.6767596336376617
520,3.701213592715661,2.2499024957755567,1.9333657485057874,2.2088525136806303,0.7226427472352442,4.1316105989781455,1.1010681820670942
528,5.021466038406434,3.6615444932250947,3.3025768893067124,3.6449738131928777,2.196299018195043,5.143423324466023,2.261388948950832
536,5.721575150844468,4.877351722505567,4.325813334600421,4.221054288852807,3.170576731563965,5.562836041163267,3.1393812933793437
544,5.434350956437005,5.047075196959045,4.541231579586393,3.910982654658377,3.294605391132077,4.8382475942305865,3.1361173446092128
552,4.977403199571561,4.867560007500703,4.611405708981318,4.005636198488293,3.399050601757221,4.1675136010369025,3.253618224268585
560,4.975771242103694,4.643981982713641,4.887206247219674,4.622515475156619,3.7678727395057146,4.330709213888214,3.58164138710337
568,5.401711779030469,4.550960546940969,4.812136293806104,4.82651003609955,3.710754284754868,5.03245028870273,3.514731237508054
576,5.277683113852506,4.051581981110626,3.7742122660125546,3.9109826380041395,2.6042880787231804,4.981859643487639,2.589412088820297
584,4.525351316862785,3.278034817154321,2.4409041306012362,2.8779544729722573,1.6234824602757638,4.244215640243632,1.4976335532929559
592,4.087987123416289,3.1066794742893307,2.0851377174595362,3.006879013534045,1.5973711045012213,3.8737615322298056,1.145130949376395
600,3.662046614363452,3.189909183662132,2.323403264440563,3.267992031506823,2.052686860247167,3.5538981309641016,1.22672884503371
608,2.9390900614372217,2.7509130008417553,2.382153702078903,2.7506619168757314,2.33175136022843,3.101846232127011,1.254472108488709
616,2.883603603072567,2.148721256885864,2.1308324834340304,2.602153929299359,2.0282075234735175,3.2944171360242964,1.2871111777303446
624,3.6751022670940583,2.1487211769455166,1.6804126405877757,3.130907648033147,1.2562922835012904,4.387827665658829,0.8889139528188233
632,5.556747547918045,3.439598435723134,1.8533999637106422,4.602931973621318,1.1942780220872675,6.354334744629011,1.2267287792932937
640,7.523254686317563,5.234750099426212,2.6122594778489208,6.432354725041,1.7736223653498278,7.772504556172306,1.6102385081317092
648,7.653811072851467,5.691697785642622,2.733024187770365,6.841975776871404,1.7311915244789144,7.658267580754889,1.5743354632978523
656,6.406996671316039,4.451411153672778,2.390313483282452,5.799155825133775,1.3982725181663194,6.362494518995557,1.5759674077929413
664,5.604074347619285,3.3367852062324066,2.065554216099541,4.84935736439077,1.4227518395128829,5.318042663083628,1.7277393171420465
672,5.225460541147183,3.0136578898556636,1.771802149571445,4.728592628523773,1.5924752857418076,5.0275544713457805,1.5139530830928105
680,5.01983404710417,2.982650778783124,1.6510373430554148,4.921163474394184,1.8748036662984755,4.730538445003164,1.2854792667190418
688,5.032889747693798,2.901052946061302,1.6885723315078214,5.126789963002658,2.3186957125817482,4.5395995862276335,1.1908257979208532
696,4.985562968678873,2.7851840762868196,1.3279100722586954,5.141477567240662,1.9890406089333386,4.492272879614821,0.8432191454716937
704,4.438857707630725,2.021428652404391,0.5282515989844079,4.709009223583059,0.9984432758316734,3.953727333328574,-0.12779470590444708
712,3.9541667228977597,1.0047200234834424,-0.1979688068185999,4.14924824301204,0.21020850570897712,3.2944171090268983,-0.9046057709471672
720,4.329516682453555,1.0520467407900282,-0.09841953100661896,4.2634851495335,0.3179176042724518,3.6191763765604246,-0.6288052050101811
728,4.776672578458063,1.6754540031784264,0.07619978797651551,4.167199809168259,0.5904542659674835,4.2181042734247,-0.18817711573650406
736,4.1222582095551275,1.4665636211970816,-0.4215467870774852,3.179866361725924,-0.011737546709058671,3.8411223732305873,-0.46234571473900565
744,3.5168025057847143,1.0634704472724672,-0.7430421386234363,2.316561605056487,-0.3544482894140675,3.4494529662695963,-0.6679721349774445
752,3.704477459266445,1.4812511831859119,-0.07067629402309512,2.4993406808753904,0.44357824409844115,3.6648711420089968,-0.07557212092757787
760,4.1467376104914235,2.1846242542113123,0.7991563065424224,3.5274730031306922,1.2203893140497788,4.1691456025070215,0.8562748148565382
768,4.605317219640065,2.6383080170772204,1.0896445077468906,4.425048853126586,1.1583749350042363,4.435154440115752,1.0390538540361152
776,5.068792706451534,2.9239003257176996,0.8676985075705731,4.961962344649151,0.6116696266229874,4.332341190639936,0.8954417379867978
784,5.251571917958659,2.909212736731471,0.38463949310294127,5.358527689754154,0.3603484703876854,4.156089956613419,0.8301635276273364
792,4.7880962789800385,2.3788269115182072,-0.17512139771049343,5.0190808325331675,0.4419462396480919,3.6518155029523975,0.27040256791794454
800,3.7338527336581797,1.0912136874115306,-1.0906487188457903,3.783690135201178,0.3211814837960098,2.781982908522652,-0.5961660964996031
808,3.037007522832485,-0.06094727460210685,-1.7205837923477136,2.9187534457822735,-0.08843940569939113,2.1520478949759885,-1.1559270591892272
816,3.360134714916011,-0.18008009332202646,-1.439887391698307,3.0476779276159554,-0.23205159765697722,2.1944787081482726,-1.0204746580771196
824,3.8448256375900227,0.2801315570915989,-1.0563776900325972,3.501361725368112,-0.03621686805562208,2.4180566941923147,-0.8572790543418128
832,3.709373385314219,0.5869393140414724,-1.248948533448699,3.7673704818093405,-0.07701578073506984,2.4523277431659034,-1.0531137692173143
840,3.4890593248996793,0.5755155989689528,-1.4578389113979637,3.9664691670178285,-0.26469068478000635,2.297292012320115,-0.9519325638114058
848,3.683262073717237,0.8252048596200363,-1.1428713790296972,4.026851588946122,-0.40340701800800555,2.4963905860328572,-0.5782145506790859
856,3.963958572188383,0.9084346249160183,-0.7430421333642033,4.10355348860786,-0.37076785480140056,3.2013956790393845,-0.2322398804161882
864,4.363787738965377,0.9345459011008297,-0.5716867577166584,4.271644961766528,-0.45726153976642214,3.8917131174945734,0.1741171598839007
872,4.845214756520894,1.4894108939157353,-0.1326905571901964,4.480535272397606,-0.4637893533342566,4.177305307802302,0.5413072518094094
880,5.240148131886487,1.9985812110396532,-0.06251648757522453,4.540917738854076,-0.349552452948568,3.9896303878043575,0.5804742250776938
888,4.884381708576938,1.7880589205013149,0.009289588243173979,4.292860467927488,-0.16024555076436234,3.6746628901470304,0.5184598965207915
896,4.4078505848125635,1.691773518077119,0.2442912763869601,4.1133451955485665,0.5871903394614406,3.527786902813621,0.6914472115794998
904,3.7844433732634224,1.4486121639069929,0.001129821590168882,4.074178272593614,1.040874132830902,3.0169846355847647,0.4809248812462954
912,3.3421832309791406,0.9835045579938865,-0.45908181462352654,3.826120875270118,0.7552817884276356,2.501286440555056,0.06640803134279524
920,3.218154599810888,0.7550307289979578,-0.7381462923407014,3.2843115306278157,-0.0035777488512692807,2.426216496608105,-0.05109278958847082
928,3.267113280370496,0.4629105797922451,-1.3909286701166803,2.9530244738942355,-1.118203731528505,2.656322301654524,-0.034773243660301156
936,3.6995816282354874,0.347041737190469,-1.810341375594225,3.0068790137093537,-1.6959161765772295,2.9533382778591157,0.035400892396318856
944,3.988437788876204,0.5526681421771311,-1.3354421919422452,3.2027137750414165,-1.4266434254352323,2.907643567281881,0.06967194680444806
