-240,-0.8121353106136715,-0.1418801792072588,-0.21378185048246198,-0.8459459050143661,0.31899779572523135,-0.2958577252484606,-0.2385969399099702
-232,-0.9347217948324245,-0.4354425114187978,-0.21055592321965683,-1.0798279598741818,0.19157237859446152,-0.32973024679584445,-0.2756954715428927
-224,-0.8621377060273142,-0.4193127247070052,-0.2008780062811745,-0.9669193846235231,0.18512044661746688,-0.14423760283931653,0.07916008493128315
-216,-0.8121353269009872,-0.19510852735429626,0.18301118890320028,-0.8653016053006882,0.331901612549967,0.0831925219494667,0.6856404829083914
-208,-0.8008444677298633,-0.04671437535201726,0.5072201077754679,-0.895948223669702,0.34480545796413986,-0.04423286295320986,0.905005736433116
-200,-0.6347076087883528,0.061355266640086004,0.6443233924629651,-0.6862608669842185,0.3093198824254046,-0.2168216932038502,0.7114481628207702
-192,-0.40405143770074364,0.17265086361808496,0.5620614295168941,-0.4120542818417165,0.17866853300701946,-0.395862438797631,0.46143630808069397
-184,-0.1572655318821371,0.1694249237066199,0.13462181057454434,-0.22494867243445807,0.012531610129131277,-0.3877975827812724,0.1710999415977485
-176,-0.5105081367671276,-0.2176902301023066,-0.4379860570184447,-0.43302306020382464,-0.261674968775675,-0.3797326401302558,-0.369248296432397
-168,-0.8685896516925853,-0.9435311446636115,-0.9831732454608079,-1.0040178835085445,-0.7262131248955652,-0.42167018680485063,-0.9208874088813667
-160,-0.6976137846401742,-0.7338437800077394,-1.1186635704154617,-0.921755933384403,-0.7165352580319152,-0.32327837182445485,-1.1596084519261112
-152,-0.21855874557534555,-0.30801711508034607,-1.1202765327473445,-0.3297923481781599,-0.6762107594575141,-0.2587591657191781,-1.1708992909979952
-144,-0.2556573314415638,-0.6338390290323971,-1.2767355599988761,-0.29269381515908316,-0.8875111091435491,-0.37650669450090235,-0.9644378447681936
-136,-0.5298638772519308,-0.9919205470767025,-1.155762072419331,-0.5378667543140738,-0.9584822129184958,-0.30553559661711305,-0.8966927020435685
-128,-0.7589069628131727,-0.8386874356522009,-0.8428439839554812,-0.6733570437485183,-0.7552467781603871,-0.1910140635395734,-0.4337674878097817
-120,-0.965368388077387,-0.6177092586079203,-0.4154043463000458,-0.9217559068741976,-0.41329507056577036,-0.5039320653687649,0.027544744512689276
-112,-0.9911760671234191,-0.21930321929093344,0.09752324498083598,-0.9411117029784514,0.12221424321582362,-0.6797469171407184,0.4372416125054009
-104,-0.23146255512276986,0.3936291302426024,0.7185204834519006,-0.3362442245357044,0.4996514882299257,0.04286805317738826,0.8146788880149024
-96,0.5088951670113211,0.7597755056894213,0.928207845682002,0.32991647401121516,0.47545682193714744,0.6928988736995858,0.7566116176985456
-88,0.6282556156739462,0.4839560368793062,0.6491623250284437,0.4541158354866167,0.3399665188144269,0.7783868399736921,0.4533714044152734
-80,0.7556810121856674,0.18716769180991982,0.3556000207132646,0.6589642684433564,0.1447959534144146,0.7138676390664943,0.36949646666192826
-72,0.8669766559463817,0.34201374373436993,0.31043656722164314,0.9041371696523666,0.1867334475884073,0.48482449286099166,0.290460453330404
-64,0.45727971847267396,0.43717958934751705,0.3701168457862517,0.570250436070514,0.26899537154888226,0.21223088113960956,0.24207102787249427
-56,0.04596993631694957,0.17265085928635218,0.11687900157968557,0.24442844587996324,0.21738005919991762,0.01706034138345528,0.18400380329923674
-48,0.23630155477013065,0.025869687116156656,-0.2315246522000096,0.6234787414200299,-0.07295632079803441,0.12029104925065631,-0.027296558515650295
-40,0.9282698601097779,0.1694249554149046,-0.14442371059882184,1.1864087353918655,0.18834641581144662,0.28481504133167745,-0.16762585987291959
-32,1.2395750451533125,0.45169638600433665,0.36689086065149484,1.2977042720721426,0.7674061523113992,0.34449522685066314,0.009801962028035911
-24,0.9702073348776069,0.5565400588024599,0.6910998069003144,1.044466484524643,0.754502326996467,0.1831972829744297,0.1194845673916378
-16,0.6927747997740196,0.582347766437929,0.6878738650828868,0.7170315891810841,0.42384147649374343,0.19771409557202627,0.09528989607404935
-8,0.6943878463147898,0.5855736701361072,0.5862561237060321,0.5799282656812608,0.23350984365920904,0.4122404621011027,0.061417308511055875
0,1.0879549126945476,0.6484799369543205,0.7136815505398835,0.725096453341101,0.412550609178961,0.615475888195746,0.5259554998046169
8,1.4782960294597582,0.7404197593134608,0.9588544739273668,1.0525313443529265,0.643206753063287,0.7670960301843226,1.0743686484309551
16,1.4960387433297626,0.7678404358650469,0.8491718259395131,1.2848005153718596,0.7367595646110544,0.6880599444262242,0.9453302265173203
24,1.8105698854384245,1.0162393364168987,0.8169122485307333,1.5573941087266945,0.9593507356955026,1.168727963669676,0.677575570059697
32,2.515441999978957,1.7759528194815715,1.2201571665264412,2.2783960519101942,1.4190500297705257,1.9219895145840853,0.692092403276342
40,3.1590209115689776,2.49534178473895,1.7895390701235299,3.1413402222230213,1.7368070497602384,2.3397512604250887,1.1905031975538656
48,3.5348453787830185,2.935685352190716,2.10245712791871,3.7574985662478575,1.7448719412968068,2.899455313099304,1.487291472449179
56,3.3703213111565757,2.309849152738005,1.5669478669842571,3.401029997540236,1.1722640910307494,2.949457667621388,1.122758029531921
64,1.1169885406620497,-0.3676973550058968,0.03300407595519301,0.7912286479419266,-0.13747548549194463,0.9429106944788758,-0.11278448285858217
72,-2.962237485519516,-4.142070144928045,-1.9558000512860967,-3.063793110539587,-2.187572847565299,-2.676615935572037,-1.9564204369946534
80,-5.967218781180001,-7.063176553949634,-3.765563447661498,-5.578428667891697,-4.123148658194567,-5.305772996719176,-3.3742297059308215
88,-6.764030901745146,-8.119678380004462,-4.778514768348504,-6.115550931703053,-4.973189006657849,-6.059034578995332,-3.9371596711399524
96,-6.580151174204134,-7.903539045772154,-4.755933025921821,-5.81553670563377,-4.697369446708073,-6.044517814913144,-3.9500634844993017
104,-6.384980617814125,-7.363190815885665,-4.105902166067487,-5.455842126667339,-3.818295452430551,-6.105811086651572,-3.971032285213151
112,-5.949476114439249,-6.405080853499911,-3.3365107757674126,-4.839683890242749,-2.8811541902624422,-6.017097133163477,-3.664566062190879
120,-4.686512839209042,-4.829199535202414,-2.2171028211632873,-3.9186724593166473,-1.6472245916884136,-4.978338145732561,-2.7951699533168224
128,-2.6702880556886757,-2.5355422202171174,-0.7380003184346693,-2.392793510442396,-0.23748023265536208,-3.187930501451007,-1.896740197415641
136,-0.46857059165195647,-0.16930085298653558,0.6943257785200647,-0.4523788220007535,0.9706416203372166,-1.195900471551154,-0.712813007943532
144,1.4218417322179822,1.8856354208599797,2.049228787742061,1.417064842543097,1.9561722927155352,0.7558051043045116,0.6275732273199264
152,2.7122255786520313,3.453451844675331,3.0476633375893765,3.0510132837047625,2.841698224514671,1.899407783073368,1.242118545942848
160,3.5945255315541034,4.184131695094232,3.212187260882479,4.126870928562124,3.044933680758174,2.3703978907496857,1.2614742845216886
168,4.218748741991456,4.540600228108374,3.2008964011915473,4.870454564444015,3.064289412579512,3.0284937339733236,1.2550223664062394
176,4.6526402828611815,5.059979660746398,3.6009153943502183,5.236601010757983,3.2981714811276035,3.7398178187833677,1.8485989449595723
184,5.076853969515915,5.73259233250841,3.8670570749609543,5.39628602141158,3.4901161125073075,4.359202041382331,2.4970168154520094
192,5.710755044044609,6.282618427699124,4.120294921073482,6.039864979091238,3.754644787815369,4.867290650542711,2.666379651557888
200,5.9430241537262045,6.324555901080798,4.346112072094607,6.42698010396419,4.038529241554213,5.081817025215445,2.597021555857923
208,5.660752707715803,6.287457379324224,4.333208216977352,6.049542871772016,4.141759964669114,4.773737846792062,2.571213901762673
216,5.439774410942426,6.105190656912615,4.200943868147451,5.568874814236047,4.053046061429121,4.5801802887739544,2.563148989260517
224,5.373642250302385,5.685815901783744,4.20739581935734,5.397899018917133,3.965945150150063,4.594697099812127,2.6679926989650053
232,5.533327332516208,5.9309888061116025,4.676772918612137,5.341444732418054,4.112726306379482,4.8705165925334075,3.072850618104922
240,6.07367548287208,6.561663956496339,5.091308729046679,5.518872505803601,4.304670928402643,5.402799941452755,3.5631964681720047
248,6.68338190826166,6.698767193881313,4.9203328710042715,5.978571740447248,4.2385387726141435,5.62216527069617,3.435771108566648
256,6.747901120604633,6.263262656025844,4.450955795487372,6.264069133992964,3.836906764449716,5.518934524016642,2.998653558131194
264,6.452725797471772,5.893890278117336,4.004160389450773,6.3076196816385,3.4852771866993324,5.486674891161682,2.795418133422706
272,6.491437301832738,6.018089710633157,3.7847951189456555,6.326975334968837,3.3143012948694093,5.739912705219386,3.013170369342636
280,7.0027518852119055,6.571341755784956,3.8815738920635536,6.4802084375566045,3.286880645174568,5.943148240473699,3.303506742929624
288,7.418900635453321,6.8068368185464845,4.2799799062564885,6.647958363657935,3.561087212816868,5.941535228760061,3.4857734892523995
296,7.530196274189225,6.742317689372783,4.492893282730592,6.702799681067628,3.861101469208282,5.606035393537795,3.53416286134336
304,7.496323682987576,6.679411484411716,4.9171069504989715,6.954424547348071,4.304670879540696,5.557646053328388,3.661588280033553
312,7.667299604100015,6.990716574503665,5.604236291391585,7.143143172280895,4.854697034162785,6.106059210098384,3.9954750728735124
320,8.188292035803016,7.28750484835936,5.796180899206662,7.4012199554639055,5.0982569986837705,6.510917076044623,4.0503164093428285
328,8.730253273417945,7.4536417539103175,5.557459916806178,7.828659530395847,5.111160842191981,6.591566130892109,4.008378938386926
336,9.070592046923577,7.256858286822683,5.313899968572507,8.302875652489435,5.149872337196402,6.7754458197940695,3.729333398673743
344,9.322216922907105,6.905228590902628,4.83968392219761,8.8803224481429,4.991800354023952,7.038361499502541,3.2357615416399703
352,9.735139729771666,6.781029162198734,4.626770537406579,9.325504805559497,4.772435021661689,7.528707412639655,3.0938193813926
360,9.867404096621575,6.772964273781012,4.481602364128093,9.246468837451264,4.527262113175367,7.841625492266768,3.1325308840208708
368,9.559324871935285,6.184226671283757,3.8847998636833023,8.79967343782563,4.1014354343864285,7.6819405173066535,2.918004545561423
376,9.049623369230943,5.348703130566532,3.2541247482989677,8.572243146871573,3.6368972197015093,7.2383709957353375,2.8276777016482115
384,8.723801276464958,4.934167263126385,3.1928315027242062,8.391589502709015,3.5756040084340706,6.864159679196925,3.090593401455922
392,8.34958993792134,4.8180327114044355,3.323482848850474,7.841563374597132,3.4546305721422437,6.541563761815406,3.3551221072593833
400,7.738270726761314,4.742222696895944,3.323482828924503,7.052816301857476,3.1997797264449295,5.973794864560599,3.247052484153635
408,7.317282927170904,4.876100012909268,3.5138144863632803,6.851193813317203,3.3884983907098856,5.928631424757254,3.27931202708182
416,7.47051600740693,5.097078268617818,3.779956124349762,7.046364372306251,3.6223803994800625,6.2060638366663605,3.3454442289599573
424,7.675364523013132,5.118046993093169,3.6412398684936473,6.909261039103347,3.3997892379254266,6.241549505423988,3.1744683549767743
432,7.9382801424238805,5.353542066424127,3.4396174360926333,6.783448587769846,3.377207540028958,6.362522942235622,3.018009318541969
440,8.19313096178426,5.7325923383995665,3.8880257925055313,7.254438817601032,3.743353922406549,6.654472324763941,3.3938336244422755
448,8.1850660707675,5.737431270791775,4.086422324847024,7.675426550136216,3.7852914093032295,6.765768008896406,3.700299743329689
456,7.818919663958932,5.163210458886912,3.5170404522651424,7.494772793175337,3.406241155001261,6.53833766665463,3.1922111203077654
464,7.630201049422271,4.750287612170407,2.7976514521806313,7.356056449471679,3.10300093357433,6.454462854521539,2.8905839192579386
472,7.565681872252967,4.551891044655245,2.5476396021188266,7.128626282751722,3.1642941741242825,6.401234497364495,3.0051054663702925
480,7.354381432120351,4.448660342332662,2.8266851047523756,6.820547208983006,3.0917101048986053,6.309294551291065,3.1776943002595885
488,7.310830971282742,4.421239762118816,3.170249762376754,6.644732330181038,2.9449289497088027,6.170578325237272,3.290602871351784
496,7.589876508396886,4.697059239592398,3.431552523763747,6.888292274776052,3.090097109299015,6.325424540034879,3.1454347207715774
504,7.525357364668563,5.050301842051618,3.855766214230406,6.718929547310035,3.43527483945456,6.315746471832283,3.208340901994748
512,6.739836240503837,4.98416971901102,4.071905525244626,5.846307365453682,3.522375672935694,5.651198879084241,3.0825284965776163
520,5.747853608078894,4.335751768641428,3.6799514206769426,4.739803162351757,3.1030009654558843,4.643086541730622,2.5550841117587635
528,4.66231818281927,3.727658403307626,3.0379854291410906,3.660719674787016,2.7884698763676328,3.6656206997248058,1.9098921752866356
536,3.8977657032527415,3.4082883774954325,2.625062597325748,2.681640971465326,2.8675059032141634,2.944618739387644,1.5969740856099002
544,3.2574126697170396,3.138920740339379,2.5331227673427574,2.2251676843569936,2.8304073547741173,2.3252344590899985,1.700204826225002
552,2.7122256403359084,3.0002045045825048,2.604093847899616,1.8122448126897086,2.743306473297382,1.655847783032172,1.882471539626608
560,1.8960577635184495,2.6888994113717075,2.3540820236549393,0.7896156594463771,2.6045901737774,0.888069444297678,1.7163346061792912
568,1.1669909334766522,2.066289192202212,1.679856438422992,-0.14268667726029396,2.1836024599553006,0.20094013961835075,1.1775993739716264
576,0.5814792150981423,1.634010595990901,1.1459601067259826,-0.49270329198571683,1.7109993407386141,-0.631357437276243,0.8098399866379009
584,-0.06855164440965117,1.032369159688517,0.8523977859502188,-1.020147716829782,1.6722878512788113,-1.5959194276301931,0.3662704699181274
592,-0.7266473630526519,0.5468622103053575,0.5459316133493174,-1.6459838473213053,1.8497155981541535,-2.304017628148225,0.027544744166150586
600,-0.6266426903950393,0.7065472109093329,0.5943210360349183,-1.291128289114437,1.9029439691727403,-2.0088422152618604,-0.019231695568518888
608,0.05887379108766497,0.8920398922920334,0.5878690791071421,-0.5120590319507128,1.652932101090926,-1.2217081677508488,-0.08697684227833831
616,0.33146727510956164,0.8662322113400389,0.2362394852427124,-0.5072201355985216,1.1819419809392182,-0.9265328201870161,-0.31601995954786555
624,0.6669671813722483,1.1355998076045344,0.3410831873233501,-0.46528271662341203,1.1690381466142823,-0.4878023571479727,-0.1563349726321661
632,1.2605437396530708,1.6872389394596672,0.9943400097874281,0.052483868906824604,1.5706701265358114,0.3896587640313639,0.4969218810203889
640,1.4815219875645018,1.690464924767693,1.2927412613959772,0.2702361529956245,1.654545060997039,0.7767738977410499,1.0904984183356246
648,1.3057071236636966,1.4533568189307808,1.071763051603796,0.06377475458815396,1.352917829105274,0.3767548397796528,1.1711474144448106
656,1.0153707810919166,1.2823809567299105,0.900787202051586,-0.057198693312717944,1.0738723075853687,0.02996423444669039,0.9566210922726789
664,0.9927890575515883,1.2775420586450261,0.8556237495995803,-0.07655443916886999,1.2206535230728932,0.05738487010671708,0.8017750292589922
672,1.046017400154008,1.3307703381774147,0.8733664998561406,-0.17817224673460308,1.5319585882140612,0.12674298348015173,0.6695106812954372
680,0.3427581886872515,0.8565543009857912,0.3959245010943874,-0.7669099490349853,1.6529320818580333,-0.5523215039951425,0.4549844112773696
688,-0.9105271657925492,-0.041875474148284936,-0.11700306852783014,-1.6669525194693227,1.523893724920391,-1.5620469220235855,-0.014392725230329657
696,-1.5992695076561037,-0.5402862152321289,-0.423469219123528,-2.268594106342743,1.2529130952835932,-1.9814216104437712,-0.3547314826219155
704,-1.4250675854681318,-0.3305988556010675,-0.22184676956885174,-2.2218177069798233,1.049677650822403,-1.802380807671116,-0.306342122139999
712,-1.308933109638143,-0.058005223260636306,-0.021837281133173167,-2.0492288483130157,0.9383820252549668,-1.5943064153967474,-0.19020753333841536
720,-1.570235879168794,-0.1693008325407568,-0.2589452949640787,-2.5573174682160924,0.6593365061608326,-1.818510650522167,-0.15310900413126347
728,-2.0073533810888406,-0.4741540336265013,-0.5202480369449088,-3.434778448007667,0.4141635893575834,-2.2749839033231756,-0.1337532425076036
736,-2.3654348790339053,-0.5564159806317958,-0.5121831327596801,-3.7864080274907423,0.6141730895755756,-2.834687958423162,0.05012640480971729
744,-2.86223265432048,-0.577384751543323,-0.38153177900956203,-3.715437004805836,0.7012739890723194,-3.425038578005406,0.05335239150389787
752,-3.7009821756674595,-1.0274061279867863,-0.4879884541647807,-4.200943884188192,0.3657742009793069,-4.276691913404812,-0.15633496968658775
760,-4.634897491339868,-1.77260277159712,-0.7460652200208575,-5.221960069728293,0.03027441791110459,-5.22673706967577,-0.3240848798471401
768,-4.913942964344364,-2.0000329183911063,-0.9218799984998906,-5.717144945926284,0.08511572769694759,-5.383196114254235,-0.48538286877339554
776,-4.465534625604936,-1.6322735520229672,-0.7799377926826903,-5.27518847349478,0.18673344013782678,-4.870268468740057,-0.557966945796192
784,-4.004222392935926,-1.2322545488146734,-0.6041230020748057,-4.850974794117357,0.07221185282699123,-4.428312015021639,-0.654745736934098
792,-4.02035218397945,-1.330646306962734,-0.449276923293611,-5.065501074011775,0.03188736101009342,-4.528316752481975,-0.6789404219399626
800,-4.149390590991924,-1.3871005912093117,-0.1541015968686352,-5.038080437138863,0.3544833478726088,-4.591222935264569,-0.2773084605582498
808,-3.907443584990895,-1.0677306052490612,0.32817936339457243,-4.55418652545974,1.0254829401726797,-4.218624591974008,0.4791791009615059
816,-3.87518400394346,-0.9677258690016104,0.29591975583693214,-4.346112031476282,1.3077543998713568,-4.036357889141831,0.46143631293223447
824,-3.7300158386353615,-1.175800247414434,-0.2379765862562359,-4.163845365897008,1.0061271695390155,-4.0960381933502985,-0.09988067157846459
832,-3.26225170864322,-1.2290285979872417,-0.7347743482010731,-3.5460740945406917,0.6932091049863315,-3.926675266451298,-0.4918347905275006
840,-2.7590019506117454,-1.070956552611107,-0.7944546252062579,-3.087987820669502,0.7319206076146024,-3.5927884311603573,-0.3740872284780675
848,-2.5444757206188866,-0.8951417826222705,-0.5073442303430631,-3.0525022593388504,0.8480551477275081,-3.1298632226444565,-0.09342875259666858
856,-2.5073770955938026,-0.7773942266372637,0.05235982874211756,-2.7847476460252856,1.0577425494630135,-2.754038968205135,0.3565926163962147
864,-2.4751175216504087,-0.790298062521624,0.3314053204597003,-2.41214929355145,1.1416174884292438,-2.692745775477512,0.6985443155006347
872,-2.539636710255486,-0.943531166495545,0.1910760743753428,-2.5411876650437146,0.9819324954491184,-2.802428363687453,0.3791743352582716
880,-2.346079145133335,-1.0564397602860207,-0.17668332664665887,-2.5831251973369564,0.756115338190297,-2.5620943718258324,-0.09988071714829458
888,-1.9847716892567964,-1.0483748226598149,-0.3960485888348495,-2.3831155484538917,0.7157907855558694,-2.25078920376269,-0.3998949361135366
896,-2.155747572423253,-1.125797880243691,-0.3315294016159282,-2.462151667652968,0.9077354283713482,-2.315308453531834,-0.6918442942108791
904,-2.634802529531696,-1.6500162742099003,-0.4105654076701411,-2.9815311690789104,1.2351703127989402,-2.894368222952959,-0.9660508507639434
912,-2.896105304780234,-1.661307165609118,-0.4412120310639654,-3.068632079664891,1.34807890797557,-3.5024615820490643,-0.7708802581606482
920,-2.502538202360458,-1.3225814006982743,-0.4218562514202964,-2.552478499957135,1.1190357740721886,-3.352454428902574,-0.6837793766839132
928,-1.6960483053782431,-1.0145022683645293,-0.4750845834532875,-1.955676037458325,0.7512763985207767,-2.5975798985026173,-0.830560516279477
936,-1.558944885020871,-1.1370887210482672,-0.7815507456580298,-1.9347072992946985,0.4028727326122291,-2.5040271255939075,-1.390264502764814
944,-1.8202476309868958,-1.4532327575672404,-0.8412310049897439,-2.266981082500252,0.09156763385681409,-2.7556519447451,-1.5564014699996473
