-240,0.23275664214858152,0.9462238215807344,1.8169459206657812,-0.2381457666509728,2.7456551953490242,1.428173933655789,1.1782798336496076
-232,-0.5378892696473424,0.5959302389932033,1.0519046652266106,-1.1881419857898796,2.0688878430955246,-0.02904749023145507,0.6248159658311407
-224,-0.8209265134157644,0.511859748828013,1.0238812390972505,-1.3086430002597293,1.7073848603442372,-0.7184252088835931,0.9064520911922173
-216,-0.21281687697654733,0.5328773309555555,1.033689403300055,0.04208916504436755,1.4958075487345066,-0.6623782080648107,1.347821934344052
-208,0.7063534830949431,0.33250946541719845,0.4886325648707201,0.8183397184464016,0.3706645212181799,0.2553909402789308,1.1040176252408276
-200,1.430760757709624,0.6771984044419022,0.1257284482088584,0.9864806345061172,-0.5975469729422414,1.64955952792503,0.8139744926165867
-192,1.7894613958762053,1.5725487848192385,0.5586913468630255,1.2919367431737507,-0.26827097880395695,1.6453559854601192,1.1404481712199037
-184,1.6045063387055496,2.0475468837020006,1.1892198229146351,1.5021127843541877,0.4014903142087302,0.20214632016888148,1.3141937865336557
-176,1.0874730665366963,1.4912806726534793,0.8347227220953943,1.1392086993008506,0.27538471006105913,-0.21960716025951593,0.7425146622072385
-168,0.8885062679289475,0.45160930503591035,-0.0003772399271747898,0.7104493247485474,-0.24024750420819324,0.9405653074719503,-0.3237790430851844
-160,0.7469876212094674,-0.026191199089819473,-0.14189584675970784,0.3363357910650499,-0.30330041766444554,1.5444714455476727,-0.6572585772801111
-152,-0.22542734557607863,-0.29101316000985467,-0.0171913009631884,-0.7930107912585639,0.007760339382552567,0.4851835666466055,-0.28034264301966566
-144,-1.5915724629914005,-1.0560542881118293,-0.33525790878526,-1.9069444332112624,-0.22203217469960448,-1.0785271173289506,-0.04914885083185939
-136,-1.8563944753881738,-1.5632795390688177,-0.8480877280466855,-1.9545844317339343,-0.9436370672509012,-1.1710045732146745,-0.05055007610611885
-128,-1.3449657081561954,-1.4637960805365904,-1.2067883815659795,-1.7205882132308092,-1.4018211050976495,-0.3302999146473718,-0.18226046018481906
-120,-1.0843473061074003,-1.3587080211883011,-1.2278059826586356,-1.9055432767231706,-1.3457741002149142,0.15030288318839308,-0.32237791504476465
-112,-0.5575057651265796,-0.7898312360279858,-0.9629840337799425,-1.2778171315592395,-1.1804355159459783,0.9083382934216117,-0.14022526552534498
-104,0.3168271297549869,0.26245076380085364,-0.33245561432264154,0.543709566983124,-0.7068385180106158,1.3384987842740255,0.05593921077418126
-96,0.8955121051575108,0.8663568802021601,0.06267558923968043,1.6015962505627712,-0.1519735220012132,0.663132732402658,-0.2228945618742829
-88,1.0986824082999425,0.4768304272200955,-0.10266294987422157,1.602997438358353,0.023173310609408367,0.02840075874013685,-0.9094699403067008
-80,0.739981729192797,-0.05001115274457102,-0.2511873939353178,1.30875071420073,0.3440422717461593,-0.3120847002841188,-1.343833981601416
-72,-0.21001447895838463,-0.31623430672827485,-0.21055335049584767,0.7230598612311465,1.151118606398434,-1.2929067086506558,-1.4096891898213197
-64,-1.0465156566221399,-0.5348175145691462,-0.11527350216108244,0.11074666787740771,1.832089368210528,-1.9542610222457815,-1.1126402548884087
-56,-1.6308053281178465,-1.149933047239504,-0.08304653010492474,-0.5954452219890265,1.4916039811332937,-1.8842023566029462,-0.6264327498212191
-48,-2.2837526070557557,-1.7650486285267828,-0.3702872793111305,-1.8522986632358585,0.457537314124411,-2.074762033855812,-0.4821117716119932
-40,-1.3631809875426963,-1.0210249133714895,-0.39690967568752805,-1.678553134920806,-0.40558612249392123,-1.40359943549394,-0.2859473187930841
-32,0.770807589163314,0.8579498164952032,0.33730576252789135,0.21863710793442903,-0.24725342933855565,0.5048000946374671,0.6640488925189498
-24,1.471394804008913,1.520705373276086,0.9776424244567233,1.2372908192196839,-0.10993828429393963,1.1325261233014103,1.2721585966907183
-16,0.49477627263248825,0.7164312719766168,1.0322882898597634,0.4176038461849505,0.3454433469551893,0.4305377426356795,0.8433991771338982
-8,-0.8475488476287327,0.11252503817222248,0.9958577473425732,-0.8644706702848324,1.4243476289181904,-0.15795548351679817,0.44826798486033437
0,-1.4752749712687643,-0.12987811519549458,0.958026069108608,-1.8410892654803708,1.9539915679171744,-0.8263156749800183,0.01950866389200494
8,-1.392605686208585,-0.6525162119988607,0.38914919017633925,-1.7668270305806393,1.4131382552453875,-1.3041161319939953,-0.8828476712674991
16,-0.5448951734043227,-0.8668957598212157,-0.34506616721157,-0.9905764526443698,0.7994238795146709,-0.6091336027054051,-1.4180962855883505
24,0.2944083006787688,-0.6118820504037185,-0.5314223125356986,-0.44411833520628413,0.49256662474460366,0.3688861292605265,-1.2177283541236443
32,0.4485375470978953,0.006035846117493077,-0.17972759001692246,-0.2143257872578517,0.4126997367994863,0.8873206321222431,-0.6642644548471711
40,-0.0951181641941209,0.24563663533332286,0.012233345623894361,-0.1078365657018336,0.25436704003171806,0.7303891222469548,-0.2943544165168327
48,-1.2749069947995413,-0.5684456677981468,-0.73459260168007,-0.8798835986144055,-0.4532260179125998,-0.15935663278008416,-0.9164758502348691
56,-3.2309464414219757,-2.7024342293019616,-2.3263266979374437,-3.5224985053998696,-1.760521757713842,-2.3802180814136333,-2.461971178060367
64,-5.366336246563098,-5.227350460482645,-3.6672505589076145,-6.225363902487124,-2.8576412513307945,-5.475412268993367,-3.8014939060230635
72,-6.165005620311376,-6.283835957320329,-4.003532417367483,-6.069833610059222,-3.2443654271596696,-7.204461529260474,-4.19382274437988
80,-5.621350020401777,-6.324470039593128,-3.979712468830301,-4.594396945167255,-3.490972096802378,-6.140970109700693,-3.8953725596384756
88,-5.638164031165185,-7.030661976270281,-4.486937621951382,-5.430898053743809,-4.481602403783205,-5.041048293775519,-3.6487659417735396
96,-6.4732640524913645,-7.9876641094013054,-4.968941643255205,-7.122115490377739,-5.494651475118033,-5.960218613659031,-3.396554523657808
104,-6.330344192689486,-7.075499515664976,-3.932072519677133,-6.630303333017748,-4.6917785120941256,-6.334332134548602,-2.373697189983233
112,-4.002993520242167,-3.973299436369606,-1.2165966579037857,-4.148823493172609,-2.0701811784051984,-3.495552830033368,-0.16964991030622648
120,-0.10352526387458826,0.14194971817403007,2.0929772633865245,-0.6150616664430757,1.1987586013087028,0.8452854141326683,2.3636734265755948
128,4.220498856188904,4.566858489983934,5.21199151254154,3.73138132258358,4.307964497663387,4.994162707455693,4.490656133541417
136,7.712225497289971,8.522373688167718,7.224077886079022,7.084391644691994,6.429342596588341,8.177630993140323,5.811963615231302
144,9.365611212341102,10.96602192443521,8.232923483283557,8.561229421067535,7.188779085040924,9.976738864563188,6.38504389363754
152,9.133016300240783,11.12155222167965,8.38004674105424,8.202528767849275,7.567096234491005,10.164496130552417,6.462108541306081
160,7.538479903650638,9.775023621267465,8.22031286025381,6.417432572840253,8.015472003074235,8.812362918486963,6.267345217430688
168,5.489962920917037,7.840001719293895,7.678058319146912,4.719209189401546,8.086931848836294,6.669967340688973,5.876417583727331
176,4.682886470366838,6.888604412603582,6.663608160260676,4.2147864371584465,7.4844269595154485,5.930147192532826,5.137998674090925
184,5.401688960083437,6.943250212230791,5.192375022179875,4.5440624638083555,5.990774952471488,6.574687446145556,3.966616871670502
192,6.431552115784382,6.794725724369311,3.5193728230887817,5.17739324245049,4.020723860742699,6.995039756990904,2.6018730397361516
200,6.619309508358219,5.82651423111199,1.9066210935281611,5.474442245868536,2.389756868653457,6.604112126297883,1.7583660806855583
208,5.92292577848012,4.578067867419658,1.2340573645670834,5.2026144468168365,1.6022968077692028,5.938554317801149,1.7443543628795997
216,5.20692565803298,3.6995314898283422,1.2873020019865629,4.507631852655514,1.3907195151245866,5.813849742954891,2.3272429106998738
224,4.249923609341866,3.1362593906765874,1.6558108761524541,3.3208371605883293,1.5784768402669076,5.455149089887148,2.4757673388061914
232,2.8767726553000483,2.813989357190626,1.9948951165251887,2.003733256734798,2.2342264463295742,3.94468309947383,2.0315950867989865
240,2.0738997332167046,2.8770421025196353,2.2527112188432783,1.1602263058121116,3.021686448662802,2.9316340225698796,1.640667434431549
248,2.618956606114382,3.363249652440823,2.4194509260350623,1.291936657379187,3.1632050752130327,3.179641975285291,1.6266556520538913
256,3.178025156027971,3.380063746590529,2.2457053031954732,2.1396472243694897,2.2202147208472605,3.1936537365905986,1.3814501598211062
264,2.7128352479894864,2.3908346802366736,1.4540417705891937,2.617447665127655,0.7671968568848749,2.582741582773412,0.9779118949600961
272,1.69418143540644,1.0681260093965543,0.5699007712599835,1.56796803848171,-0.5457035681723441,2.088127079925615,0.6416300939976378
280,0.8871050723064939,0.043867516825619506,-0.3772931067561029,0.022472680251822752,-1.5727643166736012,1.5318608493099126,-0.07857358155782229
288,0.16690145771032885,-0.6020738253921344,-1.4435868382384454,-0.38106553523968434,-2.0365530778570697,0.6182951714840619,-1.128053129784525
296,-0.3753531025121999,-0.58806210547894,-1.8331133678335512,0.10233964330481246,-1.6610384089083472,-0.02064036556520305,-1.7235523084614195
304,-0.1413569496343922,-0.07102880832430218,-1.76305460194654,0.29009694707375183,-0.956247650544219,0.6098881040141854,-1.7810005085150584
312,0.8352615766244615,0.2540436770648289,-1.652361833560624,0.5226919567089444,-0.32712034844064697,1.6915947150586648,-1.7249534575741887
320,1.9211717430782944,0.6449713595356231,-1.35531285859025,1.1476157037041976,0.14787776067725605,2.3613561540726278,-1.3844680912682688
328,2.4382051379183243,1.0373001828407626,-0.9083382579343855,1.0817605468105145,0.22073891254108657,2.706044962900316,-0.6278338832802428
336,1.9015552861313538,0.6127443119200424,-0.7976455222106112,0.2312476552542365,-0.22343339982334717,2.655602634995133,-0.252319207558265
344,0.9067214860551204,-0.5180034717456631,-1.3791328041170956,0.21163126408312802,-0.8833865786047984,1.4604008581486432,-0.5745892837909924
352,0.6068702075911203,-1.2059799861958904,-1.9424049222339652,1.154621598731203,-1.4985021671168828,0.3604790383100326,-0.9795286903894495
360,0.8366627872985936,-0.8528840707639621,-1.8078922366183583,1.4180423954867913,-1.691864213187656,0.8326748338496867,-0.8422135892957333
368,0.7806158122181805,-0.43253172605234036,-1.2600329667561354,-0.1680870314693856,-1.499903220049429,1.6607689435920148,-0.3784248642362915
376,-0.022257082772143923,-0.6244926327939355,-0.8452854393037051,-2.082091269133252,-1.4928973704784898,1.1955790140296285,0.0965732456341953
384,-0.36694601396997434,-0.3358507228851686,-0.14049467401580445,-1.867711552732103,-1.4578680437530014,0.6140916285676005,0.8504050787836429
392,0.6839348052880888,0.8425369704983084,0.951020167007313,0.21583476003835442,-1.3177506013859497,1.0638686672790894,1.8844717764979475
400,1.905758893920547,2.0727680713609846,1.6530085163655537,1.3521871097507459,-1.0136957465907634,1.914381484781112,2.240370020710319
408,1.5876922275474485,2.2507172121312515,1.4470359384782014,0.3769698435355274,-0.7040362152695748,1.5584831910487194,1.548189970116886
416,0.1626979507673779,1.57254878572234,0.7338380903677139,-0.7257544413012128,-0.7502749707570072,0.0045807369012838715,0.6990781834214445
424,-1.1992436455564153,0.31289299989080127,-0.1909369341884358,-0.944337631381104,-0.9436371033749289,-1.350354930830261,-0.33919197969318043
432,-1.8297720901500185,-1.1373224580760326,-1.2894576368238357,-1.4669757021450682,-0.7656878993876145,-1.6235838627389172,-1.5428008042918497
440,-1.9754942361360937,-1.914974214927393,-1.866741538221464,-2.275453354940454,-0.1435664965255182,-1.6894390665938344,-2.1915445165316454
448,-2.2249032538253934,-1.994841162176122,-1.6215360137780876,-2.49964114628796,0.8134355917515083,-2.5231378195979555,-1.9883742481585889
456,-2.7307272224622623,-1.7860662092996735,-0.9896063583598361,-2.2852614864811196,1.2085668430276497,-3.282574387372883,-1.230338896777432
464,-2.9324962532186833,-1.795874406315137,-0.48098003535467054,-2.3413085353147554,0.8680814487256088,-3.121439308692247,-0.6544562272768012
472,-2.75034371327548,-2.130755077882524,-0.38429899410675367,-2.9690346019089273,0.3090128741272678,-2.252711198106697,-0.29155208577967096
480,-2.6060226667316355,-2.0691034101708135,-0.4851835921186761,-3.3725729233642476,-0.45322599593714985,-1.6754273460785725,-0.3055638078000996
488,-2.1716585783251703,-1.276038717614558,-0.2834144770728589,-2.960627597957131,-0.8217348412038199,-1.2354586409012656,-0.29575556909148776
496,-1.5018972680030538,-0.3947000521833616,-0.12928526858396122,-2.533269387117725,-0.6802162575508705,-0.25884003276128387,-0.07857356274322477
504,-0.9414275328526689,-0.3246413459009962,-0.2988274082622511,-2.6593751232686125,-0.4504236838640682,0.37168840174769485,-0.37141899163628517
512,-0.6990243593157035,-0.8234594098777851,-0.5580446288371694,-1.6421224947182267,-0.25145688179443304,-0.42978333419575265,-0.9248828577990666
520,-0.7130361200189433,-1.302660974762934,-0.9139429159468241,0.2284453046488593,-0.39017314223605926,-1.840765826490931,-1.320014018915657
528,-0.9554391994829217,-1.7090016338791885,-1.4239703963431816,0.1850089665962543,-0.9268229261399614,-2.137814843606004,-1.7739945207697152
536,-1.0913531907487484,-1.7874673677444832,-1.8499274509955308,-1.277817138181978,-1.3373670878341797,-1.6782296328648354,-2.016397733892594
544,-1.127783717612193,-1.6991934096201875,-2.0110624760921922,-1.8466939286103796,-1.5139150606770797,-1.710456717507545,-1.8594661788622722
552,-1.3309539749975245,-2.3857688891998814,-2.1189529313514095,-1.7822399124005268,-1.4382516244352561,-1.9696739895592021,-1.8636697277994052
560,-0.883979485272527,-2.703835455027772,-1.842921515931061,-1.2483924846711225,-0.9744628826684519,-1.3713725298156823,-1.5736266276867887
568,0.38268226828562174,-1.2662305062999997,-0.8789135422601012,0.30270763467519735,-0.2920909858921661,0.1741227885272583,-0.6040139284213568
576,1.6199192760661305,0.7556640866799418,-0.03540660593754222,1.6744572612418627,0.024574451594270866,2.0502952857937293,0.26331304930723626
584,2.3793557774631573,1.4674606754993782,0.044460336795682974,1.8229817932047585,-0.18840406963597375,2.864377651389662,0.21707426145869646
592,2.359739359951612,0.7626700244537137,-0.5818646685875198,1.1336039369802842,-0.4238013987195713,1.7182170867503106,-0.39523892662695553
600,1.858118885313252,0.0018322854400517608,-0.7598138241084309,0.7300657195320593,-0.3327250154840919,0.44174714611080573,-0.5577752599326232
608,1.5666746559560814,-0.014981756028780683,-0.6126904472789754,0.7398739039041132,-0.24304983645052344,0.6953597398302583,-0.5928045548990705
616,0.7119582460175774,-0.680539611637268,-1.3230858638060576,-0.21712820062872643,-0.8035196444510305,0.5818645937459456,-1.366252827535513
624,-1.190836488529055,-2.283483023769001,-2.359954881119284,-2.1003065030636847,-1.302337648371623,-0.7954898935792608,-2.389110149921331
632,-2.238915015130703,-2.935029269943611,-1.9872424851092805,-2.3889484028878285,-0.4896565413141588,-1.7202648895372232,-2.417133617141771
640,-1.7260851114293634,-1.9570094782225178,-0.6323068429655867,-1.5412379051352438,0.939541369595543,-1.7328754550695602,-1.3214151916595607
648,-1.0731379383047517,-0.8430758307006992,0.4353879465668724,-1.2287759940084229,1.4705863734178983,-1.626386217558764,-0.47930948332056256
656,-0.5617092601787048,-0.08504046381631361,0.5320690073819705,-0.6963297963698154,1.1006763849086136,-1.2256502999917611,-0.5003270353447488
664,0.2860012587967451,0.44039983066738103,0.12012374293415155,0.4834590342356052,0.6719169831127737,-0.08929794636593309,-0.755340778478005
672,0.9249367445197879,0.3563294678393869,-0.1699193213554718,0.6403905618718735,0.4267114512940755,1.1017003220324382,-0.6208280195607263
680,1.2640210222206842,0.20360145346777492,-0.2960250343267736,0.7216586397198068,0.4771537411185131,1.6005183715596163,-0.44007654760174664
688,1.6171169108606265,0.032658114103077916,-0.654725682879013,1.23588973663533,0.2249423552133726,1.3637198951694522,-0.720311399372678
696,1.8034730470032319,-0.37508362744701124,-1.3665222277475488,0.812735046887454,-0.5863375717248677,1.0960955636253076,-1.3186128401510826
704,1.6815709726770627,-0.5236080316211605,-1.7896769472977503,0.6109659347014555,-1.267308343772103,1.4421857483945524,-1.2149258928884343
712,1.3298761130375005,-0.5109975713000521,-1.4533950910956344,1.1055805380944608,-1.1762320388053495,1.7714617071613938,-0.5479669324191115
720,0.5578291403316398,-0.9131345738596753,-0.91674525586551,0.5353025720623361,-0.6914256586177273,0.691156185474522,-0.34059316432791004
728,-0.6303668330020465,-1.1611424325020991,-0.22596633963420032,-1.0578328188575326,0.28659402382818416,-1.4176112396965301,-0.2957555826379982
736,-1.4304373778385433,-0.6469114042222266,0.7674663656658226,-1.891531482605204,1.7648330358636404,-2.293345242449268,0.24930127475645159
744,-1.1067661389465377,-0.01638299093611362,1.5184957731020194,-1.744408221974703,2.7512598098621135,-1.0280848107971503,0.8237827633852727
752,-0.0783040966858865,0.3997658817524492,1.5128911364629638,-0.8182319582967484,2.77648091278015,0.9559781822175505,0.736909941730337
760,0.8843027361507275,0.6687912702930927,1.0799282448830856,0.4288132451445721,1.9946256587694302,2.005457798778872,0.16102724092221593
768,1.2990503141767955,0.8187169777091937,0.5488831346453672,1.2190756626548747,0.8919014258609783,1.4435868479873009,-0.44988475394925115
776,1.0888741647747942,0.6211514185242808,-0.1727217011611038,1.331169585120613,-0.43360953582935624,0.07604064979382827,-0.9108711327683028
784,0.7259699873041537,0.38575412135024156,-0.6028822296427125,0.5955530440010762,-1.665241843151694,-0.3401082105523592,-0.6712702600156603
792,0.6713242924366238,0.02565220462646069,-0.6547257190030402,-0.1694882204691012,-2.0267448486310164,0.26940272521537334,-0.06876536226587511
800,0.5788467186962621,-0.6931502178091361,-1.2516259501609306,-0.02796954981745338,-2.162658806030567,0.46836950666420973,-0.2943543674483628
808,0.7848193178064803,-1.2171893634810964,-2.127359977899454,0.2550676140265589,-2.182275186364468,0.7023656000878887,-1.3704563575075313
816,1.2402009868353212,-0.9537686483056026,-2.427211256965521,0.631983547383903,-1.3163494331575494,1.1479390687898983,-2.3498772300067756
824,1.3004514656978332,-0.5712479746031409,-2.3319314200700307,0.9794747936651514,-0.3859696839100275,0.6505221325524947,-2.8360847460616903
832,1.4910112299493983,-0.21815207633012554,-2.0124636533516,1.2583085878375155,0.07781903859062868,0.6365104401838716,-2.7856424795673536
840,2.363942809698188,0.943421481812565,-0.9335593238252952,1.8888369064485735,0.7377721732706644,2.2969020471011574,-1.3690551477365003
848,2.2616571738053963,1.2923138799158842,0.38634689556320384,1.7977605930528817,1.3458818586278352,2.4216065843182197,0.26611527257541784
856,0.2719894892130151,-0.1831227006866837,0.725431133828704,0.08972904059483,1.3304689516716441,-0.3695327927182597,0.5813796179949446
864,-0.8391417622473584,-1.0182226163500854,0.8277168135218775,-0.29559385757994644,1.9567939445619542,-1.4848676144891504,0.53934438736196
872,0.8058370061988693,0.10271682414836275,1.529705206379468,1.2765238142421105,3.0356982304383915,0.8018490059392437,0.9526908057390858
880,2.293884156849279,0.9504273631425454,1.333540781707197,1.4278506721256312,2.7456551744271915,2.2814891648297175,0.6108042638294439
888,1.7642401850376377,0.6183490472981058,-0.043813629155485236,0.1345666594623871,0.823243904213342,1.3342951924396098,-0.6110198543043033
896,1.2472068963119394,0.6982159963530362,-0.7261855293936571,0.511482566178262,-0.8553630227299748,0.46416593921351285,-0.6208280124864375
904,1.555465209583673,1.2839068613639628,-0.31424030829467076,1.8664181881527064,-1.4172339217437722,0.7752266393651689,0.48750084381559206
912,1.7222050392961172,1.153597631967152,0.07528618276813925,1.7683360283469258,-1.6063924842016961,1.1577472603867573,1.080197654276646
920,1.7656413410741787,0.8033040835469284,0.022041557390002353,1.098574675278045,-1.6666430926591551,1.5514772892484578,0.8139745486088292
928,2.205610205046688,0.7290417980735578,-0.007383064512328515,1.0887663828349428,-1.0767486341581294,2.018068410820894,0.3263658959340383
936,2.1845925211698027,0.9476250143433693,0.30788113355127145,0.9122184646296339,0.20672713317376507,1.718217055292304,-0.009916049825561496
944,1.5428547060642486,1.5263100577794773,0.7744722042490366,0.3503474811759216,1.4677840697737559,0.602882260463918,0.019508675481796637
