-240,0.8940654052901511,0.62856834701467,1.3492109375953387,0.3525659335477309,1.1910788083447519,0.5214235387937503,1.2107146553854728
-232,0.6337936327014999,1.1062099715956235,1.558000330286637,-0.20372914028347325,1.4599309681865258,0.2325505277970591,1.3951930032952922
-224,0.5680106540316154,0.8917002475611464,1.2390959368668597,-0.24949128131701967,1.4384799780860291,0.28403282719741824,1.030526550260685
-216,0.8497333316151623,0.1452065726696357,0.48545197311206806,0.41548874186060925,1.0409220065286382,0.7430835446249769,0.4098785098148753
-208,1.218690017756728,0.043671971483895844,0.06644299593853815,0.9446126798213615,0.37451191169108616,0.9304220223360646,-0.07920360002108363
-200,1.2458612379646792,0.9417525418191366,0.13794621700549486,1.0532975062716115,-0.00016503128785172116,0.7445136341048462,-0.2837028448646451
-192,1.217259984348238,1.6524945792936314,0.41251861448211413,1.147681796626379,0.06704805698615027,1.0190860352683502,-0.12067547169330098
-184,1.4732414883436613,1.2892582029884152,0.5741159244426464,1.4794567984238587,0.28441783739143095,1.613992905659301,0.30977402314910035
-176,1.43033953825223,0.3382652442338065,0.4525604608877135,1.3836425141409978,0.3115890804887952,1.4180739632705015,0.23970079969712235
-168,1.059952880303885,0.11374520937617479,0.35674608520082224,1.1834334043946935,0.5003576094283175,0.5986470644739674,-0.10637477276038781
-160,1.00990057606058,1.0647380762658925,0.6942412908366995,1.4294045563967432,1.189648721783667,0.5671855624614497,-0.13640618959440318
-152,0.9655686206731596,1.81552196306477,1.2734175296611108,1.5867116413921907,2.099169764623436,0.7044718457676895,0.3941478226378171
-144,0.5422694603192434,1.294978480103656,1.7124473129788347,0.9746440318276447,2.631153816716194,0.5328640745898077,1.0562676972725107
-136,0.4178538671166627,0.5256037517472164,1.8382930368315036,0.14663662871938216,2.3122493683003795,0.6458391616450332,1.30366885487779
-128,0.6881360436223217,0.7801552421511587,1.5737310859783125,-0.15224688881262272,1.2568617853248145,0.8374678342116438,1.3480009136516171
-120,0.6995766612979551,1.4522855660208247,0.8515484517205341,0.1895385659067144,0.2343655816921158,0.42417918054666154,1.1320611308613153
-112,0.6237831593481535,1.1748530975794809,0.2537814738032461,0.9045708848785359,0.008415382541568255,0.22254007963742856,0.6901711538363127
-104,0.21049453533187326,-0.05500248530665452,-0.0837137779186965,0.6171278152718236,-0.08310879168413084,0.04235188172602817,0.4370497148144253
-96,-0.6604148218619454,-1.2448162459055652,-0.4154887698844819,-0.6112975607685963,-0.9325671047031361,-0.6011771743941361,0.37412688130783167
-88,-1.3740170788519162,-1.3535011451717982,-0.926021795622372,-1.3992632216257674,-1.792035918112646,-0.9629834730482402,0.0023101094540008706
-80,-1.6385790069693142,-0.9287719494123293,-1.3822123895470912,-1.5122382679716349,-1.993675017485677,-1.1546121740345912,-0.42813931472309996
-72,-1.851658587603224,-0.9773941638685241,-1.5194986866791502,-1.9498380605872883,-1.6275784858782358,-1.6937464455542919,-0.7541940586078648
-64,-2.140531687392401,-1.7224577755492232,-1.6296135700417829,-2.2944835844279075,-1.4674112348271495,-2.099884820341307,-1.1560422110413389
-56,-1.9231618335566574,-2.4360600021223915,-1.513778337823267,-1.7524891267283198,-1.2185800072517687,-1.6351138579051332,-1.1989441357854336
-48,-1.557065328525514,-2.5089933547611567,-1.1805733136779535,-1.2348057511399229,-0.762389440825069,-1.0916892741640627,-0.895770457655215
-40,-1.2167099156637784,-1.5665807271882901,-1.1090701380825816,-1.0860790114592782,-0.7881305973613482,-0.8113966545682402,-0.8957704627246822
-32,-0.35295092107094406,0.10516474700276551,-0.6314285145769696,-0.7414334873114193,-0.9111161520859723,-0.32946489657985134,-0.831417528984804
-24,0.26197683918721887,0.9975250906101963,0.2180298618871859,-0.2909631588268054,-0.25042630133531496,0.211099540308106,-0.0892140128480647
-16,-0.05692751429130111,0.04653208100729525,0.3410154342781356,-0.2709422288647161,0.4946373516692231,0.0023100640474096414,0.16390739637150079
-8,-0.2928882141395943,-0.8429679954623917,-0.36543648207854107,0.2553215244523501,0.06275781420111952,-0.13497607946443105,-0.4753314366270206
0,0.3520708801512866,-0.1408063816490107,-0.5742259674028307,1.2220451719202194,-0.3147792234000563,0.5485947952560729,-0.48963212956874536
8,0.7982510243801727,1.1548321253718314,0.20229914598314663,1.0661681570484942,0.12425061568180588,1.0147957970919257,0.3483857358322079
16,1.3116442266198776,2.138716568852775,0.9945548680462509,0.6171278180369868,0.7162973674857641,1.3365603665526573,1.0562677006521555
24,3.3237451208928204,3.8061719004191814,1.4521756004556885,2.5419947954631823,0.8221221509301686,3.7705303364618734,1.598262179244093
32,5.649030080314765,6.042792858123118,1.8025414112432432,5.183324078876379,0.833562654158739,6.573456901108626,2.3819375243466285
40,5.115616044432848,6.922282592891984,1.6838460401598663,5.050328059554761,0.4317145023397463,6.064353894492547,2.530664260494009
48,2.2540568140978667,5.440735676593954,0.8315275770617232,1.9713989991951726,-0.5807711883055888,2.875309883638282,1.6669053144451642
56,-1.515593411996193,1.2148948929831673,-0.6857709867922586,-2.271602649404168,-1.5846765089032675,-1.164622616663894,-0.06490294993939989
64,-6.560861283202763,-4.704142444172519,-2.7293333157920623,-7.152413041368542,-2.545679918429049,-6.317145228834967,-1.5793412893620595
72,-11.947914551213849,-9.906717351830546,-4.794346498784852,-12.393599700729217,-4.298939141421966,-11.772841638038315,-2.5560754283104603
80,-15.358618514439497,-12.485123780691179,-5.84544395342245,-15.907268399477577,-5.9492336748246135,-15.114902568373962,-2.8764099124390694
88,-15.658932183513938,-12.711074006264404,-5.831143392133251,-15.998792521472401,-6.230956374990332,-15.51532059246165,-2.6318688872466023
96,-13.889942276569991,-11.92167835178638,-5.180463968342635,-13.444697094379585,-5.301414421083763,-13.910788249865499,-2.4245094903268396
104,-11.627580077531416,-10.668941748924524,-4.053573009143693,-11.145153288882375,-4.320390090813104,-11.471098054611055,-1.831032707111454
112,-10.160333791344438,-9.094440651414985,-3.056818036092217,-10.34860733263697,-4.164513014646912,-9.507619300288496,-0.8857599658674421
120,-8.841814346534692,-7.093780358073071,-2.0429022654914646,-9.577802553666576,-3.955723626871463,-8.413619927051613,0.0623728122376053
128,-6.955559070577329,-4.7012823134495285,-0.7115121230506688,-7.864585142821951,-2.622903405550592,-6.8476991955956015,0.6015071456662537
136,-5.063583677116129,-2.9837747916260207,0.04785218725570328,-5.959739143133732,-1.2915132950628012,-5.028657045702817,0.4599307499985484
144,-3.433310067838,-1.9441177706270363,0.17083766394125693,-3.9176068850257493,-0.879654695237798,-3.0837691966902154,0.2811726749026046
152,-1.8917004318581416,-0.7314230393644946,0.4968924305618139,-1.6123428383604286,-0.7137672300557597,-1.3962930566753116,0.8617789448312028
160,-1.0894341809847912,0.6128376444755895,1.0746385390433786,-0.6913812717069796,-0.24613607683108987,-0.890050202289051,1.6526045972314451
168,-0.6704252666419311,1.5152083606615034,1.4650461400115329,-1.1461417577174036,0.2071943836054759,-0.6784006449246948,1.9314672172152263
176,0.5379792871241713,2.132996311554542,1.6023323400556142,-0.7528740565966832,0.5489797994588975,0.9475827960742077,2.133106318278079
184,2.2311756911965994,3.01677623319068,1.9226668071323778,0.7029317435671846,0.8650240630774061,3.0855293656558294,2.679391030898698
192,3.34662602780406,4.250922004480289,2.098564776545427,1.9985701711663737,0.5346791126619808,4.16093791868836,3.418734413393663
200,3.895770991585919,5.527969630155933,2.03707201669582,2.9080913141665246,-0.13173087771382117,4.551345508442238,3.7018871362144563
208,3.977284622561071,6.052803288462802,1.8111217866676086,3.3385408060901423,-0.1932237119156157,4.476982213184533,3.2628572799271294
216,3.6826912951223627,5.987020345125568,2.177218330564667,3.3843028145494403,1.079533725202934,4.349706444555478,3.1527423458698243
224,3.3895280683777997,5.918377243874566,3.163962866517166,3.219845414421656,2.5067382477856075,4.3296855385581425,3.59749244163544
232,3.073483798307242,6.1757889246061435,3.899016134039122,2.8237175443265103,2.5453499913463795,3.806281905825132,4.255322174567207
240,2.847533570736954,6.551895950305659,3.8461037133595086,2.600627433960633,1.9819045315639159,3.450195859246174,4.4398005422940345
248,3.358066657154831,7.249767308737153,4.46675170649029,3.0239265695816946,2.7455590060017685,3.867774671973169,4.722953309664691
256,4.058798232029395,7.748859923264982,5.575051736875384,3.7890110557675842,4.428745008922351,4.411199262780769,5.32644054334401
264,4.281888412446094,7.202575225084667,6.006931308600799,4.100765252803451,5.099445221344458,4.946043394287365,5.982840158683409
272,4.467796777787899,6.458941734375979,5.8710751536403425,3.9577587745687866,4.870635044630278,5.2935490347179135,6.145867609432964
280,4.92398738799636,6.423190048107735,5.729498666722227,3.790441142175048,4.810572241839911,5.342171312465638,6.065783868692256
288,5.184259163964656,6.283043718723244,5.267587881555969,4.052143016840426,4.147022254067835,5.297839199771114,5.879875521631254
296,5.5946876554145035,6.3645574246650645,4.895771078363614,4.524064264452995,3.37907759890752,5.735439058750703,5.548100536117519
304,6.608603411114094,6.976625052049555,5.137452002635414,5.43072518793767,3.856719195375974,6.613498711567094,5.3006993720601905
312,7.678291724514715,7.33986140607984,5.233266281387947,6.317365400829926,4.854904233020842,7.420055140551361,4.92030220081724
320,7.535285204802591,6.537595180861067,4.6240588481715985,6.202960144873178,4.69330696499863,7.487268132351867,4.1380568407328235
328,7.169188750619741,5.845443971732794,4.16214797175493,5.864034723788853,4.247126866394948,7.11831142301365,3.717617909879698
336,7.498103618314586,6.144327542263774,4.283703501059316,6.23299147598711,4.733348779451223,7.14119249813903,3.6432545425741103
344,7.912822368986828,6.420329935511929,4.400968756547387,6.670591267527425,4.794841488452537,7.540180585138108,3.661845380137546
352,7.659700919365146,5.831143345001385,3.7216880398135532,6.18293920861266,3.391948223876207,7.475827631427599,3.301469111665905
360,7.197790055545335,5.229086145037795,2.815027093746707,5.2862887557161695,1.9547332585106096,6.819427995349473,2.7651949301598364
368,6.644355072342243,4.78147593191415,2.4389201900216437,4.579836813090435,2.1620926489783225,6.271713259920161,2.400528376811227
376,6.3140101145530485,4.7957765153246585,2.740663789271788,4.472581997005642,3.024421595107886,6.187339483320857,2.226060532210697
384,6.601453122404433,5.529399690447961,3.091029584697321,4.994555462526952,3.1445469768639613,6.255982600241123,2.0058306220041477
392,6.843134008271176,6.380288140876344,3.309829435072703,5.220505774895602,3.055882976067672,6.155878043831767,1.672625470968535
400,6.382653240229664,6.108575907151062,3.1053301960667103,4.8200876807570925,3.1531273771748016,5.755459872729526,1.3236897452058627
408,5.690502038782406,5.213355427136693,2.4289097197407017,4.4640015945441185,2.732688418362795,5.412244487988107,0.8102965958115129
416,5.57037658574655,4.708542593101202,2.004180462072285,4.366757151345051,1.9761842658165707,5.64105479374327,0.45564061397956923
424,5.39733873369153,4.346736364497918,1.8368629819161828,4.110775620619709,1.4642211710303006,5.353611793880137,0.6372587525128468
432,4.404873880989774,3.608822924775513,1.8912053753242994,3.1125905212195133,1.3369453557006996,4.185249018619497,1.1063199340765386
440,3.428139759554078,3.2527368777356944,1.9669988063015604,2.165887801409429,1.7144824619701133,3.25284694305353,1.2507564871971517
448,3.1592876556300626,3.1440519170213737,1.423574298141638,2.112975354153518,1.9890548806463222,2.9067712463172626,0.27688250063219116
456,3.0205713748624645,2.4218693357625716,0.5540950175235897,1.8512736155956533,1.628678556103304,2.8796001239653912,-1.044497165075614
464,2.641604265754985,1.6167429801280486,0.6313185307605695,1.0518675599657852,1.3784172278337772,2.8181072716364124,-0.9801442814159266
472,2.5815415643539628,1.8126618434024369,1.477916699691626,1.1820033388795785,1.4570708334694102,2.560695670633728,0.0537923875011499
480,2.362741663283909,1.994280068423897,1.5165285208306083,1.775480183850292,1.1009847346595782,2.213189955697373,0.5300039479495702
488,1.7907158302277635,1.3807823483335124,1.060337897410807,1.6310436402541322,0.7019967221663077,1.5882517087209052,0.14245644667312157
496,1.8021563827684248,1.0518674907776018,0.9874046131330386,1.7554592949048011,0.7649195125056203,1.8428031900612536,0.05808263719909094
504,2.5643808112009285,1.869864444650892,1.1833234929984096,2.2259505326127744,0.6919862984322919,2.600737438693016,0.6143776881408822
512,2.8360930527608432,2.9381226886958953,1.6166330145629129,1.9842696518154965,0.8464332407223716,2.799516400430148,1.2450362553998744
520,2.1496621199797117,2.9095213939092357,2.268742456553617,1.4594359114754305,1.9046809935940818,2.4720316661505537,1.488147203094849
528,1.8121668373801054,2.559155545638347,2.945162990333587,1.8183821248781304,3.1188058527415468,2.334745430773822,1.5510700452041752
536,2.1124804058333035,2.968154026876358,3.680216191491609,2.370387021366516,3.6736709609107776,2.4462905219038924,2.294703601662314
544,2.418514236961444,3.5215890583161986,4.195039462011593,2.34035568088175,3.2360711521650005,2.7137125699908653,3.0097359078836576
552,2.714537567084599,3.362851892136374,4.01628133775718,2.2602720539736243,2.9500582385557115,3.345801149305137,2.769485056500743
560,2.9133165464880553,3.3757224662567693,3.6687756781241037,2.4847922650336476,3.264672436351865,3.587482052684586,2.1416867041486194
568,3.060613208363968,4.132226634165013,3.8403833843206328,3.1883839491243693,3.5578356658615924,3.3400808797172847,2.321874836617807
576,3.3895281362779373,4.358176817031818,4.040592462728412,3.8161823094647427,3.311864546427028,3.5903421571385183,2.7895059048904964
584,3.286563396453858,3.514438684040077,3.59441228623928,3.2741878963150177,2.894285675324353,3.839173343543681,2.6264786192826763
592,2.857544013980738,3.0110559385627345,3.3627418279470573,2.074363656217952,3.1817286538342753,3.287168533850718,2.337605562968021
600,2.557230455359233,3.4043236865376207,3.7016671166107535,1.7611795472871865,3.732303572831931,2.8939007056860775,2.6936916270596845
608,3.0119910762482087,3.859084243674204,3.821792572411772,2.5005229803232067,3.3976684601284703,3.6175133450862247,2.902481072903577
616,4.151752527841587,3.9105665797897973,3.3784725642825846,3.6059628782954882,2.8885654499791245,4.828778061221083,2.0801939318557743
624,4.789561258456142,3.7732803800529564,2.8336179804686132,4.2022998123581115,2.935757639783182,5.089049858235348,1.0891591431329306
632,4.569331343948226,3.8304829659393898,2.5533252745382278,3.867664661249595,2.777020402016336,4.828778125127093,1.116330427707754
640,4.434905318255277,3.8934058850124456,2.713492575669506,3.494417764736868,1.9332823358493887,5.087619719750629,1.8156319661014226
648,4.397723592433733,3.25130684079394,2.6648703284922055,3.265607485558002,1.7702549379451886,5.24492678569717,1.7841705668608316
656,3.838568341639853,2.2960237148354485,2.112865421557644,2.719322785227003,2.4237944969137826,4.4912828154903295,0.807436470465231
664,3.4324298926542727,2.38039752477034,1.3821024524312377,2.1573074324371135,2.300808906549268,3.986470030306068,0.08525387077200151
672,3.94725321463703,3.121170939905695,0.8286674134640069,2.333205390943128,1.205379460269879,4.435510280217849,0.1052747366744597
680,4.314779820515938,3.0911395462683324,0.2680820804104083,2.785105733019222,0.17430287706506917,4.707222647592721,-0.24223094400458614
688,3.8972009692302683,2.296023672743509,-0.4598207953227218,2.5176837425398326,-0.3491007532100184,4.02365167025391,-0.9143612475963845
696,3.262252296829962,1.5738410561520555,-0.7401134063158119,1.9899899137223371,-0.4820967603956396,3.377262472350101,-1.007315465830368
704,2.87613486229759,1.1791432228450451,-0.5227436383537691,1.6281835264293665,-0.09311917225086516,3.3715422632886147,-0.6555195815394458
712,2.5529403128882047,1.2821078933864052,-0.41405869423043223,1.359331445241144,0.48033667839088673,3.3486612658950663,-0.6197680256947653
720,2.1711129850333495,1.6911063529639652,-0.3868874956829312,1.2806778624949238,0.6619549286060636,2.7180027908082045,-1.0788187211546325
728,1.69776159125505,1.7740500683495202,-0.23530063618633282,1.171992935116191,0.8621639845852903,1.7612895351213473,-1.1717729277134805
736,1.009900636586946,1.2406359705586547,-0.1294758618055214,0.547054719017386,0.8335625936323737,1.217865028804867,-0.8585888149422095
744,0.9126562205786555,0.7901656652706939,-0.2739123877353558,0.31824437654699067,0.2615368621191933,1.53676945433127,-0.7642045018516486
752,1.4560808272091386,0.7043618508079144,-0.34827569651164103,0.7730049132520864,-0.161762264591895,2.128816146530583,-0.5654255411898588
760,1.8994007480820427,1.0718883545293776,0.180848192751502,0.9960949518773217,0.5947418364915557,2.213189997328453,-0.2508113287997849
768,1.5661957276236151,1.6539246220729544,0.5283538273444824,0.3282548638797772,1.5157034801087328,1.6282935240952199,-0.5096530324936772
776,1.2758926150110577,1.5566803188219038,0.11792531208350131,0.04939223129913816,1.4456302489757442,1.5439197849792492,-1.1245807992038894
784,2.0409771796968794,1.2720974711885908,0.11077500202063062,1.0189759982757207,1.1853585402931044,2.6464995193538177,-0.7241626949264461
792,3.160717695951462,1.8655742408853975,1.1018097673932021,2.137286525210817,1.4613609870010953,3.541719940224401,0.5285738520176518
800,3.315164687860873,2.6707005573467626,1.6066225601048536,2.0972447139842463,1.62581844396836,3.22853583390518,0.9232717212717937
808,3.083494238171381,2.828007713314751,1.0803587608553413,1.7740501111150269,1.1810683675588924,2.939662820604186,0.15675707401901257
816,3.58830702212668,2.6807110668008614,0.7743249576860813,2.327485019812313,1.045212247162986,3.57604149737876,-0.23079042756467671
824,3.997305486620088,2.4089988106470273,1.0732084446476626,2.9996154223355305,1.4899622506028503,4.106595472742129,0.6000770773859743
832,3.346626104153309,1.918486636371295,1.2047743978396852,2.6935816870664064,1.7287831261848574,3.262857349889322,1.0190860517943405
840,2.4013534914894206,1.6768056770740858,0.8186569748288295,1.8398330787242554,1.558605461538689,2.018701170227719,0.21538967272882698
848,1.8278974518947992,1.246356274403815,-0.03652164464687905,0.8917002986221441,0.9594083542002746,1.525328868301401,-0.9615533791783782
856,1.8450583631230375,0.47555151694025166,-0.6271383009797802,0.8016062469046609,0.6705353061811113,1.8857051211037774,-1.2060944727318432
864,1.9380124586144671,0.08800397771960847,-0.773004907172271,1.3021287249370188,0.6004621160647208,1.9486279699723932,-0.8900501802327333
872,1.6620100407870777,0.41262865332409443,-0.8516584441396665,1.2392059682405343,0.470326241599152,1.1435016713309727,-1.0444970970218581
880,1.3388155033600704,0.9489027928918432,-0.9017107411628206,0.8016062642637467,0.2901381220340631,0.6858809960682557,-1.2704473815852473
888,1.5619055184814126,0.8902701944892695,-1.2234752431842755,0.8030363276281781,-0.028766249418022315,1.3637316366871797,-1.5321492170774698
896,1.8722294979181484,-0.08932409223396594,-1.9928500483508247,1.0261263843805994,-0.7523789743846321,1.8942856091317628,-1.8367529393695932
904,1.5561852954404862,-0.9273418345851245,-2.2245204464239223,0.8731093824051567,-1.0812938093583704,1.5410596106281178,-1.7852706619369247
912,1.19866912435625,-0.7557341357623661,-1.5981522463823385,0.8931304260462078,-0.3777020490720195,1.0004951549984935,-1.2876081255210683
920,1.7420936514114596,0.5198834984431083,-1.0747485509722778,1.6238932854877788,0.26868713761751456,1.466696302927174,-1.3634015967468252
928,2.7030971246896343,1.4851770383039227,-1.7225678197679122,2.4533307104830144,-0.3190694008964946,2.419119224578591,-2.148507071270488
936,2.743138852500424,0.7372533084970914,-3.1683631372076024,2.277432830016071,-1.573236053296964,2.127386050137804,-3.4641664358982958
944,1.833617835315232,-1.0045653802359717,-3.64886479004686,1.7025469192359113,-1.9865247260108523,1.2150048550682158,-3.600022563975213
