-240,-0.7461218463636962,-0.7677527735987831,-0.13552671054185023,-0.7890936695413047,0.2747648868360944,-0.2092342752913465,0.2507563263215249
-232,-1.3537593588208072,-0.8732977500029632,-0.02545834007520305,-0.9926447778018219,0.5717986446172995,-1.1712014427763664,0.01855736248892898
-224,-1.199965247703735,-0.5687251162519024,0.2791143275274079,-0.6187139262373627,1.1296792247186238,-1.3566589172879693,0.20401493418201758
-216,-0.872775809172803,-0.17971646334714328,0.8294560165957464,-0.6699786231943385,1.6996222160893637,-0.6118129629915874,0.7769734348329314
-208,-0.667717009683118,0.05851370077517904,1.0194369404012944,-0.7619535863449337,1.6604197569328505,-0.20320316700009397,0.8252226110099248
-200,-0.14300763888602266,0.35102407809932484,0.9832501123257508,-0.11511364955467539,1.3980651423148187,-0.358504982951742,0.4543073952235404
-192,0.5807293892579528,0.8214531653999881,1.013405820448263,0.7955888073679592,1.3558470911119,0.13001747765145358,0.29297430042713185
-184,1.046635055123364,1.294897752100708,1.254651464534344,1.3022046655690585,1.4704387997616593,1.3256914341467179,0.5523134137014779
-176,1.0466350434615859,1.1516581363726817,0.9817423610060313,0.9795386476635335,0.7934431106313119,1.149280483750346,0.6669051110133977
-168,0.8868098408980513,0.8576399447228198,0.6696306980623052,0.3990412801130362,-0.04639336646824154,0.2596869983314768,0.7980824819762873
-160,1.6075313072838513,1.4366296079246494,1.3617042593134685,1.5826528522257624,0.3411074429563557,1.2789500570703418,1.5715764347015315
-152,2.3267449355344714,2.202584571625576,2.0492544501496597,3.263833659785149,1.054290000816502,2.565091112989895,2.017880943226924
-144,2.065898080820524,1.7336633629523797,1.5471618760339791,2.4059036914695273,0.6803591878006988,2.3223375693823285,1.7645729003430513
-136,1.183843517370746,0.8033596630080488,0.6289205659791379,-0.2553376503986459,0.07121384077172832,1.646849684211672,1.3288229388748625
-128,0.6561186476595026,0.3630863696735437,0.4163227837819323,-1.0650184349247251,0.12247862211462845,0.8266144240567818,1.1584431748388706
-120,0.47216881157512597,0.3449929072879828,0.258005278440423,0.5633898415917343,0.3818176936009356,-0.5168225223067712,0.8433160014811866
-112,0.10577698709773342,0.11580953533982363,0.18713940713666755,1.415288605244463,0.5853687045179979,-0.679663320480033,0.5146187973772502
-104,-0.5923276963740286,-0.1963020414363182,0.2911765786093416,0.13970209654408183,0.742178430681095,-0.1851096740023649,0.47390855807051024
-96,-1.1637784486206675,-0.41643872519450453,0.30776224399988467,-1.248968313121078,0.579337596226745,-0.7294202384205666,0.36987140749185604
-88,-1.0280777388267892,-0.5204759598351443,0.2806220965017642,-1.2565072710473202,0.1270019266081596,-1.3581667492683218,0.22512393986127244
-80,-0.696364916437446,-0.71799584610207,-0.07219973577803195,-0.8056793895154494,-0.2228043022873905,-1.3099176759417346,-0.1925326048966535
-72,-0.38726883906136,-0.7360893047623409,-0.7612576737227444,-0.13019147891563684,-0.5726105041340943,-1.0837497703519252,-1.225365654051453
-64,0.16458061865739593,-0.564201726400633,-1.2452568944580975,0.551327551475237,-0.9480490951945251,-0.1474150332207964,-1.7425360732391026
-56,0.15854947133157934,-0.570232854452121,-1.40960544557077,-0.15883940640201527,-1.2616685548093303,0.7934431528803394,-1.7938007591821767
-48,-0.7159661312765104,-1.1130356965430794,-1.6101409415387393,-1.6394847793797382,-1.6039358505599182,0.1511264732886215,-2.1059123911897966
-40,-1.246706639519304,-1.4673651908975973,-1.926775885166532,-1.6425002301890503,-1.8572437301788947,-1.150092330683384,-2.415008393898108
-32,-0.8230189207106534,-1.1643003178604665,-1.8951123862038288,-0.9835980389155073,-1.7441598904384519,-1.0189150084732068,-1.9671961225531869
-24,-1.224089854985575,-1.16882371273278,-1.7729817852253302,-1.0921586263164829,-1.555686670657634,-1.1817558715960954,-1.2525057978242835
-16,-1.9493346780189702,-1.485458645184702,-1.533243830100848,-1.1238221322438593,-1.1063665801279223,-1.5994124153822065,-0.8258025626088166
-8,-1.6643631936714407,-1.4145927738809467,-1.0236123589593231,-1.119298711780421,-0.4444488019909846,-0.9269401076807323,-0.3372800501754951
0,-1.4668433078904215,-1.3301567819380646,-0.9060051264521668,-1.8852538314576337,-0.41127751413172126,-1.2013571484693415,-0.04175407027694909
8,-1.7352291028759756,-1.6332216083280822,-1.0597992145696211,-2.348143851016974,-0.40072295330714014,-2.758899472535503,-0.09754214655720073
16,-0.8124644023219878,-0.36818960489686525,-0.1898069895031461,-0.8750375750969887,0.4300668207012792,-1.7547143897396764,0.59603919290056
24,2.2151689120633757,2.754434112758441,1.808008775451411,2.7572177008392424,1.9876092298012407,2.1821135777705982,2.260634318224613
32,5.27145001674725,5.608672035590163,3.4499871134882594,6.271865682558074,3.409450897361373,5.090631777296048,3.525666384985764
40,5.842900745184425,6.361057051796978,3.7259119190400254,6.561360465730215,4.024627376167123,4.896127362894424,3.3492554700606347
48,4.505494982751714,5.267912533757181,2.85893520406357,4.281588930761237,3.502933580409672,3.2707346700019757,2.155089359799008
56,2.566482866201613,3.258034450341526,1.4793115517492088,2.5792990315169804,2.1353722101133497,1.3075979385574816,0.7136464427384148
64,-1.225597657649513,-0.659192232520983,-0.22750163239031324,0.23620039107508453,0.2973816556588165,-1.6989262645447432,-0.8348492401088264
72,-7.222060480581774,-5.817326365306624,-2.511796569520215,-5.2265063634759,-2.1241218141750453,-6.905309555690773,-2.4391330134896028
80,-11.386564027904267,-9.096759814793952,-4.3422481880763115,-10.488677772366282,-4.140030999565153,-11.571905622545344,-3.8956537241159785
88,-11.82080611835754,-9.814465687351685,-5.25898182504253,-11.607454578875002,-4.94820405577113,-11.694036215425387,-4.607328522881887
96,-10.424596811666536,-10.03761791132615,-5.877173835966102,-9.75287840843051,-5.483467863810351,-9.3222897577981,-5.328049973070772
104,-8.965060482754755,-10.055711363507655,-6.4697335286184305,-7.8153740190667245,-5.745822515843256,-7.933619233782726,-5.905531811742829
112,-7.538695395864968,-8.826866233341374,-6.097310514055367,-6.865469169718863,-5.298010261181156,-6.846505957334785,-5.647700451569862
120,-5.4066867723712155,-6.185225993905678,-4.235195449986385,-5.671303098329831,-3.791732487975802,-4.832104434019398,-4.27109230723992
128,-2.394131394084481,-2.9027770226665566,-1.797106306015648,-2.9618125606863988,-1.9462031187757505,-1.7124964072116733,-2.3170023833566584
136,0.24298541711325614,-0.09075711540454214,0.06350095636120996,0.2708794921262807,-0.7580681692833783,2.103708706428624,-0.40060700760861506
144,1.6814128104784218,1.536143434249538,1.349642025400265,2.5461276947430354,-0.08559581234328512,4.106047809242354,0.9925867724715174
152,2.074944786017258,2.460415970347198,2.4759577579273033,3.434213349315336,0.870340184330392,3.219469967861986,2.060098854812442
160,1.0556818333681803,2.213139155773714,2.557378158147719,2.217430507159951,1.4101273566297563,1.1718972953329214,1.9816940934475153
168,-0.44456478975788033,1.3717948094409045,2.068855654784669,-0.03821657180636614,1.2578410480146525,-0.4173085540969138,1.3484241349255064
176,-0.014845867096182148,1.6627974488887698,2.2633600466725823,-0.4679353470761441,1.563921483943743,-0.25446779576806156,1.6062554575216308
184,1.8306834940054153,2.979094125791437,3.0021749020719217,1.7213690900882346,2.4866862570599055,1.9076965543126876,2.2787278381092193
192,3.125871282980394,3.9139211499895334,3.327856495017092,3.8759945514035676,3.012903334797176,4.235717389365052,2.4491075483714564
200,3.404811587770248,3.7767126649045037,2.8031471447900778,3.9106736071034023,2.929975140659156,4.484501947969646,1.956061707959078
208,3.5917770084504492,3.4088130254535174,2.163846142926444,3.612132029327562,2.780704403520376,3.8813877743435246,1.2202623360868188
216,4.17378215679905,3.2610500441695938,1.9331549895323044,4.436890778782775,2.5485054272161567,4.342770049871759,0.8599016540761673
224,4.918628248445266,3.5414981145324522,1.9391861404214412,5.273711690560831,2.3102753295011835,5.52185838422224,1.226293487299894
232,5.173443948544786,3.731479080288008,1.6888936912036663,5.163643348924694,2.032842754813091,5.953085053344583,1.1524119850771384
240,4.517557274325934,3.244464388173261,1.0918106702483417,4.552990270984114,1.4779777444064315,4.752887703920637,0.3759024859807864
248,3.890318585092505,2.490571603316028,0.6892319525838096,4.068991142571173,1.0211187602522283,3.107893856441646,-0.09000318960277352
256,4.105931833972001,2.573499882163909,1.1174430239908275,4.524342215056206,1.3483081890650117,3.3612017360606212,0.7302320789745127
264,4.425582360737899,3.288190131577161,2.1261514869197766,4.987232402253611,2.1022009057332327,4.7347943485966795,2.058591099767432
272,3.4636152377943925,3.3801651151358674,2.754898002788574,3.8081441574720665,2.551520956256566,4.418159388771971,2.5260045472407917
280,2.248340066460065,2.9368761205877547,3.0247916691129815,2.0817298767309533,2.979732087430198,2.82593799118937,2.522989019820074
288,1.8201290727982364,2.7227705920918726,3.1529534392831313,2.249094055199305,3.3069214746169124,2.076568511797483,2.65868977366956
296,2.267941364551269,2.8132376882767796,3.056455171153099,3.5427740500947142,3.24208672488588,2.693252769457706,2.744633510129457
304,2.6825823974375154,2.86148682930647,2.893614347064775,3.4884936217978675,2.9797320877541362,3.1395573371018344,2.554652530444556
312,2.872563318813524,3.131380479110027,3.038361718323717,2.8944261906213815,3.1802674884842506,2.9752087994326013,2.652658532887547
320,3.005248463609843,3.5520526701740205,3.4409404536428845,3.084407210960538,3.543643847413137,2.8138756821224815,3.0733307113179493
328,2.681074580520292,3.5339592315979234,3.7364664037391084,3.348269663713749,3.7909206189028293,2.6706360087334398,3.08388521755893
336,2.5996541747929265,3.2429565296299687,3.5887033647941693,3.3889797889942135,3.8120296694475364,2.4233592921512868,2.792882653750654
344,2.952475994439129,2.980601961011172,3.1393833223692944,3.600069875589084,3.3159681997358503,2.7083307794142626,2.5380668964760265
352,3.2676031878809852,2.6051633665493896,2.399060646975319,3.565390798347352,2.6118324207683967,3.5587216543974387,1.7736196453841935
360,3.4153660901239675,2.173936716539405,1.5592241533549138,3.8699634035918424,2.062998500836384,4.258334157377931,0.9563998901363107
368,3.2676030557141647,1.7924670296593448,1.3044083709750698,4.242386396774979,1.7569180496821932,4.0638297965880925,0.6774596282682792
376,2.6283019906825644,1.3341001523004523,1.4370935492990002,3.3241449526096885,1.7508868351391818,2.818399032453279,0.6895218999202932
384,1.9482907794764808,0.9254903060985251,1.4627258317750635,2.173704758735006,1.7523946735983003,1.5970928223124616,0.6427805532941152
392,1.6090390853284806,0.8727178309349507,1.5260528985373554,2.585330121343749,1.9001576341501738,0.6517113045069785,0.5598523136427668
400,1.8201290313341365,1.1411036244627826,2.0010053374645707,3.4251667827641894,2.525888628915051,0.28682716526589436,1.1101941034559129
408,2.1111316103675106,1.7200932625593948,2.736804621549555,3.3000205157193854,3.0204422870544994,1.0256420206652335,1.7404483735598755
416,1.9739231636691659,1.9492766532959749,2.7518825225008787,2.9351364686387442,2.8666481534237156,1.595585012845819,1.8851957964869752
424,1.0300494896677816,1.3220378689866599,2.1744006397732125,2.59136126996532,2.3615400120429073,0.39086434321733404,1.5549907927965143
432,0.25353993728358215,0.7626494763412807,2.1955096741210065,1.810328462488177,2.52287305517116,-0.952572463528817,1.8791646277812322
440,0.15101053186981975,0.9058891782368906,2.668954243329058,0.9131961470986888,3.034012341610216,-0.7972705848951103,2.6194873148369844
448,-0.03293930194698815,0.7309860091245295,2.4262007978747926,0.6885360830454121,2.7384863991265407,-0.8862299858016217,2.20786184289907
456,-0.029923751040744927,0.4324444818830609,1.7100027023898727,1.6354252747493645,2.1233098560190413,-0.7460059172545491,1.2097078805421808
464,0.3952717514814543,0.5410050284678122,1.2395736366311054,2.743647631382365,2.038873879625196,0.15414208898252274,0.8312537696735818
472,0.4133651476216357,0.38570311808815344,0.9048452613918887,2.402888110437023,1.921266665906461,-0.25899117897859586,0.7362632642011083
480,0.13140921434231814,-0.11337387369926963,0.5475001429210736,1.6414563626325056,1.295535685394869,-1.7607454682286068,0.4151049250531257
488,0.2218764323280203,-0.1359906145013297,0.3243478489759374,1.4650455251286272,0.7798730458715389,-1.5963968792151546,0.14973470283965065
496,0.8219750675195234,0.314837209207557,0.4087838543622593,1.6942289754698512,0.791935316065831,0.6245712149938109,0.12108678523338956
504,2.1608885341389326,1.2858510614811969,1.008882497004343,3.1025006633040104,1.2593488574812943,2.605801172996793,0.7558644448646836
512,2.904226846444766,1.793974752472495,1.3345641514977886,4.162473742853239,1.5036100481004515,2.0780763656436694,0.9760011752699834
520,1.970907604502496,1.171259376640902,1.045069322326411,2.9758466642138153,1.4583764801667778,0.004871257739671086,0.4965253468154375
528,0.9305356006608355,0.6857524031281066,1.274252714196774,1.4967090036832176,1.8549240971526075,-0.38564522908907106,0.5885002654245169
536,1.1159932070153218,1.1652281797525272,2.097503568989577,1.5148024735193586,2.755072000863211,1.1930063572154694,1.4207978082453234
544,1.80655895572243,1.7050154615430326,2.5453158673833443,1.863100833343622,3.199868703971191,2.6992839454520614,2.2757122258166715
552,2.115655038443497,1.6763674475651313,2.304070161263082,1.644472065789743,2.5681066104712387,2.932990786130462,2.400858363610098
560,2.1578729861481336,1.3868727019698324,2.105042524324313,1.7017678666648053,1.8579396670092394,2.4037580632209083,2.1520738401528097
568,3.3309301551942228,2.1377498863582622,2.5950728067038056,3.244232459037401,2.209253694519499,2.943545155345546,2.521481310126425
576,4.924659314462572,3.356040536846505,3.143906695051835,4.913350908777188,2.911881699329584,4.576476881479887,3.088408528531225
584,5.119163788792779,3.300252481136334,2.63879855529072,4.580130309477002,2.56810660658398,5.466070354427132,2.596870545204418
592,4.861332386021928,2.677537105628678,1.6708003028380043,3.92725927395167,1.711684435425344,5.51582717907344,1.7012459111639793
600,5.664982096108304,3.11781047735625,1.4687570124665235,4.928428766158811,1.646849730883703,6.109894724600141,1.6409345279606589
608,6.409828075833843,3.5791928118412515,1.4114612081901083,5.3717177380312435,1.636295162770511,6.2214708298656545,1.6952147891053493
616,5.506664640491324,2.7484029756366803,0.7495433480967846,4.061452111596847,1.088969054734677,4.790582409165924,0.9352908839711477
624,4.531127365486677,1.916105373373199,0.2655442243809486,3.3723942298554275,0.7391627638049448,3.9552691884550657,0.46938523219705236
632,4.689444814300955,1.940229982760638,0.5098054671541703,3.7433094370574485,0.7904275195567206,4.413636019976691,0.7724501227268504
640,5.089008011995349,2.2267091563937065,0.6786774486103985,3.7086303935052976,0.8432000418533153,4.879541692644806,0.9337831585664915
648,4.529619630201902,1.748741247058912,0.34093351096512886,2.8823638796108626,0.656234660207677,4.410620439106156,0.6804751684845588
656,3.745571167834326,1.3687792476827283,0.4525096249769766,2.157119094802185,0.7647951970742792,4.139219085925747,0.9956023643559536
664,3.8661939910921355,1.8693640374369844,1.5682708794456661,2.4797852278677723,1.5986004701588157,4.642819439705747,2.1731828046919017
672,3.8088980841272844,1.9492766863376798,2.043223351414586,1.982215960513191,1.8926187573704725,4.166359182403587,2.6571819039503977
680,2.84391533204644,1.1184868502950784,1.2425892500574374,0.7910654092562638,1.113093629622689,2.5635833423958476,2.082715690690389
688,2.9117656994150027,0.8712100464115571,0.3333945909396662,1.5313881181778526,0.34563080559680925,2.4987484191958624,1.176536587985812
696,4.145134221052245,1.426075118204522,-0.10386321206505465,2.876332820396261,0.09081505982199067,3.712515787866252,0.758880050192559
704,5.16892066202983,1.977924570902235,-0.39788139043344684,3.37390202976589,-0.007190989268114799,4.2266706546899355,0.4286749870594227
712,6.073591941500388,2.8614868636439277,-0.1943303153766038,4.242386390134246,0.1586654578027221,4.933822055992025,0.6322260886792053
720,6.275635144894438,3.6289496649941277,0.2685597608719383,4.355470335802506,0.7180538157867049,5.205223456143485,0.8659328064230276
728,5.591100575421069,3.6379964045283186,0.5761480341263641,2.932120812938466,1.191498496267559,4.258334120448964,1.0031412327132596
736,5.168920575214369,3.5249124891482877,0.826440401549722,2.5627134309140946,1.6483574778302554,3.505949131938875,1.141857558848916
744,4.966877310595984,3.3530249511168964,0.7103409247354521,3.2442324872200334,1.7539024738327014,3.1998687073476226,1.0936084009744353
752,4.363763155272373,2.887119228400315,0.45100185405899024,3.250263535096795,1.4809932867283107,2.866648164412698,1.253433685332387
760,3.9129352915571074,2.4679548779010374,0.47814196916328233,3.1221017526169894,1.5413047075084716,2.75205645155174,1.8052831628113788
768,3.312836654421976,1.9477688917721991,0.5625779641835785,2.6426259494296302,1.6604197689185671,1.6528808198757103,1.9922486145896556
776,2.552912719323484,1.2376019010152106,0.21880284325534302,0.9071648917394531,1.208084092821215,0.3184907476427063,1.8490089042716507
784,2.3041282407316475,1.080792234456758,0.12079684291794977,-0.19502617665457517,0.7753497170826363,0.37427866665091974,2.0118497963870148
792,2.605685301548662,1.4336140301315272,0.2806220652417199,0.36737776090418967,0.8251065857845505,1.4448065349153154,2.431014182195566
800,2.9916782814224425,1.5512212681456359,-0.06767632600455745,1.1921364062132442,0.5084716559241343,1.6287562846701389,2.129457033105369
808,3.3806869824320374,1.4848787183421703,-0.8773572047966777,1.4590144950684694,-0.13082937379819345,1.3814794577869982,1.315252888206405
816,3.9476143953617786,1.9492766790490677,-1.064322576886136,1.606777362650055,-0.09916591192642411,2.136880036075927,0.9533843337231159
824,4.618578937490248,2.584054333983257,-0.9331452112682286,1.774141526055276,0.2038989541460337,3.071706966817827,0.9714778113337769
832,4.805544336790523,2.6564281059422816,-1.1201106236880043,2.0802220230467348,0.22199237879278477,2.929975032762789,0.7257087618473882
840,4.861332382944513,3.0333744374705005,-0.7175319003545519,2.708968627350686,0.9834241147735551,3.2315321928668874,0.8161758774685919
848,5.702676656715148,4.011927228558024,0.5746402262794138,3.5065871604708945,2.2786118047853874,4.137711307071274,1.809806484635609
856,6.237940529865964,4.330069985053811,1.4099533982375594,3.606100922494032,2.8515702680214297,3.923605751526544,2.3269768795278862
864,5.101070278626321,3.5445136837412083,0.9304776034725949,2.861254900818486,2.461053804192305,2.9058504907545135,2.201830747079441
872,4.282342746305625,3.1615361979225014,0.8309638011191405,2.5039097527073184,2.439944848399546,2.756579749080599,2.3993505854034995
880,5.113132501363655,3.758619227948098,1.4114611889157809,3.143210834259772,3.012903359902395,3.4788090144050456,3.053729566449554
888,5.705692297028359,3.889796675522391,1.2938539400497413,2.808482506801454,2.883233742526792,3.9190823326827977,2.9300910832802685
896,4.503987134736419,2.8464090184099904,0.4570329672093177,0.9916009583501117,2.0916464061329885,2.9480686007522316,2.1731827632278002
904,3.0158029290346002,2.045774968882966,0.16301479904498162,0.6644115107489076,1.8232605857182795,0.8160598400706138,1.8655944982338013
912,2.5529127128447184,1.8361927983304323,-0.03752062047355129,1.2660178859222901,1.615186164865774,-0.6178441214932745,1.5941931900808144
920,2.563467299260424,1.5135266769266238,-0.6979306665650975,0.5106173771181237,0.7813808590634718,0.5808454042107466,1.2051844987893676
928,2.9690616131825593,1.3280690223053342,-1.4819791833543063,-0.23875200784575104,0.24159363509594947,2.6434958944389946,0.918705252918063
936,2.9268435169522182,0.9722316133662016,-2.354986914623541,-0.22668981750224662,-0.3539816662856072,2.0810919923514724,0.4708930024671609
944,1.984477624396816,0.34951624806260206,-2.878188486158052,-0.6337917151060395,-1.0023294175635518,-0.025284483262577248,0.10148548584643172
