-240,1.6311978786945585,0.22172425560035441,-0.1605422441344279,2.227705556374567,0.48183458137672963,1.63930480860985,-0.45037745274268437
-232,2.0203241195146373,1.199944202470911,0.43755905729877576,2.48532147928849,0.9772498008090779,1.974385590150163,-0.010809074034105068
-224,1.663625168737831,1.2593940340510978,0.9293712535566031,2.0205319515177296,0.9268075417760729,1.9239432289377671,0.5512620157801303
-216,1.2132476250995528,0.6126519183104453,0.7276021047950266,1.370186824987937,0.042266188541075604,1.8068452046050894,0.5764831890325087
-208,0.8061063400098489,0.16948051545973658,0.36730016277475924,0.8297339119575352,-0.6405060263825105,1.1150653420479504,0.2810355238504819
-200,0.6583825934391755,0.18749557598517244,0.32406392435242737,0.7342538823048904,-0.33785243289960126,0.35662969483898127,0.3062566620754553
-192,0.7934958544019225,0.2937846627760008,0.4735892085390137,1.220661494549695,0.1737764481972388,0.7295421851681667,0.5512620270043821
-184,0.5358798960735516,-0.22865315412099568,0.25560653261043925,0.8909851532358746,0.20440208180235345,0.7727784905489621,0.28644008425387235
-176,-0.21715127452686964,-0.9240359684431947,-0.13892411360225004,0.031665004216707586,0.20260058192314798,-0.08834325298145913,-0.22158567419835742
-168,-0.7071619118814104,-1.0771643690817005,-0.3659144118130505,-0.26558411981795116,0.040464704530639516,-0.5351177248713019,-0.5458575145199107
-160,-0.5810561907607,-0.8033348415921501,-0.5875000712442231,-0.3988958807079704,-0.501789802623974,-0.18382326831350773,-0.7584356844246567
-152,-0.05681690398034278,-0.5313068697160177,-0.36951743556813643,-0.231355459361405,-0.5306139775699789,0.007136736612220094,-0.19816609352201847
-144,0.22782168490486565,-0.16740186717156533,0.2718201726005151,0.43880627363116365,-0.13067876166486317,0.15846356460740887,0.6341314717725322
-136,0.5683071187713172,0.39827227639360024,0.6519387174066491,0.9144048535085465,0.06208280197062845,0.6736955133887313,1.1043255332407065
-128,1.4780695515942506,0.868466356633367,0.6339236303687575,1.1179755447240736,-0.029794210893707627,1.4807718055737724,0.6737647243700068
-120,1.991499891930765,1.066632464222916,0.2646141196717391,1.5395288449097104,0.12513565498364204,1.9797901716474053,-0.2594174216915437
-112,1.8906153881853511,1.117074723449442,0.05203584913577477,1.9034338646775835,0.4277892767207011,1.583457874415161,-1.014250087913695
-104,2.1067967206001517,1.4899872553857658,0.3366745047859261,2.533962237668204,0.7808852906336081,1.4591536959419242,-0.7692447425304473
-96,2.5445634871870126,2.179965627352734,1.3221004219515466,3.0870258300216284,1.3988031842089914,2.212184974333859,0.9457927030193942
-88,2.175253987714246,2.3745286649355393,1.9346137994399788,2.368223372902665,1.622190400027669,2.473403855592577,2.183430052363311
-80,0.8727622810271118,1.495391808628858,1.2212158512476683,0.7414599294280196,0.8529456734255365,1.3582692266433507,1.6213589182326376
-72,-0.4981867457990284,0.1640759784724565,-0.059657697620746714,-0.6114740608693598,-0.22075423710680833,-0.5225071877866359,0.18735702794331777
-64,-1.5899017884597908,-0.8844028178315886,-1.1549757460390884,-2.027460918306829,-0.9197401047928946,-1.868235096514047,-1.1061270661376688
-56,-2.332123852574027,-1.7905622967607258,-2.010692989157809,-3.2074498666690423,-1.4493840168063699,-2.2591627870912445,-1.835738578846644
-48,-2.378963238024688,-1.8356000153230625,-1.965655164352127,-2.7030270083116132,-1.1251122523452737,-2.2987959338324178,-1.6645951654825306
-40,-2.0528899477524956,-1.208674607837533,-1.0198624695946161,-1.438367104077792,-0.05861836223008003,-2.2699716965724663,-0.8359005867869223
-32,-1.8493192091241821,-0.7655031614444707,-0.26863285344648535,-1.2744296797803352,0.2620503769277574,-2.1726902564475834,0.10088453348819074
-24,-1.910570557613473,-0.9384480110191911,-0.16774823571686476,-2.1211393023585234,-0.24237238157253976,-2.287986880564668,0.3386838714202325
-16,-1.7718542721215542,-0.8105409146471693,-0.07947428298967102,-2.5625092837062637,-0.24777692243025123,-1.7583430618285902,0.07386190022205116
-8,-0.703558903221007,0.16047298529377935,0.07905857625987738,-1.5104275137692176,0.28186701396694197,-0.11536598455655778,-0.07926641720217789
0,0.8979834902745027,1.2287683708371815,0.21056875773332454,0.11813747564276755,0.6836037094314972,1.6176866457595689,-0.3332794059615033
8,1.76090661931288,1.5188114307188134,0.037623851650304345,1.1486012412237003,0.7106263837242106,2.100491288048285,-0.6161164223969157
16,1.9086305154757308,1.8250681507167639,-0.04524562640355646,1.503498588974302,0.8007018719385796,1.6753349025677016,-0.7458251125061067
24,2.112201089223663,2.797883521508682,0.3889182954356746,1.5467348008841781,1.1213706521229914,1.7906316333151733,-0.49361374012597486
32,1.8996229342200779,3.480655741270307,1.251841545037992,1.0026788826767623,1.681640186517329,1.9203403181992802,0.4539804506403108
40,1.2006370235722021,3.709447471821284,2.1507950486405027,0.2694642620308181,2.315771733048734,1.2735982773514773,1.6447785470958476
48,0.5016512344558752,3.4788542417781456,2.2426720108021856,-0.30521734957987967,2.4508849644026793,-0.054114615747502356,2.005080498018107
56,-2.283483170828857,0.8306346844200729,1.003233181705306,-2.652584811786077,1.6005723078127623,-3.2067569376050415,0.893548880825629
64,-7.4646256689752635,-4.125319180081596,-1.099128925828607,-6.961796488944111,-0.2820055910147032,-8.586065567144148,-0.9926320158250319
72,-11.581075787916404,-8.065221398793435,-3.0177369772509626,-10.568419457151816,-1.6601606564490234,-12.81781252365667,-2.466267084399542
80,-12.634959205389617,-9.268629917768866,-3.8788587186526473,-11.831277745199964,-1.986233977297624,-13.570843575821888,-3.0445517395045263
88,-12.033254830853327,-8.947961240924975,-3.812202848851325,-11.570058904580778,-1.8421131960385213,-12.36743499956407,-3.140031779800858
96,-10.707343605223237,-8.214746698074704,-3.5059461814912414,-10.526984750733268,-1.7412285953387996,-10.904608899494864,-3.2247028018568424
104,-8.47347121210127,-6.497907689170582,-2.567359530954035,-8.24267013515388,-1.431368956280934,-8.97879473070105,-2.884217381730423
112,-5.0902355777603985,-3.5812632252986027,-1.1495711866033063,-4.819801289242107,-0.6477121007921811,-5.411805105271873,-2.030301682033262
120,-1.1125016672895853,-0.6411989901315321,-0.12991657453430053,-1.1447209383879264,0.2278216992477912,-0.7819245889053473,-1.4520169795154922
128,2.148231245882504,1.6917563878915287,0.5546571803274568,1.7178782792715406,1.1267751438262228,2.3112678822133685,-0.9475942026306462
136,3.692125335737661,3.212230757154249,1.3076883623456503,2.930294489035835,1.9698818365072872,2.9904371788511273,-0.18915857225805346
144,2.7949733370459158,3.242856444364839,1.8715609636503854,2.0979968844564043,2.3968396624559523,2.567082410136779,0.24500537648067594
152,1.1501947898905238,2.608724911186423,2.015681726718461,0.30369300454051185,2.2905506101119646,1.6014730431191568,0.14772379818138898
160,0.6097418054506613,2.6483582216468484,2.1255738755816465,-0.12866942303164022,2.4328698851056503,0.583620023626191,0.338683876645315
168,1.2204536784153723,3.3239244384082647,2.354365562783789,1.0567241821077076,2.6094178451331222,0.6899089890789921,0.7908628770074883
176,1.7176704271422039,3.7400731578707456,2.6786374112332494,1.9340594543533012,2.5517695542651926,1.345658638856033,1.4303988864074095
184,1.2690944950450789,3.660806713054528,2.849780796730256,1.4422473099592572,2.6094178368116943,1.414115931708496,1.9654473147013556
192,0.7304429284312741,3.442824026869311,2.649813216161001,0.8549550058660689,2.474304603909576,0.5565972599265109,1.9906684627959288
200,0.9394181022545195,3.5184874889570157,2.383189793076965,1.3143400601246262,2.2869475461043915,0.0017321431166404237,2.0339047130230785
208,1.2096445665105828,3.563525146366536,2.139985925704985,1.8493884653895052,2.227497788836489,0.35302672739867336,1.9168065410334387
216,1.133981306846445,3.1599869614729394,1.4914423681416,1.6764435521461867,1.6167858851018484,0.34041598363296605,1.1295466952688333
224,1.3105291056704451,2.720418530320013,0.747418776474573,1.4944910193299437,0.8511441607739069,0.1818831834074978,0.3476914079724016
232,2.184261512074556,2.9726299524351902,0.5492526855278801,2.0565621120470023,0.5773146845675731,0.6484742629212457,0.37651560826973285
240,2.946300220194754,3.4158014011505125,0.6771598767254735,2.896065784649892,0.46381952394763903,1.147492588935913,0.6305284793679412
248,2.91027000547944,3.3977863071458443,0.5402450951767134,3.1050409259615126,0.4710255482352219,1.435734109072895,0.4737971323829789
256,2.6742721947131454,3.3923817465489323,0.5690692743801931,2.663670957192674,0.7286414951458202,1.8843101112248293,0.9043579613799223
264,2.699493321133303,3.4356180070327236,1.4373970764515167,2.4006506215323213,1.276300512775258,1.9761870646780422,2.0897515272343905
272,2.6976918332524344,3.525693526017023,2.105757280730164,2.3159795874779996,1.4600544763835044,1.3654752679608324,2.5022972655165314
280,2.3355883166536344,3.104140184224247,1.4932438656985463,2.3556127837606957,1.1321797409987115,0.6502757838943031,1.5420924807702387
288,2.647249516162958,3.0320797638891333,0.8392957748247915,2.795181162082231,0.9916619825270864,0.4809338001610639,0.8377020989324192
296,3.4110897286133577,3.5401055449833874,1.042866403145808,3.422106733480533,1.553733024541494,0.742152836043518,0.931380660443397
304,3.0525892109988813,3.531097979209462,1.2896732679539396,3.296001011972779,1.658220639513744,0.7151300485406845,0.9259760971371829
312,2.317573192266079,2.9077755486467978,1.255444544022317,2.834814494217073,1.1898279958716285,0.27195869484445545,0.9259760760433313
320,2.4562895232355677,2.8014864951416807,1.2680551116833918,2.9284929100063053,0.8853728055552054,0.44130065419397646,1.2250267493051967
328,2.71750844203747,2.778066876728635,0.9509893521577212,2.8438219818082833,0.6007342638892613,1.1637060510796624,1.0899134984055725
336,2.582395215715085,2.0970961309143235,0.1925537432660232,2.143034677524547,-0.20634218117782271,1.3132314180934823,0.4918122052937953
344,2.5103347944123637,1.7818319446125352,-0.19296941245263158,1.699863194942951,-0.5594381124570172,0.8574493744305445,0.41975176483243837
352,2.74633255737883,2.124118893646396,0.22678240333552618,2.006119897523961,0.23322626371513472,0.9078917437708469,0.7584356726942723
360,2.9625137196881677,2.58890833588062,0.8555093225050759,2.362818808822365,1.1844234842356751,1.8626919559218895,1.2718659952268023
368,2.845415613495863,2.713212524804023,1.1365449453046277,2.3195826538078315,1.4186197635787472,2.215787919325666,1.6213588919137023
376,2.5481664662386145,2.6321445675296973,1.2032007547272199,1.8367779159194582,0.8781668292609727,1.5564353100427017,1.5096653290948905
384,2.528349811008402,2.7258230456328767,1.190590155522128,1.6692375129574422,0.6637871292876558,0.9385174098875847,1.2178206847651267
392,2.976925855735085,3.1383688804822847,1.1203312967996026,2.088989327197426,1.0078755348518893,1.0952486920428197,0.8286945906343998
400,3.056192164312115,3.095132604710287,0.9149591856292797,2.229507169850937,1.0583178442005037,1.4483446562206819,0.5656741071235648
408,2.5121363742159786,2.3258878492734407,0.4141394311448675,1.7196797685070586,0.6493750522648186,1.5041915081687016,0.5206363568236897
416,1.6618235852573064,1.4359419497621282,-0.11910751449329386,0.6748040824622419,0.15936435782141273,0.8646554343260959,0.49541526136698466
424,0.5917266485514819,0.7693833119341066,-0.25782384372108796,-0.512390956952498,0.03866317388150374,-0.09735088842315245,0.5404529690921128
432,0.28366860671417404,0.9171071481052696,0.36189566294362147,-0.9339442344961107,0.39536216549136177,-0.3189365480478465,0.9854259401351423
440,0.757465608336113,1.5278190361646624,0.9762105074125931,-0.7195646568284283,0.6295584386417441,-0.23786860973863502,1.4592230783833136
448,0.755664135162885,1.5440325557843189,0.5096194455093079,-1.2041708168003344,-0.02799270733759212,-0.527911642527246,0.9620063114654538
456,0.53948284029127,1.156707900960546,-0.5658819819321405,-1.7662419766693798,-1.1431273097743642,-0.22345651955633125,-0.17474643833987352
464,0.9196016360948859,1.2810121322651726,-0.7280179129301253,-1.0978817143342592,-1.182760541471509,0.6268561325825888,-0.4828046396389588
472,1.256483871069226,1.5962763549490173,-0.24521322574440424,0.008245419476415734,-0.481973191710202,0.7583664175900776,0.09367847939828525
480,0.7394504593713184,1.3854996692482293,0.07185253668408995,-0.4907728517716465,0.3989651269325011,0.0990137937929955,0.6377345369412349
488,-0.04060330559740533,1.3656831078759792,0.4141394607536683,-1.5428547902659817,1.384391089188648,-0.8485804405156427,0.7566341294662341
496,0.10351760880454099,1.9727919853397529,0.9942256252204152,-1.3879248183388095,2.1248116441346427,-1.1854629264874648,1.053883291624643
504,1.1123631538657637,2.2033852380249157,1.2122083133408479,-0.508787888106885,1.9302485953275856,-0.1495946510122725,1.0628908701709936
512,1.7158688897198142,1.8232665720742791,0.5006118944430209,-0.25477501913741374,0.6998173389714085,0.8916780875249588,0.450377545707471
520,1.5483285653275567,1.2539894382332593,-0.48841709408399236,-0.5790469103551413,-0.48017168389661175,0.7187331646055618,-0.11709817011396838
528,1.0421041910286315,1.08644900043736,-0.8090857755724008,-0.8726929388382099,-0.7485966678191495,0.025151887125188913,-0.29905063326244474
536,0.3863545075788367,0.8306346923544574,-0.8541236013456893,-1.1068893718374124,-0.44053843420196115,-0.5891630515887896,-0.6449405327067151
544,-0.244173890956632,0.3460285180619545,-0.9928398202661869,-1.1194999625275541,-0.13968632395540187,-1.4682998970582646,-0.9872274304573592
552,-0.25678445552136175,0.1802895851768217,-0.7172088513409463,-0.9285397857546683,0.3215002282471447,-1.6916871477108257,-0.7368175484738747
560,0.2584474686827222,0.4379055197020394,-0.4199596785388508,-0.8528764250722671,0.3539273994681718,-0.8720000862152305,-0.30445520140669813
568,0.8655561514637924,0.9477327985467614,-0.728017881192587,-0.8835020224888483,-0.4153173464861186,0.13684550509764873,-0.5530635742219417
576,1.0853405407258685,1.3602785958529833,-1.3855690039493334,-0.5826498996633872,-1.2890496495497097,0.3584312895437577,-1.2124161610564033
584,1.2438733113425353,1.365683105166678,-1.6251698255047686,-0.05660895025218003,-1.4601930714287723,-0.48107248504499955,-1.839341675752883
592,1.3033231051860152,1.1927381628951235,-1.0721062894661229,0.3523337420198948,-0.6837422828023487,-0.7296808536027692,-1.5925347703052204
600,1.5681451056059539,1.3404619512664573,-0.5118366960477043,0.6477814095241796,0.15215827199396922,0.6286574745481907,-0.9205715583337771
608,2.1212085733314847,1.4575600940343387,-0.4956231081149317,0.9126033948494362,0.08189942585034587,1.797837616963224,-0.713397921739401
616,2.294153659776612,1.2305698174979545,-0.8000782963026176,0.7991081552727003,-0.6188879343611262,1.140286429763792,-1.0196545776817107
624,2.103193531964685,1.4305375019882947,-0.5388593627930758,0.5523012945285208,-0.6801392576926113,0.6809015136796386,-0.7944658778525973
632,2.193269120810272,2.0556614101751807,0.5780768238983074,0.6585904304738286,0.05127375644373969,1.6825409775579354,0.1801509786914518
640,2.4274653927995247,2.291659161530352,1.080698070134019,0.3667457458915762,0.5520935051225043,2.444579631492092,0.3386838789675737
648,2.3481989127623804,1.7115730407994827,0.27722464437102456,-0.1160589016222214,-0.0027715464705950306,1.8392723382829295,-0.6611541487001158
656,2.503128830116469,1.4503541051612037,-0.436173250602854,0.4928515370670972,-0.3973022021658412,1.2735981674312224,-0.9475941941156971
664,2.9390942992476914,1.565650739921974,-0.22899963684402377,1.6476194784119638,-0.26759348709236697,1.5366187072568354,0.027022653526359394
672,3.176893373990393,1.7764274029807372,0.1565234685590219,2.1574467435166547,0.18999005915907854,2.2770393024553175,0.9331821076847343
680,3.04358173927644,1.947570835116442,0.3961243464292348,1.764717592151609,0.7862898133002916,2.979628173189682,0.94399123158786
688,2.658058598652466,1.7169774848964066,0.22137787641136775,0.8675657285379237,1.209644601366796,3.1399624554903713,0.24320382318951625
696,2.6868827908218904,1.4773766985618983,-0.2055800339127037,0.5090650739101736,0.8871743602010158,3.404784481261638,-0.40353823391409904
704,3.2237326121711343,1.5998794048295153,-0.22899963452176492,1.5251167040247529,0.4998497901396915,4.091159869919529,-0.3675080472594136
712,3.7425675640007348,1.8106560632437612,0.03041779117418689,2.6096256157675466,0.674596183910058,4.168624632946263,-0.22699024234261084
720,3.9803669102542045,2.2772471297915637,0.2790261595384345,2.8456235112962904,1.3789865829712986,3.610156637328966,-0.21618118249512572
728,4.284822007486751,2.9095770690392904,0.7474187335127839,2.7537464794668405,2.054552811150486,4.118182407973054,0.16033438596870725
736,4.5784681780146546,3.174399086102082,1.2590475461029866,3.09243031553217,2.0365376916009703,5.148646133107976,0.7278100445077614
744,4.717184374486649,3.18700967485701,1.3779472350017292,3.2761843644834303,1.838371571626041,5.0729827575244135,0.9566018081509272
752,4.8180689569953445,3.523891960340482,1.5490906913276319,3.341038815104045,1.7537006045301833,4.955884442135291,1.120539155620319
760,4.920755125500344,3.752683701148103,1.379748756555351,3.7427754540603004,1.5573360908713259,5.109012830581938,0.7584356831444369
768,4.53162892609388,3.003255560495458,0.47539076628116955,3.5824411359581205,1.126775177692498,4.006488657631836,-0.12610566796182293
776,3.7713916348321335,1.837678665159406,-0.29205251695005796,2.5411683422672398,0.8601517319664377,3.152573184935482,-0.7674432196221747
784,3.5516074830210287,1.4863843096198734,-0.34609778715924666,2.4078565457692513,0.685405275495081,3.646186745220369,-0.583689194280546
792,3.94253514069956,1.6557262023979733,-0.09568791369071138,2.987942787838149,0.6529780884052848,3.7506743100705324,0.04503772605013307
800,4.074045474280964,1.6629322410061527,0.3510865394275386,3.292398005634636,0.9033879119452539,3.422799505985581,0.733214544338899
808,4.365889943280183,2.1889731385535773,1.1617660359232937,3.6112651558933444,1.584358698205574,4.114579318807675,1.408780731878558
816,5.093700075706284,3.0681099745404934,1.5887239257340784,4.322861651232193,2.166246389257503,4.836984887346999,1.594336283224804
824,6.0430957611266924,3.5419070218335253,1.3094898357124005,5.038061043569496,2.2473143591107303,5.303575927188826,1.1385542999405969
832,6.860981249398403,3.669814256379951,0.8338911890700748,5.931610080239538,1.8203565122617356,6.526801206476681,0.7386190780363123
840,7.084368377164765,3.8157366029285527,0.9365772722320607,6.446841947354754,1.4816726181399338,7.881536562736338,0.8701293061484587
848,6.877194891517217,3.77430183168028,1.1797811529570288,6.268492257350926,1.5915647137846864,7.377113923251808,0.9475942267017528
856,6.851973752324636,3.831950242725107,1.4608167169260218,6.317133119071159,2.2166886715130962,6.103446322423475,0.9169685367818601
864,7.048338298301596,4.2282823278577055,2.0751315230777205,6.585557995589223,2.85622470200687,5.771968595408179,1.1944010806726766
872,6.857378246350128,4.064345028768708,2.341755048534669,6.075730810602465,2.7967748425595773,5.739541284077533,1.4267958264637892
880,6.261078398350952,3.5094799404065093,2.022887799579958,5.5226672747573415,2.362610999677148,5.296369773241784,1.2970871235821755
888,5.889967319268088,3.1131476940704386,1.5508921674036842,5.645170002312333,2.095987508667039,5.056769133016064,0.7872598066137034
896,5.4666124779831495,2.7366321898557673,1.0969116563250976,5.239830157497191,1.458252978439515,5.080188606868494,0.3134627101661917
904,5.340506806791005,2.5492751097956017,1.0068362077826511,4.524630752387462,1.1069586180619426,5.114417358280181,0.5746816680594522
912,6.160193797844751,3.4031907775617025,1.6445706857593498,5.468621868696008,2.0023089651535684,5.492734468230356,1.4484140613040957
920,7.091574765272909,4.132802372517345,2.4030063501917387,6.7152667749118615,3.0868180119744197,6.431321099415405,1.889783931957496
928,7.055544395933857,3.606761533219916,2.516501486427955,6.363972538775139,3.067001306622119,6.9087212875440756,1.4610245716827852
936,6.792523896554253,3.377969649399853,2.4174184901090885,5.717230385297781,2.9697198837206567,6.687135615727522,1.1241421544111214
944,6.8195464816335205,3.7382716003221113,2.824559733398132,6.117165498442938,3.495760707729882,6.323230506165638,1.2016070827052785
