-240,-0.05740207659496712,-0.26650494627785737,-0.14006614033909653,0.5404663681983951,-0.11647537450778249,0.04865996331749882,0.04184624905576288
-232,0.42058409398993063,-0.6107886974338139,0.24265702899486752,0.7794593662382618,0.2461924226928688,0.7155008316799596,0.43459711585666855
-224,0.3269924820229011,-0.600761022228847,0.028733127136767452,0.5103832973414161,-0.001157039184333914,1.093210144291276,0.5164898680013787
-216,0.4974629518897915,-0.12277479437322285,0.2576985898271438,0.29311684689607964,0.05065264659169867,1.4692482080127602,0.7237286531160121
-208,0.719743345053633,0.2298653069762744,0.2944667180024771,0.2780752948608743,-0.2351362866050012,1.7165976878431686,0.8256767192256464
-200,0.49579173028883367,0.01594136651878178,-0.22864397403898934,0.3081583779260335,-0.7866587864305824,1.3088053453081843,0.24239992855791703
-192,0.4439820800601495,-0.4085638126681201,-0.3840730556039161,0.515397152986871,-0.34376946245635154,0.7255284562568846,-0.1470083609306226
-184,0.671276134077159,-0.08600664088386821,0.07720022859868303,0.7677604538130475,0.7876873360023218,0.6419645074661733,-0.01831975477757102
-176,0.7164006980828272,0.2749898600304868,0.21591654622217818,0.7928295505334092,0.92306096051527,0.47483643914975954,0.16217844792407746
-168,0.28521038384018843,-0.23140799392280575,-0.47097966339408054,0.4251479840422252,-0.16494249320477625,-0.10008397672853625,-0.106897637130653
-160,-0.06408713678583383,-0.6809823648025307,-0.7601110902412057,-0.019412566200796465,-0.6696691458442346,-0.21707354442486587,-0.07347205736302354
-152,0.3102796085669112,-0.21803772901776092,-0.16680663280651675,-0.12470318610409675,-0.019541150937762816,0.5483727633635462,0.7187148199120642
-144,0.6930028206295056,0.26997605644932937,0.22427297612795447,-0.19823952593717248,0.17432741397530857,1.1700890409700626,0.9760919855398306
-136,0.7648678196523342,0.19978228710640236,-0.26374087055956946,-0.0795786614159503,-0.2969736176041457,1.1700890750811537,0.06858674116411981
-128,1.3748851426436013,0.5089691552066828,-0.05315956648049006,0.8396254914352693,-0.08304976727174733,1.305462742143201,-0.20717452849719806
-120,2.2305806980117033,1.4950244415610117,1.1100515560337632,1.9944801468806101,0.5888049167005192,1.8118606488789215,0.8323618338147283
-112,2.330857489378889,2.0348480772555044,1.644861214360061,2.1499091893075466,0.6071889115785758,2.0675665232472897,1.581095421647064
-104,1.821117032978742,1.5769172326641807,0.9679926853347309,1.6552102748888078,0.42167687962268446,1.4207811275560955,0.8189916089453331
-96,0.9303245467994365,1.1941940480699904,0.10226952657448815,1.1855805737067417,-0.012855998646947784,0.503248241547913,-0.5497869453060614
-88,0.006106586237822076,0.9301317902946497,-0.20858865558576326,0.48865664759314204,-0.19168298297921624,-0.37751650156330707,-1.0762401855756998
-80,-0.7593397366312838,0.288360106084665,-0.11499699532460922,-0.6311010576515311,0.15594328678212235,-1.3318175455491443,-0.8522886404693402
-72,-1.2440110630976366,-0.24310700832223084,0.35296156109622245,-1.2578313239367613,0.46011630713635854,-1.5022881541943185,-0.4127419715448591
-64,-1.0451288028612415,-0.11107587799830357,0.9980756996391107,-1.0589489154068823,0.7208360261987271,-0.63823624629876,0.18390510718755104
-56,-1.0467999582148686,0.2131525042559178,1.2888785550876607,-1.1709246798811184,0.9213896958266178,-0.47110823399634993,0.588354982822388
-48,-1.895810347468186,-0.3868370783602445,0.8894425593351079,-1.846121892871627,0.49688447857891876,-1.849914435984307,0.5933687625257811
-40,-3.0038691659607304,-1.6285983933009844,0.18917604064891716,-2.272298373730786,-0.1966968479603391,-3.4476584651342566,0.150479525983665
-32,-2.4640456938199473,-1.543363090235122,-0.1935470997803847,-1.4784402581582587,0.0707079867683039,-2.7607622312811704,-0.3107938530118628
-24,-1.3459590990458847,-1.2726156535982203,-0.8887997066275848,-0.5642499412039677,-0.037925212422214964,-1.4788902481954,-0.7520118528723273
-16,-0.56212873928822,-1.3093838110372797,-1.9383637179327973,-0.3052014220191771,-1.0172954364312923,-0.5747275796957984,-1.5007454331643166
-8,-0.3632463731279077,-1.1121727783263997,-2.683754838685453,-0.393779333456453,-2.272427010891114,-0.115125435766133,-1.7347246646066303
0,-0.7325992330328748,-0.869837105488258,-2.536682112700029,-1.0004541184528766,-2.660163977163549,-0.3240355444559356,-1.4138388350688829
8,-0.9481944254322447,-0.4035499473279335,-1.1862876012617511,-0.9987828505326469,-1.6406829722633063,-0.37751645147386126,-0.24060008672097963
16,-0.8061356166717739,0.0811214084021465,0.38304458832691096,-0.45060283627854775,-0.24182139688531315,-0.35244726570559565,0.8039501134627273
24,-2.159872660718935,-0.8631519451184997,-0.07488623059132894,-1.3263536917876049,-0.9053197150447506,-2.0705234195771207,-0.6701191495603384
32,-3.3648657015247734,-1.979567194773545,-1.8146889686819254,-1.8778762070529424,-2.188862946302224,-3.522866008615084,-3.1218872981161514
40,-0.6005681359223796,0.5440660763231552,-0.7083014306768541,1.351037280028125,-0.2535203967426417,-0.6382362184712908,-2.5636796790336547
48,3.639469905866031,5.412505576554493,2.396937334980812,5.194982036050543,3.5737114833103396,3.466428151946305,0.12541034434463713
56,3.5893315278663462,6.923342843516709,3.0905186821662567,4.310874740402386,4.504614649483792,2.943317415739952,1.0279016684433506
64,-0.9298103858507041,2.8704882010651804,1.1551760764131402,-0.4756720321006084,2.387102547974305,-1.4036825826327701,0.056887792473429385
72,-5.649505830417361,-1.840850957759947,-0.01472007613059458,-4.994813995907105,0.45008864485770045,-5.334533800306256,-0.3107938925089165
80,-7.977599268680761,-3.575639838050703,0.18081964664955266,-7.361346855939152,-0.19502557393601933,-7.553994067565671,0.45465251689464337
88,-8.245004199099993,-3.7962488692195153,0.17914839991410605,-8.016488781535479,-0.22009473492885973,-8.237547734519254,1.0897390428892542
96,-8.801540503045327,-5.350539595820874,-1.1862876396816124,-8.685000828231672,-1.4050325256831893,-8.812468176788762,-0.2957523415509036
104,-8.950284508620564,-6.736030925683283,-1.682657847334601,-8.218713611005299,-1.7894269539607792,-8.22083486447437,-1.1882160539990008
112,-5.263440130449369,-3.973404648467776,1.7117124390654612,-3.9536063717790397,1.2539744812363383,-4.164637684566594,1.5693964968341385
120,-3.0456511589376554,-2.201847573933886,2.5406674439772847,-1.9079593125596093,1.33920969884494,-2.6187034146212884,1.8267736337367753
128,-6.313004139420663,-6.139383841923977,-3.417446809851041,-5.509568226265621,-5.237278131400411,-6.0515131516946585,-3.9575274003819816
136,-6.640575227711739,-7.576684871924987,-6.475889785413779,-5.304000841565878,-8.045029072441416,-5.7038868598508765,-6.756921980098453
144,-0.7259142065940358,-2.048089700145949,-1.4637201142474054,0.8212414091250985,-2.511419992773095,0.1472654499603819,-2.316330217874581
152,3.5325080078091746,3.316720018869368,3.5852176387750294,4.832314171166305,3.0773413090503143,3.8708780387121284,1.8919535698757557
160,4.570373051393297,4.7991456442941525,4.935612077502822,6.052348659340159,4.86561116027241,4.801781182623603,3.0551646879017076
168,5.875643062021193,4.972958778905523,5.099397561684651,8.201615161924478,4.818815284540689,6.237410895871663,3.686908591521406
176,6.79818969757138,4.762377434611262,4.42921417920511,9.399923124765776,3.795991765702899,6.666929969482943,3.4061335335391565
184,6.462262379552777,4.28439132363101,3.5200376803740747,8.920265798288654,3.0990679171471505,5.873071725904057,2.597233806326778
192,6.524099755973535,4.627003786759146,3.5618196442668033,8.639490747308155,3.3046353654012415,5.789507767598146,3.1069743559040655
200,6.594293522803014,4.349571243791638,3.177425242021363,8.338660123836563,3.0322166678458595,5.700929895119329,3.2089224234499576
208,5.4862346723537625,2.808650797894147,1.6164493977788759,7.41444222790649,1.9508982753938715,4.417386674992843,1.5109016445842574
216,4.70908946111674,1.705605767722534,0.3980860769872981,6.6840926981474995,0.8796076827421024,3.9561133198750817,0.13543801452270574
224,5.294037430656797,2.519519376612516,0.34460513711500446,7.202189464705538,0.3665246273062091,4.853590848292047,0.10201240333696562
232,5.681774619010392,3.764623126496694,0.5485012696933373,7.60998194368489,0.3297564879998883,5.30316515633555,0.15883591064736186
240,4.966466484734646,3.8381594363479157,0.5501726078106037,6.752615180001201,0.4517599077510327,4.444127105342172,-0.10689765310900631
248,4.503521923096618,3.7896923233959483,0.8042072257487942,6.0974732601499,0.9514726837397841,4.175051045960526,0.10201241913578696
256,5.509632597383081,4.575194063640446,1.303920044466176,6.77935563386923,1.7286180044913648,5.456922968364458,0.9493515063577831
264,6.793175903146357,4.957917192041099,1.8370584501324705,7.823905806943596,2.2166319167080917,6.914279432257806,1.6880573827196759
272,7.102362787404524,4.364612799237952,1.4376224981857408,7.820563264819513,1.7119052543739013,7.223466320465678,1.2969778028693988
280,6.373684566678604,3.809747698581307,0.2142453021797123,6.844535548464364,0.2762755413053762,6.317632379378013,0.41454175072510663
288,5.349189732165056,3.85988609130262,-0.7450696022989464,5.582718930510152,-0.7916726065286888,4.975594276660731,-0.2339149378412739
296,4.5987848372745,3.492204461616149,-0.5629000731496155,4.625075360378587,-0.530952886748192,4.024635743919461,-0.1821052457816192
304,4.112442331038159,3.178003763723031,0.5585290296374371,4.461289910666914,0.3648533161187526,3.9711548018927827,0.5983825889075102
312,3.637798733995455,3.056000317580674,1.5011310931554092,4.464632552072227,1.1302997337807872,3.713777660681375,1.2719085765268872
320,3.0093973554442943,2.7133878472712554,1.910594796249168,3.921466381075872,1.5046664579487488,2.923262068382064,1.6429328634174913
328,1.8862968974844296,1.9696680696627629,1.3975117129858052,2.597812435354095,1.1553689500695032,1.5594973099919465,1.1666178882218707
336,0.921968257467265,1.3696784593986624,1.0682695063247076,1.5415632103581027,0.4734865413414206,0.45979494941218035,0.6535348710263073
344,0.4740651008276834,1.1440556637866837,1.589708939243015,1.0184524667909345,0.5152686057721054,0.13890909384228345,1.0095175629735433
352,-0.19611834592433605,0.8281836863037502,1.9206224743266478,0.022369498768484885,0.5603931155590905,-0.04660298371475163,1.666330747333967
360,-1.3409453182653,0.0911490961743571,1.3891553197045696,-1.224405668047537,-0.2200947812481325,-0.4126133740265903,1.6078359159098046
368,-1.8440006760547187,-0.368453037701513,1.0933386759350867,-1.4049039088099835,-0.8535099917465171,-0.5613573458498005,1.3755279434111187
376,-1.785505936730505,-0.8397540577909147,0.7473836705033376,-1.1893088115626065,-1.2278767954471823,-0.6816894834976814,1.027901686217025
384,-2.2350802618295527,-2.1533803399773075,-0.3707028000345382,-1.6204991046204638,-2.07187330517728,-1.508973244546573,-0.10689763964410111
392,-2.881865692349967,-3.1243942426975093,-1.2080142691427636,-2.0650596343968304,-2.2256310696301904,-1.9435060861916642,-1.051171054744245
400,-2.8467688606404606,-2.3455776218894577,-1.082668192367017,-2.0299627497253647,-1.4685411675107265,-1.7312535014455792,-1.1180222200245302
408,-3.0690490611663996,-1.1990793593662885,-0.9790489197371182,-2.120212002331953,-0.8902781676773782,-1.9903020805940792,-1.209942658325662
416,-3.6372843814860127,-0.2932454184581551,-0.7885228989229802,-2.2873398456946927,-0.6395861480568044,-2.210910919124988,-1.0762401512850768
424,-3.4083189934809743,0.3401698421296753,-0.13003847913763047,-2.2672846554273574,-0.09976255760439241,-1.6710874568584668,-0.10856897129821369
432,-3.002197999476115,0.012598894950800264,0.09725562263490752,-2.148623709757642,-0.04628162976074732,-1.2883642377941218,0.631808221996162
440,-3.289658070252767,-1.1105014989161173,0.07887158915745769,-2.21380367516035,-0.2735757593607551,-1.5507552745071016,0.7421127210636179
448,-3.3280976038698897,-1.1288855936140014,0.7975221007468531,-1.9163157616753168,0.21276684777260493,-1.6109213630795687,1.382213088700184
456,-2.4222636541646874,-0.01079903331009522,2.152930424563359,-1.0940458336508407,1.2155350267928546,-1.1379490278530042,2.339856687197815
464,-1.6618311009451792,1.373021018757823,3.2258923901616137,-0.3737239185945094,2.265098975800441,-0.8387898143115027,3.0969466304301223
472,-1.7838345810190972,1.4783117632563743,2.833141445623326,-0.641128760683968,2.0127356817964834,-1.1262500378699405,3.0986179421561753
480,-2.1582013556355677,0.717879155638651,1.5629684593428383,-1.0706477843853364,0.7626180615452179,-1.137949036470544,2.2713341992400213
488,-1.9894020353772779,0.30841553495010904,0.6471068256355968,-0.870094221758555,-0.15992868262186818,-0.6081532075780202,1.4724622080939798
496,-1.7554228305057096,0.10451931709404672,0.0872280047006692,-0.8450250645358879,-0.6028179355014022,-0.42932615484403586,1.1632753793112214
504,-1.668516318226601,0.10619059506807187,0.13903771704744688,-1.0439073425459575,-0.4991985774142411,-0.6867033777425308,1.0111888592598406
512,-1.1972152548699715,1.117315109380701,1.115065365719011,-0.3770666003945362,0.6556560911369398,-0.521246665855654,1.7331819494183245
520,-0.6924885052831997,2.069944938228735,2.27994774969034,0.42180541373160974,2.131396605204221,-0.03824670246152321,2.8713237893965338
528,-1.1253501253273335,1.0939172425197712,2.064352556931906,-0.4405751878238588,2.214960635143425,-0.4142846329702178,2.6941681169698497
536,-2.3303431609267435,-0.5489513132931789,1.0081033840002116,-1.874533744461565,1.3408810048259665,-1.238225899650555,1.696413765408519
544,-2.6328450000747368,-0.7511762073945399,0.9629788029389984,-2.0115787114005492,1.0500782768451804,-1.29337798392502,1.6329051715160434
552,-1.9810456828498204,0.29504526142752546,1.6799581098034493,-1.5018381609256013,1.3575938368100502,-0.7903226703004883,2.2429224320301535
560,-1.2490248709875638,1.4047754142671627,2.124518636527771,-1.0840181069201733,1.3893481628404827,-0.1903330993539097,2.7209085746080484
568,-0.3699314641982895,2.141809984288964,2.2933179682761144,-0.380409113254892,1.3375384632404816,0.7271997534408402,3.1621266150427614
576,0.2501135174809943,2.078301345154408,1.7417954228493886,0.0975770544574923,0.7392201370544957,1.1032378218301597,3.0367805806365826
584,0.16989205713427824,1.4465573600271542,0.8894424909333917,-0.24336414380245888,-0.1432158965979932,1.1600613343469854,2.249607577498751
592,0.5676567422379712,1.8777476626002088,1.2788508010681199,-0.02108387002743866,0.49688446080524457,1.9121375149314441,2.3482130573194175
600,2.285732947455666,3.7295262353620764,2.814757439793815,1.4579991877797136,2.3520055721005546,3.5148952553830717,3.723676784507815
608,3.514124082050962,4.533412135474596,3.344553279458262,2.2368157962000508,2.8333342884001746,4.0981721381507485,4.144839373635574
616,2.9174769004466796,3.0075331353293286,2.1211760672943476,1.6000580008489553,1.5548049072226635,2.9516738539041993,2.65238614356192
624,2.182113585777863,1.401432856164727,1.1167366566193444,1.2691445461956858,0.9147045395860973,1.9455631210902873,1.5042165176074636
632,3.1213730028636277,2.4058722833566795,1.995830053354824,2.308680875832776,1.5113516691260807,2.657528551124497,2.657399966173476
640,4.351435413099031,4.269349787035563,3.5685048123564402,3.234570125140341,2.213289281227337,3.8424661637830213,4.469067840628926
648,4.197677560316346,4.8392562847912455,4.123369897034733,2.761597879320743,2.3185800443972235,3.862521620116871,4.98215084400052
656,3.748103195720243,4.740650863677567,4.0815878643812225,2.153251845434488,1.8656630146975761,3.3811929183593494,4.794967453281176
664,4.185978637478272,4.707225188578413,4.028106926124718,2.554359062249402,1.6450540688064943,3.730490505053169,4.7966387267669
672,5.332476932317212,4.713910352000215,3.8927331831206096,3.953220688075905,2.077915631220836,5.005677366009509,5.11919583212429
680,6.278421595768588,4.245951891808567,3.4097332060820422,5.4440027170152545,2.1781925076862203,5.8797569024317005,4.855133512948983
688,5.818819472126048,3.213100606204459,1.9707608758450343,5.2668469745710675,0.8328118384284938,5.181161735507214,3.4328740130802684
696,4.468425012393005,2.0181352303702593,0.5317885172419575,3.7944490274032927,-0.6880532584953243,3.526594300302947,1.4741334594972613
704,4.359791791120042,2.337349758415281,1.0281587893469557,3.685815750475389,0.3247426366632026,3.377850268516027,1.4407079215606031
712,5.294037511805288,4.043726933434726,2.955144910437019,4.870753710887517,2.5976838181218254,4.485909214655871,3.0869189602520555
720,5.37425885078833,4.810844651691829,3.6905083164876546,5.241777793470635,3.2862512940425255,4.323794931428813,3.693593709880662
728,4.765912970581521,4.117263350287058,2.602504811780502,4.844013039965225,2.2166319043203804,3.610158327190107,2.893050474153559
736,5.3291342991703745,3.9685194023416153,2.4805013300907963,5.266847063978034,2.004379346683637,4.614597761922406,3.13872868355029
744,6.041099786654848,4.454861895651646,3.1774252430985546,5.482442122266952,2.417185531578703,5.752739590949155,4.119770132930496
752,4.653937102337752,3.796377431701409,2.5456812978274197,4.197227626320825,1.5046665170147977,4.437441923967159,3.411147359023227
760,3.16148391589039,3.3300902471498692,2.1997262372793274,3.276352225297904,1.2790436874712579,3.232448888906346,2.6557286619877702
768,3.7464318924321964,4.38466810835551,3.49663971746349,3.6975147740309504,2.955337793967645,3.9594559002394902,3.7069639465991724
776,4.668978705180531,5.536180263148678,4.5211345564653405,4.078566572931875,4.2756492697372295,4.474210181764643,4.627839453186947
784,4.978165488003082,6.000796135435566,4.313895900613792,4.2390096550246295,4.2104692664532575,4.482566667863955,4.271856731078325
792,4.901286606584521,5.6765677887286925,3.550120698089562,4.381068404539521,2.796566139937718,4.55276043541156,3.2975003321942533
800,4.224418045782016,4.306117935677552,2.4704736708641835,3.739296696631306,0.9347598882007097,3.840794868394385,2.34821309340536
808,3.286829823726466,3.0961110449712854,1.9022383616755587,3.0707847233637264,0.18101249948019654,2.6408157273988886,1.6696732998709098
816,3.0729059900905495,2.8955574187901534,1.8688127440266642,3.2496116297790802,0.8261266735704326,2.219653079743677,1.3604864272823263
824,3.1815392490652448,2.693332472085897,1.1217504567893926,3.242926563484123,0.9197183762011533,2.1711858703829914,0.9727494277964591
832,2.666784763771202,1.8359656726753297,-0.18519074222602921,2.5242760605122676,-0.03291134708202789,1.8920820697285814,0.3008947115084214
840,2.041725988385022,0.9668999773564991,-0.7333706124954139,1.9493555997509568,-0.6445999751566625,1.4207810774666498,-0.014977206010803198
848,1.8194457797801409,0.6844535370920954,-0.4041284736974359,2.024563265672651,-0.19001170590285035,1.4809472157694992,0.5449016348521842
856,2.4829440218179832,1.7189761234708023,0.5685567048424046,2.631237994116474,0.5704207952523587,2.0274559179384797,1.4590919347509304
864,3.5976879222247744,3.7111421860858047,1.551269527169099,3.600580574518228,1.0968741344441633,2.6508433805214118,1.9939016429871408
872,4.309653340050807,4.6854986189014385,1.668259106535012,4.218954160809517,1.0784899817574243,3.194009507891476,2.0172996351614496
880,4.526919787085033,4.291076397107251,1.3289891833765732,3.963248365614787,0.9698568269113247,3.787313887409251,1.7348531437304093
888,4.897944050995536,3.8983255504139356,1.4760618777643535,3.9231376945972443,1.2372616551768132,4.517663435480515,1.6362476789904374
896,5.319106695598702,3.8665712224086506,2.030926939642077,4.342628915805414,1.4211024660703433,4.42240044715589,1.7933480090861307
904,5.385957858724599,3.9401075204107556,2.5506951554477277,4.67019986567727,1.5096803322655394,4.163352022045901,2.222867074438939
912,4.91799944592942,3.7629518215928606,2.3200583856991326,4.147089210260344,1.315811811517355,4.066417778547823,1.992230365372181
920,3.400476894002195,2.972436315468939,1.5011311468354969,2.973850438752806,0.5503654872119929,3.127158330941609,1.1448912824589543
928,2.0684665246582674,2.0030937102917603,1.150162264393976,2.136538952589036,0.18936893818304482,2.1210474868178157,1.0228878400867683
936,1.8445149545969501,1.5869449933264073,1.3172902264274082,2.144895456462023,0.6673551023047871,2.012414389781039,1.534299627063834
944,2.4812727070398837,2.09167156984427,1.5529407835992755,2.487507773091996,1.2121924606114765,2.4736877280227874,1.917022804117677
