-240,0.5754252690996615,0.9901426760077927,0.8375027108567072,-0.1623344615968491,0.8013271476870749,-0.8993783992685476,0.23423014846796397
-232,0.7056832212402605,0.19167834395930639,0.11516313342898196,-0.20124270150518317,0.12127913353618729,-0.8012620428433782,-0.021210777756756446
-224,1.1252153596402226,0.005595482913794639,0.18621288818668866,0.19122293408380012,0.18894558382442486,1.08663243875886,-0.09733569719889881
-216,1.5024559284030938,0.6721102626501512,0.752919617012898,1.1300951091478284,0.9332767634199999,2.928852128210926,-0.09395227279325366
-208,1.260548273300643,0.5012523564903196,0.4450372019275938,1.0235204689246626,0.752268929314043,2.2031291759875216,-0.33585989554928136
-200,0.19649299622057323,-0.7319690837449697,-0.7036011437370002,-0.48544185755400465,-0.6602685843956071,-0.0958391871114611,-0.8974916236038277
-192,-0.5698297083112241,-1.528741703681494,-1.3836492547454349,-1.5664137113161432,-1.421516398642401,-1.055011441039994,-0.9905330913794865
-184,-0.6730210700510921,-1.6759163179132552,-1.544357097758361,-1.447997410500363,-1.2861834842550937,-0.8317120004074883,-0.7909169057855912
-176,-0.8438789262375174,-1.8095575141917923,-1.7355148178327815,-1.2162397720241194,-1.4621162866967372,-1.0888445658738573,-1.2104490094767497
-168,-0.9216954178660826,-1.7672660188787879,-1.6678483699069242,-0.9557238742848948,-1.5196327359868143,-1.6606263448999705,-1.780539076754344
-160,-0.8117374197473332,-1.2597674930688367,-1.0233252624829097,-0.5700249459461693,-0.9140179091767453,-1.657242884695195,-1.4438983918662134
-152,-0.7305376042051006,-0.9823349975678536,-0.615634772681944,-0.20462605085985763,-0.16799505272317514,-2.0006502588431556,-1.2138323733691427
-144,-0.20443088209735294,-0.34288676443735155,-0.08952795880484968,0.4297471504246093,0.41901160686453337,-1.8281007635968054,-0.9347081604862755
-136,1.1725817752222745,0.9698426816437746,0.7715278794573126,1.2857279930033103,1.0703013722922852,0.16298509973466507,-0.002602552565244551
-128,1.9016881327705706,1.6532740769505954,1.4109760475315258,1.3601611152878392,1.356192242270284,1.930771651637599,0.8939782169561904
-120,0.8833077099894159,1.0933339955882775,1.307784639816123,0.6107549501852065,1.0009433003893828,1.3928231217428397,1.0919025634148107
-112,-0.03526455920895548,0.8649596973806339,1.4701842410982657,0.14216460249828783,1.1616511884692353,0.2577180579220826,1.5604929567138208
-104,0.5026837769707079,1.462116293637099,2.1265489429682773,0.30963920618758634,1.863690776802865,0.38290107071287843,2.561956656527118
-96,1.0896904291078364,1.600832512130433,1.8491165125235833,0.38238063725812355,1.6082498215027083,0.8261165146700216,2.5822566950494537
-88,0.47392556622736215,0.3388529367479327,0.365529080325175,-0.0811347100205762,0.3225868736895231,0.964832777139953,1.0377694004220541
-80,-0.5698297012240865,-1.5219750591251466,-1.2956827961006263,-0.8085492573273118,-1.1001006680947867,0.5842089289851753,-0.7198672277143485
-72,-1.7793679300339205,-2.8330129375628856,-2.2633133083861487,-1.6120885985066482,-2.116789381853243,-0.7471289051099081,-1.462506676480649
-64,-3.27141358024715,-3.4301695852465306,-2.4663126935962207,-2.3378114553262757,-2.3688469478200003,-2.9429058315997705,-1.6807310094892636
-56,-3.5776044004308463,-2.421939143474173,-1.551123717600588,-2.136503784227103,-1.2320502136832219,-4.203193899488694,-1.5386314069324543
-48,-1.4376522405579761,0.14938667619261897,0.4619537775193324,0.09141486972626346,0.9637266944527741,-2.562281968362112,-0.7452420231381235
-40,1.937212948454982,2.788379062812838,1.390676114589367,3.0146063220797292,1.7300494816678436,1.7717555083795733,-0.03812751326339539
-32,1.8560131549010481,2.5024882498953844,1.1792183783443515,2.085884040616466,1.0229348102427223,2.768144243038619,0.4186211500253956
-24,1.8052633338123845,2.747779222732973,1.7712999643796377,1.6206770177518217,0.9704933204735308,3.439733975208725,2.0544581312623307
-16,1.6174888847706808,2.5600047353480373,1.5192424047731319,1.0861119329789564,0.5137446679063069,2.7698358828254324,2.484140237041979
-8,0.7293664584701663,1.0730341213421566,0.2707960083801128,-0.02023487902940099,-0.5063274230102102,1.2185820430433318,1.1003609304412447
0,0.21171801870664309,0.3676111493084937,-0.062461382941837076,-0.1978593717764286,-0.7431600279127568,0.9563744900709685,0.4473794857931181
8,0.9272908839776302,0.6805684681261901,0.4264289053195412,0.8357459024908839,0.0333127277723284,2.1642208819261866,0.885519908625793
16,2.2907702461877535,1.0155175606568132,0.38413737929560665,2.1958420056619063,0.5188196946641405,3.2925593533446627,0.7671035265805122
24,3.59504151532311,1.1119422660284375,-0.44308526889468225,3.59146293651096,-0.13247016743943782,3.554767015531633,-0.35785154732709534
32,3.809882509516898,1.2946417515513822,-0.7205177505848328,3.8418289286558003,-0.5080190255441206,2.7140110633274848,-0.8416667904767714
40,2.0573209924570954,1.945931548235229,0.5076285985632194,2.0486674030603202,0.7387356665509616,0.758450081645324,0.8026284571128985
48,1.7612801614596625,3.5157936915307944,2.2060570563932296,1.3364778169995173,2.156348220465835,0.42011771808198417,3.363804289774086
56,3.7625159936245915,4.611990418949114,2.444581348330174,2.473274619827015,2.1884898038242033,2.5549948048580426,3.847619612881212
64,1.5633557926492998,2.038972905342508,1.3044013551542948,-0.06083476181381405,1.129509537692198,0.952991158888443,2.287907457499858
72,-6.348546382067745,-3.2982199676963884,0.0018217904985963341,-6.560199229287834,0.18556228716897955,-5.439798621114826,0.9464197114501396
80,-11.565631158041855,-6.461627425370814,-0.8152508924926634,-10.574512536038155,0.1043624819848716,-9.246037684534771,-0.000910914232203301
88,-11.66882256121422,-6.7204516709661615,-1.138358258284055,-11.22918565063886,0.16018734200670676,-9.205437736148903,-0.7790752324724733
96,-11.300040287516076,-6.395652575254105,-1.305832763662034,-11.699467554884155,-0.3202445826809468,-9.931160585881397,-1.5572396995426345
104,-9.929794398505125,-4.9255985432002145,-0.5564265474956654,-10.31061342105577,0.1703373382801074,-9.624969853832619,-1.286573829517244
112,-6.47203761514619,-1.6877579000021912,1.1470767978935255,-6.610949156320117,1.3815671345516065,-6.194279766636314,-0.11256056758409194
120,-3.4777963317119944,0.41159431966227816,1.607208800905753,-4.071764824062753,1.4120170723080752,-3.8005783555795043,-0.3087934298094843
128,-1.0434950834828622,1.3149417942533121,0.8425776572936474,-1.9876374905932468,0.3682618084910556,-3.044405575359403,-1.2205989232486
136,2.3804283971368823,3.761084605672347,1.485409149463248,1.5766939115457188,1.1548844305186863,-0.894303461009074,-0.32909323845415145
144,5.762060293218375,6.8669755791661675,3.726860975137237,4.858517639143269,3.8412432966869154,2.3722953476836497,2.2033243821916395
152,8.04580364182703,8.825919940550488,5.362697872964012,6.773478723866741,5.631021422954312,5.26334527610167,3.8357779799102607
160,9.333158252142212,10.00839143249208,5.7331718057114465,7.923808788366992,6.038711954914663,7.509872077833198,4.306059899601881
168,9.43465789195716,10.260449029351488,5.484497563476634,8.20631623575656,5.742671168802435,8.878426484973303,4.4380095876599555
176,9.429582921896428,9.539801217643562,4.660658306982124,8.164024708460575,4.80549051558798,9.912031836653968,4.021860748822984
184,10.439504999821168,9.788475341032527,4.097334879536119,9.087671990424225,4.059467739091861,10.894887279111051,3.827319712285477
192,11.554310007856051,11.13842151316816,4.9008742803200995,10.246460349262321,4.318291965243013,10.48550520076873,4.346659849986685
200,12.082108632519867,12.15849350123032,5.888804663217315,10.967108206037175,4.825790500865922,9.1660091012269,4.872766668770261
208,12.049966984650373,12.018085574441175,6.105337424584671,11.019549844817977,5.076156456484745,9.482349769944436,4.740816987799323
216,11.461268665104766,10.783172569470043,5.108948582164791,10.150035638802494,4.409641684017249,10.279122439672644,3.4314707958508155
224,11.295485850759057,9.541492899226315,3.701485994539277,9.83876989217122,3.242395126971978,10.037214725328992,1.777025651752838
232,12.400140945930694,9.759717213154175,3.462961674798945,11.088907906362754,3.5519691338696253,10.477046822657279,1.991866678111326
240,13.865120140217094,10.991246973078761,4.420442301297726,13.073227113507702,5.191189386684439,11.444677384007607,3.2623046688581727
248,14.33878530241116,11.58502023342794,5.472655933049786,14.11021597809237,6.505610586491746,11.551252067117044,3.658153489343893
256,13.723020600717637,11.63069510153769,6.379386604531174,13.744816873662913,7.3514415158437645,11.382085818734453,3.962652676646191
264,12.527015503104533,11.370179154370224,7.010376424114544,12.24600454709208,7.842023412454142,10.857670706974636,4.75265866220277
272,11.358077407127865,10.294282256676263,6.690652348254905,10.706592364449886,7.1636670220985765,9.651515868951972,4.838933373663371
280,10.53762137714431,8.79039502092139,5.805913244777728,9.897977960350143,6.011645373781727,9.062817603014203,4.443084491755792
288,9.669798963379959,7.914114324267653,5.156315242889115,8.967564093616511,5.289305873222186,9.394383306393149,4.344968143871532
296,8.68863524593706,7.186699651936541,4.241126112248503,7.577017973458453,4.257392122985107,9.025601152267736,3.879761186971784
304,7.983212025671859,6.098961183056934,3.121246100170976,6.509579480407273,2.474380613652392,8.34724474573896,3.0356219328422713
312,7.609354821891709,5.391846511813536,2.0910241191064,6.088355665149318,1.406942049911557,8.491035936473684,2.692214619934448
320,6.623116039347746,4.792998247785149,1.725625174773567,5.2695914741193155,1.677607968820025,7.975079120323761,2.617781464031445
328,4.9855873768915036,3.8253677618492383,1.7543833280929257,4.1514030315023875,2.442239064639382,5.550927827117254,2.0781414588078104
336,3.6610162807576097,2.83574564303455,1.512475700066975,3.921336956308215,2.8516211706033685,3.3754507983155815,1.3253519577978923
344,3.075701305660198,2.2859555405003715,0.9982105464190525,4.29519422678015,2.954812573957454,3.0371184124004995,1.0107028585409583
352,3.1230678906066673,2.147239274941175,1.1030936073686568,4.513418613033156,3.2017951529633826,3.918474252658982,1.477601456317848
360,3.2871590613494117,2.338397075336489,1.5446173602935294,4.268127624022357,3.3100615229254933,4.2534232025382455,2.045999803124293
368,2.7035356686148266,2.054197907112329,1.8609580998824415,3.2362140538712603,3.2102534540249197,3.4363506371207815,2.083216385618831
376,2.1486707123216613,1.7395488147608116,2.3819898590165947,2.595074247464006,3.2813033154531346,3.069259995395426,2.5399650970638143
384,2.2231037811800762,1.5162495151441717,2.381989905537293,2.96047316490206,3.0630789106645357,3.948924153707713,2.575489960540974
392,1.7951133697036852,0.6957934769831499,1.1724517177965141,2.7151822184140864,1.6843746519013267,4.057190468608217,1.389635081628362
400,-0.08432277812715067,-0.7590356387100123,-0.3652687549143752,1.0539703690647855,-0.1307784867652923,2.0813295823324456,0.219005138338954
408,-1.7844429996780218,-1.586258256734536,-0.8338591053271158,-0.5835582717666041,-0.986759270466235,0.1511434711250307,-0.041510765215357605
416,-2.0940169920379508,-1.442466976592845,-0.6985261727676606,-1.3295810460820656,-0.9461594918082291,0.1291518562366766,0.3678713827262899
424,-1.6254266707006462,-0.6812191796095912,-0.19102766131370652,-1.0335403381100738,-0.3050196626857904,1.2050486781527794,1.220468877222368
432,-0.7220792482636756,-0.13650405022541115,-0.0878362561424054,-0.038843144381359815,0.38856167092527943,2.0018215083410547,1.2729103798937842
440,0.8156411935545596,0.37776103000703426,-0.10982788157060491,1.7035683307929512,1.011093262862589,2.715702610072902,0.6402289110740843
448,2.64771097323265,1.404599837259883,0.9440773174613997,3.4882716218369554,2.0599235459868614,3.9607658419219907,0.9565696404865939
456,3.3429838256040276,2.3096388229789246,1.7662250026780937,4.087119916757993,2.3356643824385537,4.833663197580243,1.3405768389046526
464,2.899768477232383,2.2165974471543337,1.280718056139087,3.5576298420245824,1.391717144090675,4.860729800338035,0.9717946206315597
472,2.1486708780516492,2.2182890700410502,1.5175506832116537,2.7557820981092336,1.3342005585094894,4.522397422600419,1.4167016743914724
480,1.6496305464510068,2.798529012565542,2.742313841102718,2.1856920202917935,2.1174400218082763,4.243273247152178,2.6059398648606895
488,1.6631637572417457,2.7274792821585123,2.6323558233580497,2.3531665525645513,1.9550404933964456,4.612055443436971,2.470606939751817
496,1.5971889961685628,1.2760334823832729,1.0015938895951964,2.584924286081128,0.6862941531579785,4.292331502232948,1.017469493829511
504,0.40456750522774765,-0.6237027294109062,-0.8203258952632628,1.6426686340939485,-0.9732260725777213,2.269103965590974,-0.5760758928744922
512,-0.7339209919030066,-1.6826829126779175,-2.2024134270581253,0.30963919673806956,-2.4601967385559425,1.3234650983595702,-1.5487813886681374
520,-0.10123939914925902,-1.0364681144033543,-2.4003379634156903,0.6158299560450702,-2.6479711657910694,2.705552777893994,-1.168157463826896
528,1.1488985641602616,0.24073641968097764,-1.5392820660940472,1.6223687545779053,-1.6803406233397804,3.7425414015159824,-0.03305247414850102
536,1.3265231170570988,1.00875091173915,-0.4616935104411274,1.5699271190680884,-0.2897946652772837,3.470183858448748,0.5471875396108093
544,1.2706982704826526,1.3470832642174793,0.8002861130975649,1.3533944581927095,1.4069420155661974,3.087868198053475,0.7924784779213162
552,1.5109142534518665,1.7124822474387078,1.9370828975711933,1.7458600294522892,2.7416632197322026,2.8104358115853785,1.1612607414430571
560,2.1385207045998076,2.3536220325845494,2.5190144984180884,2.5189494530462406,3.0935288653211006,2.8002858534734876,1.6975175007115384
568,3.1366012934770087,2.7376292946051257,2.3549232987816286,3.0518229227464144,2.3119810705211217,4.079182123293575,1.592634465021219
576,4.114381639031767,2.918637080191448,1.801749884509123,3.034906269377883,1.0770680155765833,5.879110131168121,1.4353098695989404
584,4.84010451711281,3.284036027431823,1.2570347818379997,3.418913539394205,0.084062555948129,6.496566813921393,1.596017814012451
592,4.6726301200408304,3.3483191514440147,1.1217018932551421,3.8333706112393293,-0.1409284465126762,5.857118623313715,1.389635076721882
600,3.44617524058829,3.1097948324305706,1.5040174362583407,2.720257198287779,-0.010670547071306267,4.4462726579849745,1.0343861710035558
608,1.9473630032426985,2.576921369817535,1.6799502568721327,0.8526626358168652,0.4004032797272725,3.0608016825219937,1.1984772368930072
616,1.3282148255346304,2.052506207175707,1.657958635805248,0.1844561319749305,0.9180518047181684,2.2589540347373065,1.4674515341868102
624,1.2774648169094027,1.594065930267995,1.292559690200365,0.09141479049569869,1.0060182468263226,1.7835970897416227,1.3202769363099816
632,0.8646994548138603,0.6501185986969974,0.16591296142306178,-0.40085878333611635,0.368261795952273,1.2811734923781866,0.266371628063369
640,0.8477828519639,-0.20417060954653565,-0.9218255090920385,-0.21308437409141623,-0.37099446391941826,1.2033570716209971,-0.9313248280316981
648,1.7392885956361075,0.0986369217957385,-0.6663845814135468,0.7866877653473533,-0.20690322266874075,1.5383061338041328,-0.7435503704490846
656,2.6324859347550897,1.1254755515067036,0.3925956574602379,1.710335119636152,0.6152444053056876,1.775138773778925,-0.07196067353294683
664,3.464783565544892,2.137089270490308,1.2857930485515614,2.552782682369954,1.2885257432806894,3.0608016549003287,0.2680633330881932
672,4.418880754372359,3.0675032584321666,1.82374153047185,3.401996851135151,1.3325089512508201,4.669572021749299,1.249227218260014
680,4.236181283568854,2.806987314899131,1.4414259772922482,3.232830728140379,0.8148604426148577,4.686488564086006,1.3287352484565298
688,2.8828519955906486,1.5957574904608018,0.31816254571555436,1.6900351872391586,-0.3760693691055839,3.625816724858969,-0.15823544496163666
696,2.307686901373499,1.3707665516025125,-0.15888608795001863,0.26734761438047644,-0.8040598549060591,3.297634365564776,-0.7756919890614211
704,2.837177085139794,2.225055683886469,0.7021696747160089,-0.005009842914220073,0.168645657787684,3.5124754297213325,0.4033963196189272
712,2.684927456507261,2.4737300438767984,1.5361589647368237,0.1743062143869294,1.0838346779416366,2.7732192221854257,1.3896350372883217
720,1.664855374131652,1.6346657445434107,1.3010180250620986,0.10494812503876434,0.9434267507890488,1.5552228244255673,0.9954778656754887
728,0.41640905896813274,0.404827665474692,0.6751031431930378,-0.10312628493020509,0.54419456677438,0.7483001024537419,0.3188131249196979
736,-0.07078952644907974,-0.2735287250625929,0.26572101505903123,-0.44145868302062596,0.44100324392290735,0.7313834578078416,0.4050879334195696
744,0.0560851221306573,-0.7252024510005184,-0.6122514438617964,-0.5683332850796645,-0.3777610757659009,1.4249647959619482,0.6114707092350913
752,0.3013760115580872,-1.151501177078005,-1.4310157233901588,-0.6106247974744886,-1.326783352320066,0.9140829466017725,0.1378053887616177
760,0.2303262735187559,-0.9671100277810118,-0.9844170165777651,-0.70704954191623,-0.9647676788382302,-0.2920718345420673,0.33234653360512634
768,0.5026838651056247,0.07495365585383924,0.63281164388216,-0.6156998373162682,0.19232886030878657,0.5368423796561159,1.511434700361001
776,1.3569729728571807,1.4045997729304807,1.8406581594897031,-0.14541791726120484,0.9298934380525615,2.703861143013662,2.0781413583158335
784,2.106379188660106,2.08126447388927,2.2365069672549183,0.22336443076102427,1.359575516755709,3.788216251817028,1.805783810705562
792,2.133445722000293,2.1776892108804313,2.1113240089805654,0.05419821254419835,1.462766880494513,3.08617663168214,0.8787531846571599
800,1.4889226249344023,1.4367413486565492,1.294251349613098,-0.45160855953957285,1.1227428742368166,1.8377302458289644,-0.20898530221287392
808,0.634633481201994,0.45726921448508534,0.19974622163942568,-1.0183152427536912,0.5932527597064041,0.36260121245824795,-1.0125246753751895
816,-0.6222712169794498,-0.7421190445826826,-0.5445849172505383,-2.0688372834202946,-0.07157042676383761,-1.0922278837907153,-1.1089493456745683
824,-2.2039749638070867,-1.7926410012939626,-0.7864925403700089,-3.254692167057664,-0.4505025373656463,-2.1528998133333266,-0.4762678626805933
832,-2.6336570305166167,-2.3373560469045422,-1.2838411631296769,-3.290217043255329,-0.8125181263469959,-2.0886166090002427,-0.3815347293136714
840,-1.3919773440996766,-2.004098622691005,-1.941897591467646,-1.9656458944222053,-1.4012164527980184,-0.6997624206554154,-1.0717328018867054
848,0.4874588653347403,-0.8064021498775621,-1.7439731029028291,-0.2790591358914834,-1.3014083908028604,0.6112754752275871,-0.7943002438735333
856,2.001496038303535,0.3253196045672468,-0.7814176266429349,0.9355540120970685,-0.6805685949328354,1.306548413553225,0.19870515088035276
864,2.8016522007646647,0.7972931811275001,-0.19102764932008867,1.052278642051662,-0.384527721412578,2.3706037384260448,0.5048959545273946
872,2.148670749938008,0.42851094813496726,-0.4498518069622438,-0.4516086380432517,-0.7651516604280945,2.66495281369836,-0.11763554818466934
880,-0.062331298076133676,-0.8740686068894943,-1.2144831110344145,-2.5695691392328905,-1.3284749839294134,1.0409575699222253,-0.6538924030386486
888,-2.019583798518603,-1.982107095755846,-1.6543151173202448,-3.6539243298109216,-1.6634240628309258,-0.8587786460515474,-1.0497412086232072
896,-2.217508404838938,-2.262922916987712,-1.4563905840519442,-3.2310089467278567,-1.4181330336596796,-0.9907282481553621,-1.0869577309679366
904,-1.6203517051829508,-2.09714008010854,-1.1383582859057195,-2.522202592993096,-0.6619602610718798,-0.08399754723509432,-0.8264417652648787
912,-1.5019354190866114,-2.032856926475748,-0.7154428243189772,-2.090828869778377,-0.14431180440825953,0.347376260480113,-0.4796511994964853
920,-1.5509935716764667,-1.9516570791322563,-0.4464685995320441,-1.7355798544819994,-0.26103645526082303,0.01242715813652974,-0.6065257439498156
928,-1.315852575849804,-1.7926409278784865,-0.3398938637233804,-1.4818305896689485,-0.42512758620656477,-0.5001463395513691,-0.7452420185950865
936,-1.2887859885383381,-1.7774159259269429,-0.5276683674632495,-1.6679134147336074,-0.5452355905933965,-0.7741954862428426,-0.4373596251346376
944,-1.8216594511513735,-2.048081933697213,-0.7103677568555327,-2.376719749569334,-0.7296267220816846,-0.8723118915510892,-0.009369235828266783
