-240,-1.000147862580437,-1.0238267609732052,-0.36129769398899236,-0.9081898978625579,-0.7995068258770912,-0.4521166950258181,-0.03722680006546519
-232,-0.7211567113560754,-0.9022552000492321,-0.36597354459602865,-0.7710322046921284,-0.8602925842384791,-0.43964786159137015,-0.24919769442225717
-224,-0.6510192936378094,-0.5578024428701646,-0.4267593376151734,-0.5263305091159862,-0.7278107826951358,-0.27131801560302177,-0.6466431877895381
-216,-0.5497096773935681,-0.3021904544368734,-0.4314351523924511,-0.538799375366474,-0.4363507652202863,-0.021940448826103163,-0.7479528063777819
-208,-0.39229008977204016,-0.36453487141284857,-0.3394771898125096,-0.5559440766531223,-0.42076466679444247,-0.22144244930665843,-0.42532062001185084
-200,0.14698890317150923,-0.17594305780702563,0.04238219089748134,0.09711335960682194,-0.3334825447758106,-0.004795740842303728,-0.04034402621338466
-192,0.575606529934971,0.07655170832920802,0.1717468130055337,0.5085863071842344,-0.16203544216750485,0.4472011150140236,-0.22737719744521204
-184,0.4618280174704906,0.0017384662902241428,-0.2537536527398031,0.15945779935311116,-0.3069861730819851,0.4144702960472228,-0.7214564238010861
-176,0.5818409984714016,0.2511159413161727,-0.25219504920928354,0.15166470702727897,-0.19164903984182147,0.4690216101493522,-0.5063682955946508
-168,1.0992994323218295,1.0366553251173545,0.38527636396776765,0.842128817716496,0.45673257778998383,1.1049343938444232,0.3913909017060885
-160,1.1164441337759063,1.0943238641954027,0.668943311887099,1.0307206041988566,0.7388409796068665,1.0441486019972799,0.7296091943670162
-152,0.5366413152632571,0.5737481961604741,0.25591171373168076,0.43065583313732375,0.4146501421606428,0.4705802245627425,0.25890905345011683
-144,0.29193959474022657,0.3025501154962036,0.02679611088880315,0.2857051030599875,0.3195749453962005,0.40200143900531693,-0.14009503407167176
-136,-0.007313443903224414,-0.14788808040610643,-0.35038746525706543,0.11114084947928339,0.020321862886409445,0.07936921027990482,-0.5250716146432646
-128,-0.9113070950066621,-1.0924055398334793,-1.0798167768888365,-0.5247718814757226,-0.8712028956802219,-0.9212582463087865,-0.7682147433557899
-120,-0.9549481539231179,-1.2295632350130543,-1.1421611875025175,-0.4889238616427472,-0.9382231080117367,-0.932168495634453,-0.4892236058605884
-112,-0.11797477073754942,-0.3910312051003411,-0.5124828602890052,0.1906299504967425,-0.22749710538285303,-0.21209080853437484,0.11707552758753044
-104,0.34181512822054966,0.3773633843237918,0.019003053555585334,0.4758555131643214,0.2712580415652864,0.1869133071154488,0.4599697158938351
-96,0.12205115057907953,0.22461965936417205,-0.01684498184826626,0.18439552030150197,0.07175600960812079,0.02014202999986252,0.14357190715050833
-88,-0.08212675442057839,-0.15568113690218016,-0.3612976919798471,-0.12109197281436246,-0.43635076773171805,-0.1653325239722854,-0.330245423582266
-80,-0.14914696273380243,-0.10424701696907321,-0.13218212814787494,-0.26448408847830895,-0.3490686430342256,-0.059347052265573456,-0.10424698426894513
-72,-0.093037009773681,0.11395840753793939,0.6143919349991772,-0.32215261583634247,0.0764318009453699,-0.004795744525736893,0.5067280094970785
-64,-0.04004429635578135,0.3119017962839653,1.0289821278113893,-0.3065665408505278,0.49102200715188454,-0.0686987223378933,0.7046714459603062
-56,-0.1787605267549344,0.18409577469271435,0.8871486578700143,-0.3470903891899406,0.6827309963421361,-0.19806333975793988,0.5067279768484669
-48,-0.3782625958812886,0.018883159875148513,0.5504889404441431,-0.3720281545069573,0.5892144126516535,-0.44899948227220093,0.37112894765034554
-40,-0.27851155872296546,-0.14165365205258262,0.2948769756183095,-0.35800066898764465,0.4052984809620482,-0.42406175178036987,0.12798586514816268
-32,0.025417292688618184,0.05473117820126497,0.25902892765729935,-0.0587475740881243,0.37568489735174926,0.15885829405219976,0.268260681162956
-24,-0.11018172160834203,0.015765955827827444,0.02212029946010079,0.07685146766715546,0.05149405153408685,0.28354703893204025,0.29163984144259447
-16,-0.6931017789934975,-0.3692106463420772,-0.3971457406105723,-0.35644205189539424,-0.4176474543756829,-0.477054440083953,-0.15568115727697457
-8,-0.9128657380503726,-0.46584449117309384,-0.3893526975088007,-0.46866195597392063,-0.3101033650744343,-0.9430787633772848,-0.44402394173932486
0,-0.41099341384351684,-0.12918475817634584,-0.049575744391569386,-0.004196240061969979,0.1403348365204543,-0.49419916799177654,-0.5375405019897785
8,0.20154021425992105,0.3056673326029692,-0.16647150326285162,0.47741413779086667,0.09669375650797227,-0.034409306035437286,-0.746394210716415
16,0.8140738870668436,0.8168913571867539,-0.11192018514243086,1.164761023001879,-0.04669835296110952,0.44875968941193617,-0.5874159984683415
24,1.3751733198942249,1.2735639646997094,0.24344281885087124,1.8505493023383688,-0.056050009304269614,1.1111688349225346,-0.043461239971574854
32,1.4796001951024251,0.940021502889223,-0.21322978263464892,1.9440658562265278,-0.6748180726258116,1.4883523638534872,-0.3988242399465865
40,1.5622065135615075,0.6111548466474314,-0.8834319861481801,1.9861483651896745,-1.234358942607867,1.7876054455261345,-0.9396618041069014
48,2.078106296164214,1.217454016762452,-0.40649738958686604,2.6049163871563086,-0.4846676516386075,2.3876701973333585,-0.2710182720999731
56,1.657281705637944,1.0584758411812798,0.23253263448757036,2.1342162725257277,0.029673546520460087,1.8187776388618173,0.3524256193931488
64,-0.493599701830562,-0.760421688250663,-0.5296275634173699,-0.18811216823557014,-0.77768630914345,-0.5877157863400158,-0.4518169858456691
72,-2.5104406941794792,-2.3112383537902432,-1.4616761743417046,-2.1504017959188677,-1.5055570659664763,-2.847699875924848,-1.4072446997890005
80,-3.1105054195329553,-2.2785075540777515,-0.7244537916475571,-2.3935449472342785,-0.6109150398970165,-3.377627105035962,-0.9162826632490012
88,-3.3100074571827,-1.9418478368193095,0.7624598746489838,-2.669418866283284,0.6453243903912338,-3.1765664826077216,0.31657762752077906
96,-4.103339808407845,-2.2223976185302234,1.3032974006355376,-4.01138186244199,0.8495022295913823,-3.6955835352246873,0.8075396558567685
104,-5.018243662459177,-2.9939094153502532,0.7172601909385532,-5.320613995097839,-0.07007748343842547,-4.594901337897662,0.34774980947130574
112,-5.177221869182101,-3.516043667326534,-0.30830499714654175,-5.523233252198352,-1.22344869060334,-4.802196450293217,-0.4970166673795253
120,-4.519488594872279,-2.990792199582917,-0.6137924803841085,-4.591184636083725,-1.5523153289302527,-4.356434045560727,-0.7760078053770132
128,-2.9390583361789595,-1.6005123111458814,0.15460206282968242,-2.875155367614024,-0.621825325387299,-2.922513100048953,-0.22581859123583187
136,-1.0702853159610324,0.07187590845309162,1.1006781847225044,-1.0437889597092918,0.5159597374762867,-1.070884808743422,0.28696402298188345
144,0.4992346540608586,1.2844742399768363,1.5355302912401243,0.351166760582757,1.0443284599981433,0.3006918075250569,0.46152831808492434
152,1.4515451812020321,2.2289917236813817,1.6945084751927335,1.1117682881530953,1.13316919709988,0.9428390317959527,0.44438361997942344
160,2.2978703499857778,2.9646554536209493,1.9812926733697291,1.887955956676187,1.3576090102797962,1.4977040339258074,0.5846584709868309
168,3.5463166822556187,4.024510101874842,2.660846538249284,3.1145817494420744,2.1073002793158864,2.2349264787360323,1.0740619033265955
176,4.6747501703138585,5.000199825627699,3.3980689120697063,4.322504282763991,2.9006326318804625,3.018907148336274,1.6476302971691532
184,5.47587545179378,5.714043047874778,3.789279969884025,5.154801931203238,3.3978291222231594,4.017975946645234,2.1058615780304293
192,5.818769627542926,5.816911304316442,3.599129531819087,5.404179453444101,3.1063690761179887,4.413862832128848,2.1292406872442906
200,5.5834194866806754,5.449079380662871,2.7699491875495696,5.376124418615112,2.4205808337832586,4.035120636881584,1.4980037655414127
208,5.969954720341706,5.425700240976973,2.360034799301479,5.7922732799202095,2.3520019877840443,4.371780312952547,1.3779908208725473
216,6.71497014312391,5.876138419801548,2.674874025610313,6.323759146549884,2.7728266066057783,5.077830518551602,1.7489399366859946
224,6.464034000609646,5.71248447180258,2.62811571827791,6.188160082861434,2.624758694079433,4.711557292356096,1.4621557336535655
232,6.291028382538358,5.617409229999796,2.5314818943754904,6.0385335907468844,2.454870263814874,4.35931149441926,1.3920183129215817
240,6.216215079053014,5.42414162154072,2.4878408190510135,5.971513361337635,2.439284180122763,4.145781960199903,1.4964451275205655
248,5.13453999091529,4.275446277372572,1.6633362826941955,5.218704896793093,1.9265015682490505,3.219967838238311,0.7498711447393265
256,4.3832901096423855,3.6099198968403283,1.4685100586497282,4.384848678978798,1.8532469014451225,2.8801908591696184,0.5737482261817414
264,4.674750059810865,4.213101911629803,2.4597858833398614,4.504861604058497,2.6964547796208693,3.5846824389701286,1.583727312994704
272,4.185346588125339,3.927876332386773,2.37250371042288,4.0403959559552005,2.4159049520344698,3.0064382328617243,1.6632163828704098
280,2.661026337643636,2.500189813554235,0.8949416822197627,2.6111507795126454,0.9960115556649428,1.4743248786690326,0.6173892767267589
288,1.9658864170325758,1.6039892365268926,0.0143272232074314,1.7648257716279558,0.1590381319616102,1.2452092376523942,0.24644017179618125
296,1.6323439058305995,1.1909576594675009,-0.19920229795247996,1.2972428282286546,0.031232130126955342,1.2639125784667484,0.31969483056352804
304,0.731467491088237,0.44438360151074113,-0.42052490591307395,0.4259799969291627,-0.227497065534804,0.2866642617313842,-0.030992358317638833
312,-0.06965786824606604,-0.22425993535162128,-0.43766952599676495,-0.25980825746043945,-0.3973855351451252,-0.5955087916028837,-0.2834871346670282
320,0.17504384708667228,0.1404547146042569,0.25123587635151773,0.22336075439495365,0.16994839819758345,-0.2494974297212955,0.27449514718795476
328,0.32622899245808873,0.4459422092269801,0.740639357915343,0.4181869846342868,0.40997429590675477,-0.19806330376075257,0.7062300449702483
336,-0.3205940596495297,-0.038785387239480815,0.22318095369980878,-0.4764550109631355,-0.12618745096485046,-1.0397125785734078,0.08278615213769604
344,-0.8879279449401791,-0.38479676067365465,-0.060486036244145315,-1.0469061208948456,-0.46284714629012336,-1.4122203149951105,-0.3099834936362668
352,-0.7242739763474708,0.003297076015608433,0.7016740884944189,-0.7242738926717198,0.018763265718183618,-1.1425808102356123,0.31969484864583564
360,-0.5465924535896515,0.4724385916362474,1.3313524704571416,-0.4655447408763004,0.5221942071847188,-0.977368235433524,1.2844742594500917
368,-0.8224663584072114,0.33995676464373015,1.1256159366452188,-0.5590613275805008,0.3273679846471101,-0.7607214610022314,1.491769331997597
376,-0.98144452745866,0.02667620130263257,0.5707509258090676,-0.6977775912979812,-0.1464493611542542,-0.7700730895522141,0.9041734737317524
384,-0.8084388618375995,-0.1167158505709496,0.3634558167620889,-0.4359311174179526,-0.2462003807325556,-0.9321684703527077,0.4256803109765361
392,-0.9642998266742986,-0.47207892873520035,0.04082359255725402,-0.6556951208434543,-0.26022786424272304,-1.279738475278007,0.025117617412796264
400,-1.53319236723096,-0.7853594780122812,-0.15711987504772618,-1.171594927388476,-0.4534955021692641,-1.7021217175542842,-0.04190261601474438
408,-1.883879556614413,-0.9817442345974668,-0.15711983084652895,-1.2651114968475128,-0.5251915019871658,-2.172821844574595,0.13422028010738446
416,-1.7373702420934376,-1.1750118731937227,-0.3160980154688543,-1.1170436137886324,-0.7574243853923157,-2.1619115785060505,-0.3021904545527857
424,-1.2058843585534558,-0.9084896093158757,-0.38000103045019895,-0.7102464706079136,-0.8758787238518021,-1.1675185688554777,-0.5250716481290199
432,-0.7757080847279922,-0.4580514363513079,-0.11036157123132735,-0.18343638895319375,-0.7621002132290379,-0.3632759393394869,-0.1603569355547791
440,-0.9284518302813519,-0.2211427612740519,-0.07763074087936915,-0.20681551507736162,-1.0940840849033078,-0.35236568716753075,0.17474410935991647
448,-0.9424792761200441,0.09057921460968929,0.0143272074691262,-0.16785029839650253,-0.9413403108870562,-0.5331644243532555,0.325929269297636
456,-0.21304997604085993,0.8075396618326888,0.6705018928147334,0.4976760663974364,0.05928711690388565,-0.1762427823391054,0.8963804456985707
464,-0.09303703237656605,0.8979390076552369,0.9120864323956145,0.46494526835923233,0.42088456231015675,-0.049995398768702765,0.9992486550927474
472,-1.2090015267710184,-0.05437151228650022,-0.05736880239450224,-0.34241460220583997,-0.3490686365045034,-0.9181410091105674,-0.060605941760509006
480,-1.7778941284391832,-0.5936504295522422,-0.6808127191693695,-0.598026573393967,-0.804182681841848,-1.507295524986427,-0.7027531122867676
488,-1.3835658563643871,-0.1541225204796448,-0.35973912796251883,-0.23175323937432776,-0.5423362357549969,-1.192456321447907,-0.38323815642190406
496,-0.9081898884479095,0.290081283401186,-0.038665515659642595,0.15478191358603147,-0.3490686216033421,-0.49731640853857106,0.0952550081750288
504,-1.0998988481706962,-0.06995758743974373,-0.7260123966849356,-0.12109198302751795,-0.9179611666805805,-0.6718806957724591,-0.4845477835490155
512,-2.1426088058533805,-1.1937151718160257,-1.7733981180791212,-1.2027671311047434,-1.8157203656556078,-1.7691419156543524,-1.3604864502195257
520,-2.714618515464748,-1.5241404568700818,-1.718846770658664,-1.871410677677976,-1.7097349225792176,-2.233607607623989,-1.1921565821305777
528,-2.0646782745458285,-0.7121048091992078,-0.5779444754522939,-1.2573184807017745,-0.45349548408695606,-1.443392478026185,-0.2117910735701939
536,-1.3773313883302432,0.11707558529894213,0.24344284563947585,-0.34397316973917236,0.4271189883196776,-0.7872177861508562,0.3196948436229725
544,-1.9773961398026094,-0.4705202555543098,-0.27089834515272593,-0.8053216625169217,-0.22749706369308723,-1.5945776212210276,-0.20555664370981092
552,-3.1744083985171128,-1.589602082916242,-1.3634837524339158,-2.1893670892821073,-1.2935861054753164,-2.8757547953954106,-1.1563085524193049
560,-3.1073881739632974,-1.4711477466333291,-1.187360850954066,-2.2595045429975595,-1.0551188000789367,-2.6559908646339987,-0.9256343152390129
568,-2.0116855592862124,-0.4112931460966401,-0.0542516137506289,-1.1980912989148726,-0.06540167820458803,-1.3545517564953249,0.000179856783785254
576,-1.5347509638968995,-0.12762616335212304,-0.07451351473144963,-0.8941624066506674,-0.08878079311102757,-0.848003596582594,0.15136498574718035
584,-1.7763354924274808,-0.7650975313234041,-0.9005766504330684,-1.4443516269867136,-0.9428989303233092,-0.8885274323648487,-0.26634240458263037
592,-1.6173572841976982,-0.7588630815389966,-0.9364247020775117,-1.277580384863742,-1.1408423883848489,-0.7420181389398994,-0.3131007224630465
600,-1.0749611489880466,-0.5266302600824947,-0.649640538390845,-0.7102464649153355,-0.9351058763386672,-0.7311078447433205,-0.24140464713476598
608,-0.6136126691023129,-0.47363751200683807,-0.6184683226197056,-0.24110492300837869,-0.9584850217171446,-0.4474408702028135,-0.2538735590933108
616,-0.06186477374365951,-0.2569907461144129,-0.38935269834594455,0.2919395816421446,-0.6841696993340781,0.013907600306908581,0.08122752885058095
624,0.2373882764523773,0.012648706909594309,0.05173386364866169,0.5849582227389672,-0.2524348176249472,0.12924471579962196,0.36645311328390073
632,-0.04316146206191216,-0.07463341243017721,-0.057368796701923706,0.27791207636623644,-0.4488196704816798,-0.17624276827508842,0.026676192312994663
640,-0.6214057023257868,-0.7869180676462122,-0.9208386088419597,-0.28318743933839047,-0.891464801014191,-0.7357836737520445,-0.7495114452357734
648,-0.8957209895488099,-1.1890393791393459,-1.170216127901677,-0.2831874018343443,-0.8556167664474829,-0.9648993254841248,-0.758863079478335
656,-0.4795721999032289,-0.7495114307209861,-0.3348013320060361,0.4696211054045371,-0.39115109657844593,-0.3975653725522493,0.012648711481687626
664,-0.3392973780284282,-0.48766500974845134,-0.22881589713365547,0.6410681366881834,-0.4612885183150025,-0.3071659850399348,-0.030992354801634668
672,-0.8863693693702649,-1.0581161340790364,-1.0112379744211044,-0.1132989740812173,-1.070704893649346,-1.0303609342851197,-0.8539382913113669
680,-1.0500234188310729,-1.3277556366619614,-1.2138572331959048,-0.5450338114217221,-1.2904688717931019,-1.1363463976203931,-0.7074289690886683
688,-0.49983420485732066,-1.1189019426690567,-0.7727706954784711,-0.07589234870857708,-1.0909668599273896,-0.7014942365209917,-0.2227013540376129
696,-0.20058107948576262,-0.964599604635477,-0.518717298688256,0.3574011904431396,-0.8384720909448669,-0.4630269654475105,-0.3894726083828853
704,-0.40787616961328976,-1.1189019632627966,-0.9411004974330516,0.20465747017152555,-0.8431478956764176,-0.6578531992028473,-0.797828330482093
712,-0.9970306705879878,-1.521023214146713,-1.4710278177928495,-0.3003320954192686,-1.2592966982140146,-1.2922073249530464,-1.2077427180604678
720,-1.3212214557964326,-1.7189666417362155,-1.511551685051715,-0.5278891352493905,-1.3637235578513398,-1.8112243579808451,-1.1017572376474596
728,-1.2853734274245898,-1.3823069921189988,-1.0611134571705076,-0.3844970113814341,-0.9257542236789406,-1.7083561228026372,-0.8009455440728547
736,-1.1310710975950196,-1.0316197811372338,-0.9785071499291531,-0.255132431298005,-0.6950799630586196,-1.0178920728900664,-0.6248226795947643
744,-1.0687267062356476,-1.0331783690968772,-1.3136082442353385,-0.295656262224825,-0.7433968561740919,-0.6672048543740058,-0.6092365607426099
752,-0.9923548007266418,-1.1563085923188703,-1.291787709921676,-0.14447117377919375,-0.6779352659576908,-1.0506228578688255,-0.5998849112640299
760,-0.8099975425527852,-1.0612333883549907,-0.9223972183999154,-0.0057548700462358975,-0.5781842658011278,-1.2064838141666572,-0.3770036964243409
768,-0.8068803125540036,-0.8632899088625671,-0.8959008299632122,-0.16005724575129077,-0.6857282888005806,-0.9711337144918861,-0.3473901354169269
776,-0.9783273065010328,-0.9349859947388601,-1.0751409637858464,-0.18967081379071327,-1.0192708234425865,-0.8900860060930456,-0.6154709952909989
784,-1.025085610484861,-1.1298121745821308,-1.1920366890039442,-0.05563036803165824,-1.0535602317084602,-1.1176430611591863,-0.910048240253198
792,-0.6479020884184873,-0.9100482264081249,-0.9161627887069612,0.13763727089945552,-0.7402796551404891,-0.8059211154126252,-0.5640368927704847
800,-0.7912941481612221,-1.0534403534572288,-0.8803147479453888,-0.15070556178238287,-0.748072742276029,-0.9009963061496318,-0.5874159770374576
808,-2.0023339474791064,-2.3034453090141844,-1.6783229141152407,-1.2370565172700192,-1.5117914815954125,-2.3068623059045263,-1.5319334979111916
816,-2.519792337128337,-2.8396070322783324,-2.049272025073255,-1.578392055835462,-1.904561111296213,-2.7463902064382566,-1.7891040855218543
824,-1.5643645312666066,-1.6955875360383592,-1.1858022440749714,-0.5481510333839222,-1.2468278291172377,-1.5867845741009656,-0.9053723688849937
832,-0.7959700312494405,-1.047205908528256,-0.5078070416608657,0.22803662090772364,-0.6218253218712945,-1.1597255183868402,-0.31465934775930726
840,-1.0500233625750035,-1.5927192643606771,-0.5872961473663305,-0.02445814522851004,-0.7356038522506542,-1.7255008564030387,-0.38947259364915293
848,-1.2604357203727872,-1.9870475213668837,-0.6574335761348955,-0.22396025068690878,-0.6685836444397164,-1.8221346409596961,-0.666905120916684
856,-0.9533895830412105,-1.8514484921687615,-0.5670341988357366,0.0752928040297052,-0.44414382807865377,-1.48079909050681,-0.8243246768941733
864,-0.6619295533440601,-1.631684533614172,-0.6340544255661263,0.17348526042782228,-0.5922117416095712,-1.1690771966631694,-0.8664071550504235
872,-0.9658584390785431,-1.8483312608305504,-0.8584942136317263,-0.043161504962316695,-0.9678366904500342,-1.3264967831126964,-1.112667520793739
880,-1.3804486181615956,-2.3112383804114196,-1.1187820374360347,-0.3034493584015191,-1.111228799584258,-1.6148396166316785,-1.246707954330494
888,-1.8043904934358574,-2.5933467432173964,-1.1187820329154576,-0.6416676324778523,-1.0348569098135576,-2.266338428097649,-1.2404734894774965
896,-1.997658104238936,-2.5980225491209494,-0.7914739897476255,-0.9159829498380556,-0.8213273692319079,-2.3006278256480814,-0.9287515609760996
904,-2.035064782184213,-2.50762319509439,-0.934866090510411,-0.9455964731739943,-0.8789959305779841,-1.9670853305192681,-1.0814952921305843
912,-2.469916810512595,-2.992350816675168,-1.7126123330965577,-1.1373055127603078,-1.524260371453358,-2.4923368091457547,-1.7548147134205956
920,-2.5478473252446983,-3.0952190155213324,-1.7048193094165245,-1.3835658599190293,-1.5289361962763628,-2.9770644441208343,-1.5631057034691755
928,-1.830886817914768,-2.2660386747678194,-0.7338054185232521,-0.7757081199266732,-0.6685836258551223,-2.1852907091507956,-0.46116861205164916
936,-1.5129304863415927,-2.077446899168329,-0.7899153930816861,-0.5045100017583566,-0.8930234107395755,-1.6008120840648787,-0.4689616651991472
944,-2.1987187313551835,-2.8707792336505964,-1.625330194167619,-1.2619942912933324,-1.6520663269102416,-2.1587943637432883,-1.4711477489258156
