-240,0.6667024888743901,-0.05341995089607789,-0.5319032659418627,0.3588793759670432,-0.5089414775690757,1.0831889641319778,0.1716056633105876
-232,1.1846936848141545,-0.01830195425170759,-0.6109188730740501,0.7486896478111217,-0.5703980386576374,1.6257627618724915,-0.06895291512177308
-224,1.5551888896868789,-0.05868764171610805,-0.775973632721323,1.5862549448126473,-0.786373994918041,1.7434082066217682,-0.4640309117378951
-216,1.8115507105280158,0.004524835803434131,-0.768950030940359,2.2236473668791055,-0.6810199084103163,1.6731721043093415,-0.6097707526709345
-208,2.2031168110937083,0.20469766697812766,-0.32470679243241213,2.5555129167211192,-0.09806037152289425,2.2877378119581984,-0.24981081343556102
-200,2.5139114731648884,0.23103617653323236,0.11602458982440954,2.7960714647852907,0.32511203900748586,2.9549805553160255,0.16633796041873078
-192,2.4050455456844446,0.23103620897626684,0.19328428844775308,2.6064340586337855,0.3549623431342254,3.0462874710821026,0.29276291206261423
-184,2.132880722927954,0.5611457367588157,0.3829217421320768,2.235938622132885,0.4146629838307392,2.6880834486549543,0.4771326488970318
-176,2.073180025456131,0.8139956843728213,0.4373546816343341,2.0006478582567797,0.44978106290305153,2.465084002655229,0.6843290629904594
-168,2.220675835068525,1.028215730804025,0.4865199137177997,2.0831752565654007,0.4181748206537678,2.3140762673787045,0.6931085710167998
-160,2.0995186295110044,1.0861605156173146,0.646307043847288,2.08141928826329,0.45153695028619856,1.9664076952501308,0.6053134933941087
-152,1.4656379222289504,0.9474442391180249,0.6691337654325376,1.8426166692677926,0.4339779666765525,1.5046054972761915,0.6193606931835904
-144,0.5279863174377185,0.2960045842531823,0.18801657631340382,0.8522878431632541,0.03363227641106568,0.7987328540559175,0.33314861027848497
-136,-0.4324922124622164,-0.4871277176025083,-0.26149433019127544,-0.48395367636333536,-0.3702252225727278,-0.2038872569161007,0.18038515511541078
-128,-0.68358618592682,-0.29046670834968263,0.18099297547555132,-0.8368898910246317,0.009049639337947361,-0.6621776895548607,0.568439535992519
-120,-0.5518935261096557,0.09758765083586232,0.5321733932924014,-0.6033549551156504,0.4304661526768211,-0.8377678930875511,0.48591214051323217
-112,-0.7626017730650446,-0.1745772107768197,-0.09117185765516453,-0.8263545478635191,-0.027824292976877094,-0.9536574696931543,-0.2094251054113308
-104,-1.3806792405790342,-0.9910716266092907,-0.7636823416293075,-1.2214325242970563,-0.5897129752909893,-1.1889483082636885,-0.8836914807296892
-96,-1.9531033592336717,-1.2948427172676955,-0.7127611767047219,-1.7376676810127267,-0.7073583660942903,-1.882529603428014,-0.8362821462149745
-88,-2.40612615028282,-1.3457638718180551,-0.7671941409164997,-2.738531869517852,-0.8759249857651337,-2.7183390826480176,-0.5992353665039393
-80,-2.4447559580975873,-1.317669442059524,-1.0059968068789487,-3.021232152947143,-1.1726724261666455,-2.607717182904394,-0.6677155344662671
-72,-1.8582846654947214,-0.7715839114268661,-0.7197847918778688,-2.1625960428692124,-0.9005076141616268,-2.0335371732827854,-0.6729832173641608
-64,-1.7020093599278134,-0.1131205993261057,-0.03498297701240627,-1.785077065700972,-0.06645417416571649,-2.2547808424320275,-0.3077556189973027
-56,-2.0426544091195415,-0.020057808814575816,0.4619373107853164,-2.102895418205593,0.5287966873884898,-2.7762837437250827,0.004794963465925611
-48,-2.102355043968763,-0.37650594574480006,0.28810303745303445,-1.8008802194572708,0.4304661579582452,-2.3548672488711935,-0.02329946289740379
-40,-1.419309160624065,-0.24832506088255227,-0.21935268838281405,-1.1178342342565342,-0.003241667409718657,-1.5208138068004382,-0.2796611566071154
-32,-0.45180711005075325,0.20294178978058466,-0.08063643753615642,-0.7051972768540639,-0.08050134754807728,-0.6305714320271708,-0.10758277650527148
-24,0.06091626963515589,0.3030281577408022,0.052812139277855136,-0.3188987869439255,-0.004997549888686161,0.07530122062421679,-0.13567721135660413
-16,0.8668753898393331,0.49266557011684403,0.03525311945272859,0.6942566447431533,0.1705926483625794,0.9479844829588108,-0.2024014842022707
-8,1.6219132128946974,0.9351529087925721,0.310929764131086,1.7144357198967208,0.44626926493621505,1.5765974264240068,0.06449562736298135
0,1.8624718584765947,1.1897587309634094,0.7779996932902262,1.8935377736446224,0.6130799521431837,1.7767703524757148,0.16984978366095435
8,2.5051320313449734,1.4619235286331345,1.2433137480811576,2.1885293159115164,0.9554808691013403,2.6986189015942394,0.556148175110255
16,3.604326632523142,2.0835128993651995,1.4803605157203659,3.3281098252421684,1.397968211926759,4.020813115702864,0.9125963595732974
24,4.484033666587386,2.538291573459182,1.350423731403144,4.316682580245446,1.466448357443034,4.537048425579838,0.8054863017455046
32,3.8150348543917656,1.9219698792118523,0.45140185878914085,3.728455583034436,0.6587334222866706,3.4729717908664717,0.0012831775709159702
40,2.1925813981423468,1.0563101392482368,-0.15965202429713618,2.000647808271873,0.00904964028105875,2.140242075908498,-0.5219756629764163
48,1.3216539202031286,0.7999484553468846,0.24069366974079626,0.9629096893381466,0.3180884196846488,1.3694010353424995,0.02059807195287368
56,0.1574909158319438,-0.11663245142754002,0.34780367399985745,-0.060781191138526834,0.5077258084829038,-0.10204490273465447,0.33490454708067324
64,-2.7467711504327523,-2.5696276147807238,-0.3510453312239721,-2.355745194173313,-0.09454857525365848,-3.1941885190790087,-0.722148527537256
72,-5.315655858325748,-4.555552868780107,-1.329082827003058,-4.7630870148916795,-0.8987517324371485,-5.696348882072624,-2.0794608122301903
80,-6.067181976216445,-5.652991596344557,-2.1789394192462885,-6.222241572658472,-1.8328916341385566,-6.170442448473721,-2.8924434815897113
88,-6.790613587390713,-6.797839824222717,-2.8338908903743296,-7.5374123726653135,-2.4158511214183163,-6.528646497119369,-3.5614421892885817
96,-7.874005198536737,-7.493177095234046,-2.609135418542694,-7.9061517046788055,-1.99794641189357,-7.23627508374361,-3.7036702505511467
104,-7.626422963245701,-7.147264363521669,-1.9893019687685434,-6.912311101733129,-1.4026956269200141,-6.70950440222356,-3.2594270111000885
112,-6.400803341010646,-6.206100787419714,-1.6504128925944832,-5.976415310950973,-1.320168218237167,-4.94482288112775,-2.513168587801868
120,-5.46666340422549,-5.047205454440462,-0.9410284457487049,-5.609431783704063,-0.9847909419161662,-4.121304749775072,-1.5842964091749017
128,-4.211193485031343,-3.35627175402531,-0.14209299617262858,-4.629638412425036,-0.3438866443591086,-3.633164001880857,-0.8994946278842073
136,-2.474606287499714,-1.5880783385766746,0.3161974309960845,-3.0563500839509543,0.10738015499876442,-2.1827888878202018,-0.4359364563267328
144,-1.289372373100265,-0.469568751723358,0.632259793884276,-1.8430218205233164,0.4181748421567092,-0.418107275053961,-0.10758278838847603
152,-0.9610187432637117,0.025595632469700084,0.7692201720603254,-1.5480302637325059,0.5340643780198976,-0.04234427561894598,-0.03207898865423977
160,-1.025987087795193,0.41540590374791286,0.7305903427426166,-1.7165968779333034,0.44978109930715404,-0.8096734901133865,0.027621690521221556
168,-0.9259006604189536,1.2020500241302703,0.788535103600875,-1.8289746790181232,0.6218594707323725,-1.202995503337613,0.217259111008022
176,-0.1252093170465725,2.4206461004165614,1.3662268861025544,-1.5181799807314638,1.2487164975779668,-0.29870593066108697,0.8634310790139023
184,0.7562535466823974,3.693675073953717,2.2318866092787863,-0.9562912750281866,1.9071798185439748,0.6090954311170274,1.7045082075570315
192,0.8616076443188376,3.967595825967504,2.247689731723784,-0.7631420437482344,1.9142034125914242,0.6933787454793839,1.6887050430492627
200,0.8019069745744908,3.5707619493245044,1.8561235796642053,-0.8649844094356404,1.5085900316945304,0.47564692371601947,1.4885322256439963
208,1.239126560373455,3.718257728757331,1.9017770234005709,-0.6929059367202509,1.4559129831592437,1.042803214610842,1.7378703117254535
216,1.8045270585735216,4.248540131852191,2.323193519952061,-0.018639571210251175,1.9774158801139847,1.6573689503644207,2.0750035041001893
224,2.0029439846345722,4.348626577524794,2.41801221369101,0.5116428894144069,2.082770024905998,1.810132489087171,2.0311059466152366
232,2.1978491974201964,4.120359270001863,2.2283747967880334,0.6380677852260911,2.081014102250482,1.9435810443982413,1.7167994680922358
240,2.399777851657835,3.848194502700327,1.9526981798371534,0.9769568404630763,2.049407897725658,1.9453369568681542,1.4130284094996202
248,2.1679988048296015,3.512817176771664,1.775352044217833,1.422956015773212,1.7948020482045877,1.6485894676134676,1.0829188415405226
256,2.197849070477392,3.5812973581261747,1.9614776780551342,1.739018363571619,1.7298336729276724,1.50109368893513,1.302406613121014
264,2.787832193301507,4.11157980705625,2.5672638912584556,2.0708839749045,2.3215727259521928,2.168336423616331,2.094318446392209
272,3.309335144768091,4.77531072113594,3.1958768354781415,2.2201355879631217,2.950185633201909,2.6512094831426065,2.643915780838996
280,3.4550750792577882,5.13000296521297,3.3802465736329146,2.3026629468496833,3.2135709922582976,2.465083925320089,3.028458329797255
288,3.84137346259633,5.277498803873198,3.5821753029422267,3.0647244626019567,3.3663344496848397,2.586241180296651,3.318182193315945
296,4.550757987154494,5.825340224152472,4.024662655576005,4.432572163830075,3.721026659055368,3.897900039360957,3.700968838858162
304,5.035386912749597,6.1572056953389875,4.1633788681323365,5.01904344737907,3.8421839027145923,4.610796321520784,3.79051980461849
312,5.154788244882021,6.1045285819176325,4.28804796181815,4.722296020746984,3.7561446939900627,4.0401281159019256,3.980157273958464
320,5.346181627069153,6.071166531317942,4.37233125184823,4.831161971239348,3.865010606569347,3.9435535883485606,4.171550630681586
328,5.788668945750917,6.215150449218221,4.440811444708702,5.893482803072357,4.128395932616834,5.213070649613771,3.99420449864609
336,6.552486226847714,6.357378562540539,4.432031882925008,7.059401754619957,4.384757617838542,6.529997203081933,3.9836690904102867
344,6.8597691703620445,6.062387002354527,4.3249218584833615,7.162999891310554,4.052892147595136,6.558091580780711,4.139944374474254
352,6.0678572933304755,5.147562000693746,3.5505690356061788,6.058537572150743,3.0941695737368633,5.302621697613421,3.6482917978677696
360,5.170591292821213,4.302973045890437,2.8833262722543873,5.1068385972441,2.4760920722708604,4.500174432528633,3.1180093481832025
368,5.407638200229541,4.532996230799532,3.264357071721739,5.343885417886173,2.7728395230465983,5.5203535999185025,3.4744574722871095
376,6.022203869776695,4.894712125510701,3.5874430114927516,6.058537504812584,3.2012796147772713,6.703831604300128,3.8010552585008885
384,5.7026297298587405,4.125627031178007,2.997459920545806,5.853097032048279,2.7710836068042406,6.043612418585647,3.167174606485167
392,5.065237300436013,3.321423854377799,2.4759569994474107,5.270137489502188,2.260116119782903,4.679276404225837,2.707128242325643
400,4.800095997409789,3.3231797657159774,2.5268781498480797,5.170051044018209,2.467312569714567,4.39130852730562,2.7738525625155055
408,4.803607788397602,3.307376635537466,2.544437163637293,5.008508026882818,2.37424975713423,4.612552111952074,2.591238708537301
416,4.3558527845544734,2.60501585460423,2.075611353130919,4.395698191150078,1.800069754868891,4.412379271157642,2.14699549190954
424,4.1346091652015176,2.088780602068434,1.4926518290698125,4.197281275274633,1.2522283481704228,4.0998287814965835,1.9397990423551201
432,4.071396651843739,1.8640251021320764,0.9377867928629026,4.30087957455765,0.8150087057847709,4.247324518300773,1.606177698875239
440,3.7114367425993104,1.3179395522599442,0.4724727152486738,4.1410924504640745,0.3233561291782859,4.157773589321795,0.8265571525463687
448,3.200469196350573,0.7613185803825808,0.21611101041024713,4.0831476407526415,0.14600998356198386,3.5993967491121337,0.4139201598715293
456,3.3637680848362157,0.5032010221130198,0.008914562364806252,4.448375343804872,0.2373169270555372,3.604664315818696,0.32963686550313553
464,4.273325475464198,0.7420037146712114,-0.11224267148605908,5.112106287875508,-0.015532984342988245,4.377261328836494,0.29803059382877434
472,4.8685761976265285,0.9808064151515402,-0.05956559786400746,5.1103503235344645,-0.12791069771844202,5.0620631682228545,0.26466849192382047
480,4.90369427500124,1.0089007841736923,0.1564103348186094,4.853988676414458,0.22853741299328356,5.434314443253726,0.294518845469601
488,5.1828826533262315,1.1370817305268075,0.32497694260624854,5.62658559983667,0.4532928789776281,6.205155299347121,0.26642438647461475
496,5.894023042255623,1.44963226564584,0.45140190405849134,6.62393795189601,0.4287102545422032,6.949657726427129,0.28749521973360587
504,6.382163805805488,1.950064317835631,0.7832673837330116,7.041842670663248,0.8571503796590222,7.397412898898588,0.7089117408059936
512,6.715785075911296,2.4434728163431427,1.160786338832443,7.607243087567106,1.283834552318003,7.841656109490435,1.1742257488185956
520,7.174075722070491,2.5400473848275453,1.1239123776584077,7.991785653312751,0.923874636471794,8.240245928405667,1.3287451202240286
528,7.023068081293737,2.2520794977217244,0.5743150892354613,7.426385242633427,0.23731693045073848,7.820585246994988,0.9881001432746385
536,6.306660070014209,2.0624420444146456,0.330244657004065,6.457127186976656,0.10562426686112805,6.958437392518952,0.7668564137662626
544,5.514748086222423,2.2204732490592836,0.7200549258301879,5.724916107198105,0.5568911205422218,6.324556707871574,0.859919261807592
552,5.072260852043445,2.59448039562903,1.3750063748894208,5.500160612731794,1.080149949772216,5.990935325912747,1.1180368911877578
560,4.96866266970625,2.864889389098039,1.6647302589679418,5.533522827244258,1.1872599640282586,5.767935724111008,1.5359415729850272
568,4.568316944922885,2.69281088035579,1.6015177578706126,4.897886296144768,1.2381810748182458,4.965488432619101,1.4674614070975447
576,3.7816728460434694,2.3468981731643117,1.4961636149648219,3.791667988311641,1.334755725164725,3.81186079291197,1.0197063726976063
584,3.11267409232076,2.206426047194956,1.2608727584751696,3.038385965118679,1.1100002818150552,3.1867597072068765,0.8511397647213444
592,2.6385805504405626,1.9377730333453957,0.9553457979754902,2.8241659562233115,0.7307253995331723,2.7653431457693185,0.4016288646298234
600,2.1223453550573215,1.5023092904147177,0.8060941209739115,2.2148678611162342,0.4884109427715346,1.8891480085099919,-0.021543569478343308
608,1.7641413132020765,1.6603404537510733,0.9096923391493407,1.552892766327043,0.8729534987088186,1.3132122644779163,0.1979441996500577
616,1.5323622394008545,2.0220563065880928,1.160786337889332,1.2947752086233488,1.317196686665991,0.9848584984560674,0.5298097049772101
624,0.8826784856885876,1.7323324577819408,1.1151328947188324,0.688988915255553,1.0941971301336018,0.25440322136925375,0.35070767876816344
632,0.17504991151341606,1.0229479964122452,0.6445511049702546,-0.1661352861342557,0.4813873296732331,-0.5778943120040361,-0.09704733544918917
640,-0.17613050724654547,0.7262005931693251,0.2406936529534121,-0.4681505454303352,0.1266950916321159,-0.7008075324533747,-0.2427872007145044
648,-0.21827214075562557,0.9421765452800384,0.13007181809585777,-0.4400560830401466,-0.02606839540812612,-0.637595096053492,-0.23400773758026994
656,-0.26919330341674325,1.0282156885526315,0.35833905696027346,-0.7438271340878712,-0.0014857481494037796,-0.6920280380078394,0.08732239233135816
664,-0.3148467646949829,1.2213649896228327,0.5848504708755214,-0.9123937673395202,0.23380508306486097,-0.5708707534175775,0.48591212636656034
672,-0.12872112821696935,1.4373409064611768,0.5146143610182035,-0.5401424476051638,0.3374032980337116,-0.06868275933279648,0.5034711458144425
680,0.4120967798769299,1.4900179846101635,0.27581166487618775,0.02876978839122803,0.09684478901435467,0.15431682983125003,0.01708631189911846
688,0.7843479396595804,1.3390103758991987,0.25122904609943186,0.07266727721766533,0.00729373743088369,0.18416714131425893,-0.11460635565156026
696,0.9423791471335531,1.347789887886607,0.5988976557638421,0.1727537193064443,0.3971040077659847,0.6003158665039997,0.0223539853658972
704,1.1091898735739583,1.655072735014944,0.8798420129537932,0.5046192806544182,0.6762924183453883,1.3219917355342878,0.3717785046708851
712,1.4937323668886413,1.8956313639980797,0.8499916392254271,0.84175249321174,0.37778909093797375,1.6275186722675576,0.6439433232776844
720,1.8396450820022574,2.072977509803003,0.9553457828857067,1.308822405960741,0.37954500189890766,1.4975819692465444,0.8423602706530541
728,2.0099676575261403,2.334606846988549,1.2029280106318496,1.5072393548450889,0.9449454887816369,1.2780941173129565,0.952982108717187
736,1.6043543049225912,2.0835129140777386,1.2398019033359924,0.8593114323065251,1.1398505810376158,1.0656299318577789,0.8423602483956228
744,1.3392130377346025,1.419781864001375,0.9290072680491782,0.3553675100961819,0.9308982695640587,1.178007701065431,0.49293572343196684
752,1.7746767280396605,1.3038923552997972,0.5427088109593198,1.1349880566136739,0.5287966883316011,1.4817787036372247,0.015330391507069795
760,2.0679124031059923,1.3916874761169937,0.3829217425093213,1.7565774264026284,0.3637418621006586,1.3904718233321411,-0.2708816572574007
768,1.9169048032602751,1.6269783624089686,0.49881127516593077,1.6371760371176503,0.5217730544848473,1.323747594435469,-0.01627586337990787
776,2.1627310989197874,1.788521386900628,0.7709760449195558,1.8707111963554273,0.6675129269178096,2.1068799176054784,0.44201457510614317
784,2.489328934741228,1.48650618607746,0.7744878794791172,1.9497266823921022,0.5621588255089237,2.914594904444349,0.487668045061008
792,2.461234439153517,1.374128484773833,0.7253225949586541,1.753065558456922,0.7412608281401838,2.8267997245883754,0.4262114802000003
800,2.4577226832494525,1.8868518305077298,1.1151328983026565,1.983088767132427,1.229401594896628,2.5985325049634342,0.7668564522452107
808,2.613997916196778,2.166040281263682,1.3434001582927688,2.52215082481315,1.3452911328346615,2.500201955916471,0.9617616108962367
816,2.5736121772384917,2.058930260217237,0.9096923815893574,2.4325997019304517,1.006401999885291,2.4826428112233856,0.7738800638345338
824,2.4489430686515163,1.6498050917277325,0.6322597999201894,1.9567503269903275,0.7430167421190741,2.6020441729695096,0.4911798394440208
832,2.7070608179954605,1.2213649754761604,0.4636932032612653,2.018206927500948,0.3900804140957792,3.00765768514752,0.419187858425073
840,2.979225497964874,1.3653489273284518,0.151142656070406,2.3816785747303237,0.16883674023098005,3.193783297104635,0.5069829605686629
848,2.64033650780258,1.9518202137067806,0.6427952275840892,2.2254033112261857,0.43924568899650535,2.747784172911143,0.7194471081107592
856,2.2874001507314534,2.559362335230324,1.2573609782388284,1.8373488811186598,1.104732554402301,2.1700923585322958,0.9442025742837257
864,2.331297700105647,2.527756122783363,1.2046838940539286,1.819789888266521,1.357582454672111,2.298273270556154,0.7668564794068208
872,2.673698610273401,2.0185444880614263,0.6796691906443473,2.455426408048672,0.9431895810272817,3.2411925904996917,0.15404663462021337
880,3.2039809730030897,1.7621828294354613,0.13709542874206943,2.9804411020271386,0.11791557021359275,4.284198537947719,-0.27790525922698656
888,3.762357796802608,2.2661266950591163,0.19152840445980715,3.119157515654835,-0.05416280932238408,4.7143945313968345,0.19092056052187975
896,3.9906251684571195,2.907030950930648,0.862282995580756,3.087551199842856,0.47611959245211916,4.36672594927128,1.0267300033377806
904,3.871223702968733,3.0738416509639332,1.2362901504498836,2.9593704134414467,0.8132528140633108,4.080513833357273,1.4621937119392014
912,3.527066861280216,2.892983739257961,1.1326918883254602,2.5028358821438843,0.8360795056576156,3.882096827131748,1.3849339759686439
920,3.2601699541815283,2.806944569389624,1.2275106475163455,2.460694201667852,1.1855040343937178,3.9137032036801047,1.1952965841524321
928,3.655247776510652,3.0738417026464404,1.4557779088268143,3.242070568796201,1.564778918373202,4.531780676286896,1.3708868084335744
936,3.7658697362361644,2.908786856610157,1.3679827738629458,3.700360967294325,1.311928972834041,4.5598751224555665,1.3919575692616042
944,3.6253975534914984,2.6945667958436594,1.1555186153807566,3.3737633170772194,0.9853312315123687,4.180600206598916,1.072383476687847
