-240,0.7295942693170938,-0.4218651096817559,0.529459235650716,0.13985955002871192,0.06840540535556948,1.6677708614672166,0.9791437287784213
-232,0.1763804765970826,-0.9486566795916351,-0.12448891669839297,0.06719864476403917,-0.5277442175062588,0.7264819442748257,0.1286809355388956
-224,-0.961423139316422,-1.812330511681763,-1.0030252505162036,-0.8906041192429842,-0.9950859314683598,-0.526918531221512,-0.8142593783623242
-216,-1.1001393944093267,-1.7726972973854327,-1.0030252528223362,-1.338129215679326,-0.6763688014076527,-0.48233122968766506,-0.8192135156251681
-208,-0.020134212189923877,-0.8842526881549605,-0.4068756013999494,-0.598309145824158,-0.32792680217942494,0.6885001116087697,-0.16526546847116158
-200,1.0450085554026312,-0.34920422854277233,-0.18393872776529294,0.6220636975989023,-0.24535756952542112,1.8114413599050427,0.18647935805712643
-192,1.4628086950384334,-0.11966185677018797,0.1298241846727364,1.4064711330274302,0.31446163795697374,2.3052051622120344,0.6802432290158972
-184,0.8666590858360019,0.1792387331088819,0.4601009503116101,0.8846337468578266,0.6480412269932232,1.436577150106921,1.0220797345410662
-176,-0.39334697010943964,-0.3112223602203659,-0.23017753723449313,-0.3902347485497323,-0.11820098726358651,-0.3766426563385751,0.21125016730592594
-168,-0.310777799011423,-0.519296767606294,-0.44485741384300137,-0.3588584344220029,-0.2437061827506992,-0.3667343105001873,-0.3568259481504398
-160,1.1721651646284719,0.8034619096762092,0.877901221929125,1.1670204189643536,1.017951282143811,1.294558089178724,0.34996637946929465
-152,1.4760197965093915,1.564749935225689,1.5912991326588843,1.318947770738558,1.2854755121272998,1.530706026676646,0.7908859715588906
-144,0.4207853843345421,0.6185068765129795,0.6054227895789094,-0.02197610979879291,0.288039445658743,0.3466637018767796,0.1980390848162083
-136,-0.42142052558888665,-0.47470939724327477,-0.2879760397577677,-0.5372079290012955,-0.17930221739105706,-0.19664180531906778,-0.28086227998000995
-128,-0.6410546352534174,-0.7736099326621483,-0.40357283707503405,-0.4447304581875332,-0.10003576804320893,-0.35187185524993536,-0.3634315669168154
-120,-0.7170182528663359,-0.6893893639683286,-0.5026559355249117,-0.7733559202498351,-0.545909445951164,-0.9315077043837791,-0.7118736018013931
-112,-0.7715139344757622,-0.4714065848443753,-0.6215555661736609,-1.1828991327530296,-0.6879285244414439,-1.6201347955758423,-0.8406815600168682
-104,-1.1529836580225512,-0.22700176243380318,-0.6331152601147091,-1.31666122681219,-0.27012834365005467,-2.12380697405573,-0.7729748163181237
-96,-1.5922518188113364,-0.46810388207544795,-0.6727484756528022,-1.2654683295732887,-0.03728315646285975,-2.128761137573,-0.7349929634290626
-88,-1.2025251156230874,-0.46480109327005387,-0.3589855082223921,-0.46784978752935347,0.13280938916426854,-1.539216990319964,-0.19499029612830493
-80,-0.19352953243086393,0.6531859758982073,0.4039539660125863,0.262061914845264,0.6612523366243407,-0.33040379950496945,1.0138228013770372
-72,0.14170143859044756,1.2394272635653338,1.1024894179441984,-0.09793974284505669,0.7917116865815907,0.17822246355151303,1.7288721217654457
-64,-0.09279505944650465,0.8331867791985198,1.3766191952039688,-0.2795920139895034,0.6629036822434747,-0.11902666628879284,1.3523565083400995
-56,0.17472916947261524,0.4368545934830831,1.2379029354987998,0.5956415393604684,0.8016199396425113,0.018038147391799157,0.7925373141623135
-48,0.3316105994372031,-0.04534959453311593,0.15954907087015588,0.8961934056747093,0.2731770038904941,0.19803907362669163,-0.12728360121312363
-40,0.13674728323333668,-0.4499386422772763,-1.1830261467713794,0.31490623912750143,-0.8761863015291895,-0.12563215804050895,-1.0883891781512307
-32,0.06904055993499078,0.06694454365433772,-0.9914656252269342,0.25215362754715237,-0.9934345789308298,-0.06618238564567014,-1.0487558629172744
-24,0.21436234722562092,0.37079918174407417,-0.0716446536173531,0.41398931629000574,-0.39893631623450687,0.27565412928142174,-0.507101929292847
-16,0.031058719640959277,-0.1014966066831198,-0.11623204562253572,-0.00546227930447995,-0.6070106565652096,0.23436946594480418,-0.44765211716157843
-8,-0.03334528545511276,-0.4169110307817933,-0.8362354906787582,-0.3935375511919184,-1.246096292108079,-0.04141164256512234,-0.6854514804610732
0,0.21271101544328008,0.05043078269877677,-0.8147674805242501,-0.01041638782937024,-1.2642615597572302,0.13198369293176868,-0.41462439231083276
8,0.404271515700352,0.5161211068704451,-0.03036003817732514,0.7277522863813373,-0.41545014318092416,0.24592920831462622,0.3136359335779601
16,0.793998151655981,0.9091504860410105,0.8845067818004353,1.5567470744334082,0.7702436468021554,0.15675440993528456,1.17730982704668
24,2.0275821215626633,1.7348425225405903,1.5219410043141561,2.456751434903442,1.2854754890659787,1.3440996131249068,1.6859361050043244
32,3.3833684644460567,2.951912628070557,1.5747852996810447,3.1536354887070672,1.268961617948262,2.9822726415968313,1.4762103206003867
40,4.159518925377573,4.335772506032999,1.5797394271871754,3.8686847966778424,1.4109806902297246,3.585027840118105,0.8883175911661576
48,4.045573486274469,4.522378871688149,1.204875249497511,3.961162340578253,1.1550161447853609,2.3514439654724186,0.31198456542968983
56,0.255646977034626,1.1089679482000647,-0.5819223462006982,0.5081181637669876,-0.3328809069790245,-2.429313064556255,-0.860498120776299
64,-7.223471580168758,-4.228305480282604,-2.5949595511205255,-6.196501265351589,-2.022246874022834,-9.938156557982385,-1.9949990058925013
72,-12.610286598411067,-8.211443901212116,-3.7030382792400567,-10.751018534486114,-3.287207095791678,-15.011208610568238,-2.546561284645737
80,-14.458185359665048,-10.995677543510666,-4.751667150524835,-12.825157131849632,-4.449781485829815,-15.942589030781887,-3.3937213868243896
88,-15.792503651770527,-13.518992476847586,-5.298275369536745,-15.099112911265847,-5.042628399004319,-16.13745229554127,-3.9931738196015907
96,-16.16571658318214,-13.794773452666215,-4.870566842197388,-16.076732346371852,-4.7503333493057385,-15.547908402317551,-3.560511114908172
104,-14.321120437773644,-11.619900702161122,-3.868176681927708,-14.212319645525767,-4.253266813895311,-12.89083132152565,-2.696837231728347
112,-12.071935315046717,-9.334384998013249,-2.540463894523763,-11.502398401703484,-3.4127122774419982,-9.716871031208624,-1.734080257194437
120,-9.827704379607962,-6.69877611151163,-0.4514630123863729,-8.805688147061257,-1.796007262849874,-7.010252497428446,-0.19499035679731827
128,-6.984020970768599,-3.5677518108143254,1.5747852824737505,-6.175033231958364,-0.3576516997301099,-4.571158147686513,1.0204283921150386
136,-4.891717282441126,-1.794165309846074,1.8984565542321714,-4.518694964220452,-0.26352284976960144,-3.0221599747150485,0.90978561781838
144,-3.810060720365398,-1.567925680933637,1.2461598633409847,-3.585663020105914,-0.716002011269113,-2.4227074821558072,0.3433608919750529
152,-2.761431786992449,-1.0840701242369835,1.0843242168180898,-2.474281526064916,-0.5310470249381046,-1.601969652457825,0.027946515772969378
160,-2.171887682846343,-0.7901237965066805,0.9059747318181146,-2.1010686826411185,-0.48976239441951885,-1.3146287604224884,-0.432789671668039
168,-2.6012475341626704,-1.176547663347735,0.37753185354200475,-2.5882269829074973,-0.6416897387431426,-1.8149981513387443,-1.2518761841300534
176,-2.768037327350333,-0.8049862212450295,0.9307454945894823,-2.442905212469371,0.3326268197470532,-1.8381175331894184,-0.8357273943708604
184,-1.4997743318546513,1.117224876219645,2.5623130167633184,-1.09042164419979,1.8849279135056247,-1.025636530750783,0.8982259196198576
192,-0.21995167594553122,3.003105487169582,3.315344113228849,0.4503197549081546,2.459609583866246,-0.4344410392977705,2.062451672661818
200,0.09050860858416566,3.5315483425617664,2.806717835271205,1.4791320178917036,2.268049063740959,0.07253385986791618,1.8642856572369184
208,0.0178476603899575,3.358153099842343,2.40378005597945,2.1132635452644735,2.398508343627274,0.6059308732781321,1.367219028871629
216,0.39766600425781595,3.633934233719722,2.3013942655817266,2.7721657630315417,2.472820675935282,0.7413443894135756,1.1343738163169812
224,1.4512490300127334,4.39357090140983,2.299742946749204,3.5284996892806597,2.3291502069449908,1.4134577441305571,1.1607960183719246
232,2.7574938775105022,5.0144912999928435,2.828185822009603,4.2088700273643935,2.4876830974805264,2.7741982413066943,1.8230009914167749
240,2.920980857057502,4.918711106187151,3.381399521419963,4.11969521071339,2.8278682465654814,3.120988930039954,2.280434453027534
248,2.0919860564104042,4.271368480181739,3.341766282288364,3.1305161290307404,2.694106160489085,2.26061781916781,2.4141965476188805
256,1.8756548114762315,4.122743926792246,3.4358951687921975,2.8365697526942677,2.9880524282599543,1.7817163878485505,2.546307225810576
264,2.184463558090857,4.573571772652341,3.914796628849412,3.32042528331389,3.4735594057911268,1.9385979011886834,2.273828880915985
272,1.7600578731301173,4.239992218740257,2.9751590423749903,2.960423596176036,2.753555941753662,1.3176774103603845,0.9494188092307836
280,1.6791400549244204,3.74622835310333,1.682125260869225,2.329594873042006,1.8882306865228833,0.8173080590031632,0.039506151883320344
288,2.6666677280127895,4.525681644705407,2.233687514609796,3.036387265056044,2.3440126836600097,1.7206151884103758,0.8470330454422762
296,2.757493905538876,5.087152248896631,3.037911552308133,3.2015256870797266,2.530619092599486,2.097130752519974,1.4613478366121815
304,1.930150468427783,4.200359021119038,2.261761105390803,1.97619861751904,1.7082298498723532,1.4316229541264067,1.0303366286782445
312,2.656759473355316,3.9559540734677525,1.8109332126984887,2.4418889386749965,1.7230922565164366,2.0888737918597546,0.9659326432729924
320,4.866311372029204,5.077243933037961,2.218825093596737,4.887588857512772,2.332453059257714,3.7600745838544856,1.4151091030679452
328,5.259340817013232,5.455410911950655,2.033870062917033,5.657133843545076,2.0252956034472347,3.954937858725369,1.102997524540994
336,4.185941134173517,4.910454245754979,1.7349695610257725,4.448320656810163,1.9856623410769219,3.081355721065469,0.9626298982841083
344,3.5402499909134018,4.533938609445706,2.3558899583670234,3.331984987543835,2.7073172254167197,3.124291617375537,1.9171299110934303
352,3.054742989788725,4.244946304736011,2.8430482536663497,3.014919238049033,2.8542903962889645,3.282824611332227,2.513279585754533
360,3.1125413974057943,4.573571686261085,2.7324055552946556,3.3617098952060216,2.2779573299290923,3.459522644276203,2.485205971557415
368,4.9488805312417705,6.190276828400054,2.968553517805242,5.203003220942432,2.3357557536890865,5.112558150350118,2.7329136423780263
376,6.85292645152863,7.501475761716181,3.1171780135414315,7.03108532546641,2.644564612239818,6.861373842956544,2.866675778479749
384,6.86778886686506,7.1943183452873445,2.8678190822511795,7.14337946950789,2.7964919429040447,6.714400712175518,2.7940148173357215
392,6.174207564259135,6.205139269103934,2.705983445484995,6.448146823056781,2.9698872546300343,5.895314201487452,2.797317618558751
400,5.933105476016364,5.60733828643139,2.1279989868511655,6.2202557569895065,2.4497013066796374,5.763203447193398,2.247406755850374
408,6.218794934444759,5.5066037352159345,1.3749678274104884,6.240072410171615,1.800707364147836,6.185957811370274,1.8940105157607534
416,6.339346014133796,5.5478883650249395,1.3568026044648214,5.9164011148196884,1.838689129758667,6.124856576985327,1.8725425020583488
424,5.5945718228039185,4.865866650277988,1.3386373923402348,5.222819833323744,1.7478630146755403,4.983750242337367,1.7041013497695492
432,4.46997918542679,4.003844313528185,1.1041407947848132,4.408687366588868,1.3449252816838217,4.169617824563449,1.2218972117786764
440,4.073646977359612,3.7264117318522807,1.0067092021415522,3.599509248926199,1.2441909456482299,4.635308145542012,1.240062416807472
448,4.3659419498914644,3.477052717896063,0.8481762606937153,3.298957294446754,0.8544642747458301,4.990355725928922,1.0485019342898778
456,4.52777767180714,3.237602010928777,0.7094600621897442,3.677124268392394,0.8412531798384781,4.906135157057709,0.645564188348341
464,4.580621919100045,3.559621931568825,1.0859756089146544,4.397127716464328,1.747863077295896,4.790538230419649,1.020428338187027
472,4.360987794002169,3.7495311511332523,1.4856105933695918,4.743918419566567,2.193736723272791,4.3512701228492965,1.7206152572531952
480,3.8308935601728185,3.567878906952811,1.261022321252159,4.051988463998933,1.4093292594610987,3.745212071483116,1.7899733311377277
488,3.376762882400398,3.5431080897212475,0.613679742078969,2.9174875726739136,0.274828455414309,3.599890300512805,1.4250174003001637
496,3.4064878216388554,3.60751205880618,0.2652377577519024,2.983542915406354,-0.14627451010239445,3.8376896116582357,1.0996947722789239
504,3.588140112651518,3.171546693031606,0.17771437257910389,3.6193257525645115,0.002349996809666944,3.9433782011502503,0.5696004928591153
512,2.840063055349521,2.116312193046341,-0.30779263546396973,2.958772186517388,-0.16443976196341054,3.5387891074608424,-0.40967032902161066
520,2.372721379527297,2.007320887658185,-0.055130836782438006,2.1479425563071017,0.40363631961055274,3.2052094935893245,-0.6260015727140202
528,3.545204129950195,3.6289800721537935,1.6590058531189136,3.3369391170013083,2.377040385981619,4.126681812237198,0.5861143043721878
536,5.0116330974090575,5.087152239849497,2.866167652901711,4.750523922671549,3.46695393781031,5.368522607629278,1.8312579561570732
544,4.52117212559523,4.690820052360113,2.253504145972348,4.225383839409649,2.5322705116600566,5.186870456403701,1.532357417545094
552,3.8820864462358498,3.726411701872563,1.1437740289493574,3.5384079689507963,0.9238223459694412,4.633656732867654,0.9510702655442578
560,3.9398848941215325,2.8825544397663934,0.05716334167362999,3.4112514345855502,-0.5459094936703589,4.321545251730435,0.5729032630380582
568,3.454377947457052,1.3847491017682645,-1.7065148237451317,3.042992790512767,-2.122981299642788,3.3620909490987607,-0.8026997023381481
576,3.5369470875109825,1.1007109699777633,-2.641198311628768,3.4740039982693083,-2.3029821288427375,3.1953011979536594,-2.1172014514236768
584,5.178422926430466,3.1599869730135244,-1.396054707385681,5.283920974576432,-0.4600374594385374,4.810354891584525,-1.9372005988076164
592,6.152739558894284,4.6148564127502425,-0.08320435004192864,6.117869926677956,0.9634555866975913,6.336233755082382,-0.951324270806197
600,5.1520008136050945,3.9460458228903597,0.045603625203444874,4.950341462352121,0.9188682071100448,5.821001930203248,-0.13388912897597946
608,3.81768243457617,2.9370501407118508,0.412210933413806,3.5912523052958782,0.728959053181685,4.450353143777658,0.8668495918327305
616,3.3718087690858494,2.3342949040507013,1.006709153535384,3.041341368968671,0.8412531752262143,4.169617810371868,1.8626341826517836
624,4.134748221501272,2.4267724394361614,1.0859756186713674,3.5334538171415812,1.037767847515506,5.216595326812985,1.9435519966000065
632,5.031449769572406,2.854480982563653,0.8019375573065911,4.687771345683181,1.2293284343412285,6.027424872583358,0.9907033955780681
640,4.8134670569714935,2.9882430145346426,0.6417533129917617,5.084103536365672,1.2656588765072736,5.411458666078173,0.32684698892627656
648,3.891994762626704,2.874297489927256,0.5096425452157034,4.170888127288324,1.0394192234691462,4.0160390219750095,-0.04471436430164532
656,3.350340753077314,2.428423839338096,0.3345958520368343,3.232901915525779,0.9172167931939218,3.2332830737266467,-0.18177932291376925
664,3.495662533272153,1.9131920524214425,-0.06999331669056326,2.948863882898957,0.5489581968403344,3.690716449655729,-0.37333991080386086
672,4.232179801726899,1.8190630836064339,-0.7421065708247077,3.4376735814707176,-0.26352284072246757,4.650170603098395,-0.7845344868430618
680,4.904293238932452,2.174110675701401,-1.3233937599010515,4.131254872545983,-1.0347191766313801,5.385036523095691,-1.0735266964691574
688,4.4468597682745585,1.802549287526708,-1.8369742143257863,3.60941748974688,-1.5598593173691861,5.218246736471632,-1.4715102478493376
696,3.0696054535539257,0.4319004574620028,-2.545418103986281,2.207392392386666,-2.0090357959679843,4.136590088714228,-2.4392213450997198
704,2.7376772695640605,-0.005716321519115745,-2.9202822359080947,1.9828042171267795,-1.9809622779188358,3.5288806959863885,-2.8372048769664744
712,4.071995649657352,1.1370414807955858,-1.9443142212818183,3.540059412846637,-0.8167364512580438,4.356224226229738,-1.7538969596922949
720,5.051266360488951,2.349157462367317,-0.3210036338685631,4.563917543534397,0.5803344728281863,5.119163713769326,-0.1768251283524128
728,4.478236104931424,2.4878736826908456,0.6268907825261248,4.24354899334875,1.1913465775494831,4.27200362933015,0.49363677448596494
736,3.2413493863105654,1.4854835438859328,-0.1789846204821662,3.6242799705419784,0.4482237391119255,2.4835546449058765,-0.6491209747876988
744,2.531254228552455,0.20070671009056715,-2.0945902036659896,2.9373041951667256,-0.8068281627181682,1.7024499698995779,-3.0320682100228447
752,2.987036270393065,0.009146137456426583,-2.8773461944890983,2.6251926334922784,-1.1156369969658146,2.6074084048347053,-4.138495606537431
760,3.517130532782974,0.8216270662762304,-1.873304685407179,2.9554694083556803,-0.5805885252907819,3.512366959866096,-2.65224987520212
768,3.523736072963464,1.8603477141250182,-0.3490771513855281,3.498774812307768,0.28969087908829066,4.006130800667755,-0.3535232322542985
776,3.8110769323581635,2.690993879549888,0.7738639803623764,3.734922667849306,1.120337061010874,4.41237127918054,0.9262994456517719
784,3.5369471600654485,2.251725729582183,0.5608354463572903,3.5780412059536584,0.8329962605112416,3.690716395727717,0.3565719579670566
792,3.016761156945276,1.4243823016956176,-0.6149500119789832,2.963726349679871,0.08657061056175937,2.4835546147487655,-1.0041685706079548
800,3.1274039535936735,1.0825458210057168,-1.3861463251813644,2.5062929712672597,-0.2536144572763871,2.356398066191938,-2.085825156809373
808,3.1009817662624966,0.8662145171764783,-1.7147718450743643,2.2635394762041585,-0.6433411574489251,2.638784775196579,-2.447478290503988
816,2.7657508026917648,0.6482318132679097,-1.696606637562042,2.103355208650613,-0.7870115198249565,2.518233721407178,-2.201422000426677
824,2.45859335965371,0.5425432005371799,-1.4356878952501892,2.26188804419377,-0.5640746924903369,1.9022674623931395,-2.16013745080011
832,1.6362040507583284,-0.01067041283671236,-1.9244976174154576,1.6376648708195471,-1.2163714475984324,0.7000598121134242,-3.117940197422446
840,1.2580371419165703,-0.13947844573538856,-2.165599746813814,1.3024339501783524,-1.6060981098084879,0.08904762880624115,-3.29794107469638
848,2.1283165691795682,1.206399571000438,-0.9749517695425629,2.45014586793634,-0.2536145484573022,0.6868487432831046,-1.6234376276519165
856,2.7971270870171723,2.0007153199815044,-0.17072764882347058,3.2147367681502863,0.6348301819338025,1.4563937880330806,-0.32049549463112936
864,2.5279514826765954,1.2163079642032306,-0.785042584215328,2.5987704385331254,-0.48811102485209173,1.7453860047549665,-0.9860033233592037
872,2.767402114428497,0.7473148370345868,-1.495137699576088,2.1347315343090028,-1.1949034636983507,2.2242873287503864,-1.752245543292645
880,3.736764642270112,1.4623641535203098,-0.7999050763636942,2.8861112803657414,-0.12810929123680695,3.0301627363709414,-1.4797671785298394
888,3.6954800725979373,1.5961262532561042,0.034043879285727996,3.2428102056622072,0.8214365617805344,3.1094291917502126,-1.2816010648282348
896,2.356207455191146,0.0999722951142996,-0.7222899703288473,1.9778500644305896,0.14602050411723008,2.102084940517724,-1.9091270305557455
904,1.0433571785620173,-1.4407690670955315,-2.012020948128059,0.3842644059668967,-1.391418119312533,1.0253825034645991,-2.592800080810328
912,1.1127152645093936,-1.4556315462940779,-2.018626490614681,0.26206201862120854,-1.2312338498076458,1.3209802451110249,-2.4227074986398764
920,2.7640993978227777,0.3724506114483316,-0.6793540140593444,1.9117946557072942,-0.020769309825622487,2.8765840863420093,-1.4483908578385039
928,4.360987818660045,1.6720899432460898,0.048906387399622823,3.715106146826305,0.2071216687860283,4.207599722333389,-0.8852689145917532
936,4.346125352943502,1.5664012906015348,-0.26485656104954575,3.762996268209632,-0.24205484369517266,4.222462124187812,-1.0702239541411949
944,3.114192813982838,1.066031950065395,-0.22357197417007693,2.2057410604269294,-0.03398035754596358,3.14906240267604,-1.052058752128111
