-240,2.2327662007719193,1.5456771851966953,1.0685266044967918,1.5931801438828768,0.7056659784399324,1.9955729315742727,0.9799487439223304
-232,1.9703751739332038,1.8999885948611366,1.4178241870613755,1.3792562037844476,1.026551794692308,1.746552155816632,1.0852394216349546
-224,1.3286035313746571,1.4721408011987325,1.2139280451473757,1.0700693326321216,0.8477247873799352,1.1716318264727905,0.8562739977235039
-216,1.2483820877244234,1.0242376743614732,0.8128207182793068,1.0266160916630265,0.7056659437902445,0.6251231402821625,0.36826014942019153
-208,1.5007453311003396,1.1378847444576727,0.7543259249159429,1.1753600105242776,0.8610950025545985,0.37944488797726955,0.23288647266341317
-200,1.2316693555601668,1.0075249021615666,0.6975024271207462,0.9597648771909567,0.8544099032257414,0.1421231673728328,0.07244354550682684
-192,0.604939166832788,0.4142204423929609,0.3548898927183812,0.48679250336499846,0.5552507318742744,-0.18210523427085143,-0.3119509145479384
-184,0.11692536772126065,0.13177401182328902,0.4919349434988386,0.10908316023323235,0.4583164431341166,-0.34421947046051,-0.17657718321341287
-176,0.1653924794165043,0.3841373713564495,1.0300872121714022,0.11409702539388726,0.6922957205366383,-0.25229909966343306,0.593883077347301
-168,0.1286242997154688,0.4443034116347923,1.0351010441186252,-0.09648433864890037,0.6321296190378619,-0.551458204588037,1.0501425522237156
-160,-0.2340435464974353,0.16018580380858263,0.5053051784220284,-0.6413216522521064,0.3279566259724989,-0.7887800223193201,0.8044643650889617
-152,-0.4563237820321262,-0.1840979782268888,0.15099376570554204,-0.9304531697629226,0.060551782805849226,-0.5999253432130902,0.4267550296770742
-144,-0.22902964686662414,-0.30610142418971426,0.13762348625840018,-0.4775362454485961,0.16918501574839576,-0.0751433272373906,0.17439164016205902
-136,0.18043401367803527,-0.19913945952646142,0.0574020718718923,0.22105894194254713,0.32795659652924086,0.3894725847260836,0.04236051809660693
-128,0.7436554659644805,0.275504158521494,-0.1398090057220031,0.7007163926558544,0.20929569771739479,0.9259535334141193,0.1041979140863583
-120,1.0862679373510908,0.5729920278416396,-0.41557030177453325,0.7809378041698494,-0.05309526413071473,1.3421024072904957,0.03233284791853822
-112,1.1213647652904235,0.3256424955878685,-0.445653308179502,0.7876229744138707,0.005399510561315109,1.22845530882823,-0.08465677291928202
-104,1.057856177322505,0.242078559543934,0.03734667963098892,0.9046125239774625,0.4399324085794741,0.8691300618306039,0.03901800164561002
-96,0.8773578708513238,0.49611309992427394,0.6256373480266174,0.5569864001756916,0.7608182230365287,0.8340331089369561,0.32982072908779986
-88,0.3174789953386483,0.5562792513329636,0.6858034058991024,-0.3655604332188306,0.6254444712353482,0.6903030288451465,0.5002913508388155
-80,-0.6017252278891397,0.26213387656090326,0.7058587755189659,-1.2914496652913166,0.32962792728569246,0.07527191322417687,0.6473639832880345
-72,-0.885842834817689,0.2638051879278922,1.0818968907661521,-1.2830932574679839,0.33965558040821536,-0.3776450527415881,0.9348241971517404
-64,-0.5866837058357885,0.3156148857325729,1.0584989386274928,-0.6028821680063005,0.25274899362330117,-0.2539703043883768,0.8195058578785863
-56,-0.6468497744801972,-0.1974681991465784,0.19277578561227574,-0.30205176392288746,-0.2269084420093128,-0.09687000840377553,0.2880387098991949
-48,-1.0663410734257501,-0.9244751397440893,-0.6712761598054846,-0.704830308801273,-0.6647838360118138,-0.2807108166043246,-0.3236498679064621
-40,-1.0780400946473936,-1.2838003851259272,-1.3097052360031205,-0.5911832609670489,-0.9355312818048506,-0.6366935096287528,-0.8852000301902331
-32,-0.8390469831432644,-1.215277935049399,-1.460120498188068,0.027190450996685326,-1.2547458050025078,-0.624994599178392,-0.9904907028759602
-24,-0.8006075511412891,-0.9528869378334729,-1.4584491710222571,0.2996091453204892,-1.5121229776320249,-0.40605686088476683,-0.9854768436398631
-16,-0.8674587205508111,-0.855952589309138,-1.841172398883673,0.1374949001542278,-1.6675520311899485,-0.4879495692236544,-1.4484215234099889
-8,-0.840718284815522,-0.8709941824571861,-1.86122769130475,0.025519153274133087,-1.5873306160853131,-0.9174685796396507,-1.8862969538574976
0,-1.1967010288270563,-0.8910494597975694,-1.284636044669361,-0.18004829480042586,-0.6965382236217437,-1.3770706785067683,-1.7007848538589547
8,-1.6863861507956246,-0.7205789712593442,-0.25345611746964136,-0.23520057853501194,0.4783717991095432,-1.8082610277581594,-0.9871481498004219
16,-1.2117424456746186,0.24876367862131768,0.8462463276697267,0.495148924294172,1.2839289694762095,-1.4990741736613793,-0.30860832682271266
24,0.4060567715882813,1.9267290417274132,1.7086269392789903,1.9357925190403018,1.8906036921750071,-0.2556416274249501,0.3565611899575775
32,1.763136460810927,3.2737809909340188,2.3754678641940505,2.9118202845872387,2.6944895438138707,0.986119664356154,1.188858791930295
40,1.8717696558722088,3.619736034426566,2.828384785456332,2.6260312352332944,3.0387732394944194,1.2401542237668925,1.8306304181514237
48,1.4389080440865498,2.5217048125039434,2.2217100266715897,1.8756264739145938,2.348534482906713,0.8925279457470793,1.6802152168278457
56,1.0093889580875552,0.9974972127735668,1.0083605123336827,1.3157474784745011,1.232119233969796,0.6150954622046833,1.043457449842814
64,-0.025133532959625813,0.42926188096390266,0.3716027300884262,0.14250874071898995,0.4482888025788382,-0.08684229765146075,0.5404020344236031
72,-1.9103377318083972,-0.2893886221874853,-0.7347847741646165,-1.9816884893830773,-0.661441304480124,-1.9269218849185672,-0.4105564046019312
80,-3.900832500291492,-2.211360942568903,-2.596591091789892,-4.0540760123447965,-2.414614351640651,-3.803769614544038,-1.8010616622816857
88,-4.753185352136188,-4.079852360420694,-3.7430893417458173,-5.111996416033583,-3.464178336375116,-4.529105311458148,-2.626674072466535
96,-4.30862489704516,-4.170101474248996,-3.602701758715542,-4.879688481954759,-3.2352129532174443,-4.009337167106259,-2.62667408772676
104,-3.598330735649304,-3.301035641588139,-2.9910132037104566,-4.117584676613841,-2.1889915016304573,-3.434416724477684,-2.601604862640974
112,-3.0601784457919554,-2.455367868605645,-1.9681896575837907,-3.5811036828632585,-1.1611541282244036,-3.1502990994163964,-2.553137762435782
120,-2.5788498183607063,-1.741731179627806,-0.8066498755207202,-3.0312524595754464,-0.3054586398217609,-2.6622851871996707,-2.0751516220122723
128,-1.3487874461860985,-0.794115219890132,0.3933294232834593,-1.9482628117704752,0.5418804789978782,-1.4288802845705653,-1.2495391218818597
136,0.7904513038149357,1.109472991610369,1.730353640193902,-0.3354773857010201,1.581416817072976,0.2173307088788069,-0.13980901177085248
144,2.501842299650619,3.4141685089736877,3.0957896341884763,1.2071143115997534,2.5440742845014355,1.6145209971266392,1.205571599857082
152,3.5246658696550477,4.625846768317675,3.7876996513355974,2.243308104857788,3.0020051147301956,2.278019305950408,2.047896850643554
160,3.919087969906025,4.4787740821883695,3.291329439912436,2.559180124171693,2.8365483419819495,2.343199245859562,1.9476200646623296
168,3.837195292805718,3.9907601934903423,2.3854954990043034,2.3937233147989057,2.3084237763418214,2.2128393396500425,1.1002809289666764
176,3.867278323088451,3.9188951820798015,1.631748090714796,2.3435849716284416,1.7485449229115897,2.3649259006347343,0.5821840297344438
184,4.4889946059013965,4.117777424542522,0.9147688427368615,2.5758929295850312,1.3173545628882757,2.6573999496772407,0.17773422357851526
192,5.322963412060462,4.483787929036754,0.33650584128772504,3.304571182626724,1.0666624899466792,2.90976327420165,-0.3152934771386754
200,6.023229895019773,5.192410734362135,0.43176881812229817,4.464439673609928,1.344095042788452,3.431202706042764,-0.2969093959056968
208,6.584779995724047,6.193507600938204,1.5181010735805556,5.512332363314823,2.3217939893621,4.042891298749582,0.31143662343846074
216,7.04605341762774,7.094327668606741,2.7464920182309296,6.17583063964329,3.1323649304555565,4.352078149435255,1.0701978904254685
224,7.410392600521654,7.416884814717908,3.2829730620709583,6.4515920030203455,3.2543684514627844,4.408901663208805,1.3944262663960678
232,7.480586329469868,7.298224008544606,3.3982913559225,6.374713094851508,3.3563165037484506,4.253472607316962,1.2707515365346589
240,7.231565493748518,7.21800247853945,3.9782256256509303,6.205913796496128,3.703942831498645,4.0913583991343065,1.5816096585516688
248,7.09117802651642,7.3199505906092925,4.912471279370716,5.950207878681,4.186942817334283,3.887462240882888,2.5542948200359628
256,6.66834405349072,7.27315468956355,5.4138553708556945,5.400356625949929,4.531226538149322,3.6117009907905664,3.186038745738104
264,5.97142024838173,6.6798501980177685,5.077928068635913,4.745214641826146,4.3574134326221445,3.202237328450585,3.154284417732818
272,5.2527696954999605,5.533351939085241,4.2439591779172465,4.198706129602086,3.7507386537298104,2.754334229440795,2.584377860013427
280,4.776454840770354,4.430306933329987,3.3364539956596295,3.8828341268051316,3.012032725303619,2.3682684714839453,1.999429723867616
288,5.242741987620159,4.294933258548063,2.9503882436273376,4.34745009047384,2.468866672259828,2.644029703802594,1.9843882585463972
296,6.477818118313376,5.043666769361143,2.8835370156903632,5.4170694108966115,2.280012028162351,3.6233999782601813,2.306945310582763
304,7.350226451087815,5.636971348339039,2.562651207337399,6.105636831341906,2.022634851403597,4.3554207098716065,2.345384767180631
312,7.258306077238692,5.543379618778509,2.1749141798445315,6.192543405380042,1.4376867613975266,4.320323869903626,1.9609902767849468
320,6.6583164520734295,4.741165116208365,1.8172602022033915,5.995332440711814,1.0566348140235846,3.6852372907675233,1.5297999903697788
328,5.901226368447051,4.0626252774318345,2.0529107468080143,5.689488020122217,1.4226452256997386,2.8011300726772124,1.4412221410505965
336,5.292880432046707,3.877113169354349,2.870166742526844,5.373616098294223,1.98586667242069,2.2412511860335504,1.6100214431761477
344,5.179233349742326,3.8821270179980543,3.3932775193074436,5.5323876833838375,2.316780184883283,2.5119985382903827,1.6401045179828326
352,5.523517140395337,3.9757186613831945,3.6138864756113853,5.731270144337079,2.467195358738455,3.0936040870700303,1.9192082705226507
360,6.070025787627507,4.4386633521047765,3.974883074729779,5.806477670941892,2.600897785707741,3.3660227751102143,2.460703124047928
368,6.07671079862659,4.7762619337348395,4.35092106161154,6.087252772729966,2.8582749561828744,2.712552178115951,2.6361875244251443
376,5.449980763399124,4.560666830383373,4.1537100247714225,6.057169698102813,2.9685794952859803,1.5125729175521,2.086336348533796
384,4.799852773340018,4.152874392337331,3.421689284901524,5.462193983160754,2.7797248158206855,0.5632857085655306,1.6284055299746203
392,4.234959972523448,3.7684799389252523,2.7916165786459572,4.529619571867644,2.355219620834964,0.4780503760564094,1.693585451391972
400,3.745274832242611,3.317234306408919,2.4055508600066284,3.9095745541024134,1.822081234558133,0.7053445325862266,1.7938622560445299
408,3.6817661974168248,2.982978184856785,2.0512394519579757,3.8728064126417077,1.4360154595457368,0.8724725877968,1.6618311102808458
416,4.28844092621971,3.1684903455371654,1.6534747164057733,4.329065977104623,1.141870091954959,1.1014380302000533,1.4930318060009093
424,5.0990119355353505,3.9991165984411623,1.7905196942962134,5.059415440257221,1.0449358789773313,1.532628298482484,1.5765958404284148
432,5.70067280923138,5.158985199657052,2.6412013627802806,5.666090198682901,1.4360154493124095,1.9939016945335575,2.03118407180096
440,6.0767108235815455,5.755632206756169,3.2595750932358176,6.092266575413462,2.1396244539291467,2.2328947527166645,2.041211757598319
448,6.247181421993393,5.566777499104341,3.341467829581706,6.065526142730219,2.6593926352646418,2.2880469956974725,1.775478172118571
456,5.986461752840938,5.257590687018063,3.1475993357633314,5.841574540353132,2.6109255059752554,1.9855453091517328,1.4094678038891764
464,5.831032687792963,5.117203089804755,2.9152913304102768,5.6477060605382565,2.3134376108024934,2.0172995816816095,1.2573812673208449
472,6.237153773718236,5.31441418822437,2.920305138300204,5.712885942817619,2.269984323334595,2.74932033735033,1.5933086076014236
480,6.1686311880949996,5.259261946500288,2.9002498579077747,5.804806430131004,2.4889220488814434,3.0718774419895905,1.9860595241327101
488,5.286195285141853,4.660943601463436,2.6311736978086424,5.214844445161957,2.4504825947970237,2.3264863860480087,1.9175370070907227
496,4.764755786335279,4.318331195426495,2.617803457858554,4.482823744609579,2.328479116159363,1.716469118352617,1.685229040875658
504,4.893444358197706,4.421950489600242,2.8718380456353585,4.536304651268441,2.2516002487443028,1.774963883529447,1.8072325038940291
512,5.058901032921446,4.39855255451713,2.4724021121804314,4.88058837028816,1.7468735752791251,1.9253791895202175,1.768793072789714
520,4.94024025511421,4.007473061380837,1.7086269712356974,4.598142053362284,1.389219615591191,2.1777425413334996,1.5966511913769434
528,4.440527479304992,3.4910474363524573,1.2423397520344712,4.207062484822525,1.0415933287743067,2.042368811794295,1.3843986016039604
536,4.077859654097339,3.2637532672553955,1.0300871816509514,4.173636955862471,0.7959150725197083,1.5744103076172935,1.153761904206787
544,3.939143376509493,3.280466085056446,0.8161632812291082,4.437699084554258,0.8961918847126137,1.4256664332799938,0.6640767973189116
552,3.79541327433524,3.2236425942629996,0.8144920662708368,4.238816737962941,0.9563579851341975,1.7749639239241621,0.4300975412807053
560,3.4962541257843456,3.29383635696324,1.212256742936522,3.9346437998343897,1.2120639142598453,1.8785833270738697,0.6657480708046352
568,2.9046208867190373,3.307206654184056,1.8256165848922357,3.4900832307405003,1.8789047237357897,1.3922408278392793,1.0334297254460627
576,2.209368305544924,3.298850257132647,2.0880076014976243,2.681183502630462,2.20480435380265,0.7638393920173899,1.10529476971097
584,1.6595170756144253,3.016403787963582,1.8289591670519674,2.2717198880460105,1.960797496347155,0.125410297327952,0.8128207641152234
592,1.6645308298242654,2.720587181536769,1.3726996417270432,2.522411879120986,1.604814771186488,-0.2589842036601234,0.7325992906626665
600,1.7497661905199204,2.423099317782117,0.8245196669699977,2.7680901271171097,1.354122666108653,-0.2021606266912869,0.831204808005533
608,1.7246969543031456,1.9868951096536944,0.3565612055216263,2.6343876891963673,1.0399219972997267,0.16719231256685213,0.8612878855051986
616,1.968703910501275,1.6643380633623546,0.09584149040896338,2.696225070105425,0.6973095616399967,0.49810583077447096,0.6055819843865519
624,2.8143716956919493,2.3796460163107174,0.296395180323977,3.5485780919669843,0.7390915354069897,0.8273480158917215,0.5437445882172686
632,3.710177880426153,3.3556736727021597,0.5654712574792969,4.405944801252457,1.0700050663613851,0.9861196234228445,0.6607341779960427
640,4.024378678498165,3.6782307841636386,0.2930525575899991,4.579757963691297,0.8961919173874486,1.079711360523721,0.5888691802299384
648,3.643326780495539,3.38074291627975,-0.26348377328514494,4.031578037587442,0.353025791453641,0.8958705562728776,-0.07964291835101903
656,3.315755797051189,3.104981711609039,-0.3821446997449285,3.6354846415887625,0.1123614213649491,0.9209397443750597,-0.23841458387099781
664,3.0583785955170097,2.814178867111944,-0.11306855149491178,3.453315055348236,0.07726457026598078,0.6936455838955364,0.12091067730966146
672,2.12580425819111,2.0036079111173266,-0.00610661088895528,2.8817372052922536,-0.038053790012424635,-0.3425482188776975,-0.07462911082015661
680,1.3152332872953307,1.7111338861321164,0.27132596313760066,2.158072822079048,0.23603620095673922,-1.3419737719323919,-0.2049889236730045
688,1.0728976819612448,1.9367567321926056,0.7543259611814191,1.601536480072918,0.8410397115697783,-1.7330534072580772,0.19277573252602548
696,0.6116243241505014,1.7930266350452502,0.744298303211531,1.1202076662873874,0.7959150811372473,-1.9737177723198709,0.24959926173933333
704,0.30410873958973894,1.7980405095415715,0.6807895707203018,0.9697925134374661,0.6521850116378289,-2.1542159953086437,0.17272038786111843
712,0.5531295641801001,2.0788155973261433,0.9214539680978677,1.078425744046096,0.929617537190729,-1.938620875799291,0.46352319986290935
720,0.47959310029036906,2.108898557052775,0.6390075700234992,1.0951384889571296,0.7675033615033754,-1.783191802133776,0.535388208041873
728,0.14700836748354182,1.6994349575490166,0.20948857432913198,0.8929136300440521,0.22266599080897348,-2.0138284269999964,0.2278726385618047
736,-0.02179097521625495,1.2415042032623205,0.0005785431971807506,0.6489067246534953,-0.02802608123496241,-2.192655531439215,0.23790032705214417
744,-0.19393277099223186,0.7183933534121714,-0.44899586933398206,0.5335884399580884,-0.34389806159040925,-2.2611779545859347,0.03901794563160657
752,-0.4245694364326989,0.4326045205738947,-1.1910443231877732,0.41325615796642917,-0.8018288577080771,-2.227752364046381,-0.3704456736206788
760,0.014977246136219173,0.6465283493624444,-1.2411827670757254,0.5068479096094028,-0.8720226159200168,-1.672887318506077,-0.4072138888690628
768,0.46120909248600334,0.9657428906928401,-0.7815806493577412,0.9547510466799899,-0.20518178992712194,-1.1748457831486818,-0.2718402024175532
776,0.3910152863390042,1.152926277103415,-0.4874353979242077,1.0717405651845346,0.2343649330365094,-1.3787419927462696,-0.3754595377041415
784,-0.05688778681816918,0.9456875426168241,-0.05958755794253137,0.7692389179563167,0.3847801320261704,-1.7798492142290177,-0.2551273637907831
792,-0.05354519496370619,1.0008398082186711,0.537059485781127,0.7826091333105113,0.5452230539763276,-1.6946139411450094,0.3950006655858439
800,0.15536476291916249,0.8671373360073052,0.7225716116322872,0.866173163249715,0.6304583661983261,-1.7297108545416038,0.46519445647261964
808,-0.23571483991121828,0.2521061713740824,0.04068920380186451,0.49013506721245964,0.20929569340862567,-2.296274894912338,-0.3704457317890672
816,-0.9025556387947713,-0.21250972425197417,-0.41724156341114116,0.02551918684662883,-0.2168807693177952,-2.8444548014471995,-0.8099924285410182
824,-1.1983722421695395,-0.3612536567576623,-0.337020079366193,-0.2552559522841128,0.028797462340910535,-2.94473168545293,-0.6846464242962252
832,-1.514244283027291,-0.6737830637504479,-0.5609716535567463,-0.48923519683226735,0.2711331050176657,-3.2238354063951054,-0.8467605928022955
840,-1.7498948012407014,-0.8860356845824778,-1.1074803049181543,-0.49592025522781397,0.21263828400636406,-3.4979253786929347,-1.2328263579404282
848,-1.644604067873138,-1.0163955213130904,-1.5152727185478352,-0.5727992018165142,-0.2737042766281918,-3.574804255264131,-1.5219578300296321
856,-1.7030989100692226,-1.3372813666496597,-1.978217336738463,-0.9254393528963927,-0.9422163974711257,-3.2338631272012157,-1.7609509199899145
864,-1.564382678441586,-1.2353332689423824,-2.075151617399678,-0.8285050546410351,-1.2731298919805119,-2.546966888680295,-1.5971654429893671
872,-0.6752615253526489,-0.45484539726964834,-1.3615148885657213,-0.06305871902515348,-0.9321887567363148,-1.410496283408886,-0.8250339430540221
880,0.3224928166934807,0.521182327343978,-0.37713087300413506,0.8645018520622588,-0.47760049017548467,-0.6049391767761021,-0.042874755346465655
888,0.9141260589903646,1.0760474028661362,0.12258198772374908,1.7218686643991354,-0.18679773616254966,-0.6617627458455275,-0.011120423750539522
896,0.9575793608208284,1.1846805593280256,-0.0846567797967414,2.0811939311452887,-0.08150705755226478,-0.9208111582087409,-0.4406394894624111
904,0.6584201296851846,0.6582273402431703,-0.5058193692835645,1.6867717447189186,0.06389433336793729,-1.2751226159877749,-0.811663689100433
912,0.18043401583242027,0.328985141481483,-0.4072138928740088,1.0433289028213906,0.2811607653214711,-1.66453089201141,-0.7514975764706688
920,-0.22401579301648966,0.1484868847406826,-0.04788858932378241,0.6004396077518224,0.5234963988420913,-1.8333302465603236,-0.4155702769438684
928,-0.42791198879010833,-0.22755126874683315,-0.23005817448711685,0.29793787219382933,0.30622998573942445,-1.7898769197749025,-0.5359024519344191
936,-0.219001974175107,-0.3478833938274705,-0.5375737342724541,0.2695260468155726,0.12406040668018005,-1.749766192384292,-0.7347848254555459
944,-0.2591127679925808,-0.4398038068145818,-0.716400772105277,0.14752262868021626,0.17921264948145582,-1.8600706539295466,-0.7197432669571865
