-240,1.7917211325122753,1.0205641521962736,1.052575664734756,1.743642577250957,0.42313985409302374,1.6750817284594068,0.9957276567961663
-232,1.6880824542369695,0.953597689444359,0.8389206769638208,1.7532091953591589,0.4024121230624609,1.6192762407512926,0.8538225458244849
-224,1.6306827169843834,1.3426409717764505,1.097219945317765,1.4406990469832754,0.8440718993636801,1.759586990676708,1.1280661200286013
-216,1.5031274675756394,1.6918232418155372,1.6186016913961252,0.8874283733684646,1.365453753347,1.4821544410603225,1.3289655579548825
-208,0.7904128908887046,1.1927636188152717,1.4766965372624603,-0.20476287833285708,1.5854864756187232,0.586079293053357,0.9590555652778405
-200,-0.45962792784502643,0.2887163375801582,1.1928863261095932,-1.4978535814913991,1.2123874695057577,-0.6304782239092767,0.6545175581801581
-192,-1.043192740440843,-0.028577310824478667,1.011120170987253,-1.9474855304146417,0.6814390282442254,-1.2985485684847955,0.8984669046814096
-184,-0.6589330319581997,0.1978331978451773,0.6954210251042737,-1.35275954220882,-0.05359772718606228,-0.775572295563343,0.9702166585032649
-176,-0.5521054281124389,-0.07959927777923585,0.040106304194103,-1.0131438120040193,-0.8157399474625879,-0.2956459632457939,0.2208299002059255
-168,-0.7992437133725294,-0.562714612228379,-0.3903925013452586,-0.8409443561755173,-0.7679067079099695,-0.18722401239854047,-0.6385731060983437
-160,-0.5473220979911788,-0.2071544800866081,-0.28834826204757813,-0.058074361535166215,0.3322567474146421,0.023241977351466804,-0.8315003917846505
-152,-0.09290678023791349,0.5358543828801702,0.4052330296088068,0.4920073048097173,1.6683972406239769,0.2225469291987514,-0.45042926272019984
-144,0.2483033432133635,1.0205640641595286,1.2104251502389722,0.7311732797405026,2.3970562725152527,0.16674154048915701,0.1251635170162093
-136,0.42050282781652176,1.071586272273308,1.2789860415205714,1.1122443998985114,2.0414962081994563,-0.13460754052423748,0.5349345526449667
-128,0.34875298081958944,0.4880211906002014,0.290433322165942,1.2079108743792502,0.49807849237868285,-0.4471176945522858,0.44245706265421697
-120,-0.005212549973282213,-0.20556004624731453,-1.0026573604392752,0.7136344379695185,-1.4519214266754688,-0.35464023145213774,0.26866307895495567
-112,-0.38150038163051714,-0.5069092094740126,-1.3789451665761303,-0.22070723282589966,-2.349591011262171,-0.24781270142707254,0.2909852864729631
-104,-0.8773711614449086,-0.6647587970597463,-0.5849141013190139,-1.3431929451677775,-1.7500816458337185,-0.7054169344741303,0.42651265951830336
-96,-1.2440923028860233,-0.8353638267564519,0.02575636761152677,-1.8932746647800314,-0.6977514040275135,-0.9557439904696212,-0.06935813348447191
-88,-0.910854454138287,-1.11757968679716,-0.11136550983952617,-1.067354778692482,-0.04084215952852549,-0.29405147562529704,-1.0435608263357241
-80,-0.23800082414499082,-1.3695012136279319,-0.5912919187182144,0.3819909533510475,-0.1731806856198823,0.47287405079360767,-1.6207480839298005
-72,-0.0052125689851090125,-1.398201018453276,-1.5575223500543098,0.8858339636793293,-1.1553556329639059,0.25603017427692587,-1.643070244003881
-64,-0.42614471942028254,-1.418928751196617,-2.8713407933211337,0.2655968995918013,-2.4596073632346744,-0.6448281478173007,-2.04646352509236
-56,-0.5090555719484492,-1.2977513616639462,-3.3241617281045888,-0.3626124287513269,-2.8167619698085575,-0.6926613770932564,-2.4626123584233794
-48,0.3009198491719311,-0.4112428430695117,-2.166598348149569,-0.19360174588483592,-1.7452983439732819,0.2687857446749057,-1.6877145227028352
-40,1.3054169398048203,0.6857317872246634,-0.041210132136374436,0.708851147927245,-0.18753063196528813,1.353004797206159,-0.115596904599698
-32,1.7550489827595277,1.476573947807206,1.6903514840980214,1.788286857833965,1.3447259599713497,1.50925998846242,1.3672321105456584
-24,1.791721131998443,1.7221176700846066,2.302616391149799,2.1502248119994354,2.17224025232248,1.1871829996598602,1.9874692356080534
-16,1.4632664607635222,1.2692966645634571,1.8019622637438208,1.5618764517596613,1.8118969291369542,1.1425387485366183,1.960363752435099
-8,0.3264308472935546,0.15478330143092495,0.8867537582558307,-0.0038635246752113752,0.7197055815201115,0.4760629133338637,1.50275951647632
0,-1.4003474059342604,-1.1271463278565756,0.0257563612742514,-1.772097190122337,-0.1827473559677867,-1.3160874011780603,0.7693172267429812
8,-2.218295103299682,-1.3854455960392424,-0.23732626922988542,-2.228106982307714,-0.5670073229085018,-2.0335853525184615,0.3005518888236145
16,-0.8678044965778908,-0.3474651988394802,0.158094839236569,-0.9413940756524909,-0.41075220341760404,-0.29724035991782305,0.276635322314675
24,2.0213204201386623,1.9772280538034699,0.8548650268323643,1.3753269992301045,0.24775143141613656,2.789595133212422,0.5078290824891196
32,5.551410213330226,5.080007867856327,0.9521259110022389,4.097035720358107,0.8472607980435339,6.4185401317124136,0.25590759607988806
40,8.387918592401832,7.356867947059854,0.6587489308455052,6.474345534111049,1.1757154187515284,9.371442612158475,-0.5094235345233757
48,7.925531119325592,6.288593301603904,-0.22616514140636274,6.050224560358216,1.0991822495121113,8.82773872810086,-1.5872648203536326
56,3.0736506977419116,1.2501634069373395,-2.1187652274636855,1.91743651658929,-0.3613246064155533,3.8387364729132196,-2.5646564315816764
64,-3.0713203807553278,-4.582297397294895,-3.842354596912808,-3.4319090710328704,-2.8358951844439693,-2.5948281807711338,-2.7049671167641156
72,-7.098875261368895,-7.624488508788282,-4.083115113930401,-7.068826349546012,-4.211896730367847,-6.8328491823334385,-1.8519418432478558
80,-7.977411737854926,-7.752043753743806,-3.2476286306305338,-7.956929307289352,-4.317129771402193,-7.594991477287046,-0.7741005291567771
88,-7.192947330442441,-7.429966898537863,-3.163123292537204,-7.320747772582491,-4.696606486153011,-6.311467435741245,-0.6911896588157286
96,-6.282522140688382,-7.739288273437906,-4.191536998321903,-5.912857456868935,-5.418887709894081,-4.914738057732951,-1.9810914737423564
104,-5.164819864659947,-7.803065899512501,-4.918601555609787,-4.174918022721506,-5.00752226149319,-4.165351400146907,-3.548425780050952
112,-3.7569295098950732,-6.248487001059333,-3.88699899122422,-2.484811859470516,-3.4943988215043187,-3.100265591025722,-4.058646556737675
120,-1.328597640808076,-2.407481506005733,-1.1892068169082193,-0.38971790695722747,-1.4710547075953553,-0.6256948898486285,-2.6635117141363573
128,2.582563183990913,2.699509246200719,1.4448077911091097,2.816700610548759,0.4263287073842828,3.0431109929999134,-0.2016966736206006
136,6.284852482852792,6.49905936637355,2.7984871987111797,5.844541808753335,1.6301307250291868,6.040657880603212,1.7132255507585326
144,7.546054336748803,7.667783745693801,2.776164984513342,6.554067472544367,1.6365084617565835,6.995727317883683,2.483340006687281
152,7.29732183928278,7.696483678292319,2.616721053522947,6.091679998097906,1.351103786105713,6.962244078115118,2.692211708012774
160,8.214124644157057,9.090024024195417,3.630784768087478,6.909627563750763,2.4576449795279434,7.992252300466249,3.4160872732744494
168,10.494173615360607,11.680988716444109,5.612673454190861,9.081254651247928,4.634055341823665,9.915146681024742,4.444500987965589
176,12.287918328942446,13.47154468326943,7.165657858343699,10.962693668229987,6.42939464288091,11.042415590062541,5.109382388815217
184,12.922505413881188,13.846238115856748,7.270890893554604,11.737591348430364,6.95715410958656,11.002554610826136,5.1508377804812016
192,12.868294484873823,13.447628110765773,6.64587041267929,11.638736145862374,6.314594991274581,11.023282285677606,4.73787793763489
200,12.818866904314431,12.95016283373933,6.014472301782603,11.09503211125165,5.058176329621271,11.482480915396694,4.4795786727065
208,12.64507292147156,12.326736842882404,5.540923652925078,10.108073876434517,3.96439059869206,11.699324747381166,4.932399612628285
216,11.951491601040518,11.709688632428689,5.6110790391921155,8.990371544569546,3.6981191912865246,11.103004290737953,5.726430615882867
224,10.758850635685667,11.317456455698688,6.1595662879690884,7.864697014733451,4.375756118344483,9.937468869873474,6.233462479673687
232,10.004680594710994,10.909279871208273,6.680948088856314,7.195032285646618,5.262264636596363,9.192865456256005,6.286079021600575
240,9.360526866657509,10.194970820945617,6.711242560801199,6.695972669497461,5.697546639516755,8.696994575216486,6.113879472425718
248,7.9159643337077865,8.48573127897517,5.751389718208557,5.426798557854403,5.152248237693766,7.22692112070628,5.310281804304118
256,6.093519757751288,6.165821432329513,4.274938491173913,3.9790472132339088,3.811324462149652,5.492170548413995,4.090535392943575
264,4.953495256734517,4.67342580404301,2.9993866023819176,3.210527253489543,3.250081610089378,4.642334168267979,3.275776593059063
272,4.062203454777638,3.6561731310227,2.240433257148922,2.1996524078025432,2.7494274867940645,4.0858746882920025,2.9568886382457547
280,2.689390647217671,2.335976976206301,1.5580130047654808,0.9017784171708904,1.6572362174511381,3.143560777219864,2.7065615659788795
288,1.5780661002091332,1.2071136110631056,1.0956254612941005,0.4712796599318452,0.6798446093060927,2.375040718819535,2.596545209553156
296,1.2225060430870018,0.9822975942958889,1.459157722895911,0.6195625528482392,0.7882664882167053,1.949325313111463,2.6252451856562153
304,1.7391045219030232,1.8480783912800351,2.446115986658977,0.9623671248686932,2.06062947952779,2.3032910650238647,3.1960546450341933
312,2.710118398116449,3.007236136049428,3.5590349555173666,1.636815150335076,3.533891851387121,3.43853213880491,3.9518190748021187
320,3.4770439469727354,3.573262235675103,4.32755491988623,2.043397271183874,4.359811699279741,4.401573822356819,4.6167005448479435
328,3.8214430367585637,3.592395607543457,4.872853366070148,2.100797073864547,4.634055349359885,4.755539424915053,5.40913711597601
336,4.030314576397894,3.439329371831252,5.312918800850762,2.2650244483620487,4.490555806432964,5.147771594108837,6.290862364910218
344,3.9234871249893,3.1108747196081565,5.1375303367246685,1.8233645251045494,3.270809259077916,5.256193511556935,6.517272807637956
352,3.0880006235339925,2.3535158525753817,3.944889449301176,0.630723618155396,1.7481192746302603,4.305907366887908,5.624386408785399
360,1.7741822484356973,1.388879737068235,2.642232054898847,-0.399284589808405,1.2602207023785452,2.7066842006975627,4.313756923117962
368,0.5927023603774405,0.3206050198469193,1.870523221138619,-1.2156377053505862,1.4164757542147461,1.5491208546555328,3.4160872446710715
376,-0.25872854798189016,-0.6264921853781592,1.6552738260764346,-1.6764308464977715,1.7784136576820122,1.075572377418281,3.0844438933066622
384,-0.5808053165213081,-1.1957072477415533,2.1607112217724174,-1.6110588064520996,2.3492231682720286,1.0596279237554411,3.5771257826625296
392,-0.46760024451160653,-1.0984463702515095,3.3214634144258754,-1.5026369477522572,3.128904210280044,1.4008380049011226,4.422178819841457
400,0.3854251754470995,-0.06843824535740063,4.499754510510295,-0.9956049808522548,3.9691739694061394,2.3128576466499124,5.163593374344229
408,1.941598423642199,1.505273909522937,5.064186187772282,0.3915576394565011,4.4554780898344,3.5517372978236907,5.645114192226941
416,3.6667822512520525,2.599059635656371,4.89039223867112,2.1693580230380145,4.488961356664843,5.283298988221335,5.76469717481092
424,4.771729069411968,2.7202370275869296,4.144194395496296,3.1403718441000135,3.6518804422661235,6.595523100072941,5.688164057811205
432,5.0906169856877925,2.1940718583835115,3.149263963735705,3.6027593390998005,2.2280456211638597,7.086610379344747,4.980232818610471
440,5.41109944747598,2.128699791104682,2.4588715034470323,4.2612629663973225,1.4356091099829937,7.537836972778872,4.058646579820639
448,6.052064234372742,2.7585034750131885,2.5593211650321384,4.895850077884108,1.8501634300018608,8.24257942737071,3.84499162904569
456,6.359791200440033,3.367579540591868,2.9993866395491824,4.975572031561143,2.5166392217000744,8.296790282557382,4.159096218283254
464,5.983503425475722,3.1555190844598013,3.040841984798906,4.274018552552853,2.411406294222851,7.965146891456542,4.816005453704522
472,5.709259677596003,2.465126550179156,3.1843416197019585,3.7016147177412795,2.492722674716794,8.344623355799339,5.493642425123407
480,6.313552388731988,2.4172933945526176,3.756745545461999,4.213429883563813,3.1017986585960045,9.403331435044239,5.602064241346376
488,7.257460599019137,3.0455027612619547,4.150572175556953,5.399693170254415,3.508380832369617,10.476389431859886,5.299120799457995
496,7.963797630124607,3.9096890218114564,4.715003784136578,5.970502616444011,3.6327471161289204,10.988204652148735,5.602064318763903
504,8.748262039592426,5.017824722551119,5.641373353390227,6.3691125307578,4.036140467269983,11.632358353654173,6.620911344609145
512,9.505620879220764,5.816639105254945,6.143621811183759,6.83309458925411,4.4060504933461795,12.590616569034985,7.210854021534255
520,9.641148393741497,5.733728258892776,5.94910018449068,6.917599765832554,4.508094669099829,13.089676257463337,7.075326733442661
528,9.894664186730681,5.71618938817586,5.676451092426173,7.285915360467345,4.767988273836047,13.627002532224175,7.097648871079362
536,11.157460603438102,6.623425691582061,5.695584313056304,8.328679049935992,5.295747904797028,14.944009834948254,7.131132098687211
544,12.868294614188498,7.76504457111542,6.215371723094945,9.632930743724605,5.571586010640014,16.87647075054526,7.469153338188518
552,14.596667109595844,8.951307880243403,7.232624356378822,11.032849027435143,5.836262937104883,18.874304123763007,8.373200652480227
560,15.363592935236916,9.394562047564486,7.993172144014998,12.02140167194141,5.901635032473257,19.331908226467725,9.144909624119016
568,14.575939561147324,8.538347862351266,7.7571950367628,11.549447268346418,5.373875405280386,18.4294552069378,8.878638086884974
576,13.796258548599075,7.599222900657187,6.795747867036879,10.124018272548044,4.839738071504998,17.880968041401797,8.167517873642192
584,13.84568609062098,7.454128806565738,6.102166427567826,9.637714220973425,4.795093789723044,18.17434497993804,7.542497520197499
592,14.818294398618363,8.080743664073584,6.186671814989138,10.731499896751211,5.225592513049103,18.828065134953807,7.22201518001649
600,16.476511808864895,9.418478751095597,6.507154224366348,12.52524451972714,5.737407688977023,20.106805958907806,7.212448464622547
608,18.236773304772996,11.137284637472462,6.9998361289659305,14.175489922977205,5.954251490645342,21.68530123358037,7.5743863478790425
616,19.04834346477828,11.958421347931246,7.755600572949905,14.672955031637647,6.234872942709693,22.559054421051794,8.09895703048963
624,19.327370210157934,12.130620850004732,8.599059253878343,14.395522537515241,7.062387219645827,23.048547470476063,8.795727225792923
632,19.91412422613666,12.597791796390398,9.385118126816502,14.502350033113489,7.784668441331564,24.137549802430375,9.832113156268072
640,20.684238493146093,13.216434456269674,9.965494237359282,15.19912025924677,7.805396131255476,25.4306404727036,10.892415618996614
648,20.96964327927109,13.388633726090577,10.182337926840702,15.567435924447976,7.48969714551716,25.550223434734253,11.637019077488851
656,20.373322753602952,12.966107081868913,9.763000398307753,14.998220847697256,7.25371999047848,24.28742719050349,11.54294702828352
664,18.99891557060939,11.687366464304558,8.517742814293593,13.762529892239238,6.754660318150235,22.613265314775955,10.187673159437722
672,17.709013693851507,10.324120463429557,6.912141817686939,12.783543752626601,6.1184787461048336,21.73791781764158,8.10852362770195
680,17.4379589933207,9.829844052882759,6.556581830446115,12.76441066251009,6.016434693499862,21.702840205179868,7.317681583074423
688,17.573486414152526,10.252370675009601,7.502084664348268,13.016332133846882,6.201389723665731,21.752268046252663,8.371606344358778
696,18.110812624512942,11.132501453279808,8.466720758616978,13.62062487769691,6.475633333495611,21.89895625303769,9.22941492538764
704,18.959054581952717,12.143376286463536,8.847791827220394,14.460894672448774,7.000204048991519,22.4219326323226,9.280436920774498
712,19.474058538550143,12.74288554689875,9.212918531567936,14.741515844131504,7.381275156988811,22.89707568110643,8.829210504270252
720,19.922096340352986,13.111201325485803,9.109279952291152,15.033298498696457,7.414758393845656,23.134647398613968,8.055907199332186
728,20.85803255511927,13.431683827181702,8.937080439427174,16.209995054406843,7.507235981122147,23.852145065633366,8.110118168761094
736,21.631335735709712,13.90044895049009,9.45049010879903,17.362775147745136,7.628413367914375,24.403821192708143,9.80500764123746
744,20.71612728211887,13.619827643669241,9.841127857341904,16.69789373884546,7.49766923078755,23.447157358755643,11.042293026424106
752,18.801205041982186,12.798691114250998,9.437734468177187,14.916904419416825,6.981070764988635,21.090575439089648,10.425244676207777
760,17.79670793764708,12.264553728235908,8.587898105158944,13.764124533324571,6.316189348210181,19.701818182320064,9.258114778170746
768,17.246626134108748,11.754333007043165,8.033033012606001,13.27303694369754,5.705518986670769,19.221891714350562,8.6713610275012
776,16.04122973811853,10.617497341847328,7.443090384323762,12.587427809762016,5.745379966421006,18.131295051666143,8.130845828540131
784,14.757705696744003,9.58589478859481,6.928086281969,11.844418844542442,6.333728225606928,16.758482344303637,7.105621097996422
792,14.107174268616552,9.36267327520564,6.682542606792969,11.482481094882564,6.717988235538353,16.107950813409552,6.069235106888966
800,13.504476045786173,9.11712956800068,6.240882708199459,10.985015662507239,6.3130004575803795,15.19114817981299,5.300715184140586
808,12.38039604142295,8.146115747623792,5.427718381719395,10.125612683778682,5.2479147284458865,13.666863554965115,4.975449495340321
816,10.760444858168258,6.835486176146224,4.424815753700456,8.913838554829175,3.9994683118650713,12.099529380540366,5.146054468857936
824,8.891761533533915,5.352657161172149,3.7790675832437897,7.520298170902422,3.151226334385804,9.958196432195493,5.06473806078828
832,7.2765939546161045,4.670236873676778,3.699345653716913,6.593928479013931,3.352125771455698,7.6542309397003185,4.423773238094477
840,6.834934116312353,5.05449680190873,4.043744670709712,6.971810842310034,4.0791903088753685,6.672056157810566,3.9964634119067743
848,7.066128200886791,5.005069227515336,3.7376121741074786,7.387959460173689,4.264145292111144,6.458401215428223,3.656847679989197
856,6.206724905123182,3.890555895555349,2.7921094582156734,6.53333991433302,3.6470971304715794,5.5001426795868085,2.7001837854043873
864,4.945522992478919,3.335690780907579,2.313777511094546,5.297648981141105,2.835527238002085,4.486079043296194,2.301573863896936
872,5.057133787882268,4.287571366780845,2.9547423236829644,5.09993833450355,2.5278003366777693,4.502023370384801,3.1514102897741014
880,5.686937548180633,5.242640702664907,3.766312105335777,5.648425713965422,2.7414552144884117,4.796994955829821,3.8960136081611654
888,5.474877035013086,4.783442102405584,3.603679316943457,5.723364388390677,2.9232213761193067,4.471728978597885,3.1051715614783046
896,4.790862224785285,3.6195010050775522,2.4014716644554834,5.044132943567348,2.5118559758474515,3.996586164293247,1.3895543245722182
904,3.6061935255700885,2.2482827015807434,0.9808257346681326,3.7366924047088,1.700286118661167,2.848589474211792,-0.0932746537484287
912,1.5206663091753456,0.6299263298327055,-0.1400653977345614,1.9668642084791954,0.563450530369022,1.0676000223854916,-0.7039451312428546
920,-0.2778618484274366,-0.5738757179570766,-0.5960752592874138,0.2655969804348827,0.2589125224149511,-0.28926845311881333,-0.13154126337468372
928,-0.8996932552345127,-0.7620194654197003,0.046484035440612546,-0.6241004082360284,1.2984872851141995,-0.9924162505252185,1.2508381014898966
936,-0.24118959950489013,0.4162714398613446,1.3650857249026178,0.09977509211139442,2.747833033771667,-0.7133890884268824,2.400429208625428
944,1.3181724505981551,2.2801716602897355,2.0459116068195184,2.05615283438819,3.192681724852846,0.6785566359165496,2.548712068485223
