-240,-1.5017433314833233,-2.2195872619215926,-2.3097147221434793,-1.5968884650085653,-2.619793890637683,-1.4918349689357122,-2.572729417522039
-232,-1.2061455284583043,-1.301417729063403,-1.4328297978069207,-1.390465403773955,-1.7296978085960224,-0.7734829195239497,-1.5670364863638366
-224,-1.0971541733996115,-0.5715059379913978,-0.3544759851549464,-1.2038590370544369,-0.5258388354037051,-0.9716490190339719,-0.3400581011637334
-216,-2.188719078830201,-1.2254540482979444,-0.2669525118169438,-2.310286335469711,-0.2682229134735172,-2.185416329372333,-0.20794734385396754
-208,-2.3918393377774145,-1.3938951741549228,0.1409392690306508,-2.577810576629071,-0.1377635406323403,-1.9426628740456617,0.17352237188745098
-200,-0.689262332237793,-0.1603112668685973,0.8857134919367974,-0.6357828564941883,0.3163670746971179,-0.15256254932409885,1.1032515694165517
-192,0.4634037536497302,0.3697829776044406,0.3919496312669232,0.43596544790835573,-0.3095074984016434,0.593863098851436,0.36838569696105655
-184,-0.3523799786992342,-0.6788459078719218,-1.287507943461066,-0.5185345544346741,-1.6834590819701825,-0.6017389509335649,-1.6463029256001822
-176,-1.0922000309923197,-1.6250889681811838,-2.147879020450807,-1.2088131365321932,-2.010433138808706,-1.4455961678040659,-2.2985996705967757
-168,-1.0492640750776057,-1.838117546712358,-1.8374187965901232,-1.2104645740418203,-1.7263950194358382,-1.112016679705445,-1.8048358202157981
-160,-1.0756862450240952,-1.630043167532199,-1.4179673631344638,-1.0502802511411058,-1.4440083436040214,-0.6380694308846971,-1.192172231684837
-152,-0.5158670164317216,-0.7019652217803966,-0.6484223107565125,-0.7001868897960299,-0.6645550454383364,0.06376892622328331,-0.2029932312489976
-144,0.2256044811763605,0.40611350314602973,0.06167282802035756,-0.24770763711560298,0.13141201297332933,0.45184406541942884,0.26104573399892883
-136,0.019181454888521104,0.3086817746183702,-0.24548464286867752,-0.5631219615184125,-0.0006986269010946471,-0.0947640083061578,-0.1980390322527715
-128,-0.5753167966319308,-0.581414243206382,-1.1273236617159386,-0.9726652703469708,-0.26822284251560674,-0.9320157497452621,-0.6141878417027844
-120,-0.43329776657042496,-0.6160932737624357,-0.651725089450404,-0.6853243859396091,0.21893541836913227,-0.8940339401405262,-0.06923110987104106
-112,-0.09476401508127363,0.10225874318608212,0.49433549865398013,-0.02477075195028681,0.7407727933628658,-0.37219655627705456,0.7432498748281173
-104,-0.2978842827208312,0.1171212081930466,0.5719505154592539,-0.22954240583238172,0.542606703432161,-0.7057761563117795,0.3848995203595786
-96,-0.8032078085937995,-0.356825978716924,-0.022547794424079684,-0.660553670532647,0.07196221663019595,-1.4670641800873114,-0.5629949962631577
-88,-1.0542181788128375,-0.8538926273052179,-0.39741196501795434,-0.81578373962215,-0.2533604747209795,-1.6008264318504282,-0.8883175996265239
-80,-1.1202736013729278,-1.0107741202449514,-0.5542934364929197,-0.8009212609557879,-0.4399668749681104,-1.2870633821088426,-0.47051742149605635
-72,-0.6446749718088807,-0.4938909571972634,-0.0803461452748202,-0.3220199291549982,0.17930221152338371,-0.4184352758071033,0.4426979764054218
-64,0.6483588361287077,0.6224447879940271,0.7469972288611278,1.1212897604065284,0.8844432462102327,0.8712956223418534,1.235362348900664
-56,1.6854280517897111,1.2780442474676033,0.854337277150143,2.0840467301507792,0.9240764166900526,1.5813907832930705,1.1016002195399435
-48,1.8274470445983144,1.4085036864770313,0.7750707999513153,1.8545043024988401,0.7721491477592088,1.536803450360348,0.49719365446695296
-40,1.914970384535445,2.072360049312313,1.4620465574096961,1.8776237388097097,1.0908662682405978,1.9678146643257068,0.6491209716491756
-32,2.2650638425606733,2.7329136511931815,2.12920571862969,2.333405708095858,1.586281441888966,2.5639643780136616,1.199031884560273
-24,1.6953363327016118,1.9666714190195,1.5644323541936311,1.6513841185896176,1.3402252678278377,2.0190076020106185,0.8571953916301335
-16,0.6202853462853276,0.39785660262263967,0.3820413531933399,0.7662422534610551,0.32957810574235036,0.9406538663479764,0.3650828490832022
-8,0.8250569095186916,0.158405802700491,-0.042364354119141454,1.0998217921171873,-0.19060783795057207,1.074415876144619,0.5665518168714786
0,2.083411606008208,1.5042838981995987,0.6908501883279599,2.1715700780706753,0.398936323139257,2.0520353045096225,1.4384825773359768
8,2.507817313498085,2.034378184715197,1.3035136585366054,2.1022119566443433,0.9736179629879774,2.2237792528770024,1.606923786036315
16,1.799373611521263,1.243365170434118,0.8658969459011333,1.345878038555384,0.7209562081229555,1.4690966731339916,0.5665517581538071
24,1.7168043160695077,1.1707042660564184,0.4844271707324649,1.7735864997264887,0.5937996020902206,1.8835940782472,-0.1534516627767259
32,2.963599324649398,2.772546875423618,1.2969081394660935,3.1557949792061533,1.6688506498850972,3.7001166410348465,0.7102221719743241
40,5.27388569843638,5.505587585181708,3.100219627569393,4.919473196601584,3.2178489291160326,6.005448890686198,2.6902317744458024
48,7.911146068925059,7.475688835605979,4.812704957837421,6.917647984233639,3.951063481142451,8.315735186951663,4.88326981424221
56,7.2439868656625,5.834212991009865,4.911787960316725,6.304984474998145,2.956930306723048,7.2192160693976355,5.335749102224198
64,2.3294678093394743,1.259879119605536,2.655997246674402,1.7967058925756394,0.6664605261587394,1.9413925289712002,3.2384912035472335
72,-2.7980798237407813,-3.0023433004638984,-0.6401653658844287,-2.9823996802525854,-1.5975870821529479,-3.4140460823659162,-0.06923109177677403
80,-6.495528817818171,-6.2522672413892675,-2.849717303762561,-6.0539740818951815,-2.806400264630387,-6.6127770275982884,-2.2820857645322867
88,-9.329303988497774,-9.067877138210903,-4.0899067899014385,-8.002607381946987,-3.795579365294278,-8.366546989094482,-3.3158522980021568
96,-9.928756339141193,-10.080175601744225,-5.496885994367385,-8.410499264086999,-5.058888215366958,-8.462327222991396,-4.366132488829038
104,-7.9272788545942365,-8.633563115926723,-5.680189602970805,-7.005171351666961,-5.329715153086429,-6.632593663573103,-4.324847946653053
112,-5.385798672412013,-6.663461858584059,-4.487890316091561,-5.165529484727552,-4.5056745191497045,-4.457720799357953,-3.4512657614513507
120,-3.3859725961045464,-4.942719666642094,-3.5284361576818384,-3.4134109598540117,-3.615578504872846,-2.707253712703621,-2.7015373239382385
128,-1.4802753367621602,-3.0584904046817902,-2.2139344873595914,-1.7058797737672216,-2.3506182311273327,-0.8197216371026558,-1.5653851567102326
136,0.6070742121737298,-0.223063861064258,0.10460882562284275,0.26587284143481965,-0.32271856049096187,1.2973527077367124,0.7250846733472178
144,3.196444499418959,2.8039231457348377,2.256362323065872,2.4853330875436472,1.5615107396092172,3.4441520821084803,3.1228943636552216
152,4.755351052466003,4.11677352755907,2.801319040706034,3.7717613011953377,2.1064673926776813,4.601772331868063,3.8627144345747593
160,3.660483375614708,3.01695173420012,1.980581166127172,3.1012993676676635,1.6374743687527964,3.6836027592734433,2.9643615025672183
168,0.521202293425908,0.27730552914242007,0.16075594669323928,0.6456911604674092,0.02572344689742543,0.6103769706787322,0.7647178638726473
176,-2.2993618770751545,-2.4177533385476897,-2.3146688191377085,-1.7091825364955842,-2.198690865338941,-2.4711058135229704,-1.9831852532391037
184,-2.353857532430153,-2.4672948946023276,-2.9917363881068675,-1.709182499065286,-2.2498838684825238,-2.5817484985900565,-3.0797043198808325
192,0.11000757830920267,-0.12893498272058496,-1.4840226267488337,0.4574334119402225,-0.5291415516546359,-0.2747649121893084,-1.8395148465143782
200,2.1891000927886464,1.7470373865216964,-0.1926402786726149,2.262396251339288,-0.08987341499153971,1.2296460328671412,-0.46721463002974106
208,2.6069004195759367,2.003001889568709,-0.07043784555907416,2.605884120932647,-0.560517858509179,1.4426746067860516,0.04801716699841475
216,2.4896521157424747,2.0360295780535256,0.3176373637080085,2.5497369979109097,0.1198524123419333,1.7217584471576493,0.4377438077437025
224,3.1584625794746692,2.7758496221864513,1.4389272188433475,3.1855199321040093,1.4888498155406977,2.696075135678218,1.3129773742208877
232,4.841223046783999,4.45860997560833,2.7980163324378675,5.016904930805877,2.7339934082531223,4.141036190017513,2.6522498990276038
240,6.482698803924489,6.329628250872094,3.945728241858302,6.889574427512427,3.88996230742652,5.339941100452792,3.5109696452993737
248,7.225821623912988,7.193302065045354,4.669034455319517,7.756551099852433,4.664461367923916,5.56618063428163,3.6909705261212027
256,7.367840633041911,7.457523536025771,4.883714418319281,7.877102138918065,5.186298778041815,5.663612351633416,3.6183095917637846
264,7.062334665298571,7.218072896468501,4.522061287108194,7.811046775430436,5.2193264049706425,5.732970446805321,2.8867463654882846
272,6.492607147101952,6.451830627041915,3.906095000952755,7.366824534499924,4.717305672870121,5.349849351207579,1.8926132685904005
280,6.268018871081834,5.948158529099253,3.853250745144901,7.160401485682947,4.780058241698329,5.186362314894251,1.5227031105508422
288,6.466185029841713,6.3312796238100235,4.381693644176199,7.12902523807826,5.554557455642209,5.397739419017684,2.155183302948164
296,6.233339850814681,6.922475112956905,5.062063901545308,6.570857436174435,5.6965764555466025,5.401042206403919,3.165830345824362
304,6.152422036866456,7.401376543921375,6.158582923306155,6.144800165402035,6.225019377639221,5.292050871213442,4.655378838468876
312,6.456276644266895,7.830736301041076,7.453268007678919,6.339663586978399,7.285207957588814,5.323427224545417,5.5471262010257885
320,6.718846738761487,7.865415446726341,7.610149486959255,6.450306311604521,7.2059415172881005,5.450583770618717,5.038499955708783
328,6.5272861790771675,7.445963795075106,6.379868404312065,6.476728476938746,6.324102365572155,5.267280124762393,4.10381650472326
336,5.369666022449842,6.364307220226951,4.738392573552746,5.7286514453589925,5.656943285066784,4.149293129212965,3.0320682522973845
344,3.617547396106488,4.7492536028758385,3.1018709731885266,3.907174797639961,4.500974410019077,2.5887351092087596,1.71591511625974
352,2.5144228531463897,3.8129188176244475,2.2101235325779123,2.557994000791085,3.4903274521149776,1.924878655192561,0.918296605437285
360,2.8777273372497967,4.412371295105133,2.9565491763185783,3.1624005910541344,4.048495151307229,2.250201359848345,1.4500423058690062
368,3.559748856685099,4.985401529730075,4.044811275913876,4.08222149117362,4.931985565798949,2.6547904475063313,2.1155500467866655
376,3.32029825987997,4.480078070557543,3.8053606065542818,3.8873581953701537,4.1905141558238865,2.710937517132242,2.0412378194963643
384,2.7604790078714876,3.6114500408903467,3.1398527811967085,3.266437809204773,3.2095920550244634,2.4037801601306525,1.6647222277131815
392,1.8753371225199198,2.7708954882941064,2.370307884039187,2.2607448709507763,2.999866231238887,1.436068995647651,0.8604981541811001
400,0.8465248719540045,1.9567630864857204,1.48846869932781,1.137803591255631,2.767021033408005,0.6070742171748984,0.10086146254269854
408,0.866341512895875,2.0327267723956277,1.3398441028313868,1.1328494742157915,2.241880904023464,1.0545992848732861,0.2726053947671536
416,2.372403727291706,3.41163252551286,2.424803520945129,2.5398287169990086,2.8083056543472704,2.705983435216569,1.473161630775957
424,3.693511037667701,4.69475794787563,3.1745319219149195,3.8444221958163225,3.718218336530003,3.721584603292765,2.3071105514786074
432,3.0791962058743936,4.1332873802277295,2.2728761313858374,3.1805658180798804,2.983352439771425,2.8298371538124143,1.7918787812370622
440,0.7292766915873076,2.0195157832155624,0.5967212931317833,0.9941333159804348,1.305546146268264,0.5707436793930691,0.19003621320284564
448,-0.9320157669866698,0.3747370983695702,-0.17117233167064713,-0.5152318949500716,0.7226075328095055,-0.7767856781722318,-0.8453816098294085
456,-0.9121991544279643,0.46060908505959164,0.34736230472041346,-0.3831211701035498,1.419491647636934,-0.2483427761252216,-0.4820771555283236
464,-0.31109536219483785,1.3804300472672502,1.7196625346870544,0.1932119741326285,2.4284873016096733,0.23221001127946328,0.7515067762384814
472,-0.3028384214028331,1.9402492904059945,2.991228222485372,0.16348703045930071,3.110508996133621,-0.060084966574232644,1.724171997624494
480,-1.19128313139354,1.4299715662463797,2.898750728255499,-0.7332145112256215,2.446652486415464,-0.9369699269219308,1.481418541943034
488,-2.6065192825055172,0.08409357044313699,1.6602126404220037,-2.0757897957449876,1.1503160825006031,-2.2300037353917026,0.24122913953449063
496,-3.4223030201763245,-0.840681598743512,0.5967213490111379,-2.7214810101404083,0.5971023802519283,-2.948355786754807,-0.9956575475100958
504,-2.8129422417381296,-0.41132160107649524,0.3985551842198381,-2.1748728902921797,0.7688462816096927,-2.1606455536511464,-1.4332743484881654
512,-1.453853180297674,0.5580407903485355,0.7849790688003708,-1.0733996415067284,1.0281136609177235,-0.9105477683287078,-1.1690529000368854
520,-0.9617406590381167,0.8850148262544755,1.0343380650171103,-0.9330319437597483,0.9934346085421116,-0.5786195724533921,-0.3185901016529114
528,-1.777524464473729,0.3086817607815779,0.8923191034299879,-1.7389074517857468,0.585542627593209,-1.102108321626817,0.6177446536187617
536,-2.5206472738185433,-0.40471611659796464,0.22020572352294726,-2.2491852140852386,-0.000698681893475032,-1.7180745859626994,0.7894886484635728
544,-2.644501124750891,-0.7515067682557162,-0.36108148329287476,-2.2723045714554337,-0.7124452349412572,-1.8386256626360251,0.4641658902345669
552,-1.845231185465942,-0.12067806765082345,0.13103097818464343,-1.6860631651112012,-0.7504270422398611,-0.725592785722989,0.6293043463180464
560,-0.16742493311837078,1.5389629189989396,1.2457152296321623,-0.1932119569253356,0.4336153233608047,0.6334962118553488,0.9942602778651887
568,0.6615699051364222,2.1995165968047723,1.7444332688978634,0.6407370397022796,1.5301343754561612,0.7094600373749439,0.33040379688498556
576,-0.44155468731682,0.8850147797770447,0.9451633528516299,-0.16678979957387574,1.1486647012251197,-0.6826567950388998,-1.2450165251003842
584,-2.2283522986257687,-0.7349929519529855,-0.6385140545024862,-1.5605580129084133,-0.1641856492002368,-2.1903704833102853,-2.3563980936471904
592,-2.8525754847724154,-1.3542620237207128,-1.6012709087627375,-2.013037153120552,-1.0196026655616786,-2.61477616844842,-2.3151135064129313
600,-2.012020957366233,-0.9182965919552812,-1.3254898068164176,-1.6233105503377463,-0.8594184162797942,-1.858442236522669,-1.7090554928318376
608,-1.3712839391287208,-0.6986625255750756,-1.0464058967286736,-1.489548457165559,-0.5968483320740988,-1.1417415520660714,-1.3094205550317253
616,-2.0450486359169413,-1.5359142792544191,-1.817602249844879,-2.3003780045324853,-1.1929980260712323,-1.9244975744654509,-1.87419393827163
624,-3.2786326193056254,-2.8124341938999438,-3.0445806256430594,-3.205336490557307,-2.084745459586055,-3.3298254670172702,-2.988878184929489
632,-3.7492770186519673,-3.6562914231880788,-3.4970598577456915,-3.3027681674630864,-2.31428776749652,-3.906158601674131,-3.3753020641881784
640,-3.093677611155062,-3.26986754659031,-3.034672312800101,-2.627352054630008,-2.195388191130572,-3.1498246665552743,-2.8782354642060537
648,-1.9509197398337914,-1.9685768762692093,-2.0091628364932084,-1.5242275427139955,-1.6174037101449996,-1.7890840303016342,-2.298599660840062
656,-1.3663297709991864,-1.3228857209462501,-1.4014534427009981,-0.9115639985317282,-1.2821727758444061,-1.2788064127562793,-2.235847040744763
664,-1.708166333645473,-2.014815630746029,-1.8473271415415373,-1.5110164689166206,-1.7511658398605097,-1.80064391174896,-2.4653894224514556
672,-2.0483514064506743,-2.563075122467818,-2.5970555499619072,-2.346616848416273,-2.1524521314399157,-1.9789932844580413,-2.486857368566451
680,-1.5975235930538223,-2.2493121518443027,-2.8910019060753744,-1.7983572520315654,-2.031901118273918,-1.3679811364524201,-2.71309703065171
688,-0.7800884476757087,-1.4318770524114373,-2.6086151995542615,-0.24110205808565802,-1.4307973210737377,-0.7355010941310789,-3.1490624476933755
696,0.3131278379659948,-0.5913225294401246,-1.860538192632379,0.8537655045234022,-0.5935455595890247,0.042300818324252726,-2.9475935606197234
704,0.7523960533923718,0.004827104597574453,-1.3089759312638318,0.9280779283671147,-0.22033281532890664,0.3577151821087024,-2.19786518998444
712,0.2801001438045454,-0.3634314828862744,-1.3585174908663644,0.3434878681742009,-0.344186574548155,-0.11127787605337325,-1.3688704445071156
720,-0.32100364381631696,-1.2452706553574113,-1.9133825156728523,-0.32367132675080107,-0.16913983382748582,-0.8180703466532981,-1.4629992825821736
728,-0.6430235422820176,-1.684538808518222,-2.329531331331683,-0.4524792679363774,0.06865949381565908,-1.0558695792128423,-2.0872225003050895
736,-1.0261446279456554,-1.826557882573633,-2.3625589756452006,-0.5482594379711718,-0.32602136064962145,-1.2854119871739604,-2.4736463481649045
744,-1.391100582021934,-1.6597680312004823,-2.0388877785699813,-1.0552344526208581,-0.40363634162115114,-1.39440336884187,-2.6090598057600713
752,-1.2688981950310343,-1.3823355164024094,-1.7763175765741546,-1.3673461042344568,-0.1394149763680202,-1.2936689749755816,-2.681720715637007
760,-1.2408245609657014,-1.4582991849276283,-1.877052133998428,-1.5589065945574212,-0.6612523109157444,-1.4654127996988027,-2.8121801056854774
768,-1.4555044875995362,-1.5838044025890885,-2.045493178785994,-1.7967059088959576,-1.3630905218504281,-1.648716487065504,-2.5975001144799443
776,-1.1202735985346115,-1.2617844851421456,-1.83741881911926,-1.6150536107875062,-0.8495100775371976,-0.8973367183022345,-1.8791480757118684
784,-0.2978842935419128,-0.6705890073485319,-1.1157639729193387,-1.149363277213915,0.3064588434557556,0.20413647549083613,-0.9576757668207089
792,-0.008892020940671255,-0.6193960888222572,-0.8168634312916477,-1.1922992496263416,0.42370703819143013,0.6186338798944659,-0.5811601688287087
800,0.02743835505712202,-0.7184790838509792,-1.277599680288643,-1.5126678423867344,-0.4366640576021587,0.6846892155311151,-0.7941886583077042
808,0.28505428603444294,-0.5649003586066611,-1.579802892044623,-1.1411064031223472,-0.9073085390822795,0.7804695406089447,-0.761161072179674
816,0.3412013836887284,-0.3006789365872032,-1.1537458125037907,-0.6209204088719124,-0.43501268253549163,0.6351477178393595,-0.2624430233346568
824,-0.36228833181080833,-0.6838000421190541,-0.9753963782387225,-0.9743166216427375,0.03728312132504831,-0.1261403669599754,-0.3318011729667578
832,-1.1021083757663388,-1.375729990236105,-1.5930139413615176,-1.9089999708036598,0.12645792076875864,-0.8643089911453569,-1.1112544862109988
840,-1.0922000073988145,-1.8331633743253481,-2.3576048733291284,-2.2145060696417396,-0.33262690153969127,-0.515867017461976,-1.8246524017304169
848,-0.8378869072694483,-1.9190353521456311,-2.7473314672421947,-2.060927344397422,-1.2012548957279312,0.050557730910488353,-1.9154785223127824
856,-1.2606411955213588,-2.0329808159066096,-2.7935702263312785,-2.4044152457444463,-1.703275670935382,-0.37054517854946656,-1.7470373333032636
864,-2.3059673493134465,-2.8900491837412097,-3.3880685408268767,-3.286254371383362,-1.8519002464992216,-1.7213774182298127,-2.3481411429210772
872,-3.3777156382826443,-3.715741280022831,-4.1625676451407845,-3.6924948445743024,-1.9509832933272198,-2.9004656047024673,-3.740257966997367
880,-3.4767986382784195,-3.5803277876582875,-3.8355936198785296,-3.4249706385391088,-1.780890730847587,-2.968172371462533,-4.139892945420883
888,-3.154778817156842,-3.051884780238782,-2.986782164807557,-3.391942873419751,-1.660339707037905,-2.444683619805581,-3.094566780275531
896,-3.238999312231831,-3.112986009301884,-2.6862302603534403,-3.986441184899639,-1.576119123797714,-2.1837649381627426,-2.21437908984011
904,-3.4388168265449495,-3.522529322920101,-2.9075157394080056,-4.48350780439519,-1.6520827722773255,-2.1837649356792137,-2.211076268216684
912,-3.2852381344734534,-3.5869333617211807,-3.431004483082192,-4.044239714032126,-2.013735872799116,-2.0186265148972957,-2.5644724563296357
920,-2.467802968694941,-2.883443620676795,-3.3054993292828514,-2.655425607625928,-1.7907990956672162,-1.0938514076214236,-2.4521783752632986
928,-1.7626620223506904,-2.0858251573961404,-2.5062294276055943,-1.8330363280006827,-0.9981346577133012,-0.4960503921308464,-1.8593314860370898
936,-2.4133073346273157,-2.219587214379792,-2.1743011845432685,-2.8816652672276613,-0.8230879242658182,-1.430733797880701,-1.661165346968032
944,-3.9325806221109385,-3.2120691120092353,-2.62347774793677,-4.490113373491027,-1.4638249448094618,-2.8988142500362013,-1.9749283122697048
