-240,0.26153681493415226,0.07584845889167689,-0.012705583624618436,0.11561524976136464,-0.19454380283745204,0.5660856533898988,0.34162047835071324
-232,-0.31191908670951213,-0.5948518905596631,-0.5532699802640786,0.4788515282105021,-0.6693251610487627,-1.2357957920474634,-0.26615700855981156
-224,-0.7967109964668608,-0.8122216725011461,-0.8893351918182422,-1.424564393058502,-0.8452231637973996,-0.5765360677991471,-0.47208633335878897
-216,-0.7395084009023528,-0.6820857823663151,-0.7792202293411973,-3.5024481607714786,-0.7851604763758172,0.41163863029558456,-0.18464333610719974
-208,-0.061657819427212913,-0.397502961923781,-0.45745565465737864,-0.8182170500094037,-0.7465487355802095,0.47742155550563153,0.009845461498452515
-200,1.0151808660988486,0.13591112588177034,-0.35449101345748024,4.258512334116716,-0.3876025081980712,0.4731313846148638,-0.2032341699837505
-192,0.8450031602824614,0.2574666410530969,-0.32874985538499873,2.9142515988138618,-0.09872948383642147,-0.36345640881892527,-0.40773340422751686
-184,-0.29904846896097614,-0.06429788508673309,-0.175732922385034,-2.2640122144433548,-0.047247140039819085,-1.3673617510770544,-0.420603963139509
-176,0.11424021803959325,0.3561411009160512,0.19894395899219622,-1.3859525554821568,0.1972938899148749,0.47027125957582194,0.23293552439568257
-168,1.2039493176137808,1.159837423142085,0.4763765340459715,2.273582729334445,0.24019589008649697,2.9113915238786467,0.7077169455912825
-160,0.9894396580997964,1.1469668024747648,0.3591112048201956,2.023321367114852,0.18442331963498665,1.4470053797825573,0.6076124311202485
-152,0.3788020890102699,0.8952754492458609,0.4020131619781562,0.916451468301566,0.42038400734728226,-0.5536550568870194,0.488917079085778
-144,0.0670480130271344,0.8652440294930613,0.6108025924600277,0.07271332332744725,0.6134426981139807,-0.0931742458318452,0.4617458338377305
-136,-0.4105935356654314,0.5048677948178705,0.5121281249160617,-1.4488754324632727,0.5133381793415802,0.24003085850322178,0.43743476002203124
-128,-0.2675871151919693,0.5091579987369863,0.44920528388207703,-0.7409934734808938,0.5033277254980012,-0.3405754128079585,0.454595518090912
-120,0.3273198025140093,0.4891370796819323,0.2018040906369071,0.6890711534020919,0.1343710839063,-0.177548031955603,0.11567023127065773
-112,-0.09025909316790298,-0.37319185369715246,-0.5260987634357721,-0.015950780855248266,-0.5706507924362177,0.2657719947616334,-0.653704524891042
-104,-0.6737254408205152,-0.709257026692641,-0.5289588794112204,0.17710806061288478,-0.4319344964602179,0.1370661372671897,-0.5407294037321276
-96,-0.13602111314871687,-0.09575931889187422,0.4177438482334933,1.559980515204518,0.6377538223171121,0.19712887738050638,0.2086243988099693
-88,-0.19608386524441127,-0.2244651223120003,0.4477752335753636,0.0269512397478631,0.7879105570011912,-0.3248446919880718,-0.0001649932668473694
-80,-1.2343107680365453,-1.1082450504001875,-0.2186349107278991,-2.9032511743321776,-0.1015895933598209,-2.371267124673708,-0.5593202574256866
-72,-1.0097905625068504,-0.7736099372358665,-0.10422970777012647,-2.281173054238192,-0.20312417626475468,-2.5228538990647045,-0.19322373257753508
-64,0.6548045441673728,0.6392939051555603,0.7051868299694405,1.259666929853095,0.5776910838936171,0.6318684586225569,0.6977065206283052
-56,1.3583963688205956,0.9939498498114115,0.8338926442966015,2.5824766136073674,0.7964909686799282,2.22639058671543,0.8178319536935328
-48,0.09564935528244121,-0.09718939654298663,-0.08134865200089429,-0.43638980142258216,-0.0944392491932619,0.2929432510703349,-0.06594803015879469
-40,-1.205709474478847,-0.965238583226179,-0.6576646471914556,-3.023376556702735,-0.7594192880401527,-1.2901382464428066,-0.7995711226344207
-32,-0.6579946666944132,-0.5877015474684459,-0.19289373299202953,-1.7720701046152119,-0.3418404467397983,-0.6308784734968812,-0.15747213141488994
-24,-0.07309826996404921,-0.5076179471366182,-0.06275780829264965,-1.1085200315839139,-0.16880264246066748,0.15136686661690588,0.3845223866574448
-16,-0.5736209031528271,-1.1497169363590851,-0.8507233803573342,-1.3559212311275126,-0.769429730669456,0.0541225409373034,-0.5535999867624938
-8,-0.16033229649563244,-0.8994556334368958,-1.0752435797422202,0.8006161273199356,-0.8852649424564825,0.059842667811972214,-1.0698533244874153
0,0.24437600586335861,-0.7278479283157084,-0.7835104079129768,1.0966394697327073,-0.49771750585414604,0.25147136111731183,-0.5578902049682898
8,-1.5188936225827678,-1.9548432896893049,-1.2254003300955612,-3.222155541175656,-0.9996701274406905,-1.0656181356967869,-0.7766900625638222
16,-1.9979652149763776,-2.024916432797909,-1.2654421596029368,-4.274683110179598,-0.8938453492193728,-1.7177275211552512,-0.892525274197229
24,1.1467468007028248,0.36329137856505583,-0.20862442032270825,1.7187176379098201,0.34030036953212156,1.941807840317842,0.3373302315715568
32,2.8227825095370402,1.2113196835229083,-0.1971839164796561,4.583136905720314,0.1315109144710153,4.322865246834262,0.31587927096614177
40,0.4460151050827692,0.2274352375840404,-0.8893351759953596,-1.067048221052544,-0.7179474076115832,-0.35630605497429285,-0.8381828505259292
48,-0.31906944378016955,1.9835545716365588,0.5879215296242654,-5.441615713773551,0.6620648933676475,-4.297563937645551,0.057037571419996345
56,2.5396297092916558,5.075354194748648,2.88460530609507,-1.0241463027604982,2.8186022946751375,0.2657721076724927,2.619713302503777
64,3.5421049305777714,4.204444867049911,3.0991149792812545,6.186239431205246,2.9644688679928994,7.477587650453969,3.6321990217224736
72,0.906495971748462,0.7022167186915257,1.4674112902013297,8.022442276182623,1.2226502202764382,7.789341891732461,2.3694520286158083
80,-2.062318160084153,-1.391397840353017,-0.08134865476605817,2.7369236442290723,-0.4848469048502142,0.5432045361725798,0.26153680781444577
88,-3.4895226159956527,-2.453935792535236,-0.8035313266607903,-3.8785551956882096,-1.118365524178644,-4.011551073348352,-0.6093725131250016
96,-2.2167651072900796,-2.7184977455391097,-0.6133327223744588,-2.8646393221619117,-0.7851604708454897,1.2124747549738322,0.038446734010180575
104,0.9350972222924993,-1.9362524625720432,0.10741983576840966,3.8595243346811636,0.14152137998973066,6.420769943280367,0.6362137710712524
112,1.3112042137347075,-2.0635282004770534,-0.07562844017424512,4.590287298277243,-0.1630823651918054,1.5642706368068295,-0.3862824188892472
120,-1.2357407607356776,-3.1661079532860477,-0.8364227666836421,-2.1138553946536742,-1.2241902996347973,-4.859579459110438,-1.6089876301108048
128,-0.9583082608021884,-1.67026041225367,0.30619879351141527,-4.650789976882188,-0.3475606975859824,-2.4256095260700765,-0.31906942985390585
136,2.2321657748578265,1.4100986509439872,2.24822653545854,-0.3434355506211119,1.5315441377313244,3.9882301643939844,1.9189816760128209
144,2.551070220047618,1.594577045400732,1.9564933390500618,1.714427404956483,1.078213682825087,4.800506796448548,1.7273530112808417
152,-0.06880811197737886,-0.07859854315666798,0.8696442414651211,-0.15895718612030918,0.1329409990350373,-0.055992486981954165,0.4402948928957037
160,-0.6265332969489029,0.5921017674287569,1.7248229021110486,-0.10890493395425853,1.3842475279326671,-2.0752437370965926,1.2068095115751238
168,0.8564436936205965,2.6599751152482236,3.023321530791288,1.2010342884368594,2.719927883817032,0.6676201570268001,2.6440243967509662
176,1.1081350881733383,2.9788795098969616,2.374072192640034,0.35300589161411705,1.879049870180384,1.507068083334262,2.077718819610473
184,0.892195277270536,2.681426094441685,1.2586217990394721,-0.5979870027736197,0.9294869560485416,0.16995772445821056,0.9122161938144894
192,2.0405371680406694,3.8168973886628748,1.932182249872339,0.29151305311095765,1.7818054649255086,1.834552833590358,1.5757661602333557
200,3.969694232480994,5.3899684260340095,2.9432379097207306,2.8956607208483085,2.7013369940227214,4.910621808084063,2.7698700848101248
208,5.803037072243099,6.568341600910288,3.2678625444622402,6.307794881087981,2.9601786388800697,5.823003014982407,3.0115509855780314
216,7.619219062532298,7.94120360165834,3.862769416543013,7.752160063576214,3.5450750818501175,6.399319027224814,3.347616183306374
224,8.873385722767399,9.078104943881938,4.5406200299711585,7.466147203426764,4.171443360545255,8.625929653059622,3.9425230641435003
232,8.890546492050555,8.68340709828531,4.094439881287287,7.2859591007599,3.4907326551064135,9.485398344341057,3.420549480641861
240,7.755075161728615,7.683792006339606,3.628238836284151,5.303889520241804,2.8600741638894305,7.640615055117457,2.6912165440022235
248,7.580607350617293,8.131402203333128,4.507728587951243,4.059733367310119,3.580826712354224,6.689622150129925,3.616468260346849
256,8.65315573513626,9.085255223067145,5.656070397763524,7.102910770896544,4.840713610992271,7.458996850066624,4.82916305428644
264,8.7661309165143,8.653375801889547,5.797646787440041,8.121116805174678,5.203950027085125,7.706398098922315,5.025081933383711
272,7.00000112047633,6.988780615179191,5.066883839513224,4.693251963441896,4.719158110261247,6.766845569044092,4.470216866999179
280,4.866344733306994,5.072494058802571,4.128761446429899,3.750839357990341,3.6966619097009508,4.644629844253872,3.5092134951103486
288,3.580716687964362,3.5895170705373767,3.2106599513556544,5.5613011441339015,2.7685500154719294,2.6282387644962406,2.7341184400193366
296,3.058743160994964,2.5570104809612344,2.5728511812607033,5.206645142177708,2.1035699955203246,3.459106198474352,2.491007472046493
304,2.518178736396624,1.922061826534493,2.0923494506896154,3.8495138746927773,1.8032564256845438,4.980695030614321,2.2722075981672183
312,1.7788353277862203,1.4487104094059198,1.925031918149019,3.534899618367321,2.143611838853521,3.5134487513402552,2.167812901437518
320,1.0137507607960965,0.9453276963424443,2.0923494824890008,2.8813601706197653,2.491117520915148,1.3140093397222077,2.2507566424776497
328,0.8478633091326366,0.5191684284621914,2.103789980187244,2.566745945479214,2.126451026095841,1.547109883039316,2.257906974815452
336,1.5314341429901634,0.8738244926345717,2.0437273088957846,4.0754639683062335,1.8819099929151226,3.280348165470348,2.3823225992029378
344,2.4910074644186593,1.6546397557117276,2.3497611268125858,6.326385706822659,2.110720290374794,4.624608847620607,2.8013314783667678
352,2.9371876485888,2.183763593819338,2.7187177800794244,7.250207483620748,2.5640507856831487,4.944943388895936,3.131676415570853
360,3.103075118072204,2.7300482552844225,3.509543500226183,6.096145371806753,3.2261707288324586,4.949233589128167,3.845278674711507
368,3.5220840436293406,3.0761239360441874,3.9042412811487,5.165173227645449,3.400638571896786,5.353941817442213,4.47450710333216
376,3.253231892851162,2.4268746295386983,2.801661523270239,5.3267705663329625,2.478246897021803,4.914911969603999,3.888180596997678
384,1.8732195967877792,1.1727079496402106,1.3358453431541155,3.2717676549901755,1.2083495542182519,2.8098569741556796,2.475276779339107
392,1.12958603295587,0.9639185385144867,1.231450568231725,-0.14465653480966345,1.1582972865365597,1.3025688533918616,2.316539622222876
400,1.823167304373232,1.5030528906848006,1.7505640886032705,0.5188933910534648,1.7160225053045315,1.584291503016528,3.0315719249109523
408,1.7573843740937165,1.075463544385335,1.0712833909183428,2.2192401981289955,1.1082450283793213,1.7473189419373265,2.420934336004419
416,0.3101590313874097,-0.1000495009969191,-0.11996039940217096,-0.12463565492776518,0.008525385093726924,0.5918268040886102,1.1896487243184015
424,-1.0927343874236215,-1.2469613121188787,-0.6934163217845651,-3.68263622426519,-0.3489908076509609,-2.221110264942772,0.3058687957693527
432,-1.471701502215049,-1.522963780948181,-0.4917771966033378,-4.258952264005613,-0.23029538510481037,-3.8056217785053175,0.20576426578267623
440,-0.39915303612374575,-0.7206975091824821,0.3004785910555996,-2.4113088790844293,0.4346846290092255,-0.8396678677243814,1.3426656330463718
448,0.8264123311681376,0.12447064047314468,0.7023267365761638,-0.45641059896404224,0.7607393621405755,2.167758001216955,2.2664873843435056
456,0.16286235706826102,-0.898025529516726,-0.4460151394464306,-1.0827788876444928,-0.2202849516927203,0.5274738628213411,1.305483983113216
464,-1.8978607316902472,-2.795721271372948,-1.911831340147663,-4.277543172695211,-1.7604645393629288,-2.3040540811031898,-0.4248941698237887
472,-2.920356875564683,-3.3105445064066616,-2.0905894094060393,-6.16522844642117,-1.890600382182733,-3.0534078547646852,-0.5965019566709325
480,-1.9564933778687104,-2.436775034005494,-1.1639075903702039,-4.636489356141969,-1.0783237124912148,-2.3812774758989805,0.38595240577925377
488,-1.0870140639150732,-1.9762942638132983,-0.6962764282355599,-3.0319569212200648,-0.5963919548100654,-1.8764647507802255,0.9393874124862387
496,-1.423079311262748,-2.396733235222162,-0.9508279343087647,-3.2335960172134506,-0.7651395528657773,-2.003740392058119,0.5675706114445672
504,-1.4030583700863823,-2.6827461707991422,-1.4170289719381286,-3.9958205004883713,-1.4015182869406941,-0.9269018157560327,0.04559706957400723
512,-1.019801026642984,-2.4153240247024703,-1.6086576640145074,-4.253232044037092,-1.7561743134761219,0.3515759093847944,-0.008745365004327826
520,-0.986909645149435,-2.057807929506621,-1.1081350352807142,-4.103075353902877,-1.098344602665667,-0.7910457051918205,0.5017876493656661
528,-1.0841539459425624,-1.9905948782550908,-0.4974974949181693,-3.77416044119731,-0.3504208249293276,-1.8621639970048949,0.9508279512010804
536,-1.184258494978146,-2.2179751691898115,-0.6505143970404705,-2.881800142754223,-0.32467964657897735,-1.6133328599118224,0.6633849517988082
544,-1.147076818007831,-2.253726773424861,-1.1524670694753067,-1.2658270979913149,-0.6493043376991056,-1.2744074609488085,0.10565976513746161
552,-0.6050822904110427,-1.8490185068593818,-1.2368408536020017,-0.5879765461648775,-0.7751500282161876,0.36301640938734037,0.09564935154238001
560,0.49177717376119306,-1.274132533863033,-0.879324727528489,-0.4335295892808762,-0.604972302121932,2.209229747842315,0.5904516624515722
568,0.6934163050872294,-1.5730160079205153,-0.747758753751357,-0.5693857695886667,-0.45481554623826165,1.2925584849611242,0.49749743622933756
576,-0.43347459665775123,-2.5483200478645958,-1.4127387818448334,-2.116715494652621,-1.0854739856852322,0.25290142862948917,-0.10741984867841638
584,-0.9311370233887728,-2.672735756282342,-1.9718940713510085,-2.4685114406988693,-1.7847755967412662,1.2725374924756057,-0.6108025941557588
592,-0.3419504149046623,-2.07353865232357,-2.209284807987436,-0.233320530843726,-1.7804854149434615,1.5242289156017088,-0.6808757338847173
600,0.17144276828613733,-1.8218472373393393,-2.207854694850052,-0.08459381881472043,-1.7375834957296943,0.7577142895485182,-0.6594247846471987
608,-0.08453885292151375,-2.0106158160518124,-1.950443134403106,-1.975139128326377,-1.6617900318777068,-0.02453106869245542,-0.5707607772452411
616,-0.5221385678053378,-2.1035699719159866,-1.8002863143061858,-1.4174139542618878,-1.5531051241623617,-0.6809307531609505,-0.5922117585893852
624,-0.03019638715827414,-1.6774107413654475,-1.592926912163336,0.566085616036552,-1.1784282033047349,0.5074529795597975,-0.5021176580206731
632,0.6934163345823108,-1.2512514796300025,-1.3755571037991756,0.5017326689317146,-1.0368518460420841,1.8488534967297603,-0.37913210606121256
640,-0.08310880814512785,-1.963423680782932,-1.9289920860805474,-1.3144493003115123,-1.6131678628930963,0.2672021656602176,-0.9325670915686085
648,-0.8095815501557658,-2.3824325989662976,-2.1635227280947356,-1.2701173241853618,-1.8248173866146242,0.12705579234034575,-0.8853749933222
656,0.2143446730596031,-1.4486004180975796,-1.3054839626876347,1.2768276873074949,-1.0482923383636193,3.0901495874530727,0.13712124641125017
664,0.794950866331712,-1.0968045150649914,-1.1696278618014966,2.167757870155274,-0.7479788143066637,3.0029155377248378,0.08563892319975698
672,-0.3948629008728677,-2.2265555655065272,-2.315109543348711,-0.24619113338386003,-1.950663095566132,-0.2676419911937136,-1.3816073797318225
680,-1.2557617192711263,-2.97018910460558,-2.852813831232872,-1.6233433474218628,-2.4611961749174784,-1.427424407313733,-1.8435182453950751
688,-1.1885486958248563,-2.6384141766994262,-2.0877292963493734,-1.483196969032524,-1.624608358287037,-0.5765359642591207,-1.1098951501542857
696,-1.5417746585349914,-2.7456689720454897,-2.044827347026045,-2.3455258626239734,-1.6460593310284497,-0.3963478485345364,-1.1227657047649118
704,-2.055167809772785,-3.5093234845811545,-3.2303508992508516,-2.5414447593875678,-2.9059462325852805,-1.1457016771920707,-2.0923494993931344
712,-1.5903967903435086,-3.307684376759013,-3.2861233786055712,-1.2472363449189992,-2.830152817430902,-0.9569331218298701,-1.9278920814454041
720,-0.7466587335473955,-2.232275840010226,-1.993345003075821,-0.690941162939161,-1.5616855066532564,0.28293284776780825,-0.7395083792950784
728,-0.8567737067778558,-2.034926892018195,-1.4642211542147952,-1.114240269986861,-1.0611629298430978,-0.6551895322578,-0.42489419056251837
736,-1.1685277386719888,-2.270887561142445,-1.7616745309577782,-1.9150764591856013,-1.4959025548669111,-1.7062870276047541,-0.7781201466669838
744,-1.0584127950902322,-2.2951986599982392,-1.8703594789216211,-2.346955951489363,-1.6017273317056469,0.15851726992724838,-0.8110116430684561
752,-1.4373799000499654,-2.872944735451457,-1.8889503435222155,-2.121005823772215,-1.6088776944602512,0.12562573035849575,-0.9068259563855386
760,-2.618613254807707,-3.7595847732166643,-2.0634182017949443,-4.1130857158815655,-1.7804854241606736,-3.548210201467388,-1.0812938357042374
768,-3.3064742732282024,-3.6723508211908875,-2.050547619225439,-7.016116795613831,-1.8519886203411555,-4.566416307639783,-1.0884441654304973
776,-2.611462979923866,-3.00594076552649,-2.0562678594718284,-5.178483855626256,-1.78477561410035,-2.9518732498920603,-1.2114297190797796
784,-1.8106267174482829,-2.935867607823965,-2.146361940223533,-1.3373303875728897,-1.8262474521297394,-3.355151462924802,-1.693361486439002
792,-1.5460648066899676,-3.0502726845059205,-1.9232718565875728,-1.4016833408225349,-1.6274685169689058,-2.8531988080026705,-1.5217537207914478
800,-0.6165228655338761,-1.9462628895320844,-0.9451076871494656,-2.202519444915673,-0.5992520623364024,1.0094056659740749,-0.1431714349399003
808,0.46317588281503863,-0.5962819579182209,-0.009845463040563177,-0.9283319378270222,0.23447562234208844,1.9303671681070307,0.8378528398738597
816,-0.12029042074857058,-1.2798528112855152,-0.46317592055834433,-0.7381333917627539,-0.2074143821809338,-2.6401192318237463,-0.27187729120538123
824,-1.3944780004995871,-2.6384141571896604,-1.365546654410584,-2.969034072965927,-0.9667786728239178,-5.654695344003159,-1.548924971723443
832,-1.400198214784158,-2.462516194075038,-1.1596173598747888,-5.151312563524041,-0.8294924847622126,-2.5729061596798672,-0.969748771150466
840,-0.40916350194970136,-1.2340906856139904,-0.4288543804558281,-3.9471982614529426,-0.4562456578394423,1.2553766500692245,0.20433418705622228
848,0.044166988903667125,-1.0353117902407942,-0.288708039242582,-1.0227161464558345,-0.46339594731720357,0.3129642149824929,0.2829877817848197
856,-0.15890217659895942,-1.6345088011057107,-0.3973929726125037,-0.42351911270150483,-0.4047633029821845,-2.449920672855379,-0.1503218081406808
864,-0.3162092340963873,-1.594466991722583,-0.2901380943115221,-1.0241462525266867,-0.11160005012218358,-2.344095811525524,0.13998134671743642
872,-0.32764982811450793,-1.2569717699565834,-0.039876845463649384,-1.6433641265288979,0.012815601609700595,-0.39205770683161,0.4045433084776626
880,-0.6808757974303126,-1.6845610455907498,-0.3430505232866276,-2.585776774686873,-0.4305044344783683,0.6504593892798455,0.2500962962903831
888,-0.9053958467282452,-2.1450418412839007,-0.7134372775548516,-1.983719622652791,-0.6464441762520716,0.34585568388594645,0.04559706880590621
896,-0.6136627329674442,-1.9162314760777142,-0.8149717950175721,-0.4907322017436083,-0.5778011018846073,-0.45498054341060784,-0.1503217675849429
904,-0.8195920138310395,-2.0663883209074894,-1.1939389608109128,-2.1310162813026783,-0.9982401077044003,-1.3859525761972533,-0.8381828251785937
912,-1.2357408232591072,-2.2108248755643047,-1.3498159584771738,-3.1449319626500847,-1.135526271801351,-1.610472773738696,-1.2028493078619034
920,-0.6394038908863052,-1.5172435774170252,-1.0266213623672416,0.5432044287684128,-0.7679996803627428,-0.14751663032998952,-0.6165228602103445
928,-0.22897530265571972,-1.5401245592949322,-1.1281559360549627,2.067653479041276,-0.7923107931979777,0.4345196650188468,-0.5922117286334424
936,-0.9468677151744377,-2.093559538657517,-1.378417263710008,-1.0055552674878423,-0.8838349162681437,-0.9640835171519627,-0.849623387704569
944,-0.7237776591901177,-1.6402290978843403,-0.6447941256091771,-1.5661407652223145,-0.306088822994981,-0.399207964202746,0.0026951554297079626
