-240,-0.11416203826275102,-0.595546258997719,-1.4255399490817338,-0.28064581487405965,-1.1368306935081012,-0.11501081985375859,-0.9226329327020403
-232,-0.7352325632790482,-1.3159250556523872,-2.2909403360559497,-0.9758034528630389,-1.6491350953799342,-0.6005177445696679,-1.3009500187281131
-224,-1.2270447790583634,-2.0032010613973217,-3.022353411925684,-1.667808448960939,-2.183507971524202,-0.8968661656420861,-1.554737713735004
-216,-1.3342345994604108,-2.425655141179742,-3.1973250378118623,-1.789185166085413,-2.39158240593058,-1.087600994549067,-1.8211359671623137
-208,-0.6721797476398877,-1.8093136248042005,-2.402859161373463,-1.0278220463518073,-1.6601693463166585,-0.6367731749998421,-1.3340527464772445
-200,0.36346328062480765,-0.668057046368249,-1.1938207869359347,-0.29483264183195723,-0.5189127986990174,0.20182973363313012,-0.2984097436122543
-192,0.954583737054853,0.19261435482494704,-0.13768561982217586,-0.00794227309264519,0.39220082499998643,0.7078288141312403,0.38886632800258575
-184,1.0460103542667694,0.738021516618873,0.8711599404304905,0.2095901164506282,1.1188848832544018,0.8575793754999764,1.0083605428258855
-176,0.8442412107544661,1.0611673245935909,1.654591589469228,0.26160865202806644,1.6973947912545777,0.37522511333357406,1.5001727494613064
-168,0.37765014923822415,0.8972298705663827,2.0486719301621705,0.010973613813415358,1.8865533131858576,-0.3372721387907029,1.571107180580705
-160,0.41705818667721317,0.931908938988158,2.092808887342942,-0.07099505892948255,1.7304975283169348,0.09306358932224373,1.495443759616334
-152,1.167387050732814,1.204612528521021,1.8090710624518402,0.4413092833377057,1.287551268537926,1.1917594701403398,1.3803723421911673
-144,1.2052187930492986,1.0469803943435532,0.9594339347164429,0.6966733361197107,0.6901255210444747,1.2942203123812808,0.8601863509161277
-136,0.5478928906035493,0.6418658589319024,0.1775786507340683,0.5106674396543657,0.24245031273734946,0.6400470377721051,0.28010015795333004
-128,0.42966877269864745,0.3502464539508201,-0.12980400738990172,0.9772585206437158,0.12264990902316943,0.4193620478239405,0.07360208437003057
-120,0.45646626526372613,0.03813483646152553,-0.4387629372686462,1.196367175676502,-0.10118769944834316,0.20340605144603893,-0.3520046528819558
-112,-0.4735632478813087,-0.688549233476755,-1.1528364244027884,0.3183562734613678,-0.7348687737411659,-0.8700686806969191,-1.2930684151010707
-104,-1.6290066895120732,-1.3143487307275608,-1.5264245195679003,-0.9789560933994661,-1.0753541579209531,-1.8316246027621879,-1.613061594223226
-96,-2.0435791771819853,-1.4152333359266587,-1.1764812268173463,-1.5952976908847383,-0.7727005230002368,-1.8899484554800636,-1.1685390437243288
-88,-2.0199343495370523,-1.5287284180977851,-0.692550686630909,-1.5275158517036616,-0.5252180865451275,-1.5936000962135992,-0.9730752083779006
-80,-1.8024019899654327,-1.3900121520305946,-0.3268441441240944,-1.131859259745041,-0.34551746928999266,-1.4249337403937348,-0.8485458204066837
-72,-1.023699365145937,-0.5860883426377091,0.07354142277833672,-0.43197261057533576,0.10688672327416979,-0.7140128623003831,-0.29998602451092293
-64,0.07499654005587723,0.3959597275898488,0.25639468327920145,0.39717232700359156,0.3701323343024075,0.18921920044308546,0.09251793537783874
-56,0.6645406417587733,0.767971537453676,0.3021080292227279,0.7471156033290018,0.1636342524218706,0.6305891347892737,0.07517841217349054
-48,0.7323224579107823,0.7427504199355113,0.2705815959187758,0.5437701667261712,-0.11222195715832335,0.8749188504448824,0.2454210910555367
-40,0.6661169665142688,0.6229500245185687,0.04201506177888247,0.31677994870587284,-0.4936916984526538,1.004177226059764,0.1524181150525184
-32,0.5888772355262321,0.4558600044607389,-0.37728635342205535,0.2962877329803643,-0.9019588361318401,0.8796478216634032,-0.11555648243406415
-24,0.17745737552356255,0.15793527099401616,-0.43718663198625934,0.353035303106258,-1.0186066446904016,0.34842763042038327,-0.17230401225909062
-16,-0.26391251225649703,-0.22983972715878195,-0.3158098791328658,0.07717911282984104,-0.8940772162489853,-0.11973976668856158,-0.180185613684825
-8,-0.7856748291336888,-0.6160384515248291,-0.24960440941076809,-0.28695107935243963,-0.6544764547094286,-0.4933278909786704,-0.4749576918832904
0,-0.9716807845263528,-0.6822438875499826,-0.08251434634276836,-0.3074432036390046,-0.304533116239403,-0.5579570598209966,-0.46077081209400306
8,-0.889712050316165,-0.4678642618163795,-0.10615914791066947,-0.2901036963518058,-0.34394117027286664,-0.24426916939160834,-0.4182101207414082
16,-0.3915945507546926,-0.10531035408872609,-0.3993549145614869,-0.02528174007897612,-0.38965444780651715,-0.012549930708027074,-0.5979107523897103
24,0.4249398048667539,0.4432494484109583,-0.30319931258453986,1.109669538996332,0.16363426376707288,0.548620371284758,-0.5159420642376571
32,1.4290564030447939,1.1730861107955555,-0.0557168908612609,2.1957547608111714,0.6412595875652416,1.8412037858921848,-0.0020613049293730697
40,2.275540849265571,1.6144560131381132,-0.38989700886935397,2.4400845949987433,0.36540334818272535,2.9824603131900607,0.19024981859211756
48,3.044785631553536,2.128336793104826,-0.5538344048159,2.662345845695142,-0.184732752995422,4.043324447797053,0.5260062533971314
56,3.360049886531294,2.6973886872101187,0.06723613256158746,2.843622756887461,0.14314209376103587,4.227754051510532,1.251113987742708
64,2.2629303045609928,2.110997245855422,0.44240059278306226,1.7291637363785006,0.31023210789226796,2.6987225038774465,1.5963283245145647
72,0.14277837144771025,0.2808883259125002,-0.14241454498256192,-0.3184775131643859,-0.5031496141353377,0.24596672078555484,0.8176256698927472
80,-1.740925457087586,-1.6059681294433823,-1.0897835903065085,-1.957851510560075,-1.4741634703404112,-1.640889722717131,-0.2290515784903631
88,-3.3408915035726205,-2.9064331519111364,-1.463371698848799,-3.349743146683788,-1.8603621185073387,-3.4095220991143296,-0.8296299812520718
96,-4.423824126337219,-3.7276964225330853,-1.3483002909061896,-4.388538779417328,-1.809919842154153,-4.482996794512378,-0.996720037377485
104,-4.1590021978347345,-3.5495721705036445,-1.1071231158814963,-4.286077934636418,-1.8146488518108965,-4.213445892251403,-1.1748443183625914
112,-3.375570606030003,-2.821311771237923,-1.2111603136962423,-3.6996864214852154,-1.5860822512931039,-3.7531600877629603,-1.6351301118444945
120,-2.90897949269836,-2.4272314833763695,-1.2426867436135671,-3.28826660754068,-1.3228366101238798,-3.5608489713533875,-1.920444193419877
128,-2.4549990236381447,-2.028422195679293,-1.1055468067044876,-2.8642362217985466,-1.2109178445803432,-2.7033301913928436,-1.6966066162746687
136,-1.18763676075382,-1.1031216603567022,-0.735111313468249,-1.7608113745032077,-1.0138776666986253,-1.2263172404658234,-1.1102150963502124
144,0.37449754544670594,-0.12107359707173142,-0.17709367317831373,-0.468228034401586,-0.312414739508885,0.15769276239785482,-0.6656925641391034
152,1.6355544442858005,0.7112240228684737,0.2879211133658574,0.4964805148229317,0.34806384546747393,1.3872232949882222,-0.47495775165726656
160,2.3512043306812433,1.2629364257730493,0.5275219434846217,1.2405041670622108,0.5908173508355983,2.4764611949310535,-0.16915138323719692
168,3.1172963989429636,1.6491351018796536,0.6977646269386154,1.9561539601560656,0.6318016691732552,3.343437849934753,0.33054240789082084
176,3.8203356784892155,2.07316548423516,0.5338272311614011,2.509442704071948,0.5498329366563813,3.5656991172256287,0.2690658743356493
184,3.664279874316515,1.9738573152116023,-0.10300652464604262,2.711211832344427,0.2582135316752996,3.1400924151945686,-0.11870909909476758
192,2.835134925053722,1.4000763515062582,-0.6547189375411695,2.2509260215907245,0.004425824645880735,2.47803753695835,-0.08560638523080964
200,2.3228304955808747,1.2755470136571294,-0.33630210281694894,1.6613818814496064,0.2361450353897846,2.1927234067848618,0.2722185485690209
208,2.4126808200409258,1.8083435606432863,0.4518585804315818,1.6755687790186884,0.7326862423687232,2.4023740904249413,0.8980180476824717
216,2.406375536766763,2.1898133019376167,0.9547049333569368,2.0255121305272286,0.9439132577068843,2.632517019084857,1.3519985538262584
224,2.809913796021022,2.5917751561733087,1.2431717958444588,2.447966196763139,1.1330718046992077,2.861083552547424,1.6231257910026122
232,3.673737763075508,3.361019955394412,1.9194135577645852,3.452082787829262,1.6674446759328654,3.1180239026532415,2.007748163350812
240,4.21914489235781,4.2358781671203625,2.7911191237048345,3.936013350875436,2.466639542385571,3.1006843858834867,2.5342394169029236
248,4.00791787464901,4.199622769709808,3.13475717161945,3.3259770996555984,2.7740221326076586,2.9635444681088514,2.676108314023985
256,3.8424041730814156,4.111348778979814,3.1505204086758565,2.797909475459189,2.748801014242838,3.1952636986645273,2.7249743101558277
264,4.107226061283032,4.577939881812911,3.5304138429944856,2.8420464910592846,2.9978597480217575,3.8131815562207083,3.130088871813842
272,3.9826966866889935,4.667790133460471,3.7306065935107497,2.4952557997296108,3.046725753636157,3.676041622190262,3.330281617419496
280,3.2591653129971623,3.852832095482604,3.1962336796055837,1.7291637123334451,2.7235798758969136,3.053394741600158,2.9850673024913856
288,2.418986141583981,3.0095002972488327,2.2488646723811963,1.481681291456823,2.201817565284982,2.4701558750813137,2.362420458815523
296,2.2030301049052112,2.323800579683816,1.3440562967354288,1.3539992517733073,1.7478370296775358,2.011446448179757,1.7066707861303656
304,1.7947629599447752,1.5561321290939318,0.678848781857405,0.9079003350327276,1.2024299435747359,1.379341683571937,1.0115131371348471
312,1.1043342415282469,0.9382142493553416,0.3557029042874913,0.5421938563638422,0.7090413788255383,0.7630000828693698,0.5874827839043383
320,0.9987207479136715,1.0595909547959492,0.5401325247647774,0.6619942783658115,0.6948545056401746,0.8055607557648456,0.808167727794368
328,1.4290564194699373,1.7311037795331616,1.1706610110138993,0.8401185612135631,1.1709035073921492,1.2926439891497685,1.3661854217623495
336,1.82313669615562,2.112573486961217,1.6451336687066023,0.6446547644746888,1.5334573716016389,1.6693847385671488,1.8059790477781865
344,1.481075028537193,1.750019684388348,1.3472089521730177,-0.028434408724412184,1.3616383708427309,1.546431714128313,1.5474623837540824
352,0.8300543995443863,0.9035351761922867,0.7087989110642898,-0.40517517998554076,0.7137703503827221,1.0530432050891378,1.009936838964378
360,0.4422793629533658,0.34236480003235853,0.2406314692518615,-0.6400470205979951,0.059597061041716644,0.8623083269067263,0.7151648049614021
368,-0.15041742890005116,-0.25821351823299243,-0.29374135981828436,-1.2027937011936531,-0.6465948558236648,0.4902965295734209,0.35733986540430485
376,-0.5050896755973256,-0.7673652773670901,-0.445068202424352,-1.4833788535446961,-1.1510175666934643,0.2317798332070237,0.06572046787380333
384,-0.06056713779828155,-0.6002752315708908,0.06093086994585246,-0.997871942036635,-0.9129931285547521,0.7425079199752499,0.41724009875703116
392,0.5541981664271309,0.08227185832688232,0.8680073266484203,-0.6132495952574728,-0.017642642853299497,1.3541205299861885,1.0477685628237425
400,0.5210954000704457,0.3155673933182878,1.4607041183325065,-0.9773797611933905,0.6917018571451721,1.234320135754566,1.197519079488995
408,-0.2812520701737776,-0.12264992555251698,1.519027977484975,-1.8002193834945246,0.88558935977753,0.4571937437436276,1.189637440810358
416,-1.3862532384993203,-0.6948545533264957,1.3251405036389514,-2.8863047145281024,0.6349543273201461,-0.6667232239436545,0.9910210385866514
424,-2.5621888525067615,-1.5271521007928712,0.7954965668789051,-3.805299971148476,0.22983975601024378,-1.5778369108032615,0.6678751523808373
432,-3.421283880515689,-2.4492999546008396,0.5417088268298683,-4.538289301839846,-0.3045331167473972,-2.1531941222183253,0.5102430618908648
440,-4.0392017328225975,-3.1302707541173884,0.17915497210293593,-5.001727747034047,-0.7285634840324101,-2.7758409753767452,0.23596314065991983
448,-4.239394558183328,-3.533808975949414,-0.7965878378795263,-4.944980212637074,-1.38431314842033,-3.2944506051513796,-0.42766801424168205
456,-3.8090589081321466,-3.412432266952847,-1.5689852166777618,-4.546170909022847,-1.9328729245043201,-2.966575859655086,-0.919480271676516
464,-3.0335088766056244,-2.8575671564566183,-1.327808124117449,-3.87308175326488,-1.8335646530352798,-2.1169386877241982,-0.689337382470811
472,-2.4581516154071354,-2.216004457539664,-0.8044694457398532,-3.0896501511309338,-1.2928865312084143,-1.6661108793508446,-0.3267835135200431
480,-2.2973669199403246,-2.1103909051670997,-0.7745193541245339,-2.722367305373709,-0.9933854653662842,-1.6535002863868236,-0.4103285137277382
488,-2.4518463263757053,-2.3499917320685673,-0.9684068665781119,-2.8752704322650735,-1.2408679119812758,-1.9277801302333288,-0.7413559725729525
496,-2.861689876524041,-2.7125456237097407,-1.0472229551719308,-3.505798916990213,-1.4237211667248728,-2.350234274023011,-0.9242092555948905
504,-3.143851384279559,-2.7314614933440007,-0.848606457953322,-3.6508204605742978,-1.2645127160891474,-2.586682464452005,-0.8107140951926685
512,-3.1343933844391803,-2.7629878968456314,-0.7997404743520008,-3.6618547101563723,-1.0595909703093076,-2.586682396719454,-0.5521974406511216
520,-3.377146819534784,-3.1223891191640405,-1.2505683685763627,-4.155243219364878,-1.5813532822758896,-2.6497352836471237,-0.8249009988576802
528,-3.2888728516645256,-3.2059341410461513,-1.8196202957012753,-4.286077903818105,-2.163015784754359,-2.5315112184042805,-1.1890312365901017
536,-2.50386495610139,-2.6684086440078967,-1.8385362112243384,-3.702839068625566,-2.0605549025512135,-1.9277801561410302,-1.0897229558078352
544,-1.8150125732775642,-2.0032010446335162,-1.1433785053334764,-3.108566016193247,-1.3717025784853765,-1.4832575920956224,-0.4670761024800839
552,-1.6037855599713806,-1.3427225209551148,0.08299936521537866,-3.0565474123752625,-0.4132992949245587,-1.592023796011153,0.39044266511927145
560,-1.540732678123652,-0.8083496238137563,1.1281003443836852,-3.2031452798681883,0.4221509484496046,-1.6613819023750567,1.0162421171585996
568,-1.7834861550441046,-0.9186921001613867,1.2116453447607118,-3.4143723199287295,0.5435276623567815,-1.7575374821695933,0.97998676716083
576,-2.2217034664643283,-1.6453761694223419,0.6488986800822034,-3.6460915172954547,-0.2525145031081941,-1.9230512744988078,0.6158565675279685
584,-1.8954049751123454,-1.809313577730078,0.17757862787433235,-3.5184094791359217,-0.864127172893109,-1.5620736366632835,0.5133956727943012
592,-1.0631074022462632,-1.3143487166730572,-0.04941159471791337,-2.8989153039361644,-0.9665879865170465,-0.7518446149460817,0.4944798470168679
600,-0.6233137262776701,-1.0479504383540343,-0.1187697031137934,-2.4007978018347207,-0.9555537501428197,-0.405053907868589,0.4661060486614079
608,-0.6847903079229533,-1.1078506454603967,-0.10143017940145066,-2.4717322590311515,-0.9492484758432195,-0.8338132565320059,0.3494582841290045
616,-1.2506896285470446,-1.486167712860018,-0.23384117607965144,-2.8437440147089386,-0.7348688098087489,-1.530547236886944,0.22019992155263893
624,-1.3925584985750854,-1.3458751813033139,0.46446912666014223,-2.831133504886625,-0.05074538059298183,-1.1159747854539463,0.7104358125764587
632,-0.862914634627531,-0.8083496441335213,1.0902686093484506,-2.3913398177421605,0.7862810849218625,0.015823857487550465,1.4528831244817566
640,-0.6879429447340903,-0.8556392460840041,0.9499760081965505,-2.4181373363842718,0.9060815411287693,0.30744324502750076,1.4812569216518974
648,-1.0662600168749898,-1.257601188880007,0.8238703132496329,-2.8011833897342435,0.7657889575873326,-0.381409074466389,1.1407714673689193
656,-1.4776799073573068,-1.3584857165253343,0.946823385101255,-3.1763477976323227,0.920268464097558,-1.1585354471735503,0.7514201886561159
664,-1.8559969137976324,-1.5492206046982966,0.9673155525673205,-3.250434910774336,0.8209601982164532,-1.4895628760471111,0.4613770848934676
672,-2.270569403668853,-1.9369955723714474,0.8522440901000078,-3.3213694052236704,0.5104249034506773,-1.8237429683168345,0.5654142551071994
680,-2.6441575189843984,-2.2096991539457354,0.7986491769356848,-3.636633581631668,0.3386058986278159,-2.0333937129162094,0.9011706878802365
688,-2.7024814026899158,-2.3153126140326994,1.0981502505670582,-4.082732499049573,0.25821353946454245,-1.8867958503338942,1.1880611577103812
696,-2.4754911899188903,-2.2617177804541226,1.468585707735713,-4.0559349951392925,0.021765353776827142,-1.4706470567042702,1.4182040250723387
704,-1.9363893598279014,-1.798279341017189,1.657744255913356,-3.4742724982487583,-0.005032109155261018,-0.9741058824062869,1.700365546543698
712,-1.2349264048678155,-1.1330717839756523,1.813800024187804,-2.7838438473954494,0.3291480081755069,-0.38298542597624186,1.8832188083992136
720,-0.9306963984561442,-0.68539655636475,1.914684595689959,-2.1170599442626643,0.6601754326464516,-0.12604506791185058,1.7145524024572614
728,-1.0284283052074843,-0.557714544112918,1.6939996253842344,-1.760811415989395,0.7358388825664886,-0.2710666436688991,1.3882539602113764
736,-1.1198549715255002,-0.6838202397371612,0.9846550778036458,-1.8664248759070274,0.6034278723417775,-0.17963997379492438,1.1360425615123095
744,-1.2191631424117026,-1.2702117329072593,0.14605225298970534,-2.2809973759381297,0.012307426071615573,-0.14180828922043956,0.6662988565810074
752,-1.2097052341795984,-1.7399554711968428,-0.6720584863145558,-2.3866108517729128,-0.5819656830867168,-0.14653722318605752,-0.08718269948775972
760,-1.1356181899554552,-1.8960112426885873,-1.116581001761858,-1.7655403314978932,-0.7332924826826147,-0.0204315421243126,-0.4418550025723826
768,-1.1340418120299083,-1.7541422962920956,-1.2742131963906274,-1.3824942898317851,-0.5520155528638435,-0.10397657162633603,-0.3520046559299205
776,-1.5659538334027134,-2.239649263002187,-1.4160820537188152,-1.9405120144487478,-0.7317161816335122,-0.7817946943695417,-0.6452003589121401
784,-2.2658404231371065,-3.1791366649062174,-1.5295772147983628,-2.5537009216141673,-1.2046125348904855,-1.4911391770962132,-0.9478540490348859
792,-2.7150919890500145,-3.464450863489582,-1.6604118283017428,-2.662467104363276,-1.1904255927872507,-1.8710326159867898,-1.1511994688739104
800,-2.741889447240823,-3.2847501702046586,-1.4696769783976718,-2.4039504328885917,-0.9555538083928133,-1.8663036435829492,-0.883224893061744
808,-2.1822954200507776,-2.5517609108017982,-0.8911671379607146,-2.047701865838437,-0.4243335208002399,-1.365033539044638,-0.17388033955455648
816,-1.7425017791337796,-1.6690209706515802,-0.04625893623235981,-1.9688857801232518,0.1857027929028741,-1.0481929604967055,0.6079749181814545
824,-2.344656466180784,-1.8077372704157142,0.2894974663996925,-2.503258693689755,0.2613661889755331,-1.6739924553768726,0.5937880609132402
832,-2.904250510473301,-2.2869388886590616,0.3651608624723512,-2.8027596989112524,0.3874718820598058,-2.135854591394066,0.47556395723217454
840,-2.3556907900993327,-2.052067017566959,0.7844622788586085,-2.3787293002999346,0.8256891521631734,-1.4438495759923875,0.7640307455525531
848,-1.5486143112143542,-1.6548341061021161,0.8963810962175466,-1.8522380145748607,0.9738633498301982,-0.5989414303127183,0.6426540531504611
856,-1.1892130993944887,-1.5050835977341015,0.4266374097433641,-1.7135217627315056,0.5482566733681765,-0.33254312303803013,0.17921558120190267
864,-1.163991946147403,-1.4309964683362748,0.12240741399956935,-1.7387429022627485,0.026494324656685473,-0.43658034489783204,0.016854520001403268
872,-0.9559175767642736,-1.3474514638952952,-0.09985388309362692,-1.642587292157896,-0.3549753947938967,-0.12762138877272408,0.22335257986886112
880,-0.5681425547357516,-1.2859749135763172,-0.25748602370568724,-1.24850697212338,-0.5488629319698553,0.49660178761720847,0.37940840588530894
888,0.0939123802264772,-0.9313026785629088,-0.3599469031995307,-0.551773057130354,-0.4873863764016047,1.1113671009865147,0.3415766766073402
896,0.6393195193299985,-0.37643763715388245,-0.4608314189916621,-0.061537165259876805,-0.4353677439666191,1.3588495140738939,0.5165482928416321
904,0.9577363996043592,-0.02964696360400273,-0.44191557018516164,0.12131605697209617,-0.41960456346689273,1.5401263881826417,0.6316197620822002
912,0.7465093361760876,-0.31653742293560144,-0.40093123000375663,0.20643742850141555,-0.22729337746212327,1.4581577189957036,0.4566481202788703
920,0.09075975374455428,-1.1425296661307232,-0.6058530116818476,0.1276213885057019,0.010731125022511966,0.8370871614677817,0.12719698585048841
928,-0.003819545489977064,-1.3758252529375299,-0.24172280138110966,0.26318499744198953,0.39850613706048327,0.6510812248709006,0.16975767009116546
936,0.5100611899425831,-0.8572155882806307,0.3493976719820728,0.6210099369990867,0.727957231357329,1.0120588356134044,0.4534955088674397
944,0.2342050252352042,-1.0369161972385283,0.035709713481470944,0.11501083194792687,0.46313533164117937,0.6873366378599426,0.3179318586142954
