-240,0.16600379697644171,0.43621152827444565,0.8382997251688861,0.6996390575256486,0.451605899235568,0.0729149261501451,0.33145184264494437
-232,0.520019271960243,0.813346401650984,0.5131835193635943,0.5970467985010682,0.3128896370912208,0.3604622046785573,-0.16705972134159527
-224,0.35818362880784754,0.5373587692335535,-0.49250941137329485,0.4901196729415694,-0.29977382970257455,0.10181417887528932,-1.08749994270217
-216,0.3610735583023576,0.2772658129091351,-0.5156288057303008,0.9221630390757363,-0.11192890010678602,0.0642451815939961,-0.8909852058411788
-208,0.12409994433610116,-0.16200238014332566,-0.11537459620441774,0.5493631422854006,0.15105400946086797,-0.13371449587747267,-0.44015739694572026
-200,-0.7790007200808478,-0.5680364222707565,-0.14138389071927238,-0.5444724605394861,-0.12926845782651342,-0.7275934769139174,-0.46616666972971504
-192,-0.9148271152845174,-0.07674965446886507,-0.18617766664530602,-0.3869717093781592,-0.15816766088112047,-0.49495474966123504,-0.23930777399203737
-184,-0.06374499736688054,0.6645153764193544,0.23141607995598737,0.4958995058535576,0.19440283592885887,0.34745756797611893,0.4687231290989964
-176,0.28160065343269164,0.8668099218227256,0.5189633297686201,0.4886747579424618,0.133714472851119,0.5165180361841638,0.9701246367051052
-168,0.15877899520385733,0.7902269795095216,0.4019214794612847,0.14621894117683568,-0.25931495042422276,0.21018624085431484,0.8588626610640532
-160,0.15588901541792807,0.6558456309318831,0.27043000977629644,0.16500347396597675,-0.4254854767201229,0.22030097243185034,0.8631975147156763
-152,0.38563789404594373,0.7844471383708508,0.6302253415760322,0.4077569051669576,-0.019451394390601437,0.6350048539551119,1.0741618441011853
-144,0.9838517413068658,0.9968564482584886,1.3021322682452123,0.8686994794780053,0.5874322723979366,1.2100993324703992,1.471526109386617
-136,0.9954114524552077,0.6182766074183373,0.9712361340673691,1.0955583525535006,0.7015841721007842,1.0208094358766597,0.8617525666546175
-128,0.23102703279791745,-0.1244333693578552,-0.20207221638888864,0.6909692656272687,0.20162762900909928,0.016561464687140814,-0.4806163013697815
-120,-0.06230005458331648,-0.24292019954643754,-0.538748187980113,0.5132390674537957,0.29410515987099384,-0.2550912049587052,-1.0224766761470494
-112,0.4723355800438769,0.08942087539710508,-0.06046604554956903,0.9178281806122798,0.8359655731429272,0.418260660613529,-0.6988054080030475
-104,0.22380224266686496,-0.2862690174773047,-0.2555357978727,0.3961972236657183,0.4992896164528644,0.2463102829344093,-0.7378193657630335
-96,-0.7356519007529965,-0.9234968712374282,-0.9780163639583269,-0.8146801754497948,-0.3893614150822546,-0.7478229312214234,-1.240665832761293
-88,-0.9206069292596134,-0.8266844895178788,-0.834965210909454,-0.7655515059804876,-0.567091655941346,-0.9168834251960596,-0.9531185886918166
-80,-0.01317136214138596,-0.10709385013279442,0.32533854878961327,0.07686080405106549,0.31433461945599483,-0.22330205347269586,0.27509836457335446
-72,0.6067168991296342,0.39719758510517983,1.2602283496361886,0.332618932490452,1.0238105272635434,0.45004980775336606,1.2157680590231073
-64,-0.023286118864630962,-0.042070577834517696,1.0405942559815369,-0.40142130655929065,0.6351159770423782,-0.035457093764144375,0.8603076103668755
-56,-0.887372860135749,-0.6677387761704336,0.34990289136289765,-0.8045654683970868,-0.06424516534958126,-0.8735345400547462,0.16094641939092189
-48,-0.5839309842110826,-0.3064984564179889,0.13315871074939015,-0.38841664176195473,-0.1769521784586591,-0.48917489843323647,0.11759759757954363
-40,0.4940099717022328,0.26281618592568146,-0.13126915246725823,0.22569179684162521,-0.2564250064942126,0.3301180231396873,0.3054425683087456
-32,0.7150890216446268,0.10242547934803249,-0.8523047473639823,0.2069073064276615,-0.5902110287227119,0.5916560149142661,-0.27832172042093206
-24,0.33939912333750205,-0.3960860829310824,-1.268453518895862,-0.5415825080723528,-1.004914856539705,0.30844360711172414,-0.9675681579332703
-16,-0.4481046293647241,-0.771775968820573,-1.2193248621546304,-1.4909219844863772,-1.1002823075828836,-0.5700927355314772,-1.2002069170061407
-8,-0.7356518954755021,-0.7269821121799165,-0.6514551422606488,-1.4389033749675713,-0.4312653105634336,-1.0541546958176276,-0.7782782722049605
0,-0.24147521897863858,-0.38019149702114,0.12882388519266472,-0.4577747683327358,0.6452307229001936,-0.7319283979312067,-0.22919307935696379
8,0.22958210274242843,-0.16055742090639605,0.7082532577168864,0.1751181568042972,1.3807158819160972,-0.3706880991335195,0.07135883261425748
16,0.8812595488718498,0.6341711889821081,1.1648609409681878,0.5204638585161704,1.8098693244541304,0.09892424891511797,0.5814301156653808
24,2.3406702440757403,2.443262460504252,1.7385105286987548,1.3946653560448727,2.0858568784852443,1.5785643936146816,1.1334052706041777
32,3.372372421985253,3.983591030369728,1.910460873315922,2.010218759318097,1.8633328885532539,2.670954964093815,1.3573742722376032
40,3.3853770771589224,4.441643651592759,1.4538531678680993,2.0275582814923463,1.2029856960050385,3.0871037773799905,1.0770517591601954
48,3.7206080583139105,4.412744412992674,0.7848361814036383,2.6445566756674683,0.5354136520137014,3.5885053046990953,0.7952843557637275
56,3.1166143332822966,3.128174031016011,0.17361763643864983,2.263086920233969,-0.07002505305438105,2.900703789636444,0.8501928780132376
64,0.12121000723578995,0.31194489994325103,-0.7280380785202559,-0.801675523380534,-0.8719784481068835,0.022341325383585454,0.2057402066480465
72,-3.1429571035103163,-2.361233094999663,-2.1065309637894805,-4.174214739412165,-2.061181420639443,-3.2129265141661443,-1.0383712653166208
80,-4.754088682659832,-4.339384858168137,-3.045755660818078,-5.338853329014131,-2.8154511102714035,-4.9613294833017365,-1.7926409447040321
88,-4.9592731462266215,-5.537257617011142,-3.0789897630038943,-5.22325643980637,-2.9035937257039444,-5.520529418592698,-1.7796362840976474
96,-5.076314974803096,-6.183155210670801,-3.1888067885660223,-5.38798198140919,-3.042309999800263,-6.034935510902399,-2.194340141251301
104,-5.4751242600166465,-6.084897906191123,-3.1454579397462887,-5.947181963731943,-3.2185952412203336,-6.584020743642047,-2.921155550433561
112,-5.531477729706334,-4.762758435508332,-1.8796720556341686,-6.0367695248972355,-2.2114573908277237,-6.495878122621573,-2.503561813611155
120,-5.1803521679188975,-2.882864098357133,0.04935101400583205,-5.604726195705531,-0.8531939431021994,-5.7603929654683155,-1.1221789823940547
128,-4.384178631544974,-1.1561355708608738,1.305022146982642,-4.416968147330082,0.032567222578785304,-4.666557404397725,-0.2653170734739458
136,-2.705133859760678,0.5416936949074556,1.6113538833287278,-2.492280007244493,0.5310787711985027,-3.032306409160343,-0.005224097591753181
144,-1.2601728154441865,1.6413090882691523,1.3035772473503575,-1.1658057356850262,0.5079594220106417,-1.6870476357006021,-0.1685047060346753
152,-0.6012705697152668,2.210623746445307,0.8310749631327314,-0.7771112022276682,0.2941051266538219,-0.7420431070017793,-0.09770158483670709
160,0.3003851818756607,2.9576686439283475,0.6880238096181976,-0.20635155982409525,0.4675004680712636,0.5613118214234233,0.4629433235058032
168,1.3523168279072983,3.9098980206554406,0.3470129364122376,0.6172762642948861,0.4097020157063616,1.688381459223679,0.5900999126860341
176,1.9635353601442127,4.655497902711756,-0.304664505060571,1.2241599244089458,0.11348502552853175,1.8791163440805683,0.186955722908561
184,2.8492964792590665,5.492130332023431,-0.31911410068949836,1.9870993953842948,0.4299315151830128,2.35306354267642,0.17828598145682117
192,4.03705453756862,6.590300786016414,0.7212578768794157,2.8150620844859904,1.4544089104120548,3.422334723765603,1.136295163001006
200,4.424304130415502,7.227528627358901,1.9364701352344866,2.9855674645887333,2.2014537976505477,3.9439656901806113,2.186781869508709
208,3.6223507072681027,6.857618590213882,2.255806550347747,2.0333381620570052,2.0150538015250974,3.0972185046113556,2.049510557753727
216,2.454822140053296,6.075894629445453,1.9668143470413406,0.9582871035075725,1.3301422623678663,1.7476248672554409,1.1334052477867744
224,2.4201430761470246,5.954517888233593,2.345394159786594,1.2299397205336924,1.6913825248439727,1.4210636267760908,1.474416023514305
232,2.8521864703760893,6.145252836109976,3.4276699668680046,2.0116636777320545,2.714414962543508,1.999048099047145,2.293709034028535
240,2.5747539044883205,5.52247453870801,3.283173870414686,1.4293443834743442,2.5843684800351285,1.757739583000493,2.1766671649395275
248,1.908626850933219,4.613594015922923,2.2586964891554837,0.573927426340584,1.8546631422896798,1.2563380937103945,1.6839353910241373
256,2.138375686720396,4.862127322255849,2.1951182195558574,0.901933613639229,1.8459933519435043,1.3242512781184923,1.910794323549057
264,2.553079529748991,5.038412537909327,2.304935195913108,1.2573940300096111,2.1320956296359124,1.4499629088378965,2.1145338575260193
272,2.0083291796871863,3.8203104498664824,1.2790128948429644,0.6938591988470697,1.763630575010887,0.9789055414820228,1.4599664513236632
280,1.1095634036912363,2.1629400268997028,0.008892103372953654,0.09564532426735155,1.2391097276853635,0.525187784155162,0.484617705695713
288,0.8408006694382775,1.408670321900922,-0.3393435660176552,-0.10086940452217663,1.0888337629297986,0.5367474237468858,0.04968442434731577
296,0.9592874308642103,1.3624315862722975,-0.24975596154586258,0.056631359832886495,1.2217701798997433,0.5974358776285768,0.010670488318189527
304,1.1688067767984018,1.3508719569251229,-0.09659008111040573,0.2170220398678421,1.0657143499463413,0.37346682911858126,0.05835420538026542
312,1.0589897544959033,1.242499836427995,0.3181137527601842,0.24736622249325504,1.1076182643644128,0.11770875298847927,-0.0008891917860662513
320,0.8364657580446554,1.2988533280037629,1.0853880811124468,0.3514034356324908,1.674042974885266,0.10036925254508995,0.24619913062988177
328,0.8957091834611041,1.7540160478271822,2.0390624051244974,0.6750747065704602,2.47455146145792,0.220300982521178,0.8111789197875906
336,0.8422456156366915,2.060347735434053,2.7109693207730277,0.8441351488566938,2.9586133618289843,0.08302968970308873,1.082831622184946
344,0.32350453323660777,1.6918827373092657,2.2254623694297595,0.375967760044986,2.338725047627798,-0.21607725558062219,0.6146642194034001
352,-0.16922713792285834,1.1240129873025209,1.1576361045814476,-0.17022750066975342,1.340257003724288,-0.4573857213358563,0.03234490170740565
360,0.03884724846396337,0.9954114603057794,0.9986904148275081,-0.12687871160988637,1.1336275635358806,-0.1626136781325421,0.31122238399126584
368,1.1297928454258888,1.8869524543973586,1.9855988214676001,0.9236080247001385,2.0627375173454108,0.8633086389253054,1.6709307429906073
376,1.597960251311843,2.4967260093917734,2.5852576765494466,1.5781753945809136,2.8068924907666566,0.9789055354284254,2.2604748903988647
384,0.681854908903822,1.509817608184396,1.7702996379648066,0.7805568514726094,2.179779365324439,-0.1741734142713732,1.2359974804238818
392,-0.2487000240108527,0.22669221866183373,0.7703865494531318,-0.27426469673474246,1.4919779325286167,-0.7463779685696444,0.07280380861499375
400,-0.47266901741759476,0.02728749425389258,0.6692392448536476,-0.41731586856528685,1.7376212787886078,-0.3186694950474282,-0.02111867015273913
408,-0.5651465374140591,0.13710456188075665,0.7284827235107044,-0.36818719707811426,1.9023468365343525,-0.442936124309945,-0.2393078432203485
416,-0.6084953196442277,-0.20246124001912405,0.5782067416808926,-0.45921976420168686,1.7072771189805982,-0.7492679168458264,-0.7045852660607451
424,0.0518518927722027,0.10676040315928959,1.1547461660841527,0.13321426815281692,1.9875995795935006,0.02523119480778931,-0.1771744668889695
432,1.203485857002819,1.032980464261551,2.0795213224318543,1.2097103241234068,2.4080832140902295,1.0930574823182835,1.1232905340595885
440,1.6268594507963803,1.4997029185163762,2.1792236359742208,1.4553537022035858,2.171109628529312,1.215879196271252,1.1406300462997299
448,1.5907354323097909,1.6586486133925902,1.8858965161519168,1.2805134086893541,1.866222814322473,1.4181737025590753,0.8545277381841189
456,1.9201865549414208,2.132595850793549,2.437871635234795,1.5420513478442077,2.280926647882622,2.173888367415668,1.5437742050331182
464,1.962090417205428,2.105141560875404,2.677735206324798,1.4481288931356413,2.6017080337191243,2.250471299639544,1.9006795556499405
472,1.3465370154844074,1.3711013437117423,1.6359182448389056,1.0579893858506328,1.944250669306478,1.5525551115174603,1.2099881913417423
480,0.8812595114637264,1.0243106420951875,0.914882712651235,0.9525072434320093,1.3547065891086671,1.2144342278763165,0.7591603313787624
488,1.0286455395846412,1.3060780832102188,0.8671989488678098,0.9799614895779926,1.5830104249911623,1.449962886951815,0.9874641730044132
496,0.8075665101313437,1.0792192411788095,0.5969912476168996,0.5710374917237994,1.6393639230861876,1.2924621053672847,0.8819820532479722
504,0.40297742258423047,0.5648130801064558,0.4842842694324179,0.42076158114016443,1.460188753879032,0.9919102433770415,0.620444065819566
512,0.5864874696573958,0.7367634169626025,0.9986904128096423,0.958287040953739,1.7477360153331973,1.2129892579291774,1.0250331465369802
520,1.2410548322428114,1.306078118290036,1.4740826009104075,1.5391614240928526,2.0309483683429277,1.6970512045559296,1.4397369856850648
528,1.1818114257632542,1.346537015573957,1.58534460588812,1.7154466830528314,2.1566599723644173,1.6204683029104785,1.1492998122762978
536,0.7887820696983588,1.0604347012495288,1.5940143925090051,1.6417536533151107,2.33439017379752,1.4687473356114846,1.0221432544505933
544,0.43765649859769623,0.8841494880795766,1.296352427727423,1.1215676795094256,1.9081267006456475,1.3314760398442071,0.7259262290377263
552,-0.08397447557833325,0.42898670461578065,0.5926563967592441,0.5551429408936738,1.1798662999406078,1.0728280728694817,0.1060379013323628
560,-0.059410133160268476,0.05185187206221515,0.26176025590692215,0.6765196436108689,0.6799097495535626,1.1118419809589304,0.29821774992757505
568,0.7266487009727806,0.418872002995788,0.5363028716558639,1.5651707231091005,0.8070663409068798,1.727395390751412,1.0409277397422836
576,1.1456874110019555,0.6919696683553647,0.5232982161717538,2.0188884940953593,1.062824472605895,2.075631002089581,1.0958362410370353
584,0.7728874193719374,0.3076099894809518,-0.03734668906634784,1.4264544522724085,0.9183283337773993,1.614688440661829,0.3155572828120338
592,0.33795413228038407,0.08364104993569738,-0.3740226213868039,0.7213134553928212,1.0469298863855119,1.0656032088535052,-0.2884364684518331
600,0.6572905601217195,0.6775200351630933,0.3499029014522257,1.1027832038414018,1.8257638805617507,1.2231039451136703,0.26931851458711903
608,1.314747887902345,1.1716966862038067,0.9105477896160803,1.9957691352838314,2.1552150125066056,1.7808589876020464,1.0972812178138733
616,1.288738602390274,1.0156409706478609,0.5377478751306156,2.234187737513238,1.6335840772909045,1.5424403706267003,0.9181060285832823
624,0.5315789537719232,0.035957270940670395,-0.30466444669768983,1.6981071062409916,0.8345205873633038,0.5974358473605929,-0.051462853088592976
632,-0.11576363389404154,-0.9220519124661591,-0.8783140648514606,1.206820383918687,0.44004624908885503,0.292549066991808,-0.6525666391572512
640,-0.004501643507048477,-1.1272364163902613,-0.6687946394444083,1.2154901730230985,0.3461237732703106,0.997690052850745,-0.3274503909767821
648,0.4824502940815038,-0.6561790291661728,-0.1486086811607655,1.2299397998513315,0.6611252606918033,1.474527236665241,0.07858367645157828
656,0.0590766718826042,-0.8512488247958035,-0.5069590201959588,0.7545475681336268,0.5469733339806017,0.9182171557421004,-0.4141481097262258
664,-0.07963960733598996,-0.9986348409647458,-0.9288876901428477,0.8051211962189817,0.09181060437829457,0.6552342691470701,-0.8230720509249623
672,1.0445401217692936,0.2917154211109172,-0.2959947026072022,2.0737970475441756,0.5310787676284329,1.6956062588231784,0.09736814622122501
680,2.0025493324949193,1.2569494204153904,0.2863246324734811,2.9003147947936294,0.866309780603609,2.4628805921424948,0.8140688422971815
688,1.4115602908870926,0.2758208971339255,-0.161613325158564,2.16049471227691,0.6177764578173173,1.8661116994618892,0.38058049938617605
696,-0.04785046299012043,-0.8729231998455735,-0.5878768161607859,0.6851894527387165,0.5050694987249488,0.7245924261410552,-0.10059154537530264
704,-0.8367991549058408,-1.0419836118638226,-0.5445280483661171,-0.13988338137427578,0.4154818762475861,0.06713512273003859,-0.08758687716311747
712,-0.23425040866893024,-0.672073595518342,-0.30899935467646295,0.6071615591048244,0.5859872873944157,0.44715990138670003,0.2852131237801261
720,0.7945619179771692,-0.28337907913523014,0.039236242691866874,1.6778776961713069,0.7955066721337154,1.3358109842997807,0.28665805600870103
728,1.1138982568771987,-0.3773015696997155,-0.05902110540475253,1.8339334868539405,0.4530508839286482,1.759184543323966,0.07713870650443888
736,0.8870393811629559,-0.73998677620115,-0.36679782070076233,1.4293443962024188,0.035457118390462096,1.6898264380183834,0.045349590098246385
744,0.5156843875749751,-0.8151247712293967,-0.6543450649254597,1.2790684114234188,0.023897453032147586,1.3054667470367762,-0.34478995832017606
752,0.18478828413077672,-0.4033108201319686,-0.8970985155289943,1.307967656697982,-0.09169949422805372,0.7245923424772441,-0.9863526874627825
760,0.08219605490851885,0.17756349641758096,-0.7699419359724297,1.4698033304288032,-0.31422345544426467,0.3821366390225312,-1.0528208978880105
768,0.535913814718907,0.7916720281534184,0.05513079553985837,1.8642776971085908,0.19440284120635334,0.775166036376061,-0.24219771699072445
776,0.9751820118070986,0.9231634020674019,0.7053632977991722,2.007328807937507,0.8561950119283906,1.370489985807441,0.5164068765842762
784,0.9361680798137034,0.4058673925256023,0.41926102212463046,1.682212562861446,0.6423407853342209,1.3126915975485762,0.340121644322211
792,0.33506421629005184,-0.31950310196799175,-0.32633894732078716,1.221269986377313,0.07158113346220228,0.6899133707719068,-0.13960543716660645
800,-0.11865354165769171,-0.5767062132378138,-0.628335791986245,0.9510622987857996,-0.03534596012188825,0.06424520860235101,-0.21907833675877778
808,-0.372966672055041,-0.34406745944243805,-0.3899171770287633,0.9120482988058566,0.24353149530883775,-0.06580129144593898,-0.20751865137702752
816,-0.7327620050965394,-0.5521418166478194,-0.6919140482369145,0.5710375162486275,0.19729276293984213,-0.31866947983582644,-0.7522689413685258
824,-1.0318689131273482,-1.2659525995274106,-1.212100042221257,-0.1283236261433324,-0.12348858502287492,-0.7492679111026708,-1.1640828817557451
832,-1.1561355992005424,-1.6084083857146123,-1.0690489169568396,-0.29593915637964624,-0.11915370001672547,-0.7232586088267943,-0.9242193468321019
840,-1.4118937271742673,-1.7774688570270663,-0.7164784013651885,-0.25692518558114386,-0.3156683763417485,-0.8041764159674923,-0.7493790581297032
848,-1.6373076233177037,-1.7341200196936448,-0.47372493213520195,-0.32483838069945187,-0.46883430970737167,-1.1032833528693005,-0.6482317602046984
856,-1.1792549542867792,-1.3251960036786612,-0.17750790392836693,0.21268715206772493,-0.07435991648489089,-1.0021360935941812,-0.13671553002383843
864,-0.8367992065942441,-1.2110441255514535,-0.15727846576378485,0.7025289550447503,-0.03390102354714141,-0.8706446277897041,-0.23208299565773735
872,-1.1474658729604041,-1.7008859539846302,-0.7713869299787358,0.2329165792116564,-0.7115877691584709,-1.0873887750308195,-0.9314441751473798
880,-1.1445758934849155,-1.6141882336829811,-1.083498542388089,-0.1846771439513526,-0.9384466386638964,-0.6726849711177727,-0.9184394999502757
888,-0.24003029171711723,-0.6215000147752168,-0.5329683462205607,0.47422511233255654,-0.20440643919536308,0.20440640483791825,-0.23930775753867173
896,0.385637882093971,0.017172815916964318,-0.08647533587347246,0.9525072218563694,0.5122942674355823,0.4067009632798056,0.21874486958273712
904,0.04173714815615104,-0.5030131505933615,-0.21218698584020892,0.5825972005438348,0.5021795388072346,-0.1293795764123876,0.10748287003773914
912,-0.5217976617411925,-1.1749200559973436,-0.40870170950746326,0.07252592540895325,0.37213305738539626,-0.6322260960303724,-0.27543174699904077
920,-0.8209046296870864,-1.5332704257661824,-0.348013343480535,-0.22802600130820871,0.6669051269761835,-1.1711965469010652,-0.45027209033903
928,-1.2240487727432108,-1.6430874494656642,-0.3378985744948761,-0.5401375336238209,0.6712399846635378,-2.1436553271785868,-0.8707557914253231
936,-1.374324714215711,-1.3699898323796402,-0.20351719145830272,-0.6528445284168881,0.39236249927526873,-2.408083227492917,-1.0528208629634137
944,-1.2153789806896105,-1.0188642923230635,0.049350974269402194,-0.5372476188752513,0.2117423924068225,-1.8113142961624253,-0.8519712820744668
