-240,1.6537406562797055,1.1076450601589038,-0.37064598988211317,1.9023506670505148,0.9026982309107335,1.0466883922445365,-0.3066230406152998
-232,2.2165779961317527,1.4249385888404176,0.13160256845143697,2.5433155222870836,1.1928862700820182,1.8997137190281659,-0.17587901550410162
-224,2.0938061369627463,1.1873671100940142,0.22089123872135935,2.0075837318924643,0.8421095232129309,1.9905967635327373,-0.29546198267308477
-216,1.3412305046495454,0.3582583385149955,-0.056541250605271,0.8500203884196007,0.3892886394702363,0.9510220366305316,-0.4628781607913078
-208,0.5089329455499094,-0.15674570492023238,-0.187285390815094,0.17238351034707045,0.13098938841534116,-0.08376938258779484,-0.33213409560112483
-200,0.060895372231536925,-0.1966067134451275,-0.18250201170840785,-0.033299262838802066,0.21071134157854296,-0.44092394171775073,0.013859375441738351
-192,-0.23407604536132287,-0.3082174429065562,-0.0708912625500419,-0.1465045350721516,0.2617334094158744,-0.5732624143704603,0.21954208319952376
-184,-0.6119582384073761,-0.7052329494152627,0.20813569007564922,-0.44625910465744745,0.1660670397570974,-0.4488961527059815,0.45870806258352936
-176,-0.8830130194387106,-1.2457481530008323,0.22726898932225115,-0.9612632152335397,0.1230171676642804,-0.3946851839621857,0.5129190167687193
-168,-0.9563572605385067,-1.4020032144285846,-0.09640223891939557,-1.2737734411982284,-0.2596483859904672,-0.6593622138787957,0.20040882780001684
-160,-0.8463409270639977,-1.0480375418177652,-0.4950122044452198,-1.445972915867279,-0.6423139785252557,-0.57804577737704,-0.27951761653315804
-152,-0.4493253801337502,-0.4708503256728966,-0.3754292603987281,-1.2163736085439552,-0.4924365702413755,0.08524125317732476,-0.3082174583544885
-144,0.008278820884375095,0.0616925484002642,0.08695830328342247,-0.3362428234226402,0.23941127520472905,0.4934178011855861,-0.024407208835414664
-136,0.677943570867088,0.5017580083587019,0.38671300081317145,0.7798650581603757,0.655560054583269,0.6225673907447135,0.12387569024697745
-128,1.4847301063247214,0.9274733614845153,0.327718714108834,1.154558449469763,0.7273098594458833,0.9845052919853691,0.2721586782225037
-120,1.862612337051874,1.093295120322051,0.010425190736929301,1.0030865955284276,0.6013491497260612,1.3049877130094616,0.2354865084302624
-112,2.0427840679264717,1.1411282684123694,0.10449713854585267,1.2390636681825262,0.7448486657623796,1.320932109979378,-0.032379429586475314
-104,2.120911583996103,1.1969337319703257,0.5062959464011627,1.510118479872572,0.5901880594123581,1.0849549635045828,-0.030784910108324556
-96,2.034811842550912,1.4711773626960873,1.0276777618469968,1.5691127497916928,0.555110342471237,1.1423548096897957,0.3917415938368947
-88,1.9582787324023068,1.7948486075516714,1.4502043617077358,1.5946238273861761,0.6842599296324763,1.4755927230092294,0.95936216052974
-80,1.325286102541298,1.2654946474020823,1.0452166551725721,0.9552534299677813,0.09272282743195741,0.986099670844516,0.752085002147445
-72,0.14380614545812193,0.128659039241724,0.06941945346238647,0.3110997774477665,-0.5960751717842648,-0.2703188673175614,-0.12804573792783053
-64,-0.6326859625868313,-0.4804170172592374,-0.48066226889030994,0.2329721606668387,-0.8097301023484436,-0.5429680785913577,-0.6573998018717155
-56,-0.6932747006007894,-0.2683564583605419,-0.6624283960943828,0.051205998350834024,-0.7555191902975715,0.10277996683257733,-0.5553556677385518
-48,-0.7331357384141731,-0.07064600389658304,-0.528495496453488,-0.1480989288324599,-0.49243662710557684,0.18887982303383707,-0.2571954165513698
-40,-0.964329511948279,-0.021218306354513095,-0.10437445453212485,-0.09867133063146434,-0.1097710549528361,-0.11246930696498397,0.2641863831369144
-32,-1.131745631489524,-0.049918223538038174,0.08217494644283926,-0.2597097492423552,0.1772281235622472,-0.11087488871196212,0.4953802179884427
-24,-1.5654333100170823,-0.6685609137334726,-0.4376124404733101,-1.1286794313754163,-0.13847097265019456,-0.9128781216240477,-0.2316843718422081
-16,-2.2239369123080586,-1.2393703386846313,-0.8760833910589824,-1.7345665671016985,-0.8001634936605164,-2.2346687327171195,-0.8822158064782144
-8,-2.3036589894763257,-1.2505313884055158,-1.0355273355803165,-1.3439287911543905,-0.8639410865072333,-2.42919045446933,-1.1803760789038333
0,-1.5191945000218146,-0.6797220223738912,-0.8984055249275723,-0.3378372324266655,-0.35690922562813576,-1.6239982591620807,-1.3477922304740106
8,-0.28509811251354283,0.3247751593787413,-0.04856904424153805,0.40676613717243615,0.5184382196090896,-0.6147178873933598,-0.6239165910490838
16,1.0988756505645658,1.7390432679987815,0.9766556866447237,0.9424978778965175,1.2375306104409494,0.5540065284090478,0.3279639997912341
24,2.4095052240974693,2.9173342270610276,1.2206050197863136,1.7971176597578773,1.314063728125774,1.864636063404467,0.731357245596503
32,4.139472416597958,4.430457668762677,1.7276368441832581,3.091802764384226,1.822689992699287,3.4654536117082353,1.5142272344134098
40,5.907706150898726,6.267252342131525,3.0542107936189207,4.341843617544778,3.13013063603724,5.099754434721223,2.8726899390801406
48,6.480110124445249,6.967211433545506,3.5660259793096682,5.076880351565351,3.6706457419945115,5.739124829227897,3.34783304250156
56,5.670134605867846,6.268846797037978,3.2551102455899743,4.663920407836466,3.1556416762931803,5.114104338075923,2.963573041647857
64,3.5064797851954492,4.479885291627661,2.9107112147236798,2.198916460076967,2.307399705836301,3.1832377415621416,2.47886334306945
72,0.46907189883008443,1.5652493036539021,1.9173751965916126,-1.3598732576630579,0.8564594928521061,0.1506132560557333,1.7167210743213315
80,-2.9781069176569637,-1.8612018809723812,0.16030254592471813,-4.09433750945261,-0.999468498946449,-3.3156988766344115,0.09358138752447438
88,-5.608932679576697,-4.3118558196988275,-1.2172934780281064,-5.967804302943161,-2.4392476413138775,-5.919419121982035,-1.3334423451034718
96,-6.307297282685069,-5.027759389782194,-1.6143090086869705,-6.980273580927956,-2.5221585022346527,-6.67837258128599,-1.644358040456958
104,-5.109873007248449,-4.05355665736579,-0.9526164899032584,-5.993315324187278,-1.406050606093029,-5.817375022618248,-1.0591986772104451
112,-3.238000697610286,-2.4862222801482226,0.1140637777212128,-3.718049703829588,-0.12412106073160904,-3.668070189740465,-0.06905151562391366
120,-1.5128167478794243,-1.105437392456198,0.6880620885063965,-2.187387481331825,0.31753884916622804,-1.4151266898917056,0.4284137166990421
128,-0.08100981324594957,-0.03716270435209495,0.6960343044616817,-1.1031683416202154,0.37653308243191796,0.008708137376554917,0.25621421376916825
136,1.4496524020581514,1.1682337829291454,0.9479558158774591,0.7176818917880108,1.0717088279670894,1.0721994311302552,0.3359362008453576
144,2.9914757001397354,2.6893293631685506,1.6000816757888736,2.4891045449794023,2.128822445796982,2.3541290797721386,0.7106295555013137
152,4.0661281321649,3.94574795733844,2.217129882645754,3.370829773189009,2.6023710888310623,3.6089532291409605,1.2591168726180948
160,4.611426561221046,4.629762624206792,2.622117604424635,3.6626122670954686,2.7363040163902244,4.2706457311394574,1.9654536980190285
168,4.796381592928414,4.859361943862114,2.858094687526675,3.928883650350847,2.993008831721771,4.23078475207433,2.4948077549405268
176,4.923936762521743,5.114472373483404,2.8022892686722027,4.182399629690183,3.1795583046333755,4.256295760643895,2.4948077227403163
184,5.378352165571312,5.7203594703296465,2.7847504640684835,4.754803495503021,3.2624691617860395,4.790433158134594,2.4469745159017418
192,6.114983284274475,6.530334933584345,2.964922148526822,5.501001353236451,3.358135537096982,5.8618966207422085,2.6239573040781137
200,6.79421473474997,6.96561695791445,2.885200130278088,5.768867225139991,3.2624691650403164,6.670277619498901,2.4692967052643113
208,6.940903123603206,6.93372824858581,2.588634343931466,5.5631844375667905,2.985036631352758,6.90625472589471,2.1759197484013466
216,6.79580915540088,6.761528699582231,2.4275959455313454,5.287346425412716,2.7123874103161314,6.958871271932264,1.7996319686412603
224,6.990330766507687,6.9512669850209985,2.66995079550566,5.462734756284747,2.798487168032705,7.075265403280314,2.0738756219756804
232,7.365024173403344,7.678331595918808,3.4512263128021776,5.862939135439094,3.3756743968521254,7.368642307903575,2.6127962687445567
240,7.355457450987016,8.151880263103045,4.307440512231449,5.907583468604362,3.697751215575913,7.467497528969558,3.0927226694019145
248,7.0557027962766945,7.984464047646281,4.422240133179067,5.620584298481888,3.4713407867216732,7.711446877526142,3.06880604551494
256,7.092374921022898,7.966925182924084,4.336140405436095,5.461140362181885,3.3708910996161876,8.44967248093808,3.252166649206458
264,7.424018467301349,8.172607937611962,4.632706241967088,5.269807564972462,3.6323792185209474,9.042804200587604,3.9011035946804684
272,7.073241709813043,7.665576061146592,4.855927827464177,4.485343182737801,3.5941126590790633,8.628249719396406,4.481479785038663
280,6.2010829916354,6.367702036944509,4.262796173071463,3.4728739607608183,2.921259052208258,7.550408457031199,4.176941763211096
288,5.60954589183277,5.706009517646963,3.8865084160913117,2.9977308403829044,2.6677431090085193,6.901471396801118,3.805437237353687
296,5.741884393773968,6.12375268119426,4.490801070191818,2.608687563189144,3.2991412551884203,6.82812715518749,4.176941688362735
304,5.717967814761755,6.429885186702937,4.9356498347511355,2.2658829428683753,3.6164347753060486,6.7085441765428975,4.514962999115571
312,5.137591678698595,6.230580249414257,4.946810861863362,2.232399702414699,3.4888796612067003,5.605191885739909,4.52293512703411
320,4.550837829373085,6.091863959704901,5.104660443454375,2.3280661385292296,3.704128963778918,4.420523039054598,4.642518165797179
328,4.002350537434128,6.044030751667382,5.16684358447764,1.6456458837479007,3.6786180124161105,4.033074155963702,4.559607279184746
336,3.54474632237123,5.999386462520488,4.741128076345493,0.6602820408070224,3.257685836118002,3.8688468068153004,4.186508333361537
344,3.5112630976751036,6.149263756048299,4.468478904123016,0.8436426554603141,3.0264920964968827,3.645625297194239,3.9664756343835843
352,3.8811730728818183,6.573384800881382,4.744317046105598,1.4303964708728352,3.1986915432476666,3.9868353680632573,4.368274546547024
360,4.424877173777021,7.0899832882612905,5.641986588215429,1.385752205533543,3.2529025373405633,4.847832922791612,5.380743823846707
368,4.941475672289979,7.691087095579092,6.651267067032721,1.312407915619598,3.519173961017481,5.426614599323822,6.362918729741523
376,5.073814095100874,8.188552257164352,7.422975911412167,1.5133073879727,3.8284953139939746,5.5461975197339894,7.1202776392511735
384,4.764492845233566,8.056213811573521,7.537775610462423,1.4495297949547055,3.952861594327723,5.246442866907724,7.214349617204973
392,4.369071740192664,7.71500370045424,7.558503315801329,1.2470359502510089,4.182460965708914,4.723466691272013,7.093172132099338
400,4.1283112152962955,7.641659485559934,7.9778409041102,0.9552534227741173,4.230294136579168,4.519378349698824,7.21275513318131
408,4.018294872058956,7.573098508125645,8.035240834050215,0.384443990458017,3.9496727806016163,4.804783100540612,7.534831917307
416,4.1299057996887,7.568315226989811,7.70838064461235,0.3413941327525282,3.7057234447195815,5.0391657122935385,7.678331483013855
424,4.157011250661443,7.522076460156526,7.507481212166955,0.3238551931819695,3.941700594619931,4.25151245330257,7.595420682554115
432,3.452268794014273,6.903433812951797,6.884055281428506,-0.36334828158904775,3.8811118963424027,3.0158216477125532,7.008666828775387
440,2.4700939108993913,5.7076039547405335,5.696197580766827,-1.143029366416492,2.988225517358061,2.3015125698741827,6.075919579144708
448,2.1416392862520097,5.007644853906278,4.96434967331819,-1.0473629762043892,2.6262876693847743,2.0527799511435383,5.658176358904488
456,2.125694956765513,5.173466590820266,4.776205859571093,-0.4494480596876686,2.690065274392209,1.8088305955645683,5.490760180614987
464,1.9901675126399216,4.835445328710301,4.090596644278652,-0.27087077721097,2.20216669648833,1.7115698376263695,4.813123206455658
472,1.7828903251404151,3.7161486176436274,2.8421502766832645,-0.8544357691345553,1.2614471908233842,1.603147895685558,3.7097708750598515
480,1.3220972420563744,2.906173212965909,2.2506131183036553,-1.1414349579263008,0.7480375200813052,0.9382665272074182,3.1660668512396213
488,0.9585649097168687,2.6335239826802868,2.676328551073606,-1.4284341217115009,0.9361814715356873,0.4216680011187476,3.446688257058988
496,1.154681054517877,2.867906641363307,3.424120847442106,-1.4969950477624772,1.5755518415496474,0.7469336930020102,3.9202369156793404
504,1.8227513739155725,3.346238600131317,3.9455026582634423,-0.4669869148183144,2.2595665159542193,1.5218315061138965,4.095625283889913
512,1.948712082265173,3.7448485353409873,4.136835466434638,0.6953597757323038,2.8096482307706956,1.6717087736074951,4.258258133428377
520,1.405008164294571,3.606132237752858,4.022035733985227,0.39241614321182505,2.7937038886096492,1.100899336153063,4.4017577368163305
528,0.28252245846124596,2.762673587311853,3.4257152192788674,-0.8416802478932783,2.1224446677916555,-0.02955832066892232,4.256663711921078
536,-0.828802004792488,1.6130825171723076,2.5136956626551004,-1.6819500465845245,1.2805804720858263,-1.3035158737637533,3.476982627093633
544,-1.059995905585936,1.0693785041425734,1.890269751442311,-1.4571339995011519,0.9872035280686898,-1.73401460616753,2.7706458094001976
552,-0.24045379870265762,1.6146769739628153,1.4565820443113748,-0.9421299070804972,1.092436566876427,-0.7534341505546673,2.4613244959888583
560,0.6970767834471661,2.332174881456121,1.3688878964313247,-0.8560302207867311,0.9505314737176285,0.37383473792980415,2.3831969347019095
568,0.5966271102151752,2.309852701513826,1.7643089819465667,-1.074468479588114,0.7687652953015188,-0.1172526504459049,2.2524528479307335
576,0.008278760252064112,1.665699030495818,2.003474965783793,-1.4077064228811487,0.8931316049237572,-1.0627554574574545,2.2779639066846684
584,0.07524525143607956,1.69758779668866,2.2649630809204435,-1.3662509991862315,1.3937856617633164,-0.7821341038777906,2.6590349951562997
592,0.5408216750893207,1.965453734705397,2.156541208004551,-1.1669459229913255,1.4464022078008691,-0.053475112236778984,2.7562958592866815
600,0.7002657204932288,1.5158216083384428,1.2445215989698049,-1.2913122896490425,0.6938266155666528,-0.16030256141876353,1.7023711146162632
608,0.7417211455583673,1.1762060071057603,0.4552738855862175,-1.1254905655808833,0.2027391662160766,-0.18103026710022424,0.6787407759488108
616,1.1833809737567353,1.6752656307911367,0.6147179027293027,-0.4175592527307317,0.7209320826395015,0.3435404081454219,0.7903515259635648
624,1.184975401258753,1.9526981929107954,0.9910056991033279,-0.4446647055875297,1.3013081248424732,0.5683564680746231,1.2192558587835909
632,0.6396769975517091,1.5524937752189625,0.8108339908373873,-1.1541904106564906,1.0190923610598404,0.2510629561783249,1.0901062151007057
640,0.35108337474939166,1.195339310805582,0.6800898889937729,-1.2705845901335797,0.5551103171221349,0.005519219342319445,1.0311119754977398
648,0.5328494774607514,1.5301716180566027,0.8028617286371195,-1.0122852875240917,0.0975061200433974,0.13785769490674965,1.1108339082788934
656,0.8979762715578183,2.3130415936851265,0.751839681695669,-0.8847301201573734,-0.0491823359507043,0.7230171285484024,1.2160669722644546
664,1.1801920625736078,2.7403514703997556,0.6673343896760444,-0.7380417021869247,-0.222976294300864,1.4309484014908473,1.571627065697463
672,1.2407807901396253,2.387980250468779,0.43614062847393387,-1.2737734720282174,-0.8256745147333538,1.7211364752602303,1.8347096412214532
680,0.5137162234314661,1.2973833819085472,-0.6624284305212034,-2.4552533415884814,-1.7488551335812774,0.7772280358034989,1.0199508785042055
688,-0.6613858658968613,0.18446445672597442,-1.5887980047419044,-3.069112701662656,-2.338797899399522,-0.4042518298173771,-0.027596075315058102
696,-1.082317943025173,0.00748160175129344,-1.4548650413857003,-2.782113522291184,-1.9385934734863595,-0.6513899496231957,-0.4357726736789673
704,-1.1237734633207221,0.18127550957452757,-1.0706050276861687,-2.263920507383073,-1.2737121171689367,-0.8522893813834793,-0.6334832170360599
712,-1.5207889701719846,-0.1344235796155285,-1.2077268510134636,-2.305375982632583,-1.0584627289578619,-1.8854863936531132,-1.0751430250236567
720,-1.9321544163462663,-0.22211772561152346,-1.1822157876350308,-2.4983031506510986,-0.8416188962882754,-2.4929679666442435,-0.9858544037391612
728,-1.779088196562889,-0.09934583886680526,-0.8713000311354002,-2.335670257436819,-0.5657808435413821,-2.3399017776908546,-0.5234668725997763
736,-1.4171503799334242,-0.2763287119969239,-0.8154946725706835,-2.1299875986644587,-0.4669255889049682,-1.7132869076797335,-0.2954619967178577
744,-0.8830129971726086,0.03777594951983587,-0.7836058568785825,-2.0231601525654734,-0.36169254204717793,-0.6577677623978977,-0.04194604940745408
752,-0.28190922959123893,0.8429680413753452,-0.39615701694967037,-1.5129394515835006,0.20273917066929714,0.25265738162501156,0.4507358632421831
760,0.040167541346066704,1.579599273293077,0.4680294225850433,-0.8081969690733942,0.8963204527341297,0.19366306460451854,1.0996729036040478
768,0.044950869240716604,2.0531478798450036,1.2174160990116345,-0.7715248693337382,1.2486916760906617,-0.1714635071740753,1.5445216051331674
776,0.04335652977544389,2.279558340214344,1.284382597560592,-1.0346074921303792,1.4575632731080268,-0.13000814342635764,1.6178658386967437
784,0.18207273675766203,2.115330974452006,1.0930498385461003,-0.8097914424778395,1.5691740712518192,-0.05347508380467856,1.4791495469320572
792,-0.029987738043675383,1.169828216254606,0.7693785503572543,-0.7842803984537892,0.853270614211745,-0.61312346451584,0.9370400304292598
800,-0.6215249068712254,0.3215862653233854,0.13000815961868986,-1.5815003750653103,-0.32502043716919055,-0.9080948284987748,0.5384300712407114
808,-0.8001021788999851,0.4411692333487576,-0.2654128491641357,-2.047076760523621,-0.8192967795474568,-0.7757562712348749,0.6261242655370217
816,-0.7395134686330168,0.6803352351701439,-0.3164350106903772,-2.1252042998870215,-0.9978740401006077,-0.9176613719298924,1.0087898280982102
824,-0.820829912499714,0.5751021859144663,-0.44717907896355946,-2.4823588285295446,-1.4905559390480279,-0.6561733280447705,0.8668846815007644
832,-0.7698077989312329,0.555968858578319,-0.42166802003834747,-2.6609360668165936,-1.7568273795101632,-0.13479148810622327,0.7935404030624268
840,-0.40946441699745006,0.6372853279653954,-0.22236304421218275,-2.2033318383940337,-1.3917007011968303,0.33078486669337637,1.174611578200582
848,0.1980171849396136,0.8971790238213582,-0.011896922407057541,-1.3965453827518157,-0.6917416114956273,0.6719950136096997,1.2559279888394022
856,0.6827268730700798,1.1570726958697188,-0.07886343208906609,-0.830519183271233,-0.5705641419762641,1.008421879561468,0.9306622426611044
864,1.0717701240583501,1.2639001628645852,-0.2143908049631287,-0.5498977502187091,-0.8416189382513153,1.2172935082652094,0.6022076229807763
872,1.4783523553812736,1.574815927585547,-0.02943582224118605,-0.38885935524414267,-0.6662305303043121,1.3368764190838247,0.9561732916522089
880,1.8275347011251113,2.013286909857595,0.3245298022405961,0.016128332450471464,-0.20543741758922673,1.657358870595351,1.4679884566183528
888,1.9694398347054511,1.6625100795762606,0.3229354214973943,0.1436835592505573,0.08156173454908859,2.0400244030116617,1.198528098978372
896,1.6011242321918853,0.8860179655365871,0.023180673611996678,-0.2979762937830781,0.07040063584277753,1.9140636537266873,0.4634913421778632
904,1.1865698484577092,0.8047015374274401,0.3532297190815662,-0.3234872975568663,0.38450529530420424,1.8502860655044682,0.5336467323842875
912,1.4193580601130515,1.5716270290769694,1.1695829226604928,0.16600574929823825,1.2088306939425355,2.1133686365752387,1.4042108932314032
920,1.4400857327379133,1.7757153689373815,1.1408829861225853,-0.13534345023933503,0.9409648066240007,1.939574661782418,1.6545379040095787
928,0.6747546783532327,1.0358952914358874,0.23364672485070379,-0.9214022913198364,-0.3090760165629504,1.258748912434468,1.0964839504578805
936,-0.0778209582419125,0.6484464477388655,-0.15699102249322588,-1.320012232866781,-0.9085854047713395,0.5795174879931853,0.9737121834362851
944,-0.6422526490348404,0.4347914116676143,-0.1697465202694546,-1.37900645123131,-0.9085853816488481,-0.6338511909219042,0.8557236305809359
