-240,1.5936301294455273,1.041400451368486,0.5974826911901084,1.282193420784577,0.44751744104878954,1.5774314765429143,0.8040143468860016
-232,1.857692314330851,1.4826185226827115,0.7395414520155179,1.5195151839381131,0.6113029627528199,2.00026538026924,1.4675126454764433
-224,2.6365088757137887,2.555580404619026,1.190787157780932,2.4437331936915125,0.8987631065990221,2.692175444633294,1.7232185367208261
-216,2.9540522455326705,2.647500855846466,1.3478875449678214,2.7963733006065037,0.7383201570009275,2.73729996752612,1.3354814826572126
-208,2.6682632469863004,2.1193762832045886,1.3278321331579226,2.253207272876734,0.601275225788824,2.3863311971126047,1.2652877519136785
-200,1.815910243975608,1.4157672626094977,1.0604273515707703,1.2303836165173831,0.4441748768422648,1.9066736411935103,1.3237825336074582
-192,0.5256818929226231,0.06370147445391904,0.12116782748389861,0.06884386479523125,-0.3312991876586708,0.9523726404748989,0.46307322474764506
-184,-0.5823769033079456,-1.7462950564983053,-1.2643235774229147,-0.8236197422675455,-1.43601541842599,-0.38465161503493767,-1.0611345150177407
-176,-1.4096606099586224,-2.5334681032624276,-2.0865934368661434,-1.4787616619393167,-1.7050916009666304,-1.3322674806978116,-2.1056846060459544
-168,-2.0246917938017757,-2.5033850295329345,-2.2319948105512672,-2.179028116173497,-1.6449255014427069,-1.9255719945055665,-2.51180568945778
-160,-2.3622903680710245,-2.2510216924412814,-2.016399717433127,-2.6570142600081166,-1.588101948172103,-2.1679076637530685,-2.5134770290113027
-152,-1.9561693772977435,-1.3986687748878497,-1.5300571181991787,-2.2726198170088967,-1.1218147392042048,-1.738388644899064,-1.9736534346091845
-144,-0.89824883034237,-0.40258574618356324,-0.7211574211481881,-0.9021699562378788,-0.3981503857933224,-0.9060909829626376,-0.8655946347879744
-136,0.4070210759773973,0.4414108087886141,0.3584895892011777,0.28778158334032927,0.5862336886547802,0.18191244292993933,0.4898137042887574
-128,0.844896417377004,0.8358329903676185,0.9634930658826569,0.5635428610805894,1.2714586283759566,0.7534902913701328,1.3772635149516583
-120,0.36858160322164335,0.7355561063618877,1.2860501802166484,0.3830446156503093,1.3750779992098936,0.42591938135439444,1.7416026703771668
-112,-0.13113119215657054,0.4765077139267333,1.4448218189863498,0.01034903319153772,1.181209420831917,0.006427992283745911,1.9287859878474303
-104,-0.3249997073392609,0.39127245376903325,1.3946833970013095,-0.18351943333796386,0.8904066991347526,0.014784413212919149,1.6346406662168604
-96,-0.21636651012359445,0.26258387221187446,0.9985900033365472,0.02037680498475372,0.7483478943239876,0.11840374796091142,0.8792219925205724
-88,0.14630134973374667,0.45478106992348616,0.9233823532136752,0.5585290045374738,1.1009880416336928,0.16185710131707773,0.3444123047510161
-80,0.6075747206503312,1.0430717695576932,1.4013685081792828,1.2203560414913077,1.6825935724601353,0.2972307527598354,0.5048552225719347
-72,0.8649518509102813,1.397383163423313,1.2793650873509461,1.2220273068980883,1.5605901340376565,0.5161684601739451,0.5315956884686102
-64,0.04435322671244817,0.4865354641761017,-0.14122315070162894,0.24265707445100493,0.3606108504937025,-0.26264815758205967,-0.46950121275714607
-56,-1.1205291990898514,-0.8538313514110218,-1.1573615610544281,-0.7768239643807985,-0.5034410046194309,-1.1317138600821732,-1.3502659032654718
-48,-1.2208060112827563,-1.142962947556882,-0.9334100349784674,-0.6481353607411957,-0.25943411035986286,-1.225305571509965,-1.1346707891420813
-40,0.38028047902231654,-0.40927078662590377,-0.7696245730586134,0.7774667252369561,-0.38143758917705567,0.10169096463001714,-0.5012555493799705
-32,1.0337511474703394,0.19907518209021216,-0.6743615716281477,1.0548992017776018,-0.8744652656574181,0.7936010437157002,-0.2973593273946704
-24,1.172467401539484,0.8124351078873988,-0.2314722988205555,0.9863768231548343,-0.866108857834085,0.9757705261866952,0.2023535144823479
-16,0.7713601157842577,0.9277533667301893,0.23481488770583528,0.5919546749687944,-0.6354721931117459,0.7702031251495369,0.712093971241559
-8,0.5958757304877347,1.1784453989180073,0.9634930685756381,0.44989580714227523,-0.05720922936434181,0.7117082492014238,1.3856199428825822
0,0.6276300622631934,1.4425076931383571,1.3428737153545147,0.3997573876706841,0.5193825090119307,0.8554384027218469,1.7917410183949976
8,0.20813868145101957,0.7472551435618847,0.7880086109276946,-0.014720132110072576,0.22857969988265223,0.5529366291030567,1.2669590516110838
16,-0.8748509525299848,-0.4995199297179328,-0.12283912655984604,-1.072640499353851,-0.3780949770354694,-0.3328419044834801,0.4964987817147024
24,-1.603529211855299,-1.3619005766950123,-0.5790986274684105,-1.6826579381432991,-0.6555275731444692,-0.6821395091305076,0.14385866420731966
32,-1.6035291734354387,-1.844900569711934,-1.237583078133276,-1.833073049700846,-1.4510569995453897,-0.7105512596438942,-0.4026500126476418
40,-1.187380409253152,-1.7964334257009191,-1.879354683708216,-1.7528515938424316,-2.2549428296404046,-0.3261568362136701,-0.6683835765835416
48,-0.57736305197126,-0.8555026609826905,-1.2960778885521862,-1.393526343433696,-1.939070828100174,0.4576736129509616,0.2575057265836405
56,-1.0536779754616465,-0.7201290048720994,-0.7495692136720776,-1.7495090477686446,-1.6783511138851719,0.03818225009199427,0.8407825545940387
64,-4.194013624893116,-3.262146329553841,-1.3027629947032617,-4.660879336124884,-2.14296701399953,-3.321091089159443,0.2441354983031363
72,-8.666359701836907,-6.36738507815596,-1.688828719985275,-9.0011943076997,-2.3986729348667035,-7.80847870072383,-0.0750790520038617
80,-12.283010270090926,-8.830852200716487,-1.9228079972082646,-12.313671837825815,-2.6176106087083175,-10.801741541585129,-0.553065234796939
88,-13.509729869981348,-10.458679221370243,-2.942288983257642,-13.348194354187019,-3.3145345104055566,-11.71426072742262,-2.1775496558763567
96,-11.858505084799937,-9.843648023164528,-3.1495277339021195,-11.69864059743006,-2.9100845925806844,-10.467485587895473,-2.8694596615334267
104,-8.998944447749576,-7.530596209826351,-2.3222439559772137,-9.121526445347582,-1.8488216918303642,-8.186188040085423,-2.170864554034051
112,-7.623480823971643,-6.689942210443157,-2.4425761361741936,-7.996754787330605,-2.4671953811730574,-6.869219058684391,-1.96362578130713
120,-7.272511899340088,-6.405824541935113,-2.7066384214179395,-7.941602619214668,-3.399769763202442,-6.075360990508327,-1.748030616017102
128,-5.659726416179433,-3.58136079386498,-1.3178045657688646,-6.566138877304645,-2.4437974735583494,-4.063139544808555,-0.37256698775087027
136,-3.4118544705785228,-0.23880019018890922,0.6877318516967469,-4.418543653771542,-0.8126278928273031,-1.365693146102234,1.4140316768790198
144,-2.3439062891719633,0.5700994224820123,1.1038806483743366,-3.5879173093061945,-0.3329704501929387,-0.06376580865682573,1.770014381573032
152,-2.133325044517998,0.1923901174110429,0.04596017466804533,-3.4107616636297884,-0.9379739128709171,-0.13563092599128249,0.8558240789813069
160,-2.4224564898569247,-0.6616341725502777,-1.1022093405151279,-3.20519421106693,-1.6917214209802511,-0.7239214748185574,-0.31741475087415255
168,-3.525501489508084,-2.490014772347769,-1.8191886274515199,-3.770086943122718,-1.8421365644945056,-2.0225063223837147,-1.3001274906160987
176,-4.369498013241685,-3.2103365640655728,-2.292160913306768,-4.594028176948689,-1.5513337544675665,-2.792966434830477,-1.6393973825359582
184,-3.284837138808857,-1.6660735871749859,-2.273776811068538,-3.6631250035939553,-1.2638735669950738,-1.6381118490435769,-1.6811794148304045
192,-0.8999200440439172,0.6369506425195766,-1.708884131077045,-1.582381035466234,-0.6672264584603411,0.5863622359800281,-1.7296465502238803
200,1.3746922816373441,2.580649658789006,-0.22144465144305894,0.2276155367783639,0.4725866514129478,2.8325629903209006,-0.7669891127772744
208,2.8988999495899064,4.285355572530912,1.080482745966058,1.3473733836738349,1.2179776716276485,4.498829422689513,0.8223984800037465
216,3.5891387104863823,4.706518156811304,1.080482701262575,1.8353871348503012,0.7500191719389488,5.055365761823132,1.0179382395879664
224,4.272692311731226,4.698161809669808,0.545673026957923,2.5389961716032783,0.2770468158866654,5.710507658873863,0.7120939437731534
232,5.653169920238166,5.470293244614549,0.6693477094228673,3.921144988425802,0.6480710801562298,6.9221859101389045,1.149969414435845
240,7.212474419720699,6.2123417052905605,0.8498460252297156,5.323349094258293,0.8720226310076145,7.876486926117739,1.2903569646117528
248,7.879315252356279,6.1471617709469,0.3651747732691685,5.981833544564094,0.5260676368863849,7.953365802868467,0.8875784190152397
256,7.667062643373366,5.804549314820513,0.2197733360296935,5.858158808239531,0.6012752347654274,7.6257948524580135,0.6385576344605284
264,7.3779311736180775,5.665833035437349,1.0336868639507153,5.838103479014381,1.7511160772939434,7.53888822833043,0.9226752742434459
272,7.742270192778748,6.152175684042616,2.2787907048576512,6.496587888566403,3.093154130998975,8.060327721212445,1.818481516068848
280,8.365657777084422,7.02959785271398,3.0375519671768254,7.399079298481448,3.773365241465909,8.581767159337183,2.533789482661648
288,8.895453585510289,7.591147965985498,3.5740328550034923,8.216335276247067,4.21291196353188,9.02632767169894,2.83963380540627
296,9.015785803409003,7.6329298914583665,3.7996557506148303,8.657553244330359,4.385053776183871,9.422421171287619,3.041858705611722
304,8.549498583848713,7.138230953341399,3.7612162618807212,8.451985789792644,4.425164564076788,9.166715312718072,2.8463189255608463
312,8.068169829488296,6.546597716789539,4.006894498027729,7.8453110669143165,4.588949959928842,8.673687576992132,2.9532808530609613
320,7.702159565028435,6.142147898964026,4.0135796025630155,7.472615581941456,4.62404689289443,8.43135187650605,3.1471493542401507
328,7.078771964744411,5.428511221117175,3.3350398479870216,7.041425294987689,3.6964863347333257,7.553929796703054,2.657464212163992
336,6.301626702520283,4.4508122293014445,2.5194550560954765,6.608563596847107,2.9243548263599743,6.78012705344337,2.179478079639893
344,6.607470970148562,4.622954139977942,2.8202854655648513,7.18849787447495,3.2920364835148512,7.101012817451917,2.470280823599032
352,7.531688911320712,5.291466322579906,3.1161021211834505,8.117729857108241,3.6062371896664445,7.786237760225138,2.6323949781016025
360,8.255353230620502,5.674189470729087,2.613046723537913,8.582345585589945,2.931039934485902,8.260881368398831,2.349948670331861
368,8.546156018205933,6.036857314967139,2.5361678252433384,9.02189247767278,2.670320255818248,8.402940130480964,2.1460524269822456
376,8.641419018200143,6.325988768025946,3.299942928486339,9.352805948842999,3.572811590688885,8.381213545723297,2.587270431869609
384,8.704927692343452,6.461362481227732,4.130569200779798,9.312695230608524,4.296475979288051,8.35280175768771,3.5064746276289926
392,9.092664593625276,6.941019882031123,4.852562373343499,9.349463295588572,4.851341039370452,8.912680663900366,4.183343100101723
400,9.60407640358245,7.616217154087679,5.240299382165031,9.630238478525134,5.35105386993695,9.308774097062182,4.2618933305890065
408,9.674270266820646,7.445746566088693,4.606884131451465,9.528290330369348,4.896465606787229,9.021313843162828,3.688644168806972
416,9.20129798276072,6.705369340658078,3.3166557604704208,8.876491059463705,3.8218323818862823,8.62354914100359,2.680862150119619
424,8.858685472415651,6.466376343156808,2.8069152525445724,8.507138092019034,3.4859050051606952,8.43803696829456,2.0975853124144894
432,8.855342899052992,6.75383649651821,3.2899152513065197,8.734432183558244,4.177815084066847,8.270909063531855,2.147723699749842
440,9.197955218735007,6.852442099138805,3.6592682313184364,9.168965120714391,4.609005358991963,8.397926412895664,2.378360405225959
448,9.319958894498873,6.3477155007180315,3.228077872551847,9.21743220242778,4.014029606707235,8.362829402013162,1.9956372728756007
456,9.376782337357257,6.421251715596791,2.811929090236823,9.344449574951225,3.549413657401092,8.509902037155362,1.7599867245008038
464,10.016882663880985,7.18001296624638,3.199666087747836,9.946110464087011,3.6129223015625462,9.188441949540037,2.415128559792506
472,10.780657710212319,7.728192869011068,3.2514758079940242,10.601252263651833,3.52601577025304,9.768376210471397,3.005090502032923
480,10.668682016473715,7.460788069829772,2.3974515828437775,10.50766055922579,2.6653063996341957,9.704867563437428,2.3733465608910236
488,10.220778903460424,7.141573604082376,1.7690501773628078,10.156691739440962,2.082029612557107,9.43077747982972,1.4909105819958128
496,10.314370718119152,7.31037284031966,1.6938425812790858,10.138307609554793,2.087043372691505,9.649715280780036,1.4792116060162503
504,10.636927791699366,7.5928192821998515,1.7489948599867737,10.28203764745657,2.2274309307668245,10.014054417713742,1.8285092110223413
512,10.643612792106055,7.54268084872476,2.0598529884669388,10.146664064774592,2.6853617164716326,9.835227367493207,2.0290628530022943
520,10.103789353717302,6.670272420618799,2.6030190418697927,9.605169200118327,3.2168288858153407,9.058082042791922,2.174464215735963
528,9.096007242032343,5.411798468127197,2.955659232805789,8.689307603753756,3.380614320984917,8.128850232868473,2.665820638838192
536,8.31217684080277,4.9521963859565625,2.7216799473243243,7.840297266026139,3.323790832345855,7.406857107521703,3.020132051375146
544,7.904384392702933,5.40177074750062,2.332271605232891,7.265376873666544,3.0613998186129794,7.154493724828908,2.6875471970251135
552,7.927782325811195,5.899812255569141,2.2704342744132795,7.455902760908827,2.97449325139706,7.274825974863861,2.142709876958754
560,8.30883432255645,6.366099454483244,2.4977283953957468,7.989041108406733,3.3338185062940977,7.2731546667284475,1.8535784616016808
568,8.317190656412576,6.544926491597939,2.5478668044544794,8.333324891160332,3.462507137043041,6.8904315331213635,1.648010964155805
576,7.762325627568753,5.71262890255153,2.1684861795785144,7.942245379532237,2.6485935536466108,6.35562184283836,1.2485749359079485
584,7.496592078713546,5.020718855602086,1.7322820583436092,7.506041152193883,1.6742371761268544,6.447542257620793,1.1783811730281752
592,8.252010740022122,5.776137606317629,1.8760121484892143,7.731664109743784,1.5539049352480365,7.425241249256987,1.9087306379760935
600,8.908823824383184,6.232397058752536,1.7907768718145638,7.740020371068954,1.3115693769513512,8.292635655111741,2.634066300060983
608,8.312176736494642,5.72432790007494,1.2476107345702354,6.580151815095141,0.5193825181680652,8.026902154730193,2.6240386298829157
616,7.0971559885271285,5.587282929186252,1.4097249321605012,5.208030826438899,0.42579079094145206,7.182905592038135,2.7543984702041686
624,6.2314328294078205,5.463608055878725,2.0615242366386406,4.554560208259853,1.1711817878169846,6.3723346771563625,2.9215264907650527
632,5.445931113579685,4.282012975110954,2.2537215596636324,4.1400826983533605,1.7527873222340682,5.165670272739704,2.276412346297608
640,4.720595419358557,3.498182461314779,2.454275129292164,3.8910618929729295,2.4647526975110017,4.17627229686547,1.596201234933013
648,4.7005401134725755,4.051376283997401,3.3567664629060774,4.185207106345666,3.532700850371964,4.5088570634243235,1.8819901395841145
656,5.857066130553881,5.308179013272254,3.863164381849975,5.067643287932575,4.097593637723631,5.630286206067493,2.2914538669147015
664,6.737830742606694,5.799535463483825,3.2932578183855585,6.047013500631134,3.4725348156591167,6.327210010278821,2.251343108285512
672,7.205789267968479,5.794521687371075,2.7317076902128794,6.6152488371086315,2.6218531263493303,6.618012807738515,2.2897825223342814
680,6.893259821837703,5.543829551772789,2.5896487920454416,6.1071796313936355,2.244143701889539,6.5043657979650895,2.5622012602843767
688,5.713335956746336,5.084227546980472,2.68825432788011,4.883802380989392,2.058631652878102,5.892677178867059,2.8713881159969454
696,4.220882701358662,4.302068273636123,2.7200087084882894,3.8944044458689353,1.9834240375844494,4.645902044366808,2.9365680679347466
704,2.785252839817121,2.488729226412432,1.8242023953886575,3.023667440798905,1.368392876900932,3.1484348853986184,2.390059382462247
712,1.8142391238102655,0.7439126043103156,0.5055622624041747,2.142902725515153,0.5227250622670001,1.8565352897645708,1.4240594070207975
720,1.33291037483581,0.24754233830940695,-0.03426122804887867,1.3540584154986364,0.33721295993454015,1.2114210539153047,0.9995542184982288
728,1.0270660368309625,0.6051962872254174,0.5323027344049404,0.6705047043801676,0.7500191805564885,0.8186702165576571,1.1466268882901165
736,1.2209344920499443,1.5360994266485926,1.8191885923460973,0.7022591569807045,1.8931749497882946,1.1195005926340682,1.8051113132818966
744,2.477737288649321,2.8597534585457574,3.2498045117077283,1.7417953771032368,3.0380019632421016,2.3228224841903717,2.864702987045298
752,3.156277140531692,3.1789679591223745,3.5890744373796157,2.371868153735374,2.859174914816886,2.9211408369471012,3.182246236398167
760,2.5312183267256523,2.570621952524993,2.8871366522094504,1.7986190321685205,1.83969391314822,2.3595906401931748,2.448554171516842
768,1.8342943794272697,2.294860642648493,2.2620778752074853,1.059913147009557,1.4954101831770472,1.6910785064239322,1.9638829247627243
776,1.6003151555253023,2.2965319936920685,1.9946731085214942,0.46995113618789236,1.6508392986735334,1.9116874979161576,2.176135525487163
784,1.5150798571272732,1.825230944698004,1.526714545457975,-0.17182053024841756,1.1912371599502976,2.170735948878765,2.1610940021770886
792,0.9602148112279046,0.7806808161475904,0.5038909905342398,-0.8085782419375738,0.058109109729279886,1.4972099718517788,1.3388240702029066
800,0.26329098170255455,-0.14019466297177954,-0.5206038050208518,-1.0726405438778033,-1.0934029822276634,0.6064175874671531,0.2708760394237454
808,0.6025607723663311,-0.16192132079899585,-0.7111298100361679,-0.5662425647906628,-1.290614092316862,0.8788363615031914,-0.10349080269678095
816,1.3395954063015476,0.5350025620473768,0.027576183560161848,0.05547360689193653,-0.5702922470985022,1.674365604601877,0.5382807773846072
824,0.8281836353028338,0.5049194744939147,0.9668356433745556,-0.37404541645036743,0.23860742481799976,1.4136459526844996,1.4975957287211348
832,-0.9433735119415383,-0.7585683499805568,0.9367526249409385,-1.6575885654821567,0.14501572398259988,-0.05039557193831423,1.584502257696725
840,-2.0998993301013216,-2.073865988955552,0.24484253418567112,-2.521640632622655,-0.7006521400226503,-1.1584543936624352,0.8173846008395906
848,-1.2241485462255568,-1.6744299748907288,0.385230172511822,-1.420266835003456,-0.5468943951387334,-0.6587415241374796,0.8959347528713624
856,1.3429380240086275,0.18904758408403258,1.406382397397234,1.081639854567155,0.6764828139731353,1.3768778543114881,1.8452220471356617
864,2.9824639402115865,1.4023970036290114,1.334517335717716,2.343456385268781,0.9622717313710132,2.6854903634371756,1.7566441832743824
872,2.5395746431671653,1.0497569175397392,0.08105707639505506,1.6632453451784146,-0.16417114555393816,2.4080577280106543,0.05862337658121377
880,1.3863912651572547,0.5634142935303652,-0.46879410739570326,0.8894424882749364,-0.5084548985052154,1.7662861412865796,-0.822141341215985
888,1.2593739924536358,0.5868122675719364,0.09108475878130401,0.8894424250796504,0.0698081024053253,1.7596010385466136,-0.36588183258754203
896,2.039861934862002,0.5968399680909237,0.7478979115440848,1.3473733210171452,0.4642302399989737,2.1924626720556524,0.44803172064750024
904,2.4125574122945173,0.32442124378526505,0.8147491414559119,1.4275947810047973,0.42746204485818107,2.4364695785234005,1.093145846623144
912,1.951284035273842,0.5567292238242989,1.0737975674635618,0.8276050876173514,0.5895762419098497,2.1389815982524394,1.8402082220106568
920,0.763003766488377,0.25088487379080265,1.3796418440684437,-0.5060764579059243,0.9839984233093216,1.1512549761147606,2.2530143961338007
928,-0.5539650910355294,-1.4471358946620365,0.684389310470326,-1.721097322748811,0.33052777227590846,-0.04705304956275956,1.4457860382772687
936,-0.9651000518161907,-2.2861186512594887,-0.4002716081273896,-1.9233222261858387,-0.700652119555995,-0.7255927675142114,-0.11351853445434684
944,-0.3066156494454499,-1.4036825583614168,-0.854859831600525,-1.0809969355432496,-0.8778078099358848,-0.5317242835701005,-0.8589095182240398
