-240,-0.7292277868380508,-0.8929785987833044,-0.5118899908505655,-0.4673905615849904,0.12628690175403492,-1.3062545815994455,-0.7136324360425049
-232,-1.136230395528994,-1.1414484358750852,-0.5850590126666094,-0.35153963122696313,0.1095190398388766,-1.8352055836182382,-1.143500376168389
-224,-0.9944654529314375,-0.45701321713872034,0.04449941023289917,0.20027679310747848,0.7832837459880823,-1.2239394307464038,-0.5352829605945569
-216,-0.24905609377893695,0.492659654918608,0.7838113802663874,0.7002650311788259,1.2344926721522698,0.15712578889432857,0.5454844066452798
-208,0.44604953323646,0.9514903755305885,0.8981379717777364,1.0615370007434948,0.8244412737636375,0.5260195755041565,0.8716963140241996
-200,0.38659976605429835,0.744178158732561,0.35089469072507373,0.5966088946149797,0.1323843295178167,-0.27883965906861036,0.11409208591671584
-192,0.06038790387010976,0.4042470733543019,-0.19939731550816273,-0.3347717367257489,-0.05968434374310261,-0.3321920030719636,-0.4499191160007537
-184,0.014657271785042756,0.3676625861898887,-0.0744002500544238,-0.042095642747863087,0.41591428774499506,0.04889661155559202,-0.21516851143673735
-176,-0.29935979038250204,-0.14756919983979103,0.0033418564212492553,0.6164255563802669,0.7604184258518231,-0.7224267858725327,-0.160291742945967
-168,-1.0112333570938437,-1.0454140931040374,-0.626216622152927,0.1088154898013286,0.10951896549681926,-1.4739335903099604,-0.7883258161913613
-160,-0.9212964350453694,-1.3350414286602985,-0.9310874562153146,-0.5832414976742344,-0.6008302024357015,-0.9144955105506457,-0.8294834057002982
-152,-0.3908210276977953,-0.9280388014657157,-0.502743845766163,-0.5207429470168468,-0.6328416406377734,-0.35505735841426206,-0.2898618684969811
-144,-0.4243568679536689,-0.5972538660843293,-0.28018810262467436,-0.24940785430592174,-0.581013587011388,-0.8230341959458134,-0.00023449118471925362
-136,-0.7902019365878803,-0.6094486611885029,-0.3838441864613345,-0.6548861434725716,-0.6465608508956703,-1.1019910672208766,-0.14809690002707848
-128,-0.9182477381933772,-0.6064000051100172,-0.3076265110230407,-1.0161581726418847,-0.36760396635693626,-0.5867592296102543,-0.11151239092029568
-120,-0.3725288081048204,-0.14756921064722656,0.1649234250868064,-0.2981872353151707,0.36103748028195726,0.1342604795655054,0.013484664217254827
-112,-0.17283833220865596,0.10547362202471423,0.2838231146852041,0.36033400409521954,0.4890833490245541,-0.44042121430674736,-0.2090711098727992
-104,-0.7383739057226092,-0.14909362006973428,-0.016474753435597487,0.015829822922397953,0.08055627605518041,-1.758987871500162,-0.5444290870115702
-96,-0.24295866765264523,0.2792500393403757,0.16492345963785018,0.2246663993632299,0.367134903133268,-1.2711944509666044,-0.09017145482544538
-88,1.257006179034357,1.489587536061203,1.0703900319068282,1.4654910594653197,1.3640628435530102,0.7089421099031364,0.9326704639377785
-80,1.3012124966713496,1.6420229738885226,1.1603269526453115,1.2886658332933338,1.2055299280184566,1.1784432859538672,1.1506531825155302
-72,-0.20027671866465305,0.1466311864800508,-0.05915666836379215,-0.8865881030930366,-0.11456113172000704,-0.16298868564458982,0.2802467148432969
-64,-0.2444830195992456,-0.3426866379085477,-0.6094486562571378,-1.0481695838253675,-0.7456438841324987,0.08395673825845627,-0.17401096122756618
-56,1.773762385621477,0.9301494160196282,0.2258976295288093,1.756642739435725,0.05311792169399204,2.5031075212326677,0.6338969975432798
-48,2.1228396408102417,0.9850261777966886,0.42863674119858036,2.189559401794701,0.3214042779256605,2.8140757419578324,0.6659084146217277
-40,0.35153963100023433,-0.6124974091301907,-0.5576206289943458,-0.43080600515474055,-0.6739991995256428,0.7241855835194116,-0.3737013701503801
-32,-0.4990502251776617,-1.2969325484482797,-0.7268239750777984,-1.60455906072463,-0.9849675723736504,-0.08677093635548595,-0.6755236067564329
-24,-0.564597529344204,-1.0835228745753946,-0.48750029698908587,-1.5344387599954337,-0.8645435383611078,-0.20262187228098,-0.60387892837204
-16,-0.6011819503540121,-0.46920806431508316,-0.08659502747370226,-1.185361601582344,-0.6922914949344159,-0.05628383798258629,-0.16486480255199543
-8,0.6777515016993726,1.324957275128627,1.09782842278405,0.7048381423657968,0.47993715006672294,1.8461106216514505,1.1658967260526383
0,1.4566966341343959,2.099329357782563,1.8036045746677827,1.547806213429593,1.1948594648835025,2.705846612270061,1.806125636813203
8,-0.0005862273760801251,0.6603386454529814,0.8874675137190018,-0.6030581867856083,0.268051872680173,0.5519335880711842,0.8412091978026567
16,-0.9289182353881288,-0.11708216893148926,0.21980018129639983,-1.708215185007299,-0.2365094985205143,-0.7315730051352425,0.09275108481350347
24,0.4384278277043863,0.6969231393311048,0.5719261127047787,-0.2707487750083643,0.34884271203262385,1.1144204542532063,0.5637766566955731
32,1.9536362349583956,1.3478225687375434,0.6085105923367371,1.1926315735430406,0.40371939963137615,3.0762646959705653,0.9677306577777423
40,2.1426561928636834,0.834115090605977,-0.10183861129307102,1.8282874427099702,-0.6191224832708118,3.2911987728797474,0.35951314280825136
48,0.3881242028228934,-0.728348325897049,-1.53168318525196,0.6560587410516691,-2.2974368345530887,1.5061795609992943,-1.0566121914179163
56,-2.6621093356750407,-2.8685421540841944,-2.6246453981944193,-2.4749655560704475,-3.295889057981091,-2.6720761990809176,-2.4026172861570245
64,-5.578199600918961,-4.5422834290580445,-2.516416248365519,-5.915433670390189,-2.535236157420219,-6.742102891206741,-2.663281897556852
72,-7.86473141133231,-6.156574869712631,-2.022525364534642,-8.514458205761892,-1.7517179232956692,-8.251213946840265,-2.413287769924355
80,-9.317441287906313,-7.240390992917857,-1.932588478347204,-10.369597721810273,-1.8858611187689005,-8.030182524205562,-2.1663423054115514
88,-9.5262778802308,-7.194660349370359,-1.9585024478482376,-10.784222151148853,-2.3797520047285143,-8.205483286262867,-1.8157407835894288
96,-9.568959825616313,-6.972104546132979,-2.3395910662420203,-9.996130889349335,-2.7029151374746565,-8.659740948251315,-2.477310641907275
104,-9.23969919469431,-6.8608267320381415,-2.6993388151868065,-9.52662977257575,-2.527614410623392,-8.232921754757125,-3.144978002003461
112,-7.4028520033657825,-5.804449025582483,-1.9585024390057904,-8.797988203780086,-1.3111794415990476,-6.545461177007183,-2.7593162598140344
120,-4.947116848015223,-3.7663869543389974,-0.6658498045318425,-6.753828719673981,-0.28224018464275913,-3.981496829907972,-1.8904341375384408
128,-2.9608828628204282,-1.7069839519131311,0.28382309094159536,-4.212729727098325,0.18268801203896542,-1.8367298790714244,-1.0322225581435764
136,-1.149949588265745,0.055169875805194404,1.4773927080623699,-1.8621749235277743,1.0546187830243394,-0.6477334307772772,0.27719800931260613
144,0.4811097419775851,1.3188598473648445,2.4102976595823877,0.017354211221281446,1.9433174914131703,0.5534579639251419,1.1369339809363315
152,1.121338676154261,1.5581834702701363,2.1252433731522173,0.5600244002456095,1.3594897444834675,1.942144983908632,0.8823667802703855
160,0.848479113106192,0.9331981166378484,1.0856335659464937,0.24295859750508228,-0.04596519161610925,1.7973313464240717,0.38847592575058343
168,0.39879458522957884,0.45455081024012717,0.33107804860966944,0.0005862970701838587,-1.0596609407325774,1.0168617850804067,0.21622381797052523
176,1.0070120351907068,0.9347224692394439,0.2624820611823037,0.47923360625163824,-0.8325320734679444,2.1936634839563585,0.4845102054782566
184,1.971928485663685,1.712143269541499,0.4560751590943903,1.2215942908220139,-0.2258390041094964,3.3460754891345803,0.7177364598969128
192,1.6838255086039866,1.779214902402281,0.21827585129216848,1.2276916773210407,-0.6450365017328038,2.460425528032439,0.2924415726633468
200,1.2082268785896286,1.8722005620762547,0.11004668459711883,0.6911189286691699,-1.0672827048868012,2.0290332079588707,0.22536996534741333
208,1.8819915719664113,2.6633405631387634,0.7487512414460957,0.5539270771174541,-0.6282686350689234,2.9131588205531402,0.8854154908772961
216,3.3911025589890937,3.89197034544342,1.878297967589062,1.7307287176987516,0.23451606042538295,3.7667973717817893,1.7482001714704405
224,4.65326820070826,4.954445397460852,3.0825380227911903,3.93494543588121,1.4616214843972302,4.663117807481316,2.8259188323608417
232,4.8499099190015444,5.215110108420088,3.5367956577610484,4.636148472647997,2.2436153690314153,4.50306060418978,3.4219414893465347
240,4.2980934712509935,4.521528718235727,3.312715574954136,3.8175701172243004,2.069838938124585,3.394854807100452,3.217677941563165
248,4.479491687108174,4.527626129297108,3.513930361040899,4.111770569698747,2.4951338772665923,3.603691454280863,3.203958789763669
256,5.038929850870738,4.983408165502023,3.6221595531170485,4.643770281996952,2.8274431531321467,4.097582306671929,3.1658499041479327
264,4.465772563146014,3.8721536987430434,2.1694496604956415,3.732206224324537,1.2771745618631154,3.117422250600963,1.9585610697280522
272,3.866701222899497,2.6023663518193,0.8295420208664034,3.4700172450944513,-0.1221828939092432,2.215004444449813,1.1857133288682766
280,4.381933078850009,2.8493117904597587,1.4499543355250393,4.320607073598761,0.8442579016328771,2.495485644091616,1.9600854755480805
288,4.648695112446154,3.1999133484704165,2.3904811035989697,4.390727418540194,1.9768533301953026,2.878098696797759,2.5713516428298284
296,4.278276924601269,2.6237072723579935,2.1069511412780657,3.64684232831354,1.662836289315131,3.045777601036396,2.1247157361531595
304,4.627354123624118,2.7273634803164137,2.1206703050312403,3.823667585925337,1.6933233870330344,3.521376290000402,2.216176969865975
312,5.31941112976707,3.56423407105299,2.9926011349662613,4.666635610320663,2.5347670738916728,3.5427171828655095,2.87317384291985
320,4.307239702631131,3.1374148046904855,2.9621140351196207,3.62550141072233,2.472268588733894,2.178419922898104,2.6917756657074388
328,1.5496822854571701,1.2792265839301622,1.6145846293711696,1.0798293236621033,1.281747678617552,-0.16146437774647743,1.5561315067244696
336,-0.6347177485263867,-0.20549469694986464,0.8203958954318842,-0.7341525673438009,0.6933467662999517,-1.8047185505811987,0.8655988536743623
344,-0.7886776167360885,-0.06525415018364622,0.9835018181727789,-1.3210290992224711,0.8686476115417597,-1.3458878501103475,1.1811402278337448
352,0.7859806685581717,1.299043305463843,1.8447621641767193,-0.4186112010443707,1.260406705187925,0.5915669127480017,1.9661828636845995
360,2.0649141260152746,1.931650378055625,2.4331629916723263,1.4959781306558808,1.5088764895525206,0.7531484260663879,2.202457806767797
368,1.8393096591669538,1.3432494857154051,2.3035928312427694,2.4151639234989464,1.7177130594433916,-0.8047419074144989,1.9189278781791916
376,1.7874815847444427,1.241117762831542,2.294446730698102,2.5005277890526223,2.373185507518603,-0.6675499897081775,1.891489488120716
384,1.6106564658280662,1.2030088999769186,1.9682348906200318,1.870969358784409,2.296967826840339,0.10987084841990236,1.4799137788864885
392,0.28904109295152086,0.34174856641790363,0.8310663590580856,0.2505804771023691,1.1933350900120383,-1.0730283563281153,0.25738138095212
400,-0.04936570679849265,0.16797214615476005,0.56735304982377,-0.2555052679872877,0.8945615728553434,-1.1660139370750597,0.3320747614284742
408,1.3606622576310476,0.703020582814793,1.507879760913041,1.0020872255376303,1.5728993777465936,1.0061912531708623,1.6277761890388402
416,2.621303543637391,1.3203841424905336,2.5932202607909693,2.191083767168721,2.280199852920848,1.8110504658012594,2.7573229333579485
424,2.327103068893076,1.6389742765452846,3.032234335030072,1.9014563944414327,2.6125091715248994,0.3949250677129723,3.051523315584065
432,0.6259234300605945,0.8249689356966331,2.1099998396037996,0.4929527770460204,1.6491171121345374,-1.7208789803169586,1.9707559065882285
440,-0.6530100337827194,-0.0347670021947922,0.8097254047870939,-0.2631270172403511,0.5881663477103386,-2.4297039164946628,0.6826763087954442
448,0.06800966311186321,0.6115593089834677,1.2563612742927348,0.3161277264129885,1.5683262875194983,-0.9266902830574538,0.9189513065708158
456,0.7326282616751941,1.0825848343608142,1.9636618021941743,0.7414225542056587,2.6704346591375283,-0.18432959635834115,1.399122967862619
464,0.03294953968397993,0.12986326119401942,1.30666498596121,0.535634707694122,2.231420540031193,-1.5836870545869346,0.7680402031689506
472,-0.45027089509435947,-0.5850590310253944,0.5429633528510592,0.15302177927348948,1.4341831622945989,-2.6857953821564764,-0.07340350759704573
480,0.1350812895864326,0.06431607050555099,0.7213128302639961,0.20942287482100824,1.4113177737112474,-2.092821621796587,0.13848175685333172
488,1.0314017488658183,1.2441664654147502,1.617633318690707,1.1225112369528094,2.0500223405489155,-1.344363495707512,1.0104126031632557
496,1.7173613164375527,1.623730739885635,2.1587791839332664,2.3084590913930993,2.4006238689209987,-0.87791099685889,1.365587161830292
504,2.252409699224157,1.3645904781399194,2.0444526089605697,2.9303957620920613,2.3137357128266047,0.5534580400684378,1.3625384947806223
512,2.4536245642379493,1.3219084872321765,2.119145984524453,2.7733872427163444,2.336600989569373,1.8994630015158391,1.5119252418146638
520,1.7585187859184543,1.140510399426733,2.1831688930234057,1.8694449477244102,2.493609520243771,1.0503976222250488,1.3366244291589104
528,1.4368800481849062,1.1649000587371678,2.0124411362074532,1.8526770252221125,2.531718397344559,-0.5212119511523087,1.0180343642062486
536,2.04967054825462,1.6450716920278892,1.7319598568198749,2.916676594572659,2.136910530539356,-0.35963041834778825,0.8655988746342372
544,1.151825769287193,1.0719143672958837,0.9652095438876301,1.8923103467876994,0.7619427404636461,-1.130953758463755,0.25433268082514715
552,-0.9533079068159913,-0.22836005867837533,0.11461974764187677,-0.40946505366748165,-0.13285339175899077,-3.6187004442070867,-0.42857817908715934
560,-0.5950845961135417,0.15730169218975132,0.6603386998365516,0.23076386004056557,0.9555358000584607,-3.024202184526475,0.07750754078514785
568,1.9627823988739355,2.035306477284694,2.2746301598135235,2.896859956714731,2.629277075687305,0.6815037383483006,1.9189278747404621
576,2.4932577679042387,2.471271844519364,2.7883376480975293,3.1453297217569416,2.9524402998054025,1.4634976228187373,2.260383307644097
584,0.40031892293001325,1.111547650707947,2.045976963527153,1.2170212245022758,2.4265379225890307,-1.6964893534288301,0.9159025407804844
592,-1.08440235172755,0.48808662380490975,1.4667222182363253,0.09204757417648995,2.1811168128065592,-3.897657361823124,0.02110644212639726
600,-0.6118524496775003,0.8066766745114066,1.1938627706313174,0.9030041742884111,1.9219765946180858,-3.1888325114499083,0.028728245580387703
608,0.22959127762714673,0.7609460599474853,0.6984475238826552,1.9182243636122027,1.1064469016590877,-1.9175207131839067,-0.01852675024120871
616,0.25550526645056587,0.2487629614361036,0.19236177207928848,1.4837833082056213,0.3930489964285647,-1.3778992519601363,-0.2548017092080613
624,-0.08290143652377498,-0.21921388444664722,-0.4417697056775263,0.2414343184267981,-0.32949511398225134,-1.4556413299434787,-0.6343659979251111
632,0.014657246567693296,-0.23750618640538107,-0.7832251046851141,0.04631690311915572,-0.8736896731293207,-1.935812984685322,-1.1099646215532557
640,0.6274477698897672,0.3051640280000456,-0.2466522866036565,1.3709810173874273,-0.3813231378063143,-2.1324547984442876,-1.0306982101269524
648,1.0115851006916996,0.5643043665440526,0.3661382182147778,2.3785794220883667,0.7360287324815918,-1.370277492227135,-0.4834548995994655
656,-0.1545460693859388,-0.36250322598677437,-0.27256631177935897,1.2200699121843226,0.6018855099897717,-1.3382660368314157,-0.9483830168629139
664,-1.9624305973089242,-1.6734481907480359,-1.2649211197247576,-1.0146338051391266,-0.315775914040543,-3.1293826455270857,-1.9056776881167574
672,-2.040172701000864,-1.5301588072881591,-1.1140100700325715,-1.1655448947860743,-0.4118102085056288,-4.283319041460424,-1.6815975497989264
680,-0.273445757510596,-0.25884710759906954,-0.22378702770953274,0.7002650698235965,0.13543304503719747,-2.9251191265635437,-0.7044863094617426
688,1.3911494144623509,0.6969232031932244,0.20150792911736898,1.912126887706207,0.10342159160646634,-0.6751718078995795,-0.22583903073760678
696,2.311859567930713,1.407272373909479,0.7716165312887853,2.5127225969292204,0.47079102807093376,0.6982716510256567,0.4814615539847444
704,2.519171799138654,1.9773809750984,1.4575761319378222,3.265753800309219,1.4082690716192872,0.18913723675759309,1.1735185028155377
712,1.269201035544414,1.4331864501748766,0.9621608350819587,2.352665329939314,1.1033981971108908,-1.7071598728934494,0.4311578141514366
720,-0.3298468697605151,0.33260244016463947,-0.14909357289112132,0.23381246699434372,0.18726108900239088,-2.748294075111767,-0.6633287265027668
728,-0.5996576603045427,0.10394922553837976,-0.4417696909401141,-0.4109894049590865,-0.010905037730906866,-2.1797097428486896,-1.0063085480327845
736,-0.8283108341572961,-0.7085317358538348,-1.1383997270505217,-0.20215280035342212,-0.359982176657864,-2.752867073966905,-1.7471448182681801
744,-1.7459722642463242,-2.3228231941933157,-2.178009551122395,-0.40336765390478346,-0.7669848952244024,-4.679651182103943,-2.850777554277736
752,-1.7795080666761722,-2.520989282281844,-1.565218974418139,0.10119365556252159,0.1293356444557542,-4.729954896064906,-2.544382270510581
760,-0.40758895707755266,-0.9493797588479391,-0.001231198108559266,1.6438404769461132,1.4113178146485044,-2.5714688793970994,-0.7380220873292381
768,0.415562519849304,0.18778876108782608,0.5627799537017094,2.2154734230404274,1.0546188201953675,-1.3870453533235478,0.056166607310282106
776,-0.014305512139782909,-0.008852980949066263,-0.24055487554227534,1.0676344791057244,-0.2151685221434043,-1.4236298193643377,-0.6572312928440199
784,0.3530639993217366,0.09327878925826516,-0.4112826046846419,1.0158064389067591,-0.25785045426524755,-0.684317980657567,-0.7578386650912763
792,1.218897356134497,0.5658286320311678,0.32040756926356173,2.061513638342727,0.5134729506953325,-0.1904271192603061,-0.06578175064777841
800,0.0024623722089915875,-0.19482424838857376,-0.17805634191478573,1.2337891306296713,0.0439717292861214,-2.159893129225616,-0.44077297533757587
808,-2.0782815648379804,-1.8060670411521256,-1.6673507248118384,-1.042072241211079,-1.2014259331098374,-4.263502429966087,-1.6907437083107475
816,-2.032550918179252,-1.5499754636497292,-1.6018034995723256,-1.060364457037826,-1.0032598307751441,-3.618700391643649,-1.762388414532475
824,0.15032479840874752,0.5810722142130464,0.11919281445286173,1.8709693144084232,0.7909054901649266,-1.147721686042272,-0.2929105312891761
832,1.779859815350248,1.9072606782991808,1.3097137072118077,3.9059827140172656,2.0835582076596277,0.7622945582146176,0.6445674886793177
840,1.289017669636117,1.030756795963088,0.6710091402103913,2.941066245204397,1.68265288197833,0.2531601087405135,0.21165075427077104
848,-0.3588096610540467,-0.5484744924437875,-0.841150565442904,1.0036115417869433,0.028728210475116398,-2.44647180542841,-1.0931967172270998
856,-0.7993480782335526,-1.037792220220461,-1.396015641434608,0.7063624050691787,-0.6831452733792198,-3.0592623009131503,-1.4773340853638102
864,-0.07375534744153893,-0.9006003776749404,-0.995110383054158,0.8709927179101955,-0.25632612360602025,-1.5044206372656668,-0.8965549990975644
872,0.10002110786389633,-0.9204170045616861,-0.8137121745656829,0.8130672650123592,-0.14199947887623793,-0.9221172504700147,-0.48955231147959205
880,0.3500152662812099,-0.42957484361889636,-0.6551792898159456,2.145353138686133,-0.03986774452994271,-0.730048542658051,-0.6008302030277171
888,0.2631270142298877,0.006390575196716753,-0.5439014470650299,2.2840693818117135,0.03330128268981875,-0.8611431071063977,-0.9224689962721835
896,-1.3435426368893744,-0.5347552970870512,-1.057608918155388,-0.5054994100296988,-0.6739992337491891,-2.7528670507145474,-1.5261134079146566
904,-2.282545044174258,-0.8411506073815487,-0.9585258741111242,-2.072535886138753,-0.969724015900369,-3.8473536673482958,-1.480382773864602
912,-1.2185455268959018,-0.4890247003717741,-0.025620907198697446,-0.4750122972468857,0.21469946841717966,-2.713233839515802,-0.6328416515459779
920,-0.512769419551903,-0.807614774494381,0.2533360169673007,0.8923336933048119,1.1597992869271938,-1.9678244831470342,-0.34473859899797793
928,-0.5539270357519313,-0.9234657657670452,0.1557773148809463,1.000562883088474,1.2329683128369628,-1.7513661540144092,-0.29748366441851626
936,-0.09509627158270983,0.16187471871847633,0.6572899366662045,1.6331700165948924,1.2207734466657136,-1.0532116927615889,0.32597734479962587
944,0.46129313768820546,0.8646021934000999,0.7563729396094634,1.8877371573286952,1.0469970416312289,-0.37182529385273255,0.48451024739800724
