-240,-2.3600087599494524,-2.145197997617925,-1.5941592160128961,-1.7188637412233503,-0.011101672056810508,-2.6167471226545027,-2.0535288321515717
-232,-2.448282775270124,-2.1143721250039995,-1.4134077574499102,-1.7903236244640888,-0.10077674934103587,-2.925005423583861,-1.8377479761202113
-224,-2.7145059301569288,-2.257291902021651,-1.0645152836366505,-2.0705584864701603,-0.3235634699950129,-3.2304614550363864,-1.018061009708216
-216,-2.4062474592941245,-2.0134876227207488,-0.4760220592903739,-1.3671689378770637,-0.37820929009250265,-2.5536942310231825,0.0146045476232936
-208,-1.0709283940592478,-1.2988886310666132,-0.10471081630657515,-0.12712958912425157,-0.5449490225711071,-1.05583877348006,0.37750875655194116
-200,-0.13914745837079534,-0.7888611332103089,-0.19018246672277586,-0.6665818259849415,-0.9667025650124172,-0.2473611414559889,-0.2025774736261313
-192,-0.32270116112379527,-0.6669590218570126,-0.7898851287114871,-1.5311063691197946,-1.4669217893907338,-0.45193268070988835,-0.9816305237853351
-184,-0.5202668404210974,-0.3881252830748236,-1.1710045724736686,-0.37513751489715946,-1.5257711024331142,-0.5500148313341443,-1.3893722239433095
-176,-0.6113431791036094,-0.4427710875185684,-1.2634820586132651,0.4403459931888041,-1.2833679954245654,-0.6284805796490498,-1.4033838907240808
-168,-1.1185682899294747,-1.0172526492985448,-1.2088362184970436,-0.4522021199694509,-1.0143424964046053,-1.237991455360587,-1.2856852392019835
-160,-0.8047052010916977,-0.9598044767894763,-0.746448705767418,-1.1135563447596761,-0.24790008613302827,-0.9087155245898675,-0.6327380409410689
-152,0.22655911275302124,-0.16533854691761876,-0.027646218459089066,-0.8487345053066824,0.6278339104485214,0.14356643023445487,0.09867501837181879
-144,0.3750836409529975,0.24940907204901344,0.4487530403736492,-0.5797089983093336,0.8534230035328086,0.11694413184448045,0.31865939940814414
-136,-0.24563669061350465,0.20597255202162218,0.6084868975429457,-0.518057319609898,0.7847654234846617,-0.5948524365046737,0.3719040178625085
-128,-0.7262394852884162,0.11349511299377832,0.7556102031779643,-0.4914349477677355,0.9529063384907599,-0.6859287682634134,0.6353247893312779
-120,-0.9210026950720867,-0.39793349047594534,0.34086257307308987,-0.6077324363295199,0.6726715111035472,-0.9423436127956192,0.385915776307998
-112,-0.8369322056594798,-0.7846576679605057,-0.14674608908425787,-0.45220207150304775,0.13602164275973172,-0.8596743221663191,-0.19557163474188335
-104,0.12707572406057993,0.29424663266657647,0.22596630993608208,0.33806026969524716,0.4176577381679687,0.2920909781521294,0.2626124676765636
-96,1.669768772776172,1.9826617677635983,1.32869059763264,1.331492841486887,1.3816657640682517,1.9006392099513214,1.3653366330029812
-88,2.4824498864563758,2.767319408353205,1.838717996298386,2.0152659295206403,1.766988688583466,2.5886157707607174,1.5797163230636924
-80,1.9822306106013208,1.9126030002209033,1.4239703934370498,2.3571526076479676,1.0019474742353742,1.8964356263953295,0.8917396773628331
-72,0.8192558983788072,0.35169477341660416,0.3254497108203828,1.8625380006425587,-0.1512190173405405,0.7404667723232125,0.051035070272268224
-64,-0.35913174458154895,-0.7860588550035033,-0.6988086988158064,-0.051466207670535474,-0.9288708210026196,0.017460772502811212,-0.27824091799586165
-56,-1.0415036896737213,-0.9906303083123212,-0.7912863140987993,-1.8169459183385595,-1.1334423081777132,-0.3174198418681993,-0.20257749966553412
-48,-1.1732141145424686,-0.5562662317966803,-0.3569221996529303,-1.7468872218397846,-0.8279862618240261,-0.8610755334425177,-0.01061653708221378
-40,-0.6267560395501157,-0.16814087870839747,-0.1565543243309832,-0.4045621444758464,-0.36559876700589705,-0.7924179931308011,0.008999854991995456
-32,0.5390210202674395,0.22558905322049713,0.04241246750351082,0.8971288135881653,0.08978299338662912,0.34393441949760434,0.0398256634857737
-24,1.1149036041240223,0.490411009926062,0.21195454426578722,1.6061231956962667,0.5339552542743237,0.959049953372097,0.07205273819437508
-16,0.6819408124872851,0.45257933214364715,0.07043598108312026,1.0302404712570112,0.6726714874724129,0.6760126957561311,-0.03443655079316067
-8,0.49978810622303976,0.36570654721480494,0.031203096389492587,-0.0949025877173224,0.5647810027119069,0.4588307339608341,0.15752434661639417
0,0.7463947683399097,0.25501372449233156,-0.13273430339523115,0.08584900390249683,0.1892663393323053,0.4209990585866878,0.2415947854553623
8,1.2914516522253128,0.37831708384792107,-0.3779398865401512,1.6719783531920158,-0.2577083164127001,0.9184159811270626,-0.08768117481664608
16,2.4628334409487085,1.4053778674195883,0.16711696076967406,3.571970748120997,-0.06294506252761378,2.3265961976237044,0.13230322834564537
24,3.565557687102637,3.3333938382421255,1.2558294538967165,4.355227175477687,0.44147774179429156,3.569437895777759,1.1579628033504152
32,3.4184343561807986,4.039585824138266,1.6551642363490102,3.501912043795349,0.6894855941150105,3.4012968889564252,1.5446869567522914
40,2.6449861026599883,3.350207959635368,1.7294264346731651,2.7522837446818733,1.1210472629794148,2.814204858125367,1.749258441218083
48,2.769690637769816,3.519750088024899,2.343140818983339,3.3029451932593106,1.7095405208909338,3.3354417106893592,2.4666596799220515
56,1.6627628733841786,2.9802978881913385,2.118952924682358,2.263273920316797,1.4447185983526778,2.4653124037287726,2.344757576094595
64,-3.011554918523297,-1.154567654362555,-0.370934000845185,-2.62542353410682,-0.43845980869144474,-2.276261601466816,0.26821709468254495
72,-8.652683025826619,-6.993261376541994,-3.983161531487175,-7.970903844903307,-3.0362371370983654,-8.077123611847046,-2.5943821806463507
80,-12.295736363457216,-11.335500779604388,-7.1680309548453,-10.753636122409835,-5.5877756648628205,-11.992004884596515,-5.506022526997649
88,-13.74455065710909,-13.127602806122342,-8.905487119422089,-12.0188966136666,-7.291603756135018,-14.004091291247683,-7.303729275046113
96,-12.591384202560297,-12.292502806320059,-8.316993922168834,-11.056289825081917,-7.039392313184019,-13.244654753124562,-6.8049112327437395
104,-9.590068645416396,-9.316408538584476,-5.7346294943964,-7.832187583257546,-5.024503539521146,-10.075198394614727,-4.497176993913261
112,-6.97687837979941,-6.2142083894493245,-3.040171192624631,-5.427772326057697,-2.9913995334330044,-6.797851442520756,-2.036714768857806
120,-4.795249860562968,-3.0867871437178347,-0.9019790838393668,-3.920108575770442,-1.5159628840442676,-4.103393085358814,-0.08908233717489127
128,-1.8331671793827182,0.8491116416204219,1.4113598557503153,-1.1079516212724398,0.10519579949657767,-1.167932777074343,1.830526533214593
136,1.3110681168486098,4.590247298454073,3.5621624909335545,2.0488941283562245,1.4923585289922814,1.8501969061288241,3.6506521240363026
144,2.888790519533226,6.614944315040032,4.534577576627356,3.2889335656129024,2.0836541084594384,3.5834496174971537,4.30500053146618
152,2.7612836059724164,6.847539251674586,4.523368113698103,3.274921784288862,2.292429056519349,3.831457505941901,4.066800839585347
160,1.7958744071777148,6.379546956455145,4.198295674517624,2.8083306785206874,2.481587593539936,3.1967254773407547,3.7613448654797144
168,1.2354047141720277,5.908752339078,3.7933563651530045,1.8653403437220961,2.7772354379111057,2.6656804109034176,3.291951455164296
176,1.4189585505839277,5.646732745771735,3.5075167331500103,1.6061231312750839,2.7814389386828684,2.4246784153784446,2.664225310903468
184,2.0452834521105516,5.779844384776502,3.5355401696650293,2.7354696184720932,2.7450083905965577,2.1836764434846043,2.570346619508344
192,2.321314823128452,5.7868502429268975,3.5873837267579076,3.311352333880342,2.639920372489866,1.9174532420881136,2.9038261412103785
200,2.217627971293442,5.882130047762315,3.9586949093844788,2.616369819191879,2.4017206526129122,2.1304317884546613,3.255520899552148
208,2.7248530313951536,6.336110563313399,4.471524709078723,2.6051604139105513,2.4955994117405864,3.1042479380687342,3.4306676818901645
216,4.339005984122799,7.2468739361404575,5.061419087354306,4.669090315792204,3.210198321062044,4.638533900800888,3.8286012055029577
224,6.222184392521565,8.11700326537753,5.762006322068121,7.052487882642941,4.0074664844372245,6.269500902523205,4.4283038796835275
232,7.085307742592752,8.360807557020808,5.987595403562617,7.918413669716135,4.304515511486404,7.362416899883898,4.621665970156751
240,6.812078714654391,7.821355406707264,5.652714619107644,7.4602297917182065,4.0130712271906095,7.625837701305508,4.296593524203015
248,6.739217661830602,7.267891544156884,5.246374117732974,7.4924568223253925,3.7118187537062233,7.740733982354013,4.2741746913638785
256,7.6948186736944635,7.415014852049656,5.072628513557464,9.294366853046807,3.7706681325244373,8.376867193332137,4.333024006814528
264,8.906834346761094,7.859187129795231,5.005372096770663,11.305052231901731,3.8967737420907116,9.21476948217843,4.220930025948279
272,10.37946874624018,8.840009260832943,5.525207886618521,12.605342053345865,4.580546862636089,10.522065187511332,4.672108208805483
280,12.814709798989364,10.421935210949522,6.665763749746086,15.058798516280632,5.52073486052633,12.479505812898338,5.885525198058509
288,15.15046763237748,11.41957127869639,7.280879359330518,18.59536250260975,5.957901242492315,14.215560886160803,6.4249773796795395
296,16.3484716302344,11.443391221513933,7.007650340423164,19.797570056929636,5.631427678883817,15.05906778620882,5.997619194427987
304,17.05746594822235,11.52325804684407,6.803078924291989,19.17264646105323,5.45768200215922,15.661572750336504,5.67815140693824
312,18.0873290438671,12.194420749664587,6.985231583444484,20.094618935870304,5.673462862706082,16.19261798354643,5.993415605152356
320,18.855172557644863,12.82635030860158,7.2290359262634665,21.645719162384566,5.489909112088748,16.215036681522534,6.241423470869069
328,18.680025830395987,12.645598845824123,7.128151437225692,21.26740204665025,4.935043986183364,16.313118913275336,6.157353051296249
336,18.375970981922503,12.022076197669039,6.7666483226217045,20.495355094866223,4.581948048926502,16.73347116812844,6.221807102124962
344,18.40539559705158,11.682992000344102,6.664362614330343,21.194540990816126,4.612773876836944,16.440625882226318,6.112515497752976
352,18.38157564204218,11.781074305699608,6.971219851188914,21.484584185152247,5.059748519336473,15.497635388331492,5.76782657046858
360,17.969630432834016,11.666177954510287,7.0693020329701435,19.969914743035634,5.564171256678413,15.175365265890116,5.446957678419031
368,17.972432618473,11.63955559726825,6.797474187709792,19.270728503455924,5.708492190786219,15.988046461601963,5.358683626823813
376,18.694037642575964,12.14958308639458,7.104331361050282,20.635472375879285,5.894848446138117,16.865181641162557,5.480585765721681
384,18.462843607604594,12.341544036936556,7.4826484349409395,20.554204264014558,5.948093059474911,16.084727531448067,5.596883317048964
392,16.92435441894432,11.776870679246336,7.506468469122168,18.064317513839065,5.583787734547187,14.788641270982406,5.833681717277637
400,16.53622900173589,11.645160291254198,7.61015536009154,17.6033310254438,5.341384585393939,15.32529101740763,6.497838465014954
408,17.238217300821525,11.78107431969767,7.377560387935025,19.380020314938996,4.932241664778242,16.306113087787082,6.604327743014764
416,16.981802507916576,11.2093951679772,6.604112086399361,18.942853675890355,4.063513489620993,15.78347501973242,5.912147528508557
424,16.22937172468934,10.473778620385444,6.082875242264308,17.209601116995525,3.480624968291672,15.13613248249428,5.240984984483243
432,16.23637770174799,10.330858775785757,6.084276437435211,17.742047213787888,3.884163242484723,15.676985641036882,4.955145453175974
440,16.529222949870398,10.34346938541951,6.143125696141032,19.074564253985184,4.360562462333616,16.10014054963616,4.733759889311122
448,16.38350102514399,10.036612123575152,6.054851761497354,18.982086565551036,4.495075209059036,15.449995622808794,4.340029883177454
456,15.825833599357384,9.336024886152035,5.6765347140976505,17.971840027849993,4.413807122330612,14.418731116603631,3.7795601596168615
464,15.61005261869813,8.695688238221265,5.2631882471036056,17.716826161443496,4.095740521131279,14.413126481018192,3.6198262267376244
472,16.66373572775279,8.69008358668105,5.275798763115922,18.90502191728043,3.842127923046839,16.079122891648158,4.194307726354172
480,17.320886608609737,8.921277323629198,5.519603162830248,19.70369143853515,3.4301826718444968,17.029119005425322,4.890691427935113
488,16.57826435353488,8.825997478003734,5.565841907329957,18.66121776531672,2.932765799275692,16.28229300137653,5.247990898174328
496,16.20975538815582,8.92127740942376,5.707360506787168,18.29971470369464,2.950981049311421,15.78767834439955,5.522621076429592
504,16.617497111493382,9.20291341226418,5.774616883084954,19.109593527427727,2.8949340867239006,16.004860400267834,5.535231594248111
512,16.094858924982013,8.870835000992104,5.343055165302596,18.145585551950568,2.267207984607768,15.720422200800705,5.285822567979354
520,14.842209155494007,8.11560201903092,4.938115732514217,16.239988346234618,1.9001002422452156,14.69336136620385,5.100867556716317
528,14.329379408029085,7.598568702610134,4.88907472546145,15.650093892098587,1.9687578295181687,14.012390524467348,4.913110184612761
536,13.91182945170255,7.095547099329285,4.2571450319624535,15.113444146726978,1.6576971040796937,13.558410113224388,4.362448674172927
544,12.153355474858063,5.95779347241434,3.2342877491625486,13.839776673042321,1.0187615850924427,12.150229753285258,3.380225310485633
552,10.265973597446564,4.7990223023557075,2.6303815341727526,12.079901610001079,0.5914033578467073,10.599129735086212,2.891215572968739
560,9.269738603102526,4.192313748350324,2.315117297125306,10.23875854527339,0.39383778059978125,10.105916362235554,2.643207680911589
568,8.270701253336576,3.428673703133736,1.5977160251571298,8.717083031573589,-0.041927417333541196,9.681360557241181,1.9454227796442387
576,7.172180610456339,2.424031638309486,0.423531879205619,8.093560606634886,-1.1040176357017444,8.822440647735048,0.6185106917196881
584,6.1002821979324935,1.4474132050700017,-0.7142216727519641,7.593341223461367,-2.1717124724964716,7.814996213942377,-0.46179475591292907
592,5.08583183058052,0.9177691981879512,-1.1583939905350025,6.038037792241842,-2.7321822416636485,6.90002932559291,-0.7966753767561614
600,4.1008064063336835,0.6487437103062329,-1.3797794988591638,4.046968842187222,-3.2968555380935434,6.137790516788821,-0.9353917071880902
608,3.512313074518425,0.2788336253156943,-1.7174624996585452,3.0927691377797806,-3.9273839963841732,5.927614372203356,-1.1399631681732643
616,3.438050826824767,0.26762427422040713,-1.3433490144414502,2.8251447675528225,-3.8166912471138885,5.893986145672683,-0.49822528804446187
624,3.6384187587410244,1.2204228439646918,-0.16215896021745516,2.522491143149468,-2.8386715028055804,6.3087338093428,0.6969764722451828
632,4.736939507434555,2.3637811621562768,0.6224986924134954,3.5635638445638924,-2.111461963831637,7.9551135712674474,1.2434344996742337
640,6.189957397586861,2.99991438622936,0.3562755623619597,5.799837989580659,-2.241771216859582,9.766832137366046,0.9365773132387852
648,6.087671560453137,2.5767598051545964,-0.4984408129576852,5.9861941550740365,-2.8176539580061997,9.46978327272447,-0.16054222959715295
656,4.360023483466112,1.161573549736907,-1.6347932593018497,4.076393468153504,-3.6807773460076127,7.4661037679747215,-1.4524250988672667
664,3.1522112595439884,-0.15132683197147856,-2.357799264691372,3.2791253288610096,-4.203415302679858,6.23447158829061,-2.32675782381539
672,2.9602504202339097,-0.4413699301273766,-2.332578120080186,3.9937242043161922,-4.18660130305469,5.557704287814882,-2.1053723112767586
680,2.4628334358311386,-0.5436556524167988,-2.0257209149806568,3.7036811630556348,-4.120746102360625,4.616115112514716,-1.6401823859288422
688,1.5828959044610338,-0.7089942660365067,-1.8197482835093302,2.27868675427235,-4.248252965046763,4.192960493359208,-1.6513918014453102
696,1.3769233661595945,-0.4035382907267407,-1.5058851970798215,1.0890897084389348,-4.377161027569825,4.330275531687426,-1.633176536357903
704,1.4007432590055666,-0.07986691381084715,-1.5885545126949068,0.4095201445070455,-4.958648379918162,4.284036822709679,-1.5196814425029115
712,1.102293047773208,-0.32367125030812527,-2.161634771082415,0.4613636307065211,-5.702671998441682,3.5246003786595446,-1.7634857823115588
720,0.4451423552127517,-0.7033895080809273,-2.336781628076756,0.2974261598778775,-5.842789366302927,2.8114024634185735,-2.130593421269083
728,-0.07329232736599993,-0.6193190949803287,-1.9892904853510511,-1.454041750049442,-5.21926679340623,2.9697352846637193,-2.1502099301443125
736,0.20554152701307613,-0.176547954607214,-1.5184957710410987,-2.1616347816533223,-4.61816294317039,3.3536570337257268,-1.9232196158497197
744,1.0756708461655236,0.39933465498773846,-1.5198969740388741,-0.415771559390247,-4.426202040643263,3.3060170505557656,-1.8083233366074167
752,1.340492754856235,0.2942466243881537,-1.8421671143917493,0.24698391009090337,-4.664401804019566,3.3172265014436775,-1.55751313322977
760,0.49278227636979904,-0.2928454589732604,-1.808538885151775,-1.6137756657697657,-4.485051409828404,2.9683340374140093,-1.3067028767197002
768,-0.9167991705186712,-1.0074443542966571,-1.6628167090623438,-3.411482435191613,-4.004448595435793,1.71568412734333,-1.0825149550246649
776,-2.877042127395427,-2.267100062461536,-2.2316935417859614,-4.5254160208510354,-4.340730449982225,-0.2809893287017815,-1.3851686495688407
784,-4.896134394003196,-3.6962980496832447,-3.3414236935030703,-6.054097293962224,-5.764323703331036,-2.1893887993790613,-2.492096468742586
792,-5.609332145782944,-4.183906713646794,-4.368484472559235,-7.514120979950978,-7.141677987759623,-2.3435180485074896,-3.48132547398663
800,-4.67334771052686,-3.8952647858265315,-5.020030520503244,-7.507115125714019,-8.073459009844706,-1.0614435461862848,-3.935306115219228
808,-4.157715457875828,-3.9358989022666386,-5.588907386340553,-6.552915376302061,-8.610108780202099,-0.5710324465753787,-4.726969551344252
816,-5.368330252609376,-4.716352893674938,-6.197017050474857,-7.118989852098596,-8.963204743799396,-2.301482853546982,-5.672762251950414
824,-6.912424381350536,-5.175938255534956,-6.098934821581875,-9.28240297063201,-8.68717342681702,-4.680676947020013,-5.604104766125771
832,-7.217880329567284,-4.291797175829782,-4.865901346031139,-9.245972493589619,-7.500378609068325,-4.993138873047993,-4.223948022268177
840,-6.197825369376637,-2.8808144797348834,-3.3049930832533296,-7.294136643317103,-6.059971433309453,-3.2528801734827715,-2.48088704148581
848,-5.053065960472789,-1.80751496475847,-2.258315865613272,-6.789713800613418,-4.933427190904527,-1.3598935512106565,-1.100730309669556
856,-4.705574646760024,-1.7066303483835008,-2.0509420671176817,-7.135804013830335,-4.382765740069337,-1.1959562817734626,-0.9213799371528092
864,-5.4944357866162274,-2.592172626420428,-2.7052904978776606,-7.263310722989358,-4.93763077762137,-2.686805748560908,-1.7648869115561137
872,-6.539711949818575,-3.613628826485461,-3.7687818214077313,-8.333808039231826,-6.393450945829965,-4.163643491070171,-2.962891001378785
880,-7.143618152616512,-4.203523236670601,-4.735592179098792,-9.747592936769973,-7.620879682992304,-5.183698509360295,-3.845630906232818
888,-7.407038848977408,-4.387076966366104,-5.126519768550216,-9.91153025602822,-8.011807283883003,-5.5970450028452925,-4.0235800885457165
896,-7.519132825629188,-4.541206200442854,-5.183968024295064,-9.562638107632239,-7.832457003030973,-5.288786627711162,-3.77276984588319
904,-7.356596621316401,-4.770998793696838,-5.396946494801154,-9.163303290109534,-7.611071545732,-4.61902524950598,-3.8904684096540048
912,-7.5863892135167665,-5.245996876624824,-5.853729332509945,-9.627091912366016,-7.650304426211157,-4.466297317015494,-4.478961662899504
920,-9.078639994985439,-6.180580224329496,-6.303506393497918,-11.534090374513196,-7.594257402664342,-5.889890441371426,-5.337881617560672
928,-10.981434901873783,-7.2510774076656475,-6.7434750089672235,-13.096399613459996,-7.441529352921288,-8.397992534752538,-5.906758412203543
936,-12.367196276048727,-8.610216579329807,-7.48049281268918,-13.830615107517142,-7.594257340199879,-9.727706989237243,-6.461623458335033
944,-13.017341176084104,-9.494357522215225,-7.886833390977924,-14.672720945451085,-8.001999049087825,-9.743119959862033,-6.638171485213457
