-240,2.000405195947196,1.1019753297867523,-0.18512049508622638,1.2609159412638875,-0.1883464040091405,1.3240082783954408,-0.5748411660917327
-232,2.0842801203588035,1.168107520402384,0.8358957448604389,1.696420494020519,0.9036409579057492,1.48046730391428,0.3058457624480422
-224,2.000405142926786,1.4390881883317004,1.6617414275507487,1.55609127098098,1.385921891832021,1.3385250826761108,1.2042756035977267
-216,1.256821456450256,1.2310137671213561,1.7552943130845138,0.6350797806235037,1.1859123992378793,0.6304269923573635,1.581712769947559
-208,0.29225952448806525,0.7777664116075618,1.4810876832385291,-0.28915768568545624,1.0294533420107548,-0.27122879424840435,1.4317056866286046
-200,-0.04162728515901768,0.5761439572013448,1.064938922947496,-0.360128779064244,0.802023166280793,-0.6067285910048827,0.9332949400001432
-192,-0.19324734917640285,-0.09808160637193786,0.16167017262369016,-0.4069051290454079,-0.28835118149468897,-0.6083414736328799,0.15422570362873708
-184,-0.7126268774590893,-0.9465090074044965,-0.7883749107008865,-0.9246716967289055,-1.148069402192967,-0.8341587377988691,-0.4570935990174895
-176,-1.1029679841746798,-1.0223189546844937,-0.8480551026308368,-1.3101738890722954,-0.7722450817380373,-1.0632018548951263,-0.4167692009392919
-168,-1.4320158752910987,-0.8642469923043615,-0.5851394544573826,-1.5553467379539723,-0.4577140422048105,-1.329343471916022,-0.361927842464771
-160,-1.5175038037924944,-0.9303791200232315,-0.6319158787710834,-1.2553325753012579,-0.9045094248500516,-1.280954151459317,-0.4829013248462371
-152,-0.5271342007546603,-0.32712471428492224,-0.5383630043265535,0.03182532186478347,-0.9174132208824692,-0.5470482959796897,-0.4006393979401835
-144,0.718086193747192,0.642276163411215,-0.29641605463805254,0.8979954941194904,-0.37061313768325677,0.3191218296655711,-0.5087090016397681
-136,0.9632591126296725,0.8858361270658553,-0.24641371120520503,0.7544402940888524,0.1552182964127585,0.6191360909085263,-0.9667953124173221
-128,0.8664802941152149,1.0761677044542082,0.6100785772054589,0.5883033396759483,1.2181719775130053,0.6465567853068519,-0.2812788508605872
-120,0.6019516356142772,1.5487708085964638,1.8133615672868237,0.4657169240718449,2.1520872862546416,0.465903007726923,1.1897587430045302
-112,-0.035175341919517364,1.1148792251024875,1.8569119849803721,0.11731324898002408,1.8907845569224717,-0.13573847761067803,1.51719361270423
-104,-0.31422086430576934,0.15999514250374647,1.092359558954062,0.2995799783224071,0.9842898925043282,-0.5841468562020493,0.5365019191542978
-96,-0.07388690259300947,-0.1980863485105456,0.4778142174595905,0.7383105101493689,0.1326365673278119,-0.2518729676487514,-0.0877213266299962
-88,0.16644710087765524,-0.15453586168253988,-0.18834640328940672,0.7979906795543078,-0.4996514651651144,0.23847284759119913,-0.37967064868732114
-80,0.25032202182387625,0.07612031373680156,-0.7044999609919587,0.42861839677065566,-1.2480741375740714,0.33525166229373216,-0.513547983240463
-72,0.04547365020447446,-0.06904796021115801,-0.4722309140338559,-0.006886190293300057,-1.4658263913407408,0.26105462779059424,0.044543069329159614
-64,-0.4061607873343822,-0.43680732675256567,-0.020596506990399215,-0.2649629826595829,-0.7883749086483113,0.09491766419441615,0.5510187549699822
-56,-0.32712463573394407,-0.6868192173593906,-0.09801953910368492,-0.18753991121416216,-0.012531636272805263,-0.19703173427467668,0.12680503279503846
-48,0.05192555861684225,-0.5948793416333004,-0.5883654142948189,0.20602714650212972,0.26812684549975035,-0.09057501181693534,-0.7006536255688921
-40,0.47452628397930885,-0.01743255256406932,-0.7722450903748463,0.536688057475845,0.2955475665815506,0.736883601670242,-0.7571079302612488
-32,0.8729322217604766,0.2599999745691294,-0.8641849764970951,0.4318442898994055,0.055213478555459564,1.3998183660235843,-0.47161050795282594
-24,0.6809876371634879,-0.14001910245189314,-0.8448291563084065,-0.0633404475098645,-0.23350980863881451,1.244972260732184,-0.4941921900817873
-16,0.28258165866403107,-0.4722929014249542,-0.36577412919916064,-0.06656639937691235,-0.0431782305573843,0.7255927549745084,0.015509399083944496
-8,0.4164590140094913,-0.15937482058495409,0.2955475231176094,0.3963587424303001,0.16650909338019806,0.7126889196099561,0.7800618812495139
0,0.5309805391166421,0.030956833561706323,0.21651154392014033,0.6092720882357341,-0.259317535680447,0.7546264264326087,0.6607013469918471
8,0.3341969852210798,-0.1093725111128923,-0.41900245845984263,0.43507028248474305,-0.6674013798306687,0.4739679181498473,0.1816463812199389
16,1.3100498182855693,0.6229204466643083,-0.21254107443372552,1.5480263948653812,-0.06092096851182328,1.5304696970754215,0.7058647672157595
24,3.821459354982713,2.7423759084228223,0.6262084141653524,3.964270128920167,0.692340551560648,4.114463374038662,1.4026720345766683
32,4.755374686942438,3.303692861051966,0.3874873965911977,4.948187796688888,0.1987687184380397,5.082251300492152,1.3978331139667723
40,2.781087384947404,1.4245714070958506,-1.0077401621463795,3.3190781962599654,-1.0206439895672,3.2708748908436904,0.7381244042291834
48,0.8229298419410725,-0.34325454622000634,-2.085210653591721,1.4399567176996058,-1.6787397757852327,1.2627150506674178,-0.15869238136972635
56,-1.336850127921655,-2.20463327590996,-3.1223566726263274,-1.127907132006822,-2.5497488870163822,-0.800286135507984,-1.4684319918532067
64,-6.424188502892616,-7.158094274569868,-5.853131475670125,-6.324928242639909,-5.262780941363044,-5.7021317949621855,-4.134687620153474
72,-12.987403237435805,-13.980998905892072,-10.033975279615102,-12.510705796625194,-9.245228078682809,-11.583056233976578,-7.634853833596586
80,-16.44563200885899,-18.042482009067566,-12.906692293500909,-15.61407886845374,-11.563080103971288,-14.271893578020052,-9.693016093964015
88,-15.940769360748932,-17.91344366269935,-12.600226107731542,-14.92211049449945,-10.840465140930494,-13.575086313951266,-9.389775918280185
96,-13.908414781333503,-15.303642343942984,-10.10978525531127,-12.705876330490193,-8.72262264029098,-12.058885188276792,-8.041324756479753
104,-12.06477882598455,-12.669646302754579,-7.549986266472737,-10.773526468089315,-7.0596404607892564,-10.762049414197481,-6.349308924579557
112,-10.185657300294936,-10.421152449404559,-5.21600447266574,-8.989570763581876,-5.5079538404928226,-9.002288445983623,-4.16372127515099
120,-7.050024607913548,-7.409719156271283,-2.530393087073548,-5.666832354192979,-3.094936006324289,-5.9021413168388435,-1.694249159161648
128,-3.225649415473712,-3.87084140190738,-0.0576950888714225,-1.6779332356877312,-0.6722403680155982,-2.416491940077761,0.04293003976878159
136,-0.09162967866669852,-0.5239082939976123,1.3455974203142906,1.3028533945463212,1.0778427794242487,0.46267704338448484,0.6639273186115968
144,2.5826908645614948,2.929481559068178,2.39080835531644,3.5481213109304517,2.4569405069198194,2.699880048306076,1.104270822300254
152,4.447295596020059,5.579607401869537,3.0537430278370463,4.907863361011249,2.9940627663994426,4.385443979764295,1.9736669190454565
160,4.579559875542234,6.010272975624513,2.8488946461680222,4.649786510773016,2.260156903815771,4.582227470243287,2.647892488683167
168,3.6569354277044157,4.992482778857827,2.173056047663012,3.7707125660505194,1.6036741951537161,3.4612065874413345,2.686604009158178
176,2.598820669293297,3.8537189775548075,1.7778761499429754,2.9803524601118294,1.9133662886064575,2.162757777390679,2.063993823949468
184,1.5052203790073102,3.2230439037551077,1.5004435507297416,1.9319155635395504,2.1214406876383296,1.0610925855185038,1.1865328069049894
192,1.0132615189592826,3.3230486301262085,1.6536765270041756,1.3980192696152522,2.402099120029129,0.44977322361417005,1.0671722891079074
200,1.7052298736806843,3.9972741557535096,2.3472579031422978,2.2254779439199597,3.181168407861522,1.349815882589128,1.9188255856949865
208,2.7585056257135974,4.218252454086311,2.611786566494777,3.4610204216565963,3.365048140254078,2.680524276806065,2.3801378488593983
216,2.8988349785318537,3.6488705510090313,2.121440688011526,3.7416788964983794,2.289190609927734,3.162805360783565,1.9381814128144488
224,2.610111576286753,3.137555909238104,1.7294865945330786,3.3223041692658697,1.3197897242612082,2.851500228760442,1.439770616111154
232,2.768183548369966,3.168202577162141,1.6359337890497367,3.320691148715497,1.206881129604386,2.8402093141431357,1.6913954465248506
240,3.142394874264921,3.660161377952063,1.8085226568998185,3.7416789467464833,1.621416959791629,3.0837692568321886,2.1962581694872525
248,3.079488707423104,3.7682310743507315,2.179507923847288,3.6997414990086672,2.2649958557874132,2.7289136743676163,2.168837446846027
256,2.427844794443767,2.969806047766227,2.153700259009339,2.9206721617945193,2.963416228947199,2.027267461446029,1.3752513992631792
264,2.0649242902937637,2.310097265775333,2.2343492771237283,2.8916385196189336,3.761841155728574,1.80790220393611,0.9349079442632005
272,2.1794459119119245,2.1213786522782865,2.565010180300324,3.199717698215586,4.2199274628674734,1.8272579898174732,1.3897682148063544
280,1.1342349822811237,1.1923022615475072,2.0262748512351125,1.7770694842385482,3.0618079221192636,0.8288234486336254,1.333313879445328
288,-1.1223237619123856,-0.45293717532150435,0.5649151892096392,-0.9714480285167905,0.9407394720384709,-0.7131852131396903,0.6268287672259724
296,-2.301412065601733,-1.2932995820687903,-0.5173943384162322,-2.134406589504751,-0.6657884738113141,-1.527740031980604,0.441336064011338
304,-2.1610827817446645,-1.607830677221468,-1.0964540506584808,-1.956978822530168,-1.3029154274339434,-1.4470910407229587,0.5381148593077077
312,-2.0401092638429894,-1.8513906845399755,-1.5948647806530882,-1.9537527795234595,-1.3384010416117356,-1.1744974808091022,0.09131947042477141
320,-1.7175133244562664,-1.5546023498667483,-1.6190595243972508,-1.703740934833004,-0.7125648555007627,-0.5696299846928853,-0.2764399141366453
328,-0.896506561336236,-0.711013899419676,-0.91580035208936,-0.968222149076317,0.15521830767526376,0.04975423755953933,0.21713186475266696
336,0.2535479728245778,0.4713003001707296,0.2665138946303006,-0.016564082107731165,0.7907323599568102,0.8772129565677298,1.2607298654925623
344,1.2810161645009392,1.4729607325773657,1.1520398224442414,0.944771960537634,1.335919548745712,1.7337052091116447,1.8978568809723384
352,1.3439223649570045,1.4826386533277724,1.5456069409780626,1.1576852467384233,1.7181957521424212,1.698219650033495,1.5930036409009969
360,0.4519445344485836,0.6180814577863021,1.6714193256028753,0.4334573317619048,1.9488518435261435,0.8626960154043012,1.3171841457539462
368,0.30193744298597147,0.4503315635665264,1.884332642992141,0.5447529152248969,2.2488660870956285,0.8030157922858742,1.5930037148869949
376,1.2487565455075247,1.1181051724645343,1.8311043407614727,1.8915910628859176,2.335967058499139,1.5578902887250423,1.7010733269035065
384,1.850398063073218,1.571352545478529,1.5504458180973586,2.264189457637467,1.6327077508679124,1.8546786578788632,1.609133421375094
392,1.316501737613904,0.98100194512918,0.777828515782179,1.1205867097341522,0.5181387272698399,1.3304602325509083,1.3187970810558158
400,0.32774515859182907,-0.3174469195013078,-0.22705793381403708,0.020534476901742923,-0.5851393895080456,0.5594558376412381,0.7010258369027823
408,-0.42874244295313835,-1.3497539002761538,-1.2529130323401825,-0.5375565347763204,-1.4206629910428,0.12233837609294221,0.15906464243191076
416,-0.33518962343498265,-1.4578236027392484,-1.7755185663766753,-0.8343448238797176,-1.9577852929734052,0.2465377794995185,-0.17159623735332755
424,-0.12227630171398321,-1.1932949177281054,-2.0981144158366227,-0.9940298447562029,-2.3481263693668653,0.43686933159055147,-0.6329084757402245
432,-0.6352038496775361,-1.5078259676574917,-2.591686325371,-1.3859838626892276,-2.836859255369373,-0.23735621257656794,-1.531338182259651
440,-1.4062081700814,-1.9126838996193387,-2.8868616519692445,-1.7956808003362048,-2.7416934742124113,-1.1599806448201477,-2.095881133365288
448,-1.4271769520821638,-1.9255877405285098,-2.552974803683104,-1.4924405877460099,-2.0932755538184113,-1.0002956450825196,-1.6103742482650476
456,-0.7900498938048672,-1.6110565953009988,-1.9900448707020673,-0.8795083127182802,-1.727129151861388,-0.22283935995375959,-0.8313050306067268
464,0.38097333693493646,-0.920701338408085,-1.3222712753190655,0.097957475054243,-1.375499602527173,0.6288139298758166,-0.526451780832304
472,2.171381016563431,0.33258406545347047,-0.460939965802303,1.7190022203331563,-0.5673966340534053,2.0143636531114897,-0.22482460698576
480,3.58435134825585,1.7729749347354835,0.32942007342769963,3.0626143592947925,0.38264843229077833,3.269261991235301,0.2897159755629804
488,3.6908080436835764,2.581077879298085,0.902027977060706,3.259397937967867,1.3262416415103115,3.070865409165515,0.8236122838686317
496,2.955289261045738,2.424618847195012,1.0326793159096632,2.55936465289757,2.0165969647653736,2.2546976361363753,1.218792373744341
504,1.9745975153417406,1.4616698772181658,0.8584775468917671,1.2173654778272394,1.5746405275075406,1.71434938285853,1.2139534300896262
512,1.0390692122133987,0.3277450838527758,0.6649199386255575,-0.12947264401665304,0.26490090177636005,1.3482029814213141,0.9252300264583713
520,0.6261463722543982,-0.23357187068233143,0.2939346153655606,-0.534330594864855,-0.9883844064405326,0.9417320755185402,0.09131943611744713
528,0.8406726966790309,-0.1851825330719642,-0.6028822194418347,0.10440936977833501,-2.002948755821569,1.1320636861746023,-0.9329226960916214
536,1.2455305605460365,-0.04324023958049042,-1.3577568208822095,0.9850963833933437,-2.6787872231617063,1.686928708559445,-1.2958431739046885
544,0.9810018914756704,-0.3271247154978076,-1.5206678343440319,0.875413809218219,-2.685239154792163,1.6337003870958826,-1.0216366374508643
552,0.10031493954453788,-1.3110423772021036,-1.7400330277443041,-0.16011925666777893,-2.144890850053331,0.6417178113300073,-1.3087470565717643
560,-0.36422329697231504,-1.678801805080849,-2.062629005250276,-0.4617464273954759,-1.5061509091480365,-0.024442831944001132,-2.15717443750508
568,0.5825959129762135,-0.3303506659787011,-1.39324229349897,0.8334762550930434,-0.4706178978418731,0.9578618360666662,-2.1216888621396146
576,1.8794316413124257,1.2648863487931927,-0.34157950119890107,1.7673916113104722,0.3326460365305965,2.7224617567719744,-1.1216413397375289
584,2.0552464988022665,1.240691620816538,0.2697398596658155,1.4560865492881518,0.02940592582275889,3.293456706563296,-0.3296682837690778
592,1.6261938631214696,0.6455020996840247,0.5616892766747256,1.393180330985347,-0.31093288372289096,2.64019975899877,0.3268145494736158
600,2.169768085420025,1.3761819535683115,0.9584822543765118,2.410970490325863,0.32619423693135935,2.601488195552969,1.305893272548007
608,3.5085413016925346,2.6246283756559023,1.4472151303293987,3.5481213436783534,1.139135960542825,3.5918579174535528,1.9301164585543877
616,3.8940434557434047,2.8520585032169943,1.2843041736999115,3.7949072519227296,1.161717692226811,3.649925168190477,1.4026720605670655
624,3.2536905026046665,2.590755793984065,0.9117058473897429,3.2948835027639056,1.069777838679194,3.0644135309020077,0.7736099341980888
632,3.0020656853594376,2.656887891380806,1.0826817011004162,3.312626308120108,1.2859172082584422,3.1547403963006144,1.1978236036991603
640,2.8230248482794584,2.5875298301614347,1.440763193154324,3.288431530588428,1.573027536932759,3.1773220096416575,1.7026863129732859
648,1.7520062519047472,1.4729608398310723,0.5971747804799636,2.1964442707291663,0.9455783819056685,2.259536504245669,0.7607061258635496
656,0.5551752154590408,0.15031729712549144,-1.1625861463225273,1.0221949335660832,0.053600557288404675,1.1433545110384022,-1.0877687831897433
664,0.6358241996126435,-0.06904794721595936,-2.081984744522194,1.2770457397579926,-0.04640418848885844,1.0078642418764683,-1.8265135315561758
672,1.384246848283706,0.47130027573975486,-1.8497156116225113,2.135150987208424,0.14231442448838047,1.515952886383787,-1.1909994851657877
680,0.976162981955011,0.1374134848057583,-2.0868236474586195,1.5915768439206766,-0.6706273803863946,1.2127126396595362,-0.8780813563301868
688,0.08741107576381763,-0.5110043908847571,-2.4868426756176945,0.5592696907428594,-1.504537954959812,0.7207538213694142,-0.8942111688591076
696,0.7761534645833572,0.40839402053058715,-1.7013214176890563,1.1318775685587386,-0.7819229581314997,1.6740248681700827,-0.11191600609124237
704,2.392359308658537,2.1536382485734213,-0.11092335679476795,2.7255016372860656,0.9729989619462451,3.3482979165460107,1.4317056623709006
712,3.60532011587526,3.418214382520461,1.1826864640313424,3.9207197015235375,2.485974128303087,3.9176798398958015,2.8043514993008443
720,4.153733232620044,4.108569778895176,1.6843231251006796,4.475584718710302,3.156973743474708,3.909614894819016,2.9608106190781904
728,3.740810385730271,3.9214641010465363,1.2584964833913739,4.117503238265438,2.7263081286549045,3.517660844831167,2.049476937539142
736,2.6084985590284973,2.577851887925632,0.2197375285350894,3.486828140381304,1.6988399558648972,2.5530989386861034,0.9526507080347677
744,1.6939389510929905,1.3600521327224637,-1.0206439730799588,2.7771170069871736,0.726213183480586,1.7498349741647734,0.11874009724806375
752,1.089071614731083,0.7164731993005075,-1.7545498250942009,1.7786824392931195,0.09553804765047262,1.214325625729316,-0.4216080567464634
760,0.5019469385256919,0.5245286571545015,-2.020691439169518,1.0786492975165467,-0.3399664789424918,0.6465567537718362,-0.5780671550384147
768,0.4035551219858721,0.347100873026257,-2.0577899928076433,1.180266979115487,-0.8190215500621439,0.635265911407836,-0.4812883836532116
776,0.3712955714338368,0.04708656014904518,-2.0997274142085227,0.9834834269526184,-1.3803385120478322,0.7223668074391937,-0.11030299143202597
784,0.07128133271589261,-0.004528782868587894,-1.631963344167564,0.5383009759705909,-1.178716033037372,0.3400905621113101,0.3090717267904807
792,-0.35454536565247974,-0.12711526275560778,-1.1900068549289367,0.55926980215503,-0.4948126202739098,-0.20187065332514856,0.33165345500908106
800,-1.201359792570842,-0.8771508609366229,-1.6690619114939664,0.2947410123159507,-0.27544734907571444,-0.8777092390082286,-0.43128598425437353
808,-1.9530084190993486,-1.6481552168606963,-2.4723258456931663,-0.8472486192190579,-0.3544833327781855,-1.4874155115742689,-1.302295109693608
816,-1.7449339824680352,-1.3223332985769134,-2.091662547796005,-0.6859506753428248,0.11650677420505474,-1.5229011278312938,-1.1539009547457508
824,-0.6884321591855161,-0.24002378793143403,-1.1609732323327835,0.907673321997544,0.8858981064599077,-0.6115674430001293,-0.3441851145599524
832,0.6616318876686805,0.9439034216399164,-0.5335241251280245,2.204509192761134,0.6262084543371776,0.7949508603775546,0.6348936532179231
840,1.5148982550542345,1.4261843397986804,-0.5238461870506858,2.380323856882419,-0.5028774979489329,1.5256307634703277,1.115561633129239
848,1.2423046230603412,0.9068048463431261,-1.0432256902093224,2.1190212486655,-1.2093626337329157,1.4804673202015957,0.7607061274229732
856,0.46646132746674696,0.38742528531253806,-1.1158098010196351,1.7302930666823508,-0.5754615489813321,0.7997898771519205,0.6590883728776505
864,-0.15614888702447624,0.29709846167183707,-0.8012786611634737,0.9350940704558958,0.19231683185760598,0.07556193947712056,1.1881457215878104
872,-0.9013455448428931,-0.20615118598708743,-0.944833884758738,-0.15850631304898327,-0.05124316211916456,-0.7115722255104876,1.1816938389925704
880,-1.65783306581763,-1.4191120768928893,-1.6109945838254658,-0.9601572949659212,-0.5415890198100982,-1.2244997888950093,0.43811015546161935
888,-2.0852727197603818,-1.8723593461185655,-1.9061699419587244,-1.1246811901893938,-0.5286851665988063,-1.4745117108635801,-0.03771891371615311
896,-1.7223522369225044,-0.973929596455078,-1.4658263914873535,-0.5940108727363865,-0.1786685737053165,-1.0873965918817867,0.17358146455931925
904,-0.14324503502606878,0.5261417043883492,-0.8432161806347866,0.7157288058419351,0.053600588996689874,-0.029281692429443198,0.7236075356655974
912,0.5825959242387191,0.8342207684539825,-1.057742506618843,1.2883365911319986,-0.31415890749670494,0.38848001858442793,0.6252157903394665
920,-0.45616308225182106,-0.3303506370427255,-1.767453694419539,0.6189499464359186,-0.7286946863962306,-0.5212405892105668,-0.04094487528628242
928,-1.1271627438596197,-0.9207013079126862,-1.8013261991597989,0.24796471188981098,-0.26899539440043957,-0.993843714838217,-0.06997851832821454
936,0.00031013225666762944,0.1293485832195695,-1.310980369365226,1.1076829091967328,0.4794272443942711,0.1255642955586289,0.3316534732023591
944,1.6891001010037066,1.727811626443549,-0.6641754369469686,2.4883935823903323,1.1342969725311656,1.4965972152067113,0.6252157811561933
