-240,1.1529228655398864,-0.12044023737043104,0.5127506939947313,1.858309841536461,0.8476789977688046,1.1764773623301432,-0.044611691154307874
-232,1.1322630072978934,-0.420008306636943,-0.16017069946822104,1.5439846471269072,0.4138217083682992,0.9934900104877601,-0.6378450964298559
-224,1.1676798632304433,-0.8568169612394811,-0.5763195475072594,1.341813086670764,-0.11595636428182915,1.09678931326991,-0.8223082293160322
-216,1.5838287077819757,-0.7166250324190736,-0.5674653146202556,1.6044885170586565,-0.3373120953062162,1.766759320764319,-0.5433999396641107
-208,1.9734148080178748,0.4344248256589703,0.01101104968796004,1.8937267399531736,0.021284173655821855,2.1888109570683123,0.04245488377937308
-200,2.0235887602422804,1.533825018316654,0.6529426489714324,1.7697675510289828,0.4713742210241657,1.902524248545962,0.566330140740069
-192,1.7048364909222495,1.6341729520922204,0.6854081937582913,1.3580458099220662,0.44481157150528033,1.2384570045869208,0.5781357840081575
-184,1.1706313944060451,1.132433263716058,0.630807067863582,0.8548304202391744,0.319376617706641,0.9418402949741354,0.6283097853746914
-176,0.8991016173116406,0.9627272306092431,0.8728227279897413,0.6334747446978335,0.49350980213201506,0.9477431032129863,0.919023647117878
-168,0.7766181127322184,0.9760085252493181,0.6485155829382416,0.7072599777515897,0.34003648324069297,0.8872392278914569,0.7537446852755133
-160,0.2852083655248006,0.3163684002701469,-0.09966684412058775,0.5124669094034965,-0.19269301136269704,0.5581569906122952,0.24167506333970973
-152,-0.6843297648168917,-0.7741775029078247,-0.6028822303159733,-0.392140250890813,-0.46717413653864986,-0.3508772452265855,-0.5552055761157101
-144,-1.3602026338138773,-1.0973568847082833,-0.5822223695376106,-1.2096807477956117,-0.1794116688486791,-1.3676379353246984,-0.9654516100505469
-136,-1.3351156060231786,-1.0634156955244498,-0.6456776931272199,-0.9838978296264691,-0.003802794688754351,-1.5919450932165604,-1.1794287698639108
-128,-0.7477850716030637,-1.0294744990485585,-0.9039260291063063,-0.1456974578347612,-0.26647824679429677,-0.9780518097251215,-1.4863754087562155
-120,0.06532832645428545,-0.8110700704510977,-0.6929002056437893,0.45196298937848256,-0.40962160755491517,-0.10148307539632415,-1.0215283394432986
-112,0.07860965787169372,-0.7136736429630244,-0.1572193537645177,-0.004029812013849129,-0.45684420630799194,0.14053256364627686,-0.32351994767492404
-104,-0.5367593112326977,-0.8981367203661538,0.10545613274051353,-1.0591588434069716,-0.5498136592306403,-0.316936012924498,0.07344467542248513
-96,-0.6297287378405296,-0.669402481222894,0.2190854412102661,-0.8215703430010922,-0.2177799640134976,-0.5058262261109344,0.31546028434571755
-88,-0.2844137625674277,-0.14847863305805156,0.2913949444231544,0.11550228266005805,0.17475751299661044,-0.4158082580751759,0.21806376697510818
-80,-0.2357155327333077,0.12600252604182158,0.1039804694793032,0.03138711810746088,0.022759938213224275,-0.5486216886051353,-0.0785529171154757
-72,-0.45559552472249426,-0.0776447907285291,-0.28560563361000885,-0.5101965932135889,-0.3358364098517867,-0.744890417995117,-0.19808499387628511
-64,-0.45707125440483826,0.024178922347078143,-0.16164643057727174,-0.2785108798044795,-0.23696415756757452,-0.6947164335905436,0.033600689889024586
-56,-0.24604540763944166,0.17174936689546158,-0.022930175005024037,0.1937146166220623,0.11720501413224362,-0.44974945581925085,0.2741405848236888
-48,-0.06896081996651815,0.11862397876776942,-0.01260024667664197,0.2424128867210226,0.33708506588459797,-0.07344472758264675,0.20478243302133184
-40,-0.21948275510861945,0.05812008680132491,0.24417239069060687,-0.04977663432029992,0.722244032715034,-0.012940857333852236,0.15460847715089623
-32,-0.39361595570333835,-0.02156803755732942,0.2913949222299354,-0.5042937638911796,0.8506303716896012,-0.21068522573102677,0.17969547529779545
-24,-0.45559551124803954,-0.12634307557012775,-0.13360803377999034,-0.9853735992566072,0.22345577723021978,-0.3110332522425436,0.07049325632263716
-16,-0.5279050865888888,-0.1322458208753512,-0.2797028306024165,-1.0635859497050026,-0.49668825239723535,-0.17084122957652617,0.18264688916638513
-8,-0.33901479746993973,0.07435275821560915,-0.1764034961156681,-0.75663934172468,-0.7254224669694316,0.04018455393819664,0.3715370408459011
0,-0.16488170784131434,-0.04665497372173841,-0.08195838976023441,-0.5323321480066218,-0.6855784565478611,-0.020319371001029877,0.3346445116651916
8,-0.16783306892174804,-0.17946842485968717,0.14234876749753567,-0.3493447335476571,-0.10267502541384016,-0.20625806759597834,0.38186704605793403
16,0.2734026945151885,0.5613353999176118,0.571778864839073,0.43130312939273535,0.7738937025740377,0.35155828945863044,0.6327369162437858
24,1.6974579037004032,1.381827392013295,0.8934825802078613,1.9955503940582275,1.1974210458915866,2.0220562517521032,0.8039186401948112
32,3.019689583379634,1.663687054476352,0.8979097159911689,3.2292396748002523,0.9834438255224409,3.48890704058001,0.8880338348667769
40,4.306504316292641,3.204323030386346,1.1487795322792036,4.1087598347283425,1.0911702718555245,4.691606581040373,1.568333797797
48,5.397050217251292,5.552169557752276,1.9574658449635567,4.585412569185521,1.58995856395915,5.548991116583832,2.3357003480256973
56,3.398945773675818,3.8403518230161975,1.5280357100520705,1.932095073004987,1.0114822657550218,3.834221948005272,1.8664262298000718
64,-1.7970112682839947,-1.6846874528937952,-0.62354208443637,-3.0247979005600536,-0.8139647804627445,-0.921975045457311,-0.1420082137561761
72,-6.390880814910474,-6.243140009952842,-2.758887107482519,-6.817359434163316,-2.769273858084519,-5.313673000557139,-2.241936336958905
80,-8.598535433588413,-8.81824520229074,-3.8656658819722685,-8.371276853566473,-3.8878581537796517,-7.406222560950559,-3.392986188220459
88,-7.786897647430828,-8.82119654783592,-3.425905762932307,-7.510940850732173,-3.3875942343995344,-6.5813034340227095,-3.3383850914939814
96,-5.405109927869126,-6.954429809863752,-2.3633982419675,-5.086357629521097,-2.0196157103791563,-4.229029789737711,-2.6979291847984737
104,-4.385397833730849,-5.874213830258472,-2.187789370343943,-3.953016257190959,-1.6787278756450512,-3.194560665728709,-2.466243471389364
112,-3.566381538661774,-4.487051148193167,-2.1449938986554082,-3.3110845924374903,-1.898607937859923,-2.717907915419233,-1.822836166994613
120,-0.9042098490664593,-0.6708781673114154,-0.5497568444076029,-0.7064653654047784,-0.9777680175369777,-0.6106013173874582,-0.0018162213680497417
128,2.435310486765082,3.6603158316201543,1.5398413636241528,2.7584898552679,0.7340496965911111,2.3540898784873137,2.0789277404607707
136,4.5544227474047485,5.9579884308571724,2.822228912245818,4.812671072622562,1.9913502794045668,4.589782922655198,3.228501883599108
144,5.522485136808962,6.756344780496605,3.186728051112151,5.817626202994208,2.6377090674180246,5.640484849652564,3.538399922568504
152,6.064068832436235,7.271365830726591,3.346104212324768,6.639593820781152,3.1586329247772,6.037449411243052,3.4173921242100236
160,6.542197286113241,8.347154656476942,3.8448924365805506,7.157566236530214,3.8905825320442267,6.4373655398353415,3.471993146906265
168,7.1236250451087635,9.79039409710323,4.4469801364085475,7.331699354058887,4.426263473330466,7.071918626402778,3.857152132442414
176,7.579617856963613,10.34525926491633,4.328923694691856,7.5294439318649315,4.151782345301099,7.408379350241683,3.876336335824917
184,7.753751082129397,9.552805631889452,3.437597902433765,7.632743265717588,3.3976970901880432,7.1457038678582485,3.213744849923835
192,7.464512927241244,8.274845148349842,2.621533046596959,7.309563886453498,2.5801565866252787,6.539189128787447,2.7533248780316604
200,6.804872829052458,7.173969295601407,2.534466486564439,6.660253721982877,2.113833828211903,5.888403298994814,3.063222896393066
208,5.966672390839616,6.713549342890515,2.8325588756077797,6.08915589512029,2.2702585459121307,5.308451252561153,3.5620111396716108
216,5.286372415544601,6.291497785848017,2.9048684454003246,5.29079953121378,2.183191935786346,4.5440359832002555,3.5029829946665165
224,4.789059827759641,5.7986122564871465,2.466584050969972,4.545568500268965,1.7581888973444646,3.8947258574092447,2.7636548249072317
232,5.126996197739276,6.114413123035197,2.252606825052522,4.573606934477675,1.8600125512909957,4.304971854883793,2.3076620262097904
240,5.993235076818792,6.8522655964019625,2.4518269832122543,5.366060453685042,2.121212375010386,5.088571209210517,2.391777192823187
248,6.0537388822316816,6.57483305244321,2.504952394167258,5.742365239306969,1.9574090803923074,5.128415259896928,2.4876979787676996
256,4.532287184051474,4.827598509965571,2.0135426144626254,4.507200156279065,1.4689507521262144,3.890298750001553,2.2619151046679478
264,2.575502424779822,2.8501538109711073,1.2387975234593191,2.6138707500822993,0.9701624842766067,2.054521840291309,1.7262342451795716
272,1.8376499918364173,1.8953726794296315,0.8167459118849134,1.9498035333892125,0.8343976059541373,1.383076053496859,1.2141646062818077
280,2.7334027890963455,2.552061453949411,1.2387975342388824,2.9252444947970675,1.2653034824371916,2.0751816913997683,1.236300191352733
288,4.158933848282856,4.427682390250571,2.4267400174040445,4.306504308543308,2.2348415985118155,3.1317864391593013,1.9652984207358872
296,5.050259583948238,5.634809061104459,3.6146824745714357,4.771351311593614,3.164535730321162,3.871114479246778,3.0219031702391757
304,5.000085640601119,5.103555263844723,4.03968554123041,4.808243970287608,3.542316198068535,4.135265754721752,3.7995996866832495
312,4.617878033582931,3.9333211912875674,3.8330868278704755,4.843660931796472,3.375561507653488,4.16182850506126,3.8350165597362826
320,4.852515262156822,3.605714758513602,3.2560861870622078,5.209635724095589,2.8325020829779604,4.302020429125978,3.3583638880542077
328,5.971099572436069,3.9495539368906116,2.5256122614450613,6.043409005600091,2.014961533919098,5.064959923784001,2.5024550294049344
336,7.194458886645672,4.4498179559816915,2.006164101588062,6.860949540391884,1.3907383996170202,6.155505845033594,1.7040986696200269
344,7.383349054653057,4.520651821614091,1.8925348084950404,6.924404828472343,1.4040197362656872,6.39899714495956,1.4753644222335713
352,6.064068857641392,3.238264201657082,1.7803813007259326,6.022749170343929,1.5014162621965386,5.230238854397337,1.4591316545958315
360,4.203204858316484,1.4733210859268469,1.139925299867769,4.834806675923632,1.0085308193892184,3.4490629532747885,0.8408112687694365
368,2.770295503748956,0.0861584465042266,0.1689114084561796,3.7619691621115865,0.19689307730102334,2.137161301317855,-0.13758112632238165
376,1.9719391155884332,-0.8538655359572356,-0.5482811275656212,2.7422571250415864,-0.2959923699449401,1.294533701323936,-0.963975868954548
384,1.6915552246577905,-1.4972728877503625,-0.7902967356962386,2.3143026489526664,-0.39486459337796787,0.8813363676570636,-1.2325541451512405
392,1.3757542625203751,-1.4972729365754436,-0.2959356015691389,2.3098755730910505,-0.29156524969688624,0.9167533619801853,-0.4917502815358085
400,1.262125045518389,-1.1150653986732815,0.7075437303211803,2.154926488691188,0.17918463863444611,0.8651036377477964,0.8275299281576941
408,1.2827848856887623,-0.24882653132446833,1.8364580719687547,2.048675784722287,1.0247635721257973,0.6570292195936276,2.183702769120714
416,1.2827848451068768,0.6115094385370503,2.7277838383875954,2.107703934007501,1.7921300961982012,0.6201366111514219,2.6175600211097945
424,1.24884365893498,0.728090105392345,2.687939796578474,2.27298288126575,2.0326700413846535,0.6260394289016529,1.9106973669691392
432,1.1086516847769976,0.17322507914027685,2.0474838125237462,2.2478959674530836,1.7065392590315374,0.5050315798158146,1.150709274449003
440,1.29754206520519,-0.19717686780638471,1.7154502690131057,2.1549266253380055,1.4438637731605966,0.8090269243658671,0.8437626453851228
448,2.287739944090966,0.23815607217349324,1.4867159745453224,2.50909565912282,1.2830119474185857,1.7711864380004365,0.9706733203058644
456,3.4210813479671787,1.0409395975440303,1.455726177353906,3.4092757464089276,1.3021960736003904,2.8779651432156372,1.053312784185825
464,3.9848005379902247,1.5559605823040201,1.8335066183108943,4.0748186124132015,1.5752015050787194,3.282308291235357,1.3455023746602182
472,3.5288077600592964,1.160471649258207,2.105036360688764,3.716222342341503,1.7655674867856326,2.8469753615594735,1.5270140851175642
480,2.503192779530333,0.08468275280660191,1.591491033641679,2.6920830699357574,1.3848355587224317,1.855301643769012,1.0724969750450113
488,1.7830488611860182,-0.6856352085957937,1.03072316887287,1.8745425608246877,0.8034077933859903,1.0377610690294239,0.6430667882965063
496,1.3491916034901104,-0.5026477985754727,1.0351502555140495,1.4997134941055414,0.71634118563805,0.45338195576995566,0.6740566197288895
504,0.9094315131428099,-0.042227833182741564,1.5339385265341174,1.1603014114055223,1.1088787354102112,0.007719056866757977,0.9027908671153451
512,0.6806973233002006,0.17765219812014718,1.8822048689115258,1.1425928787348114,1.6814522615187297,-0.1811711929384893,0.9765760990594393
520,0.8666361021685814,0.1540408258230317,1.9146703865909533,1.6649924496069868,1.803935750879944,-0.23429646249098407,0.7006193099881836
528,1.496762132531249,0.09206127693629722,1.4262120627635047,2.199197670246692,1.3405644280528084,0.1670952615146746,0.3257902744980664
536,2.1165581518165326,0.3296498023888095,1.0720429008921122,2.463348847595935,1.116257245589883,0.9462674209290167,0.5338646485828435
544,2.275934351391712,0.7207115852257238,1.4778616801513975,2.441213217028912,1.3405644153709686,1.2797767442152665,1.0813511384989447
552,1.6384297821567126,0.6011794853205572,1.8349823476761917,1.7845245108325436,1.38483559359749,0.9256075252755961,1.5609552836542542
560,0.8282677336076182,-0.1986526096949995,1.3893194792094086,0.9994495864561262,0.7650394693699862,0.4297706647951356,1.2289216829168141
568,0.8120350081369941,-0.6118499847363724,0.537837670741027,1.1263601418505325,0.046371187813543345,0.36483965147097647,0.5500973903813361
576,1.310823286766165,-0.13372158860321334,0.31057915303691525,1.6266241882075654,0.04046836625876111,0.8473952452114086,0.19740393108485563
584,1.4657723277307284,0.22635037738543273,0.40649996783261205,1.5897315063692148,0.18508747984607946,1.1661474576216868,0.0690176003534839
592,1.4628209270195467,0.006470383335447629,0.3253362095395009,1.5026649404713448,0.18361172210516585,1.0569453194932537,-0.06969865981593085
600,1.4023169895570038,-0.48346364179873,0.21908544184435838,1.452490907400213,0.11720506692039948,0.5950496600858513,-0.04608736931668024
608,1.0879918450821926,-1.0619399614034621,0.19990128839659785,1.2281837967482017,-0.18679021168408758,0.22464767128912,-0.11249412912662018
616,1.0038766374113415,-1.2596844285604603,0.1379216274341077,1.4672480415790639,-0.25614831989262216,0.37664526335151216,-0.05199023779426787
624,1.2385137222048788,-1.172617866625665,0.17186285117595354,1.778621740480686,-0.1764602562482735,0.77508559092611,0.14280282167653788
632,1.2370380053628973,-1.3718380309677947,0.016913838587006114,1.464296578885393,-0.3550205775666158,0.9078990861334504,0.09262884789300434
640,1.3978898357020755,-1.3836436403119623,-0.09376401590783942,1.5129948193405534,-0.3609233783548866,1.1100706659294,-0.06379585871061398
648,2.038345836084672,-0.47018232766032797,0.3710830248709395,2.3585737415767736,-0.07611231724144772,1.5808205048015582,-0.06969870103190838
656,2.8219451289044764,0.7295658131985147,0.8315029493647397,3.348771787704304,0.15704907433003346,2.0737060095913677,0.3508772016266659
664,3.38861578399904,1.5220194067531638,1.1443524568931567,3.722125178163354,0.29724104658573974,2.643328151950665,0.9500134408217897
672,3.6129230035563453,1.7182881064993463,1.3096313488268818,3.5819331810195387,0.5318780866757933,2.9591289409809733,1.3204154074253032
680,3.2336667683981544,1.0394638862503531,1.2196133649388237,3.289743653637297,0.7222440541156374,2.646279474668535,0.9677218825003037
688,2.5371339871028344,0.24701027731897432,0.9067639599747824,2.9886997988883492,1.0498505357146843,1.9394168439892812,0.5692815725217572
696,2.37333092804992,0.35473667879005116,1.044004439100404,2.889827559127453,1.432058126087957,1.8346417739548389,0.7301334134819756
704,2.6242007357777135,0.949445819137725,1.3598053451206793,2.9960783241277054,1.6032399538715425,1.936465442009917,0.9042665441680561
712,2.1800135205851934,0.41966779245926406,0.9111910228375132,2.653714747822031,1.098548825311973,1.300436607054428,0.39219698595849467
720,1.290163438194073,-0.7845074294924534,0.03314661177305079,1.766816109735915,0.10244797031149734,0.5994767736759399,-0.27629733481330143
728,0.543456739073836,-1.5444954865034393,-0.8227622559120333,0.8872959480640737,-0.7195196845698282,0.007719052745160597,-0.7765613378935569
736,0.1951903328116615,-1.56663108409768,-1.243338175691091,0.5478838601327954,-1.1032030000282786,-0.6283097129357808,-1.1809045150815072
744,0.22322877986073134,-0.9733976720056443,-1.0264095680852177,0.6925029320285674,-0.9792437470607993,-0.5176318146885901,-0.9285589437474503
752,0.6674159736526483,-0.24735082240863648,-0.3785751183957789,1.3078718331265955,-0.4450385478216964,0.04903881203035664,-0.43714922507417026
760,1.3669000607038773,-0.1809441210936797,0.26335657552591907,2.0014532016629873,-0.011181261908695794,0.5566813181567505,0.02031932914486292
768,2.4840087311833177,-0.4229596861060443,0.3371418114330875,3.061009340463799,0.06850678715153682,1.571966346737406,0.3007032787290122
776,3.732455074134757,0.42114352372683794,0.3459960481246439,4.290271508725401,0.13491347356533193,2.89714938686298,0.2106852951580001
784,4.256330313816447,1.4511855117940078,0.5953901675445945,4.623780945989681,0.5304024086719445,3.2808325843803243,0.21068527502557996
792,3.5627490075795922,1.702055365493469,1.0159660874821752,3.7501635562549236,1.2225080273935713,2.4426322349403575,0.49106921161084405
800,2.298069937255252,1.3183720771424505,1.4158821006697253,2.6315791984187795,1.783275938926664,1.3255236174075968,0.6061741755741806
808,1.0894674893206446,0.4964044233707867,1.091227022159705,1.5439846528337358,1.4733778836294007,0.43124636800414023,0.36858563743982886
816,0.5183697529746838,-0.4996963893040502,0.25302661755373757,1.1322629345541304,0.42415166396263587,0.059368718641089176,0.07934754691201022
824,0.5286996231251283,-1.0427558146136677,-0.5438540353761366,1.3373859838602387,-0.4952124976682586,-0.06163908003443779,-0.24825895022228991
832,0.44015745230250775,-1.2567330115214115,-1.0869134896954613,1.135214360787513,-1.178463896501767,-0.45270095370502594,-0.5537298575299754
840,0.006300160365633265,-1.3467509838372904,-1.1562715798323744,0.4903313831446018,-1.4677020983127262,-0.7094734970681407,-0.6171851771565097
848,-0.43936268844429865,-1.531214133685427,-1.0573993454612602,0.028435693459307517,-1.2448706003530916,-0.7862102053388832,-0.8783849962787325
856,-0.6843297630731391,-2.121496120812265,-1.367297397429541,0.02991140808196744,-1.1814153343073281,-1.0415071659704664,-1.6339459419189515
864,-0.15897886758081828,-2.3133377275763474,-1.5561876083966553,0.48442849199822585,-1.368829834456335,-0.7994915499136999,-1.9217083599912252
872,1.2606493413582467,-0.9069909830554808,-0.7061815792283136,1.533654773171912,-0.6206474227742363,0.4976530491866769,-0.8990448496065142
880,2.2213332364350893,0.8402436553285673,0.412402757524273,2.4190776910870637,0.3769290756720763,1.3963573516244392,0.0763960992780234
888,2.0368700781852342,1.2932850829586255,0.7591934195199888,2.417601995645686,0.827019084677856,0.9462673836761143,0.22101520557328436
896,1.3728029724582416,0.8446708350227426,0.6027686938936111,1.9985017598943513,0.734049704675784,0.4017322730705901,0.14870568127683817
904,0.8976259288452748,-0.2237395545781732,0.3946943378804551,1.5484117982869452,0.39906470623909945,0.49617745012727776,0.0483577395751218
912,0.7043086440773425,-1.175569265751616,0.06413642941393369,1.1721070190059377,0.08473951452443725,0.5197887204941094,-0.14348391205096775
920,0.5346024762259859,-1.5828638071904593,0.03609801216718602,1.080613338091272,-0.11152922944965993,0.14938674834229165,-0.2674431412399986
928,0.23060726800570686,-1.2995284805150547,0.09807762747505465,0.9064801382891674,-0.06135529006561548,-0.4408952417964821,-0.13610538284853727
936,-0.054203776462817474,-1.0353772839845299,0.2869678577819745,0.8400733572371458,0.3872590174749128,-0.6961921555052605,0.009989383854520393
944,0.040241356207433035,-1.1209681585626197,0.20727974245913103,1.031915118402623,0.5761492630000397,-0.3818669442922704,-0.03428178866517344
