-240,-1.1242616192743122,-1.347709858126425,-0.6984251792870673,-1.0483748061951959,-0.40702272096445197,-1.186950673654615,-0.6296286962790646
-232,-0.5803478390038739,-0.6413521084572504,-0.25672334220697784,-0.2379798453964807,-0.04015467382273699,-0.7507245923554609,-0.5310671050553979
-224,-0.08936527866100978,-0.41502558520659494,-0.3863135268798608,0.22197409894935727,-0.44717741314216175,-0.22871335190136427,-0.5018636360236627
-216,0.027448356106334244,-0.7125354487871229,-0.9302273169536948,0.01937534326031365,-1.4492199364823368,0.1509311771103245,-0.6497060193299409
-208,-0.18610164802144413,-0.966240227245066,-1.2642414981974401,-0.13394262524781697,-1.7722828234074568,0.14180507759755942,-0.8504795282551276
-200,-0.10031657199929596,-0.7672919052830228,-1.1729808308953336,-0.004352431163674617,-1.3543088058469748,0.1746589111443232,-0.6716086330638846
-192,-0.2974396901363545,-0.6815068220063619,-0.8280153176879231,-0.36574478899147606,-0.7519881259423762,-0.03889106357326873,-0.5328923263304268
-184,-0.7573935891905053,-0.734437990760212,-0.42829344719497536,-0.7599909617395899,-0.15696840152627015,-0.588280513354762,-0.3448952212401851
-176,-0.9508662541898397,-0.6906329054415588,-0.0139699315931271,-0.7435641102568223,0.27378207182715325,-0.7635010683433968,-0.07111318286523408
-168,-0.7062876168110597,-0.34019179722889975,0.4587605446200019,-0.5117619914127145,0.2518795312265393,-0.3692548214816128,0.22092107786732884
-160,-0.17515033997806495,0.31140955515688495,0.7544452030030702,-0.06640964178632414,0.07483380143097111,0.27869612305813485,0.6352447334616652
-152,0.26107581151340165,1.1528332123404688,1.1359149164290203,0.384418163637099,0.5767676160946065,0.7496013860350196,1.0440926042570156
-144,0.34868606567563787,1.3517815499879446,1.5064334072971999,0.47750402633326977,1.3689104911950434,0.5086730825846736,1.2047114413955555
-136,-0.45988373580550845,0.5596386839066319,1.0775080679685842,-0.3255900936766796,1.520403294699636,-0.3966330662973015,0.9528319275436493
-128,-1.6024677038253083,-0.6523034247354819,0.24886095167141442,-1.4152428151036685,0.9016557133149521,-1.431529373775127,0.39249120265818566
-120,-1.6426224136491296,-1.0447244015013277,-0.1070558452669542,-1.477300175326134,0.3851201539399171,-1.2252802239648,0.19901855256001225
-112,-0.3521961462401187,-0.20512602362887372,-0.032222049250474574,-0.4460541907969397,0.040154730335541566,-0.10277355840874595,0.3249582958592456
-104,0.6498463704337475,0.548687438212848,-0.03222207101401281,0.46655273142644016,-0.155143215935602,0.5433521476019972,0.08585526132843026
-96,0.7465827515582567,0.4117963747140245,-0.3698866324582202,0.6910541065353971,-0.26465603206985383,0.5506530413290991,-0.6533564403125268
-88,0.7976886970763987,0.16356728008009397,-0.7440555452893258,0.6070942296326041,-0.42162442705047276,0.6455641931397955,-1.1552902849745532
-80,1.2010610571757017,0.3205357054512389,-0.6418435548466105,0.9812630828590648,-0.21720045479203023,0.8189594756796776,-1.2611526614997672
-72,1.1882845462876774,0.3990198759822108,-0.4136917836556909,1.1035524720348686,-0.28108294100051934,0.6017590184141748,-0.9691184178251124
-64,0.646195948666889,0.1453151200720776,-0.19831653688148218,0.5541630626433655,-0.4909825412036194,0.23306579979868053,-0.2627605889445011
-56,0.5020040126162985,0.24022624266865514,0.4934395959125719,0.18546981971545018,-0.39972186272564186,0.2166388826331628,0.8141156031640796
-48,0.92545374046996,0.9538849258667179,1.272805966007022,0.5413865276389875,0.0930859008540025,0.5798564664416228,1.414611075518404
-40,1.0349664981759752,1.1802114938208568,1.1742444161536845,0.8626242399532424,0.46542955103975076,0.6291371922532805,1.16638194461191
-32,0.28297838936691816,0.25665315748135786,0.19958011331677686,0.5048822474247407,0.4380513481825952,-0.06626936132729304,0.06942833475165285
-24,-0.4434568176596513,-0.7380885023261732,-0.7586572358859813,-0.15401996437626103,0.023727809248665507,-0.8401600270106003,-0.7409666195768212
-16,-0.591299125675851,-0.8311743791392341,-0.9357029682304333,-0.5081114731804444,-0.14784235259902617,-0.7671514879535083,-0.7537431916380339
-8,-0.31934223583473387,-0.3438422364458019,-0.38083793403135874,-0.44787944677598807,-2.9289529117860232E-08,-0.08269623222078377,-0.25728495845096083
0,0.1734655067656443,0.0358022753119107,0.1064941931727083,0.14166471341753048,0.30481078605420203,0.26957006726851374,0.0913308792736244
8,0.23187234914797497,-0.006177655198735798,-0.03404726993729963,0.3698164236313296,0.16061880569226356,0.19473631968080748,-0.04921061265836607
16,0.17894115294461788,-0.15584516194215436,-0.28410157114116535,0.31688524566228804,-0.5183607499428123,0.32067609748799325,-0.17697554017579284
24,1.171857538538785,0.632647279039146,0.07364034413657924,1.0944264119317533,-0.417974025282541,1.3573976305543414,0.2957548734916731
32,2.936839504612361,2.1603513557825864,0.9771213178194856,2.519918530387616,0.7118334822386868,2.9946145777428437,1.0714708367204255
40,3.6176443679884143,3.2919840328169143,1.6104705409799163,3.144141732266377,1.5733344644338256,3.9984822868697556,1.3562041905893367
48,2.778045938550098,3.4562533340729815,1.8057684576448052,2.3556493267733685,1.6207900244576727,3.2647462614061618,1.4054849838483554
56,0.03292404306743314,2.0143342290435613,1.5046081579844615,-0.07736096277018527,0.9034808798870338,-0.011512894635861791,1.0915481350667442
64,-4.0263519101297325,-0.7928448621605934,0.7690469120301101,-3.8172244778664606,-0.3029854855224913,-4.496063708731158,0.6717489279942355
72,-6.86090926340355,-3.0415085695518056,-0.06325071093132419,-6.834303285345918,-1.1006040587598982,-6.916297462878198,0.31765741938612
80,-7.3719691507186464,-4.0344249773016445,-0.5378062850927656,-7.703105055587554,-1.2356698711813703,-6.7940080803687035,0.01284671384041854
88,-7.196748602984525,-4.802840106604006,-1.2751928438858584,-7.732308508149587,-1.5204032493627022,-6.142406698376664,-0.47813591120485566
96,-7.412123884658821,-5.81400865044158,-2.191450221991912,-7.723182455889188,-2.148276892222976,-5.9434583981781595,-1.0001470834273196
104,-7.315387602352539,-6.492988143530993,-2.702510143814963,-7.239500736727225,-2.524270992409362,-5.92885667699491,-1.2629778733635355
112,-6.926616961671876,-6.492988220585683,-2.6222006894632983,-6.675509650463819,-2.4184085529463486,-6.009166110759444,-1.2848804688631639
120,-6.369926670317345,-5.854163331835555,-2.16042157560436,-6.363397988449284,-2.115422998483363,-5.532785233562655,-1.2173476336290114
128,-4.685254045660315,-4.087356106645844,-1.149253039805573,-4.806490449340418,-1.6080135552868668,-3.751376391889957,-0.6478807568806507
136,-2.223040470212457,-1.699976250355845,-0.06872632495515978,-2.388081875490214,-0.7246099575931727,-1.4424806871123395,0.07125356837895981
144,-0.9964966507786917,-0.4716072169015642,0.18315327163740444,-1.0739277750329093,-0.3321889243597682,-0.3783808776633704,-0.1185686905389491
152,-0.8906342775866327,-0.46613160640695056,-0.25854857191292613,-1.0994808383753547,-0.3851201248766197,-0.5408249315673767,-0.7263649911336933
160,-0.9508663086967188,-0.2014755930389589,-0.18736525197411572,-1.2692257164023546,0.2354526238644176,-0.7269967667577479,-0.5949496051847091
168,-1.0056227357824323,0.6600254466040778,0.9333161409371171,-0.9936183767566676,1.6262656484809719,-0.8894408357589834,0.644370726509555
176,-0.6497059778615774,1.8938701503536841,2.535854032127421,-0.7052346538631662,2.9586718848299416,-0.5536014489256417,2.0552612004447197
184,0.5932647581495019,3.757413619812505,4.034354722383714,0.19642109011379114,4.057450728709641,1.1456727892733545,3.360289114139039
192,2.770745074821386,6.024329428979563,5.412391346498479,1.9248987881293302,4.964582078671647,3.6297890251193214,4.734675288449233
200,4.690870170289206,7.665196782445559,6.078594393206209,3.660677281838016,5.382556073096117,5.199473052960537,5.318743809326155
208,5.702038727067261,8.053967373128906,5.658795163389822,4.626215483593615,4.986484686719623,5.944160371174213,5.103368502359097
216,6.098110157166897,8.117849863062686,5.344858424406243,4.985782649556575,5.026639416346303,6.462521226918286,4.676268469987187
224,6.220399523206688,8.170781102400984,5.472623379765311,5.5150948151086405,5.711094586593419,6.426016924940501,4.375108159150972
232,6.349989770817371,7.869620751370845,5.37223663647859,6.069959723628185,6.03598271243968,6.137633075191061,3.878649941845401
240,6.433949530275487,7.205242870843062,4.435901853169206,6.464206004213649,5.3752552350523,6.316504068808395,2.856530118590365
248,6.872000939314544,6.716085548833135,3.5342460823309447,6.964314672108062,4.559384626113934,7.103171283220831,2.192152173948373
256,7.350207003866615,6.69965862774626,3.468538384846891,7.661546416181,4.12863408707776,7.676288498995393,2.361897076287793
264,7.0508719311672685,6.307237613139307,3.3681516743035096,7.572110906235784,3.5901959486728026,7.132374725979467,2.469584736045495
272,5.900987007462905,5.2029831671959155,2.532203630359488,6.5098363264927634,2.8619355882107014,6.046372409849633,2.1410462435274598
280,5.057738205078643,4.144359026865863,1.8568744576698246,5.746896900229068,2.2632653765410553,5.557215045292972,1.8070320309128476
288,4.76205353120621,3.786617062179004,1.7491867986963947,5.473114794014619,2.0095606331792695,5.555389867152883,1.735848708817291
296,4.397010703967049,3.0784340039845786,1.6542756992358312,5.069742464305842,2.0825691930195593,5.22502605650227,1.6792670504570857
304,3.8184178692669533,2.2716893990739035,1.323911982697816,4.600662511814885,2.004084999156506,4.659209746807088,1.2996225355622866
312,3.8384952540792208,2.1877295419739697,1.3969205225391792,4.717476147954703,2.1245491394117066,4.639132400424131,1.520473515961757
320,4.185285885429937,2.7425946146023548,2.0996278869101275,4.856192450766803,2.2796923170386547,5.073533267114566,2.3783240856052292
328,4.123228616379051,3.1715199407944197,2.554106204487715,4.638991955268057,2.172004639830908,4.949418785284284,2.918587338820342
336,4.07029739625541,3.1934225282552635,2.300401412305019,4.549556485320695,1.6919733945898683,4.724917404489356,2.7670946311929576
344,4.553979129534261,3.344915245686044,2.00836715961124,5.031412987128986,1.3634348620739787,5.095435900259232,2.5206906890142187
352,4.8569646592926885,3.6570268467234586,1.9079805186719667,5.454862669298826,1.2338446470105695,5.241452993862782,2.062562023783442
360,4.659841548214075,3.5164854396888727,1.5684905887057308,5.095295528824694,1.1225065839163928,4.710315698207269,1.4693675259361985
368,4.185285913075513,3.310236183217603,1.4224735231398933,4.387112428083533,1.1918647504196722,4.62088021453515,1.4547657769113054
376,3.9644349528710374,3.339439644798758,1.5575393386984526,4.025720082215874,1.5550823134449323,4.894662361531723,1.912894460376398
384,4.146956414331188,3.6442503736765426,2.218266834320146,3.98008973366366,2.002259765137063,4.664685390633245,2.5918740705183527
392,4.501047969799535,3.9271585297985743,2.9538280614519783,4.385287288372756,2.418408541815725,4.403679865107,3.0354010847581905
400,4.763878789930209,4.33418134225133,3.2020571956916264,4.931026274624926,2.4494371693807584,4.719441809680174,3.4186960410266387
408,4.829586412124185,4.091427802820862,3.072466999646805,4.810562152604042,2.2450132175133786,5.0206021130658085,3.504481086266125
416,4.690870184602164,3.631473876513271,2.948352422723585,4.082301685480997,1.9091738389148893,5.091785439866996,3.500830607247437
424,4.535726973055467,3.6552016617209953,2.80416054431696,3.93445945040206,1.721176790292206,4.989573400799439,3.38766742444141
432,4.265595342722621,3.6168721790542393,2.451894181693795,3.88517860283223,1.6919733955702085,4.617229875508952,2.8930344013534945
440,3.5026558294047723,2.715216451350917,1.842272703547167,3.2226258892686617,1.701099466064923,3.9108719489865216,2.0570863987798034
448,2.7981232302301087,1.6328645111080482,1.2527285727638349,2.5345202403949942,1.6007126767022406,3.231892455308905,1.3160494723345948
456,2.40205178993494,1.1163289840842185,0.8110268168558598,2.4158813498446694,1.2155925468032658,2.662425613264565,0.6936515178078947
464,1.954874479999909,0.8279451164925993,0.3492476959384768,2.2132825696471374,0.5347877359734132,2.266354175518279,0.08403004299442034
472,1.3854076246229503,0.3369626163425838,-0.14538528989653585,1.731426113914804,-0.22632654391319645,2.1185118627964483,-0.10396696700288487
480,0.9382301819499447,-0.031730684229297444,-0.5396315553847714,1.2440939357330807,-0.6004954077273245,2.052804202565297,-0.13317042368234183
488,0.890774600946831,-0.4223264379555037,-0.618115707681428,1.0889507967315102,-0.20989956988798472,1.8812340271889203,0.023797980121332957
496,0.7739610042166618,-0.6596042670927913,-0.2658494576012432,0.9648362037307215,0.2537047032885223,1.5764232910566254,0.4472476285674915
504,0.36876347283964683,-0.8110970153062327,-0.10523057654349159,0.804217364239367,0.34679068637039034,1.194953538221025,0.5366830518506921
512,-0.11856875024162819,-1.0538504680746839,-0.2147434728695188,0.6235212089516494,0.12959015283447053,0.7952317040006401,0.23917323532646245
520,-0.2591101559037382,-1.240022339341551,-0.1599870383332252,0.5395613153830832,0.071183305942578,0.7076215047374188,0.14243687518121972
528,-0.014531506956950819,-1.3239821566396994,-0.2530729122052668,0.5705899582414127,0.04745560112269773,0.9941800351778745,0.1095830057540282
536,0.10593255722390016,-1.5229304993849413,-0.8298406169979796,0.5778907980498391,-0.4581287047158368,0.8499881630454226,-0.5036888371036967
544,0.05665189846746831,-1.6871997694662106,-1.4412872262283978,0.6162203099307145,-1.18091347762327,0.6273119972513514,-1.3122586874057527
552,-0.15872347653515417,-1.7784604779425779,-1.8026796311124984,0.22927498189272466,-1.5240536483856832,0.6254867548009887,-1.3980437681335314
560,-0.8267517309892276,-2.1672310476466605,-2.0892382539009406,-0.6322260599070594,-1.3707357083073994,0.2586187717734802,-1.398043715783399
568,-1.463751433560482,-2.6071076338454664,-1.9267941848997048,-1.1432859719267134,-1.091477953953299,-0.3875069793328826,-1.5988172537266359
576,-1.2757543974861447,-2.200084855704595,-1.5380235932360173,-0.7764179587047471,-0.7063578511116961,-0.27069328260807834,-1.4016941620587458
584,-0.8760325671871183,-1.679898907109975,-1.1967085586551591,-0.3803465170371027,-0.5913693419382394,0.2841717790405035,-1.011098393823514
592,-0.7391414376134089,-1.709102313007843,-1.2350380501449714,-0.24528072618310062,-0.6187475330313204,0.4794696635502556,-1.120611214859464
600,-0.39417602224388576,-1.380563774609916,-1.1894077419827465,0.243876661313509,-0.23545259382078076,0.5086730988583101,-1.1406885269305365
608,0.35416166871967086,-0.39859858608469073,-0.5816114721706641,1.0834751668261733,0.5475641690224768,0.9814035817377486,-0.5912991394986391
616,0.9491814364667847,0.49575613436820776,0.18862887017187563,1.4631196678001508,0.98744072365435,1.3336697620177558,0.37058860892316803
624,1.1627315611763283,0.8388964335551027,0.6157289268562066,1.6547670683895166,1.1462343695162522,1.5070651118089313,0.684525482213268
632,1.4182614538562204,0.8973032886818475,0.6102533132245063,1.986956046004346,1.2813002178181523,1.9578930521270763,0.3523365087158646
640,1.7851294809990086,1.1145037443788066,0.34924763613776394,2.3355719150997962,1.3141540835200534,2.3995948311710644,-0.027308060489745812
648,1.6756166291803967,0.9392832140947278,-0.22569467954578884,2.083692366347803,0.8487245069160636,1.915913060247174,-0.45805854325442913
656,0.9929866425632705,0.26030361061908225,-1.1456026143134237,1.413838819838185,-0.16974487888668213,1.0598877540333314,-1.0549035232574469
664,0.5257319444828186,-0.1339426283999852,-1.7351467009814767,1.121804607730464,-1.0823518687534908,0.8171342830305641,-1.5239835290788755
672,0.870697291620709,0.2968078873041068,-1.4577141780979361,1.5580306896178222,-1.1097301441557734,1.4121540241124422,-1.2429005150204357
680,1.5734046759905842,1.1035524245713517,-0.514078570273422,1.9723543493295845,-0.18069617712666605,2.189695227438742,-0.5146401541662
688,1.7796538591324558,1.8263372278693115,0.3857519659571924,1.9814804341372565,0.7665898838355714,2.673376875624121,0.34321041312445755
696,1.4401640364153663,2.0234602822842995,0.9095883723951665,1.8007842192448944,1.288601095075549,2.8887521782776853,0.766660064315567
704,1.107975082720822,1.634689727481379,1.1541670276161264,1.6584175038811286,1.5222285089162195,2.341187981142086,0.9674336128464716
712,0.5969152012877617,1.0706986133763303,1.019101209312617,1.1656097189300818,1.3962887244427256,1.1876527158626422,0.8852989442782243
720,-0.4489324995229844,0.3880685787225662,0.4149553410723989,0.09238388153313352,0.7574638258892036,-0.007862469143712768,0.4162190211974534
728,-1.2867056967064672,-0.39677346637284,-0.539631504014979,-0.8275239408875886,-0.03102868626474864,-0.6229595587652943,-0.5456688023183628
736,-1.649923278946384,-1.1104321285916365,-1.4942184710565969,-0.7910196089114135,-0.6589022683439707,-0.9113433722421707,-1.5604877836082263
744,-1.6608744828777031,-1.263750077885112,-2.069160906341576,-0.5300140541710475,-1.2484463675603696,-1.0719622231054642,-2.1682840345977885
752,-1.2940065837672605,-0.8439508451277067,-2.10749033469752,-0.3201144306358659,-1.3451827173140125,-0.8054809819922029,-2.188361388235258
760,-1.011098341375348,-0.360269210078878,-1.8702125647727417,-0.1941746702787248,-0.7100082154306561,-0.5116215113565505,-2.144556273702486
768,-1.419946305499024,-0.3639196287086495,-1.7826022855138128,-0.47890807336068136,-0.10768761944312316,-0.8803147807536332,-2.1482067199778334
776,-1.8470463819862142,-0.7107102228064642,-1.7260206222519099,-0.951638535456921,-0.21537524645748404,-1.4698588421289251,-2.1171780310435455
784,-1.7265822770232375,-0.5792948615620367,-1.388356122569094,-1.1159077631875214,-0.47455567148653593,-1.305589629299486,-1.622545053051249
792,-1.4035193610800663,-0.1704469082220967,-0.8754709100629753,-0.7399136779022968,-0.6479509718685983,-0.8237331657244372,-1.0220496238318644
800,-1.0640295683613676,0.16539248508148593,-0.537806377048615,-0.11751571729749091,-0.5457390055422362,-0.7817531430618725,-0.8669064746347631
808,-0.49638793269089393,0.5778908974411877,-0.22021911081363987,0.43552415679974343,-0.17887097467415702,-0.3400513773505018,-0.768344974974811
816,0.332259122040952,1.1145037528097264,0.10466896523137101,0.8133434617914531,0.607796296794043,0.6857188286538791,-0.4379811580500261
824,0.6188177501232275,1.3974119287346176,0.5135169217083984,0.7421601093053694,1.3561339997177424,1.1000424499363313,0.0949813394697932
832,0.0566518474898115,1.0086413751081051,0.5262934906325242,0.3844181275606034,1.7376037500044597,0.4612175051107823,0.3322591642935867
840,-0.5748722583115826,0.3752920619525045,-0.00849427110119623,0.16356730029017078,1.5934118419915795,-0.2633924012332553,0.011021444528751888
848,-0.44528206383530444,0.1763437923405939,-0.6363679167064215,0.5395613620472459,1.0421971889733062,-0.3948078279643646,-0.6223277437315902
856,0.0858552290752589,0.5906673218632638,-0.7933363148241271,1.096251617325281,0.3650428199092386,0.05236959314117077,-0.9070611691652886
864,0.6644480484820571,1.1035524969204116,-0.6199409962077492,1.3189277886092539,-0.12411452739344908,0.756902167415209,-1.0238748458911655
872,0.6261186136558716,1.0250682440409173,-0.84809271191145,1.216715726993887,-0.43805135696040454,0.7842804285045338,-1.334161207419236
880,0.19901847599549327,0.3917189812747692,-1.3189979284202398,0.9538849305874302,-0.6004954183149918,0.1673581162354482,-1.6170693917750463
888,-0.2992649186658956,0.24022622012084507,-0.917450873709099,0.4610771374015308,-0.058406848535846434,-0.2597420145625527,-1.1753676119467868
896,-0.9636427417457823,0.493930997010245,0.22878354274279447,-0.41320040313006645,1.1243318579336894,-0.6466873624034012,0.003720623346776855
904,-1.4509749091437711,0.7385096436042172,1.132264457213191,-0.9990940299940861,1.7010994844953062,-0.9934780172822688,0.987511007462134
912,-0.958167144583787,0.9976900456933234,1.3658919079146283,-0.8786299046400471,1.0841771439924413,-0.3765556481534894,1.261293076227611
920,0.18259160118064413,1.543429064100631,1.1413905496675114,-0.12846696691263318,0.2902090074230544,0.9375984066199919,1.16638192304444
928,0.7976886531571867,1.5653316356799742,0.8402302323610554,0.45012587464983855,0.09126070193071624,1.3519220439800126,0.909026766346715
936,0.6881759029017522,1.3079764444742967,0.5390699258383348,0.5194839799799298,0.40337225336294946,0.7715039156558301,0.46549972112814697
944,0.2227462713987478,1.0141169828577685,0.01340828145955987,0.49758143192873555,0.748337697554455,0.0687965540298323,-0.5055140658293058
