-240,-1.6104267838988364,-1.1630824766682284,-0.8974503102076001,-0.906928187413183,-0.8526342977563183,-0.7667055049228447,-0.6565484780531663
-232,-1.308514929330187,-1.641245628549502,-1.3495021215661074,-0.3944939732349296,-1.179025451056828,-0.48927298712784334,-1.0792250790072782
-224,-1.0996245627759273,-1.7424269159994517,-1.3951969222515412,-0.31289622238183973,-1.0288855247705235,-0.2395836954472831,-1.0726972754319872
-216,-1.0441380555004025,-1.2969029133001604,-1.0410624143359883,-0.38307028743880916,-0.6306882372741246,-0.27875064487370965,-0.6924515405931085
-208,-1.0180267288269502,-1.003150841863447,-0.6265455749509563,-0.389598104863415,-0.456068957559933,-0.5725027473399004,-0.2534553183284819
-200,-0.6524685810459147,-0.5641546660553816,-0.3246337386143155,-0.16928403095017733,-0.2863455411333303,-0.3081258191647034,0.0027617786804474817
-192,0.19614854999796819,0.33178921279864076,0.3118291156728883,0.40026864271223284,0.3615409935154529,0.5568108483407292,0.38953535163024966
-184,0.8734103374756298,1.0057870953331165,0.7442975250709111,0.7674587111464991,0.9164061030853387,1.4233795399309825,0.5282516250782963
-176,0.5894500026066379,0.7642575948486499,0.558254529232353,0.46554682940514386,0.8821350015194166,1.2846632347522278,0.3683199406614131
-168,-0.13350657696637638,0.08373192626966068,0.2547106719664319,-0.027303912864820992,0.30605455618773125,0.439309966227048,0.19696454888555245
-160,-0.8678867650247807,-0.3813755518440747,-0.09779182431115285,-0.6915099867800781,-0.1443653324138524,-0.43705034955864036,0.20186040936821728
-152,-1.4602868775976192,-0.8856500076087892,-0.4486623711850311,-1.4014108377142194,-0.5654100106110399,-1.0278185304338576,-0.10984319053354287
-144,-1.4961898717675282,-0.9378725747042652,-0.4388706707307119,-1.5433910555497017,-0.5637780480592499,-1.0163947592628486,-0.3448448660551692
-136,-0.5643429724474299,-0.39606318448194033,-0.09126403072840492,-0.756788249907181,-0.018704694516248763,-0.3195495621111595,-0.09352364197575667
-128,0.409934823140839,0.3530046467327961,0.10130681689508365,0.31867083032611265,0.04983746724295939,0.3267050431190034,0.12189458740782433
-120,0.6906312606048797,0.3154696633643156,-0.20876487059291118,0.6613815565521898,-0.6910706216865534,0.5225397914782907,-0.25182341047271883
-112,0.463789342620254,-0.25897886850175794,-0.5677951651865543,0.2109616830270753,-0.8265229880877211,0.24184331299222978,-0.6728680329220327
-104,0.400143059926335,-0.14963780475687663,-0.24793178127631893,-0.006088416170480602,-0.15415708826542976,0.08517555841223681,-0.35953245995001526
-96,0.7020549343047638,0.34810876398604373,0.07356354800554427,0.13262778329768335,-0.051343847204387505,0.2173639628951907,0.043560679438966396
-88,0.7444858288198575,0.2942541829735984,-0.1353268164450226,0.22728127050318878,-0.8036755763499983,0.32507309038444887,-0.07883605894999271
-80,0.36260808988124543,-0.1218945667215064,-0.31157806326900667,0.08203714386774948,-0.960343369322395,0.29732982026775484,-0.31383770589645116
-72,-0.14166633888607105,-0.3895353312945475,-0.20876484499797548,-0.13827689428270132,-0.4642287396400223,-0.16777762909550456,-0.22081620140313046
-64,-0.5463914897377135,-0.5870020379982384,-0.3654326078174341,-0.500571143606939,-0.20801162124354378,-0.8629909399542873,-0.17185754030268666
-56,-0.6149335568307214,-0.5984257588559148,-0.38828001692554,-0.49730722130828325,-0.21290747681759048,-0.9658041319291516,-0.15716992256598233
-48,-0.11555499310407163,0.0592525419876047,0.09314702061506419,0.002071292455649686,0.13796305217489405,-0.5104884371903147,0.12026260785117944
-40,0.5959777677895256,0.6630763159887822,0.5109277986023759,0.5553044259750465,0.6846683451290584,0.08517554543946118,0.2818262451779249
-32,0.8309794601406982,0.6516525900471803,0.535407120299555,0.7641948375834059,0.8005372042097654,0.543755218575443,0.21002019565569333
-24,0.4474697719736875,0.43460242528451476,0.40321871511537,0.4475953500262753,0.6389735130635319,0.25163514510269075,0.1577975875381971
-16,0.19614857296328744,0.4900889718289828,0.40811455982033484,0.47697054325050886,0.8070650358343018,-0.17920135994572434,0.20186043250884408
-8,0.10802294998956478,0.4786652632428508,0.4668649557354223,0.6091589538692348,0.8217526409488458,-0.23305581193164474,0.2034923594731551
0,-0.13350655540351944,-0.21981191013463494,-0.13859072577090292,0.38394899791047593,0.020462220900468734,-0.32281347301480984,-0.03966909532363595
8,-0.5431275158985709,-0.5608907444579571,-0.8060607640586829,-0.16602019139679305,-0.9864546511170553,-0.4615296794952848,-0.5374157029848832
16,-0.45173800253220825,-0.3797436194452222,-0.7587340311497045,-0.5087309072797113,-1.017461831436168,-0.22815997704391552,-0.596166115203594
24,0.5421232586532697,0.22081619912412936,-0.3556408589781679,0.4688107545087243,-0.5735697925158217,0.9027855189542427,-0.34647679915525254
32,1.9048065280347926,1.1673507056624641,0.3085652400061015,1.947362914526354,0.025358078753516828,2.195294713110946,0.17085326498719905
40,2.8203338782711795,2.4435403363602197,1.6696165570036863,2.663791632672511,1.268908589019764,2.671825910679895,1.2756874614846114
48,2.795854565164082,3.323164648599755,2.787506498443595,2.675215377897969,2.5858971578165955,2.7566875720860198,2.333195020440477
56,1.5604638031435223,2.376630141009573,2.2816000918727117,1.3435392101223649,2.12568551844736,1.7873057351527715,2.1667355082558295
64,-0.7389622593492404,-0.015817429307359448,0.5778379879925584,-1.1549855391566575,0.34358949099595737,-0.5137523338940349,0.9574560560791737
72,-2.752796003033671,-2.1128809330285407,-0.9937356837060115,-3.2128820967822573,-1.2753108738167258,-2.4313006364112524,-0.4443942146198781
80,-3.5149194913617086,-2.7232325039433136,-1.556760523640192,-3.9831653706965393,-1.5984381773959995,-3.0661316037043194,-0.8997099233833373
88,-3.3925227931182316,-2.4637514725394913,-1.3217588558321083,-4.068027083117228,-0.984822732216902,-2.7495321035250284,-0.5521032670774069
96,-3.1460974218079407,-2.4931267215115986,-1.2760640721515288,-4.157784636035493,-0.8216270897385761,-2.3333832733636526,-0.7560978271437983
104,-3.467592761257654,-2.8668446780195063,-1.8652002520825524,-4.565773630472599,-1.2214563599471597,-2.5259541381673034,-1.6242983994171087
112,-4.221556497132616,-3.1589647848007365,-2.018604078228117,-5.4388701636799315,-1.241039823966598,-3.4822803174613286,-1.8707237759866322
120,-4.57732288152384,-2.6889614274464035,-1.5388090326910104,-5.709774874919411,-0.7563488450187902,-4.169333842032634,-1.5002697714043955
128,-3.8755818074105552,-2.1928468067047286,-1.662837684896197,-4.80730319617156,-1.061524633281102,-3.7923520673588915,-1.5459645287888086
136,-2.483523248736135,-1.6804125995387855,-1.790130280261665,-3.2961118487548493,-1.6000701329354787,-2.6173436127906466,-1.8168692256530479
144,-0.9837556488238852,-0.5364114224101622,-0.7913731373812816,-1.9415883703941137,-0.8656899285734511,-1.3623694680934573,-0.8784944919034909
152,0.42625434768145953,1.4757903829149532,0.9956187177702318,-0.6817182272470379,0.7630022322362903,-0.17267351832864503,0.6930791866320827
160,1.7416109356944918,3.225247284149693,2.2930237953749177,0.5422487946319903,2.0669351246359664,1.1443149915647728,1.7473227864746594
168,2.8970358583991875,4.11466332015948,3.032299883360236,1.637291265430763,2.8796492183842273,2.3731779869999823,2.1879509265875923
176,3.455164807171843,4.269699179330562,3.40764975140537,2.0844472317336913,3.284374323305231,2.8317575808968485,2.4147928254636697
184,3.264225932092688,4.021641851253639,3.107369825378801,1.9979535753438376,3.1750332798960517,2.5706446307681805,2.365834144728756
192,3.216899219344104,4.255011545465542,3.1024739903157643,2.141565695600542,3.1277065452339965,2.1936627258407593,2.5747245137373254
200,3.2430105397064755,4.720119080729613,3.698137953836991,2.2264274052163056,3.351284515675646,1.9015426684963226,2.7526076917330062
208,2.4972065888918364,4.367616491363599,3.5267825590808997,1.6111799953817247,3.068956113731429,1.4103239152496219,2.390313472561707
216,2.214878219554866,3.9269884247046254,3.0845224632531814,1.3386433282521517,2.990622235038971,1.3385177991104338,2.1226726901072723
224,3.223427035366248,4.605882109519583,3.472928001910311,2.1334059364857723,3.5650707348237205,2.271996708315422,2.6563223054371274
232,4.114475047952449,5.327206661852235,4.0375848159665955,2.707854461339533,3.7821208974826934,3.0618634125900472,3.232402800556222
240,3.742389034712477,5.21949763358718,4.086543468126342,2.2737541717843768,3.4524657564937256,3.0357520738203596,3.284625391844171
248,3.1304055349050053,4.937169178349397,4.102863049992607,1.6764582032868762,3.5846542407417186,2.637554831903984,3.2927851379861655
256,3.087974694384708,5.13463590240856,4.306857530118652,1.691145854507366,4.005698924373447,2.5347415943490974,3.666503079066988
264,3.533498709881468,5.554048596666408,4.6365126362213696,2.236219178773968,4.035074103047136,3.092870547855062,3.9161923824931697
272,4.220552145396423,5.552416609045605,4.489636661860736,2.906953100792693,3.690731389726179,3.9512793937285036,3.7742121739489995
280,4.398435432959466,5.353317991681227,4.156717576484333,3.0815724127635162,3.6075016090031125,4.116107032768329,3.372751026388207
288,4.104683274570093,5.351686013001121,4.1044950141221666,2.7943481333317792,3.7837528635406383,3.5122832438659883,3.16549259135626
296,4.078572002767976,5.764570899300983,4.656096169136766,2.836779010140788,4.4642785366776305,3.218531172429274,3.7105659156228628
304,4.475137319122505,6.247629878531751,5.436171135265901,3.3328936603341712,5.480987171559044,3.4453730674485814,4.498800691004791
312,4.49961669008117,5.85922437931887,5.266447708145523,3.375324502432239,5.445084144431274,3.4633245522619904,4.608141768774296
320,4.338053014186713,5.041614366359837,4.488004667928852,3.0652528179244762,4.385944660088866,3.3817267053402382,4.032061277511972
328,4.385379798110255,4.622201661934139,3.90213246516782,3.1207393308098506,3.442674053059174,3.5286027734905367,3.2209790947750148
336,4.64812466363292,4.726646882902442,3.636123587939534,3.365532730277038,3.17013742239362,3.923536193384306,3.0773669806540824
344,4.705243077361747,4.532444066416084,3.5039351448888683,3.1158434541988695,3.238679556980122,4.240135611519556,2.9712898248326187
352,4.196072822472089,3.922092519167861,3.233030485540492,2.4336858672456505,2.9220800964203897,3.9561752699888677,2.5992038517381273
360,3.473116308288875,3.1338577984819596,2.7205962673301607,1.6682984664361937,2.5483621471001014,3.267489903477523,2.3886815296443884
368,2.9753697360398004,2.6671183138141803,2.4350039849858485,1.3696504799960967,2.6250640834011643,2.8872441113130005,2.3168754410285217
376,2.702833052080681,2.2999282709748496,2.1069807988351292,1.3582267912197437,2.481451945964298,2.6163393534416524,1.8893029739818965
384,2.3797057492026386,1.7336394607076822,1.6124981562476355,1.1591281444036585,1.9429064659443913,2.2785245106635594,1.4290914008790008
392,2.157759731495543,1.4953738958452625,1.4378787894054776,0.8833275770642104,1.8808920923333905,2.2687327539354434,1.3148544326492027
400,2.1610236699225136,1.694472522150338,1.6843041829798555,0.8572163387458791,1.9967609764831098,2.6424507456802138,1.5074252462629822
408,2.520053954874228,2.0257595909801545,1.700623727856179,1.0285717214057348,1.6475223853240188,3.158148812910551,1.451938755115772
416,2.51352618811357,1.6928405487294653,1.3269058174542177,1.0171479956394407,1.3194992358126247,3.228322926352467,1.2446803199085172
424,1.8199447787994707,0.8670707738507385,0.7296098973416634,0.7054444113400731,1.1367201680578796,2.575540423056119,0.8203717492149962
432,1.0055987887657607,-0.15779760682205277,-0.20060504696487852,0.14405148767642842,0.3337977982551806,1.7922015856428928,-0.14085035630211046
440,0.5600747755480028,-0.8562747905426975,-1.0720695774749387,-0.448348510595738,-0.7318695454103915,1.2993507923583636,-1.058009677855677
448,0.5617067023370064,-0.8122119655571369,-0.8974503012669031,-0.5984884961360718,-0.5148193448849391,1.32056624364799,-0.7463060753243002
456,0.5372273184055657,-0.5168279361266354,-0.24140396542948306,-0.6082802567209591,0.3044225285967553,1.4560186778932676,0.1431099861051163
464,0.12434251239666552,-0.4792929536346935,-0.017825978508901767,-0.9199838603041828,0.38602037464196887,1.1557387644888588,0.33078493871030756
472,-0.4778492504924675,-0.5037722940898048,-0.08147225874851216,-1.4112026035583398,0.1918175783160047,0.5029563097527663,0.08599153521104082
480,-1.1338956129766697,-0.6653359056463067,-0.3311615304439859,-1.9317966357547776,0.11021980519882704,-0.09107571979183952,-0.05762062291214362
488,-1.2954592496021842,-0.7338781154398464,-0.31973783798616967,-2.0754087565374055,0.09553219359789504,-0.16614568915841832,-0.08536386392774635
496,-1.0865688942676215,-0.725718292337737,-0.4209191229818092,-1.7686010353503188,-0.13620556576084755,-0.04701287780142433,-0.31220574895450953
504,-1.0784090811580558,-1.1614505640791555,-1.1308200301897466,-1.479744771102705,-0.8444745125206891,-0.3260773921579259,-0.9095016603016742
512,-1.4929259608638767,-1.8370803760322512,-1.5828718513654896,-1.8045039692143512,-1.4939929928917153,-0.7503859291923529,-1.3142267652226791
520,-2.015151874970526,-2.088401576094498,-1.6693655291428924,-2.28756296895613,-1.5494795112116304,-0.830351790071073,-1.2538444006200289
528,-2.4133491570323846,-2.1047211583113774,-1.6383583314683094,-2.8587476723132075,-1.3046860971938967,-0.8597270162531696,-1.121655967561907
536,-2.6320312392927403,-2.295660026378221,-1.5224894739653725,-3.418508572943878,-1.4695136510341418,-1.1436873940725671,-0.9976272781914711
544,-2.2909524680802185,-2.166735496334899,-1.1275560579283739,-3.1051730048804798,-1.5837505782419197,-1.2562923063115292,-0.4802971972194731
552,-1.533724818146067,-1.5596478689310231,-0.7848453308257577,-2.042769577728407,-1.3014222057494105,-0.9413248545848409,0.009289593300128896
560,-1.142055404698687,-1.3442296416511368,-0.980680044474105,-1.270854366857272,-0.9260723003637196,-0.9086856712178405,-0.3758520263891952
568,-1.1420553803309057,-1.486209817062136,-1.1259241236011361,-1.3034935300638775,-0.8020436455289164,-1.10452040204635,-0.8638068941518735
576,-1.440703333287219,-1.4911056752658,-0.8501235830837777,-1.396514995638871,-0.4185339245793505,-1.2775076953668942,-0.41501897248477393
584,-1.917234536115401,-1.7048919508629792,-0.5710590776679746,-1.740857730347377,-0.13783751867070984,-1.6969204781551703,0.23286755550231333
592,-2.6418229939171636,-2.111248967496518,-0.7897411681677957,-2.5160368635171677,-0.4707565384820032,-2.33827918100411,-0.10168341914722812
600,-3.009013124760999,-2.3429867447366535,-1.1765147746013838,-2.9713525999792547,-0.7889879791243046,-2.454148067432831,-0.41338702693783846
608,-3.0481800901404332,-2.4033690935616034,-1.3380783959751215,-3.0284710675275694,-0.5931532588142614,-2.4166131012445122,-0.42970657812524155
616,-3.6781151198154127,-3.2470903998856095,-2.031659723771103,-3.5360094028158415,-1.028885517056981,-3.2505426156035377,-1.2146774720552282
624,-4.613225867629591,-4.526543968484414,-3.2931618021219577,-4.17247227235482,-2.3915688139618254,-4.17096585086568,-2.5202422977302943
632,-4.897186239839139,-4.879046430226366,-3.5999695217312753,-4.058235294132478,-2.7701826316536278,-4.399439663382677,-2.5202422842315957
640,-4.118743201200239,-3.987998422373475,-2.8101027830963226,-3.198194502712105,-1.8008007168837263,-3.7042263840792944,-1.6275623125997603
648,-3.097138716354629,-3.044727872143504,-2.149160591334239,-2.40506386842528,-1.4907290774300634,-2.6793579767597215,-1.3762411028955859
656,-2.8523452925196606,-2.9141713678027705,-2.095306004711945,-2.5405161811822667,-1.8905583102980894,-2.42966871435556,-1.4333595572958155
664,-3.4251619117966605,-3.142645198727086,-1.9484299854725189,-3.0725338446541066,-1.4434023615259388,-3.110194397485095,-1.1232878847089827
672,-3.634052328839561,-3.013720687091081,-1.53228119107393,-3.168819294236094,-0.8722177407388237,-3.511655608507303,-0.6500206492335552
680,-3.056339815245495,-2.480071052126754,-1.1096046018654402,-2.6351696461236847,-0.7057582196134791,-2.9486307449065716,-0.16043383154124669
688,-2.0885898745976967,-1.8044412450822764,-0.6461290496641695,-1.771864860002541,-0.5278750288203292,-1.789941938470931,0.14637392172716332
696,-1.5549403244823359,-1.8778792732846143,-0.9953676834230509,-1.3051254678972704,-0.6616954240796256,-1.2660840591828744,-0.24366358719530137
704,-1.576155723880859,-2.373993959416091,-1.6758933390292647,-1.3377645516894523,-1.133330707697038,-1.6153226545493524,-0.6647082492641739
712,-1.8748036896346387,-2.6563223091185897,-1.8390889212017143,-1.3916191526869843,-1.030517477505078,-2.0167838731097953,-0.8784945045256507
720,-1.8078934309978842,-2.4980226154780496,-1.8488806719693665,-1.329604829739931,-0.7710364965898957,-2.067374535505048,-1.1232879164396907
728,-1.4129601211973981,-2.3544104307080826,-1.881519800640339,-1.0276929834107469,-0.9064888032111108,-1.563100062910787,-1.301171125640157
736,-1.013130847307352,-2.109617058588908,-1.8048178464578821,-0.5511618095083475,-0.8118353538720856,-1.2334448791467219,-1.1820383479422576
744,-0.892366118978591,-1.8533999684169817,-1.4327318539042275,-0.4483485162055871,-0.5654099957098788,-1.3215705874953334,-0.8719666720245758
752,-1.0343462980710545,-1.510689170139407,-0.9121378900778241,-0.6197039938822592,-0.4136380968792404,-1.4749744278408277,-0.5684228689287585
760,-0.8515672027929878,-1.360549213349549,-0.8762348715401342,-0.6294956694428732,-0.816731241352148,-1.2921953148566763,-0.7381462730838166
768,-0.3554525643452268,-1.4013481248018425,-1.243425005188894,-0.30636833255512147,-1.5054166986729223,-0.8629909378505938,-0.9959953599925497
776,0.5241717531535425,-0.8889138848533457,-0.892554427110232,0.23707301758937713,-1.1055874093557911,-0.03885313586681707,-0.5537352447056662
784,1.0055987244278055,-0.27693039661618923,-0.189181352929292,0.7805143696622612,-0.012176902335962768,0.2891701421451785,0.18717280548082746
792,0.6743117052100901,-0.4172786210457123,-0.26751527983139034,0.6254785246911091,0.29463083883621083,-0.007845918207146972,0.017449371698755014
800,0.27285049383726606,-0.9427684399202398,-0.6901918921805079,0.14405145875064518,0.05636526398124743,-0.29833410941907196,-0.44765808888420255
808,0.3267050701164012,-1.027630180740788,-0.779949440014848,0.06734952525450642,-0.03502425289127087,-0.4125710431132382,-0.49988068998938745
816,0.09986309638390155,-1.1434990564757344,-1.1373478062417168,-0.1154294508142708,-0.5637780308790874,-0.784657027778043,-0.7038752256879978
824,-0.16777762856958175,-1.3328059749635637,-1.4262040203513067,-0.39612599872221244,-1.2524635055553324,-1.127367821672923,-0.9584603471723616
832,0.5062201869973229,-0.8954417075371849,-1.2320012832793712,0.24686474732009558,-1.0288855472099188,-0.5006967081608276,-1.0221066172441207
840,1.9864043647886938,0.03640517127190254,-0.6999835961409827,1.4528802761462483,-0.25370639089950053,0.9076813598024358,-0.5961661287022932
848,2.5053663967421693,0.5765826036757473,-0.17612572228746728,1.8478136499340718,0.572063351897902,1.524560825101931,-0.2371357746793134
856,1.930917868206944,0.5537352354143541,0.2204396016052949,1.1085375405612037,1.0926573262427728,0.9337926794635768,0.36831992418248216
864,1.2226489426593439,0.2436635871953016,0.4244341066250434,0.13099579830649768,0.8021691788577927,-0.2559032559259986,0.6996070394688603
872,0.5290675692833381,-0.17901304145743951,0.2122798163696652,-0.42386919293063774,0.06778894767367476,-1.1779584272684558,0.6180092146358878
880,0.08354357482351349,-0.5135640134773641,-0.16796593722714553,-0.9052962413403246,-0.36957527838006804,-1.4684466102409148,0.2540830164338669
888,-0.029061344427760403,-0.6065855120102204,-0.3556408856249503,-1.2496390051499209,-0.19332401612899938,-1.4129601441627175,-0.11473908362345464
896,-0.03069332854240726,-0.6098494330817219,-0.4780375631821102,-1.2023122618977844,0.19508151832074583,-1.4537589688376598,-0.3758520127151886
904,-0.2216321853895533,-1.1386031602302824,-1.0590139459565753,-1.0374846701910594,0.17549804623714935,-1.8323727562012162,-0.8997099510819664
912,-0.2020487751896025,-1.7358991047106171,-1.517593605067935,-0.9314075638063893,0.10206001435334888,-2.0069920955200535,-1.3550256587935787
920,0.2908020345738571,-1.4992654804865155,-1.254848663111078,-0.40102182028654987,0.022094200106497933,-1.50598162954749,-1.1477672337541753
928,0.43767810780807853,-1.1059640806454876,-1.328286707617039,-0.24761799238790747,-0.8885373150668534,-1.3329942832839972,-1.2163094102392369
936,0.4637893857459676,-0.9868312794563453,-1.5420729360564263,-0.35206313183809285,-1.5821186332209078,-1.2040697258926623,-1.451311077521397
944,0.9191050789070344,-0.4809248976038592,-0.9464089606142689,-0.06810282466773002,-0.8477384086984858,-0.8434074587546864,-1.1249198493644659
