-240,-0.024988558698954312,-0.1300600985916007,0.024171902366813068,-0.8762316684614361,-0.7053406517689513,0.4639482235761134,0.08378506117329299
-232,0.016060131977734936,0.2931660094606917,0.8196672062847171,-0.47282212476715363,0.20622336353925375,-0.4546932066546596,0.7929365621233473
-224,0.5964037036783467,1.0051485066078432,1.6024233218416966,0.5024381420769535,1.0229507577393548,0.24313461437259948,1.582769983733187
-216,1.4159620802387511,1.6350335495683888,2.039804157559736,1.1861111550026067,1.4405150222570124,1.307569540797307,1.945130876740632
-208,1.5560937760810079,1.7001452979864187,1.739724060868497,1.0289937328646657,1.1163719169374444,1.4179763999859707,1.636557895918283
-200,0.9658419693377178,0.9032345613526122,0.4997705420423621,0.1372462917978947,0.14252716035609908,0.9069910103300207,0.44189951812126216
-192,0.16610023741912994,-0.15129216439331883,-0.7062116674260125,-0.528025473925626,-0.47603417090264605,0.05063041366835609,-0.5206215272144397
-184,-0.470862180626187,-0.4287247018979234,-0.4202863259220519,-0.29871904749417416,0.04202865526735117,-1.1284578823582436,-0.20355578679211309
-176,-0.228816472473474,0.2011603728416299,0.7092603781147975,0.26605431288714676,0.9238677282453612,-0.8227159044233094,0.8283233563510745
-168,0.5751716252562575,0.7730110896052429,1.0319879996287669,0.39061584226564866,0.7313635117276407,0.8376328287415171,1.0661226783175857
-160,0.5596014752141908,0.4290513286960651,-0.0013065643702140678,-0.08639815607615525,-0.4335699442662938,0.9494551153242402,-0.04785386275271941
-152,0.2241346417711332,-0.09608881705947873,-0.7062117325045533,-0.07507446277272561,-0.9035067572850546,0.3379711506353163,-0.77257553366374
-144,0.6827475092310924,0.21248408393522064,-0.08906585524908395,0.8180884069045262,-0.08819475155352982,0.7767674627083708,-0.11721196816283826
-136,0.5949882785650774,0.42197400591741185,0.4190886712558511,0.808180156352475,0.4312835055077375,0.30966173058004354,0.18145263073395693
-128,-0.3816875052321087,-0.21074203095944172,0.06380514208128002,-0.3482605686273828,-0.04431516868376643,-0.882165836067973,-0.24885091793780414
-120,-0.6194868275027264,-0.49666732958455095,-0.12020624641276392,-0.7474237214218326,-0.27645254539241004,-0.6188879269387235,-0.23044970297083564
-112,0.04153864174566619,-0.09608882937574481,0.1331632148000755,-0.02977939594531234,0.350601531933625,0.00958167387865571,0.16022053360939062
-104,0.08966470993996792,0.042627549766792436,0.10485381922528195,0.3580600278133313,0.3633407756417196,-0.13196556294100079,0.09369338683936039
-96,-0.13822627328394765,-0.359366594359068,-0.24193683615776013,0.19244976290260404,-0.2906073294696947,0.2077477685990191,-0.1016417690077608
-88,0.3515270279144379,-0.10458161528083336,-0.09897417346457107,0.7232517309054113,-0.16179933651018538,1.204240030692408,0.20410019843554003
-80,0.821463751526231,0.5267189905526973,0.4247504817950576,1.63340034132335,0.8007216963571977,1.4307156534254366,0.5735383841152096
-72,0.5964036933387656,0.8508620415894639,0.8125897997250456,1.4493889508526214,1.620279990809164,0.3832662524348432,0.5593836426126714
-64,0.3501115863794809,1.0235496336883707,1.046142789027895,0.3198422848289388,1.8439246091342514,-0.5311286591718578,0.6896071361035717
-56,0.215641728445911,0.7404552325781794,0.7941886814635722,-0.4346043715952329,1.3909734936732225,-0.44903132343427943,0.31875341020676545
-48,-0.49209436776593135,-0.48675908237765864,-0.5363550249960862,-0.9767301791761321,0.059014279839803646,0.3068307982450655,-0.8688276370569148
-40,-1.8353773227993695,-2.0182998905505176,-1.971643693891341,-1.8543228396628302,-1.8433801515943118,-0.4575241149653167,-1.938924573970084
-32,-2.152443070216119,-2.0013142427140074,-1.763569332501344,-1.9236809610384793,-2.2991622392281155,-2.3570876812717327,-1.4661568447339295
-24,-1.221062461659897,-0.8632746030001941,-0.7868935777462165,-0.7431772500861383,-1.4470480161322814,-2.6132880869837622,-0.38473619322995745
-16,-0.26278789419815357,-0.23197411379105803,-0.30138663460428894,0.059395327345355395,-0.8553806754060127,-0.6415354716803535,0.027166174382579525
-8,0.011813723591845165,-0.2801001731663055,-0.035277914782193595,-0.13877074122194993,-0.6968477690063153,1.5043201609872852,0.12058737174588821
0,0.01606021332591015,-0.38626057607248937,0.33840671988142723,-0.16708012721742554,-0.22974198122671138,1.5198903935939496,0.6471429578199678
8,-0.7964208327011562,-0.9269709088188981,0.2195070627755143,-0.24068469301544548,0.005226370391656505,-0.7491113354321836,0.5777847871792561
16,-2.306729468787484,-2.149938781176996,-0.7925554557968066,-1.5754748604712159,-0.8115010826528267,-2.8086232866220517,-0.6536759186764153
24,-2.867256488750456,-2.499560349128169,-1.583804419296362,-2.8168439360882283,-1.5277299261483799,-3.3578264274732366,-1.4265236916894812
32,-1.6004089465484699,-0.9170626305932619,-0.8364351609169123,-1.6830507544815259,-0.6204122830375303,-2.47740282765714,-0.8546728884079018
40,0.008982753395753112,0.7517790025161512,0.16005721886523844,0.478375085856139,0.5600913610116373,0.42006856285538513,-0.13136667256452564
48,0.7124724369642305,1.150942137976596,0.33274485141015514,0.927079825014391,0.04769054137673273,2.790984302519395,0.17012885775493122
56,-0.32931500067422687,-0.062117447184758055,-0.1102979414258591,-0.5464265892980991,-1.3847672444486063,0.553122903987929,0.04698280518760489
64,-3.2197090652149924,-2.8661675281191092,-1.2143661796379976,-2.7644713590012246,-2.3359644780318516,-3.8857975609109285,-1.0089593887024997
72,-6.646566947983514,-5.937742071778892,-2.366560472967907,-5.6704356084041185,-2.6926633991722113,-6.774776018179333,-2.2333427558139873
80,-9.076932511486847,-7.506085156616602,-3.020508519082887,-8.126279720448814,-3.045115948875479,-9.280161566968008,-2.8448267258247557
88,-10.02246783888976,-8.506823965919965,-4.162794516549054,-9.24874898204156,-4.103889166028058,-10.922109253640219,-3.8823676951685737
96,-9.047207590596077,-8.915895376717044,-5.667441359582229,-8.86940243405113,-5.263160783200991,-7.5844261505739015,-5.273776773439378
104,-6.08320898291314,-7.2215752776308655,-5.24704613049443,-6.339953963000043,-4.841350092355228,-2.4901419605188404,-4.905754044043775
112,-3.618872173458011,-4.49537601593876,-2.9398266390211636,-3.4453134748681196,-2.7436204340653942,-2.366995946724945,-2.7499900346203727
120,-3.0399441112598975,-3.0827348305079116,-1.3191110923523708,-2.335583413496403,-1.2149106134226313,-4.551069427901524,-1.3996296456577833
128,-1.991079298232563,-2.026792722831669,-0.6679939186636187,-1.1819736765027982,-0.6742002680558522,-2.5722395468392123,-1.0372687892950314
136,0.45910293439306665,0.00016329195964526652,-0.06783378047625907,1.457881815673043,0.496395167103695,1.57367828844504,-0.3564267642035777
144,1.5221224594247218,1.31089049898778,0.18412023707288602,2.535056019409484,1.1248647717223905,2.2785834587081175,-0.12004286582980833
152,0.7053950667451458,0.8522775296525369,-0.4825671535611056,1.2002659273718372,0.18357588904595454,0.39883648534561256,-0.9424322183643066
160,0.5227992136025533,0.7418707338698345,-0.48964442753085363,0.786948054210169,0.1439426263715353,-0.06402292080937075,-0.9948046881021285
168,1.7882312336816708,2.160173754776526,0.7573864765675797,2.3751077072072064,1.7646581129795256,1.6062341579404227,0.28336663300893794
176,3.394792085071934,3.7554107798172787,1.949213946358047,4.08782892075354,2.7880444705217298,3.5553392015888807,1.5162428071608345
184,4.133668476806332,4.5763845682623705,2.5507895400692098,4.574751342835382,3.090955490576838,3.722364955931153,2.069692404446553
192,3.8746371050036323,4.6882068077087675,2.874932641131303,3.8967402525117483,3.311769150717993,2.4640102621279016,2.422144899106756
200,3.540585669456417,4.441914743476282,2.8296376319318504,3.3730155198573115,3.1093566661621663,2.529121985153138,2.6273884111825305
208,3.8576514363359067,4.456069463387341,2.672520176038217,3.850029593313133,2.899866785386248,4.193717158939021,2.661359715522552
216,3.7684767005769197,4.221101060375172,2.504078985634882,4.120384796331029,2.8828810682137207,3.9771498804224823,2.1532052361539433
224,2.8583280562512354,3.350585699403071,1.741139565961468,3.153617333790382,2.2161937193942136,1.9091451392221017,1.241641202143261
232,2.7875545202539516,3.1821446157407074,1.5557127105396709,2.7459614090796896,1.9883027487906693,2.179500413856804,1.347801620862921
240,4.023261586446871,4.490040806196687,2.618732246367065,4.059519573683545,3.4561473186562073,4.822186717485758,2.614649145426798
248,4.668716922378992,5.326584825575866,3.3901644864615226,5.036195150993214,4.335155455802026,5.798862511470471,3.088832293998222
256,4.119513728157318,4.80993747941015,2.932967030278041,4.225129787200474,3.175883817341723,4.639590835301104,2.5566147471569023
264,3.539170225184509,4.461731332618878,2.7008296134274925,3.3234739556931987,2.543167788219556,3.740766079210365,2.8198926079334043
272,3.7387517833354162,4.965639435076498,3.5345426630667376,3.204574363057615,3.341494051689864,3.684147247766824,3.68333058196063
280,3.767061172980154,5.073215352807023,4.003063988630634,3.0021618666416803,3.579293404979224,3.4364395806715025,4.115049541756815
288,3.3226030012548824,4.737748385709674,3.9365367494125847,2.7417150006938,3.235333656082209,2.9665028243683857,4.143359002562202
296,3.547663005007492,4.901943113292264,3.9959865928667018,3.1026603867836418,3.531167369476246,3.2793221069877068,4.167422038712066
304,4.273800185116905,5.29827535914453,3.7893276809184004,3.558442365547737,3.555230361682887,3.9941356071743264,3.783829026988576
312,4.231336002879933,5.012349945719659,2.9980787513265894,3.0064082988998373,2.3789730320510643,3.885144210807993,2.839709164992887
320,3.8321728812562803,4.5792155106328245,2.522480140388996,2.574689274177165,1.5693229756828286,3.279322209015046,2.55519933952969
328,4.116682771493914,4.739163871491955,2.8352994789636967,3.0092392522180837,2.0519989962211502,3.490227515056287,2.98408737337711
336,4.507353098697529,5.022258313504313,3.2358780562632035,3.317812138463675,2.6040330549623114,4.403207034545148,3.3676803051208957
344,5.086281120449634,5.451146293525092,3.8162216007463896,3.784917933389753,2.9621475322853366,4.918438804913404,3.996149885563218
352,6.087019885961831,6.415082813695284,4.589069346694078,5.070166529991094,3.695362083222043,5.783292269436542,4.827032003171588
360,6.40125464843338,6.802922236541611,4.545189759718893,5.453759527117529,3.6953620461211925,6.302770510076121,4.640189610269603
368,5.233490244899198,5.684699162402231,3.5005713237546012,3.968929303333373,2.696038748297017,4.407453353372018,3.6960698078785605
376,3.912854891931244,4.347078106402648,2.9924168953236343,2.5138239995276703,2.1836378590219914,2.581494437709006,3.2785055594784867
384,4.064310387057637,4.396619567323001,3.3462848935562812,2.7912565011478474,2.5148583826092845,3.777568225109926,3.6422818741019873
392,4.973043376670528,5.002441644229964,3.521803471056547,3.592413702579083,2.6903768793695844,5.157653646874047,3.7357030510902387
400,4.907931679038087,4.873633724255735,3.247201876682661,3.7113133256251976,2.2997066275840945,4.57731006863517,3.3195542358622263
408,4.981536205454469,4.978378659169799,3.417058466198258,4.32845917049345,2.659236517095913,4.499459139458849,3.3096459526188524
416,6.163455439594051,6.151805016324743,4.232370380698184,6.097799303369767,4.230410556468288,5.919177589584229,4.09806391307894
424,7.199580988842336,7.027982264622649,4.969831373928527,7.051827467007202,5.359957262937978,7.66728567672978,4.950178069423656
432,6.750876322669365,6.485856367482729,4.821206804446792,5.960498498048006,4.895682354122866,7.883852947795737,4.781736948356335
440,5.005599337549564,4.8821265430041985,3.7482789312452782,3.990161363205037,3.382542771256559,5.613435631416142,3.980579674852137
448,3.2405055970936054,3.2826430890504463,2.339884227337652,2.495422818316395,1.8467555247434373,3.3345255422079885,2.8453710974783317
456,2.896545821587371,2.756087491724471,1.6547957584320376,2.3581220757923855,1.1659134528197623,3.7775682806091484,2.1461278984741297
464,3.8321728961574406,3.494963922992558,2.2733570694677794,3.288087216204432,2.0052884338800823,5.432255188333606,2.5820932979790547
472,4.522923312145558,4.242333153090212,2.941459917754309,4.2053131018085415,2.960732073568427,5.336003082203484,3.168098716863565
480,4.258229971668879,3.9649006446276664,2.648457132893931,4.236453537675705,2.6719757886296445,4.500874586771807,2.841124709315447
488,4.000614100853728,3.2826430706520733,2.1926751614283644,3.7835024533854718,1.8396781571092473,5.463395674682254,2.573600458703479
496,4.365805856556028,3.235932550581648,2.172858559817451,3.668849242222457,1.4659935259428378,6.880283189583656,2.6061563411233375
504,4.7196738500750435,3.408620128083499,2.0737755002170295,4.0750896621442845,1.5707384935482243,6.185286370531496,2.4348842048523385
512,4.517261346360579,3.4496688248422958,2.1403026621923256,4.41480302820026,1.64717395731732,5.109527544163791,2.5495374436889375
520,3.993536732155169,3.1764826887291577,2.4432136880254367,3.903817561149503,1.4957184278270241,5.334587679289904,2.962855296171441
528,3.6439150591356055,3.002379584390805,2.642795291335983,2.8648610629924978,1.3570021818826208,5.701194900399431,3.1539440030346104
536,3.614190175801842,3.020780714056228,2.5875918770989697,2.182603491905907,1.2140394863460564,5.35723516168994,3.104402464871505
544,3.5830497338525733,2.964161834411989,2.1516264120593465,2.220821312893317,0.7483492159756894,4.710364418434715,2.5523683147466922
552,4.014768830039999,3.1736517865006078,1.8388070944679122,3.1493710237825665,0.8615869418125792,5.072725249556723,1.9408844219786785
560,5.130160894449598,4.018688540239022,2.095007597341595,4.666756949652119,1.6613287249729152,6.884529513732371,2.086678100939916
568,5.202349817851089,4.062568188795536,1.8628701310739313,5.088567724887109,1.8042913764142072,7.588019241700225,1.6606209501624107
576,4.228505133950918,3.1042935947245764,0.8635468537768629,4.111891919194339,1.0682459264420536,5.723842478288539,0.5480599155535504
584,4.043078189426259,2.8948037486166642,0.9470597085962582,3.4480355626185593,0.9649164484202675,4.34234165239442,0.9005124477707612
592,4.160562405301318,3.2812276259240116,1.9718614912517303,3.517393694637895,1.2310252050391075,4.7556595628089875,2.361279660189639
600,3.9326713719000237,3.153835156607899,2.290342657243485,3.9165568148930725,1.2862285932751147,5.609189180911664,2.8043224534818103
608,4.249737181810419,2.968408311221579,2.024234027436567,4.598814378224978,1.3485093159978296,6.505183054236592,2.239549050981901
616,4.745152400745142,3.2401789495402724,2.1091622614493275,4.594567998120885,1.6061252666406296,6.643899263536307,2.123480326819178
624,4.470550832068153,3.585554167493778,2.4899242754551927,3.933542447524316,1.8212770671295688,5.501613337991052,2.6882537005811327
632,4.064310333687151,3.3534167015302203,2.499832610244421,3.5994910782720635,1.6386811628972806,4.846249749226091,2.7958295225184795
640,3.6708091585377876,2.5989701217405927,1.68735154232177,3.4253880207659293,0.9182058564289302,5.538415574057839,1.8389704707933943
648,3.0423395289824553,1.7355321121330443,0.5818679360161122,3.07718190955498,0.03353573798875955,5.692702114038181,0.8806958282176328
656,2.2057954741750074,1.0603520044738215,0.18836663724793126,2.358122028960163,-0.7478048260991861,4.227688480765098,0.6174180241567752
664,2.12652902363608,1.0249650700535375,0.4516444770411663,1.988683784436113,-0.9799422435579445,3.61195811209981,1.105755897048785
672,3.600035467902944,2.3470161028229737,1.2754492486068274,3.0233939132847625,-0.32740955915027187,5.551154889838897,2.0611995437315533
680,5.3042638286410195,3.834677208460621,2.138887179907253,4.502562217355896,0.47233208913935065,7.2284892401255965,2.5042423017475075
688,5.002768277186241,3.61103261446396,1.8529618029750226,4.290241428421375,0.7412718606577656,5.965888204079363,2.0498757979699556
696,3.5377546902892165,2.355508861054478,1.1098390445171673,3.0049928032341318,0.7115469266904676,4.234765899641035,1.141142726096572
704,3.1768093735353924,1.9789933317649409,1.043311808948381,2.489760968851705,0.857340541485481,5.168977447222552,1.1652056938227344
712,3.431594260469713,2.2479330597962934,1.1990137393739864,2.4586205430200185,0.6888993691764131,6.070633178527117,1.6563745349341514
720,2.9092851037647898,1.7369475451530518,0.6483951109158848,1.8414747414867778,-0.5227447005523895,4.261659779935329,1.2897672411434513
728,1.5631712081855285,0.2903350648094478,-0.46133503514916563,0.936988058840647,-2.0825949459624717,1.7477813953682895,0.20834659891469154
736,0.3897447412485601,-1.1180596258695963,-1.4507499810021662,0.10044398031298431,-3.1272133721953934,1.0089049219816126,-0.6182890954066296
744,0.12788243802319899,-1.327549443999817,-1.6772255261883355,-0.2180371136058069,-3.223465528959055,1.7916610653642304,-0.6678306169959966
752,0.7917388969304235,-0.16120051636449806,-1.0600797173565655,0.8959393873225936,-1.9693572280323208,3.1759927189810986,-0.39039806656691495
760,2.099635061841558,1.2868274868622405,-0.16267046103695496,2.610076072966472,-0.4293235358804042,3.532691717516265,-0.015297989760126722
768,2.452087663850941,1.4835780311779372,-0.019707719732537616,2.879015714479857,-0.013174789836352676,2.5517695274619245,0.0356590188279447
776,1.4895666364574558,0.48850121198798035,-0.5108765295211053,1.69992747957843,-0.6657074214817498,1.7024861936701614,-0.22054147994031736
784,0.37842095823405875,-0.3183178972961668,-0.7147045044207969,0.6482318078096091,-0.9969278760371348,1.2297185079210684,-0.32953280058442336
792,0.11938960604615251,-0.2730227906309544,-0.40613166257458294,0.8223348630349526,-0.6628764982699322,0.8263089944852671,-0.3521803647887949
800,0.8016471496112123,0.09783083673572476,-0.2617534581437312,1.2809477175704345,-0.6699538450729061,1.7067327109257588,-0.10447275516938158
808,0.634621450312002,0.09641538668581891,-0.21221191389851732,0.660971038593227,-1.3649505991985789,2.039368584968464,0.3711258607859523
816,-0.5402204000758039,-0.5122375305642598,0.27754137726439293,-0.4062949693301228,-1.4442170222159745,0.21907151177572257,1.0632917208939177
824,-1.354116811459443,-0.820810489034868,0.6483950808094568,-1.0644893955491963,-0.8426414225747582,-1.5078044242665667,1.6054174942629678
832,-1.8863343024974348,-1.1378762943836822,0.20393686909433215,-2.0397497381155305,-0.6119194731081199,-1.6167957820115237,1.066122660223319
840,-2.1750906406546493,-1.7606840028575201,-0.8831456866132872,-2.712098982471685,-1.417323085966299,-0.9854952754683837,-0.1058881846921775
848,-1.0554522268555977,-1.1661856893502656,-0.726028270557452,-1.4594061831407124,-1.4810194010602156,0.7682746897277599,0.30601420055846773
856,0.643114274686416,0.4219740527496322,0.5167561853172922,0.44157286514666905,-0.36845825849396285,2.3833283212451124,1.561537889193515
864,0.6912403389273485,0.7036529650364879,0.7701256580861332,0.7926099404716037,0.145358095275972,1.4208072479317198,1.4921798091761913
872,-0.2613722946804776,0.005825153284441195,0.21384512876954315,0.08204288987714776,0.0038108742697926523,0.04921491648212299,0.7943520387824702
880,-0.7270627496427792,-0.3777677837811888,0.004355300755899128,-0.2944725355604195,-0.5241602140082579,0.03364470440256855,0.4376531051737928
888,-0.8926729116138519,-0.8604437074619611,-0.7656615061664974,-0.6440942429438874,-1.6409676930394892,0.13555869436128282,-0.4838192444674822
896,-0.6421343907947827,-1.1520309560585713,-1.5795579228719796,-0.8365984371098663,-2.303408597436627,0.34929498762851385,-1.1561684959701128
904,-0.04197420182183244,-0.8519508406648547,-1.246922035904797,-0.5181172215489431,-1.9679417290214563,1.0471227247227026,-0.6352747850576222
912,-0.4793551017060947,-1.1180596203957003,-0.9963834877162469,-0.41195681544965285,-1.5560393942522948,0.20208590864269635,-0.4385241773359626
920,-1.658443357894896,-1.6800020347573041,-1.2072888193023357,-0.854999621666302,-1.4059992915478476,-1.6705837157880963,-0.6720770414994686
928,-1.8636867837568094,-1.4025694847843804,-0.8038792979597948,-0.7559165290704526,-0.8129165649378977,-1.7229562203459785,-0.16250711436174362
936,-1.482924768230417,-0.8703519815821753,0.036911171771808464,-0.16708011444500162,0.04061310668731765,-1.0959021106327258,0.7702890009600295
944,-1.448953442146864,-0.7599451223935119,0.5436501582116595,-0.30721186274542694,0.7200397176132939,-1.5559305069058715,1.003841905873649
