-240,1.9318653882204826,1.9349140403894598,1.893502418681869,1.7561834705754724,1.1455524616530208,1.1964913262702506,1.797976176619474
-232,1.7403047464023793,1.872161420648951,2.197357088347876,1.2772820862658303,1.5088568991016011,1.384749043930745,2.3016484106239266
-224,2.0045261620356265,1.8903267056827904,2.164329369351158,1.4060900476744116,1.513811091356826,1.8025492504443765,2.316510796335426
-216,2.2984726240537756,1.773078377368849,1.8125846034918844,1.6967336990676085,1.234727162997419,1.7992465038589394,1.736874982503143
-208,1.9962693262613291,1.716931373733795,1.5846935931265687,1.1930614982359797,1.0794970712013847,1.416125413228249,1.4032953735986802
-200,1.623056442391523,1.6442704950783384,1.5186382032071168,0.5159939001740771,0.9705057021285042,1.452455889631486,1.5519199690307346
-192,1.4810374832879265,1.4229849510972863,1.2758848128069342,0.5077370629806223,0.8648171695802127,1.6935578730339425,1.5221949994577701
-184,0.9674570412808278,0.9688543584743592,0.9158830626939349,0.4334248048236301,0.46353081130037166,1.0924541382767234,1.0548533862559024
-176,0.2557105089882354,0.1943551610281944,0.2619349083934839,0.002413572586608739,-0.06986623350871987,0.2717162370886451,0.48512584890064986
-168,-0.09768576125849733,-0.6395938238913651,-0.36063687536769934,-0.149513816795288,-0.3984916389820886,0.12969719691563694,-0.08129890248752575
-160,-0.3569530341296624,-1.2671197184835707,-0.710730292059945,-0.04217377985953838,-0.5669328648897208,-0.10645080408961526,-0.45451172710747717
-152,-0.7780559607969098,-1.513175969888821,-0.6248583358818247,-0.332817393999833,-0.6016119513251297,-0.6101228871311132,-0.48258523557730854
-144,-1.0637454490276266,-1.3331750415251913,-0.42338947719133585,-0.580525011956801,-0.4579415376820079,-0.9503080298298551,-0.36863974432014074
-136,-1.0092496854618136,-1.0227148430319604,-0.48118793057625747,-0.524377935767283,-0.4480332315800502,-0.9998495071212121,-0.603136292205025
-128,-0.8077809218549248,-0.5636301019703184,-0.47953651790189855,-0.37905621304835146,-0.6263826709895671,-1.0147120008661301,-0.8112106687242624
-120,-0.3569529303537185,-0.11610500376002934,-0.28962738384175424,-0.502909959495177,-0.5322537507807269,-0.6068201259993043,-0.651026397268032
-112,0.0542416382349018,0.3462825858890464,-0.11788343334563674,-0.3608909501888596,-0.07647174033899243,0.043825194260085146,-0.31414405987239813
-104,0.3613990654848216,0.7756424301095826,-0.027057301942190574,0.1460839936803112,0.10848324918512263,0.559057055859939,-0.2315748854038809
-96,0.6834189453240717,0.668302396189544,-0.10632371297276713,0.549021714963974,0.025914011386670148,0.5623597799162396,-0.4413006322001255
-88,0.8502087651209519,0.6418802255334762,-0.007240682997273508,0.5754438503184816,0.020959857803506673,0.3724506148120098,-0.15891395672309766
-80,0.8320435294028605,1.0084875798664794,0.633496331337553,0.3970943250498928,0.6881190607112735,0.5342862712690136,0.8550359086635023
-72,0.5232346596762593,0.9539919101425033,1.2296459893235467,0.18241447505060113,1.2198647293893299,0.6185068415593862,1.647700230246444
-64,-0.3024573346033636,0.2141718163390408,0.9323968584188723,-0.5194237889251215,0.9143586773834713,-0.15929508136223755,1.5552227280338058
-56,-1.415490243092671,-0.7700530943757558,0.40725671821325043,-1.25924386924658,0.45362246865508976,-1.2541627323138955,0.9557703275424546
-48,-2.024850988535436,-1.6485894585280745,-0.03696561992959874,-1.5763095970992196,0.23398840387143716,-1.8701290509325792,0.37283172543696197
-40,-1.871272202089921,-1.8318930932085276,-0.7173358604462045,-1.241078677167604,-0.4414276798688995,-1.812330561004334,-0.6031363212977677
-32,-0.8275974838561194,-1.232440651029403,-1.3960546884658462,-0.192449726942149,-1.1085868561674497,-0.5473703230925638,-1.5427738767281016
-24,0.33332544685283405,-0.24821577827708796,-1.4488990159411896,0.9354455777249497,-1.0606967094166702,0.5673139684461743,-1.922592188487505
-16,0.6454371124806204,0.5824305068892546,-1.0112822204623577,1.272327929666955,-0.5537217944628481,0.5838277675416115,-1.7029580619704703
-8,0.305252030273497,1.0481207875992022,-0.5208211281974784,0.9503080152357233,-0.10124255260350269,0.033916861903700725,-1.0341475467937873
0,-0.09768572382819944,1.0811484061904773,0.09844787864376119,0.24021295131944911,0.2042635057885678,-0.19397411280526575,-0.17047362068442865
8,-0.6129175682207606,1.0448180534313996,0.810194480829896,-0.5359376437225188,0.5411458426520179,-0.40039713572260416,0.5098966200095718
16,-0.1538327638291832,1.500600055003396,1.5632256104682487,-0.4203407406779658,1.246286878403236,0.1329999883819523,1.4181578485397528
24,1.2746144960269392,2.4749166816131853,2.3096512267127225,0.8545277384092739,1.9927124634262299,1.5994290049791662,2.3891716906016227
32,2.0590219328746264,2.9571208059446596,2.5358908556251603,1.647192118887281,2.171061966343077,2.392093407099337,2.653393115459398
40,1.3803030700856078,2.055465052491088,1.9364384150425917,1.2046211675191538,1.8407851185704218,1.6275025622325616,1.8111872580448236
48,-0.3668613696791535,0.45527385207295634,0.7325793957276331,-0.27501895267775583,0.9754598768216457,-0.1906712789415982,0.35631791889094394
56,-2.810909759294199,-1.5247356643620553,-0.6479777024765481,-2.5489748470457916,-0.2795920271371856,-2.349030376524552,-0.7451553151707403
64,-5.413491125303854,-3.879609387402078,-1.9674335723272076,-5.02274820765296,-1.632075640465041,-4.79142741360207,-1.9589226980635652
72,-7.391849325035078,-5.801820479012724,-3.3100088848749487,-6.680737845667877,-2.877219264753736,-6.9877683484633435,-3.2915895718180557
80,-7.842677193956497,-6.538337811329587,-4.054783101927067,-6.997803623900633,-3.546029779930418,-7.886121284018775,-3.892693398465768
88,-7.301023202146581,-6.308795346779536,-3.802121356818758,-6.419819197020468,-3.253734787175561,-7.455110070762997,-3.4154433904645547
96,-6.572762750130101,-5.53594762516027,-2.9120252666169373,-5.46036503790117,-2.4511620670679832,-6.380058959460794,-2.4477323487387372
104,-5.826337180717851,-4.825852450904446,-2.243214773437207,-4.608250893898064,-1.9408844537801027,-5.483357412631423,-2.000207237223838
112,-4.691836273072514,-3.9423619285567004,-1.7147718187039476,-4.064945435840569,-1.4058359728805416,-4.637848735544763,-1.9011241772686271
120,-3.080085450558218,-2.53207995267005,-0.6512804515455122,-2.9898944182028053,-0.07316905122946238,-3.214355619160302,-1.1712123833583066
128,-0.6905325408547351,-0.581795324383802,0.6780837495971623,-0.8298840821471624,1.2958284264751079,-0.8974637310924658,0.1234727253175375
136,1.6346161932762935,1.4312418989850808,1.7283640002060818,1.2227863989797705,1.9184002113006602,1.468969640830333,1.2183403292595794
144,3.1819630534466588,3.1321674712725502,2.354238610202956,2.5802240576799753,2.18262165638144,2.788425506246122,1.9383438417258163
152,4.390776202573881,4.699331011056848,2.8298372161734986,3.6338072817622527,2.6020732390261068,3.8287975277424176,2.45027291611683
160,5.424542698258664,5.815666632781373,3.3797481464692836,4.376930043742661,3.2064797535415854,4.95834426087201,2.8433022855306826
168,5.668947535038212,5.845391607143997,3.528372711921622,4.466104819770261,3.4673984667606934,5.070638414670204,2.739265125388136
176,5.30894579148882,5.05603003729094,2.978461750049566,4.5800502849503975,3.3253794439723743,4.304396115263902,2.2785289712973458
184,4.6516948744600075,4.12960352071121,2.4566243943918633,4.75839979514043,3.100791198996342,3.610814885035048,1.7979762023417178
192,3.946553916230307,3.39308618821695,2.0768060909700146,4.335645434334056,2.7556519131807287,3.153381430697474,1.5849476550320234
200,3.0630634236848833,2.9207903467487175,1.7878138556216765,3.7642665463926153,2.407209874748255,2.403653077801669,1.2992581774449936
208,2.5726023264529507,2.755651930756458,1.6507489184743203,3.230869429916033,2.2206034723723866,2.055211022516693,1.2447624919328821
216,2.7592088272829196,2.884459838946605,1.7977221562243968,2.89894126827791,1.979501388032303,2.6629203293854613,1.5354061367624734
224,2.6716854130173773,2.7738171560082563,1.6474461683409873,2.4993063900824426,1.6492245702393662,3.1269593338376325,1.5535713790441719
232,2.3793903858479353,2.417118141837008,1.1569851166995129,1.8800373110415292,1.2033508768980652,2.7999852306990727,1.1555877703654787
240,2.1911326208230335,2.2949157672637424,0.6252394318785313,1.718201624250019,0.9738084604219966,2.307872849581387,0.6337503930656135
248,2.4636110359659558,2.379136356003173,0.2668890770552034,2.211965482081576,0.8152756341033696,2.4300752935160093,0.36787755269516303
256,3.0382926603813325,2.7672115828323385,0.4485413554728362,2.7651791960383063,1.0662860032580386,3.148427274808177,0.1878767110775788
264,3.4032485300176964,2.785376797795241,0.924139905031839,3.2226125357788566,1.683903670511567,3.444025082800249,0.44879539502654997
272,3.5882036261560715,2.7622575000296914,1.5632255811981117,3.50995337903063,2.425375121997007,3.2342992377272983,0.9508161253531227
280,3.9729761083511423,3.227947799366091,2.265063851560045,3.6767432451275464,3.211433917768433,3.432465340607821,1.7269666831421873
288,4.432060782357559,3.873638962671817,2.872773180070977,3.8352760868795195,3.7927211793992424,4.007147005469206,2.2223819382147574
296,4.702887894633489,3.885198640824729,3.255894309551123,4.049955990629427,3.9908872538966014,4.322561402426479,2.458529826751721
304,4.851512403496892,3.389783431342615,3.171673724891773,4.291058026895528,3.8851986306995796,4.464580522427137,2.493208900946891
312,5.18509191820473,3.3617098779919052,3.1188294218969084,4.553628135581702,3.8389599058476884,5.191189429610148,2.762384542895159
320,5.467478672267643,3.482260907655616,2.9140577649991024,4.505738024132484,3.5598759829875206,5.982202471564813,2.714494392951275
328,5.371698386039271,3.1998742662383846,2.499560384721163,3.9013313810057917,2.896019565514647,6.01688155125922,2.0968766966050034
336,5.143807422506176,3.1007912250870198,2.116439308636845,3.539678311350691,2.39234741417616,5.585870244693788,1.6757737640837285
344,4.963806498222626,3.419508291108213,2.0388242304529784,3.665183474551955,2.2784018964871704,5.177978317850291,1.8409121222452913
352,4.816833345089857,3.4673984334241235,2.1544211329653473,3.539678326251853,2.370879447660767,4.791554522854121,1.875591247530156
360,4.745823787040871,3.0727176218883794,2.324513687817004,3.3580260694763835,2.6697799548738717,4.699076959795075,1.7467833109568431
368,4.503070312732959,2.5046415137051987,2.412037072457618,3.5066505976758173,2.876202984709607,4.208615833470399,1.5469657836939064
376,4.0093064813332235,2.01087771601047,2.342678900296379,3.4835312715271023,2.935652817418669,3.4126487949269477,1.4643965925502804
384,4.022517585819894,2.15785089114019,2.4235966874579904,3.0905018174959404,2.8415238461201344,3.714852098218632,1.9466007337342563
392,4.818484682371436,3.224645015350354,2.9322230509199154,3.2919707806719534,3.092534288184056,5.090455039646544,2.8333940248417866
400,6.014086818725089,4.364100061322908,3.5713086430010654,4.40830634261444,3.606114756090791,5.995413537911607,3.591379359152999
408,6.849687184033159,4.806670994774163,3.9180993173653484,5.46519216054525,3.942997078940054,6.028441161469935,3.525323963911704
416,7.186569633897082,5.006488415777629,3.9973657825013307,5.99858921830416,4.250154512753579,6.348809644422961,3.158716675924348
424,7.305469150480989,5.374747135775376,4.322688430035997,6.3817104302728795,4.866120833323605,6.690646206359669,3.018349059778965
432,7.363267649988553,5.500252294009586,4.552230829127377,6.432903194465697,5.249241948966959,6.675783694520484,3.5104614437349655
440,7.488772864811693,5.84374023544783,4.6925985362762805,5.924276902493867,5.297132068931127,6.589911777369216,3.852297983142537
448,7.814095421875026,6.332549893750977,5.085627926445323,5.5048253157691205,5.30208628566683,6.789729292037123,4.195785980460135
456,7.589507155789015,6.160805934917306,5.079022354156378,5.141520859694087,4.986671803027881,6.411562333170038,4.157804079142301
464,6.266748629114675,5.103920142176553,4.1823207541085745,4.218397247935935,4.1890533186372485,4.78494899225295,3.1256889728931596
472,4.719401666764921,3.729968563042882,3.3599314938193587,3.002978432323142,3.3253794125735006,3.298703319103126,2.329721904015202
480,3.991141260161505,2.859689118395194,2.775341521614254,2.1772864022097744,2.757303318936692,2.6480579195482723,2.2174277376219784
488,3.908572161263162,2.6648258213499636,2.397174618271735,2.005542502448563,2.443540324719671,2.537415098596788,1.971371515132078
496,4.478299564507963,3.0578551843776047,2.301394315190858,2.3919663414386383,2.3527142522112903,3.4853096576168747,1.89540783773712
504,5.2627070251265495,3.4029945230568615,2.2733207598888066,2.8972898501043125,2.476568029347412,4.50091089061956,1.87393987991407
512,5.3254597030525455,3.2477644280677214,2.0652462998166286,3.1895849636650118,2.577302494526401,4.059991320704311,1.783113715515196
520,5.107476924638171,3.186663193682776,2.2435958467273807,3.3398608804131156,2.7903310095502456,3.3350336975844463,1.7715540432163104
528,5.373349744253433,3.898409787531356,2.8562593281118955,3.860046799802955,3.52189414943449,3.5893467446727745,2.278528938834102
536,6.113169860586034,4.880983223128833,3.812410733195177,4.368673142154902,4.184099214724624,4.448066653970342,3.114129336960203
544,6.486382659838532,5.311994490667415,3.975897778200851,4.44133411926446,4.312907163360781,5.3100892050130355,3.3700938258156334
552,6.316290096649321,5.384655522591958,3.6092905262246338,4.134176616444366,4.018960775316253,5.354676578036977,2.8994493890389954
560,5.88032483802119,5.267407160573009,3.383050872654323,3.8303218864641337,3.8141890916318357,4.565314844271147,2.4089883315434926
568,5.303991637196077,4.8512583062421175,3.43094100414915,3.526467232586263,3.8455654176450143,3.9047611937841102,2.5245852028343814
576,4.641786607917084,4.1411632031215975,3.0957100631075565,2.96829946314568,3.5697842910408206,3.5133831738920764,2.3990799842859465
584,4.121600653580475,3.5796924960414023,2.3856148824655192,2.3060943563451697,2.9835429352541,3.032830308078902,1.9977936513735584
592,4.237197563366029,3.6226286293508925,1.9661633214630143,2.330865167722706,2.542623399398648,3.3218226179330435,2.0291699573411277
600,4.473345474964315,3.586298128112386,1.8224929165122365,2.575270018161653,2.265190859410516,3.8700821334257323,1.8921051010857899
608,4.143068702229651,2.823358682083177,1.2164349190740682,2.5670131215409477,1.8391337401332553,3.6240260026489297,1.1539363672704377
616,3.83095705239,2.2701450800625493,0.7507446403154638,2.5703158083443443,1.7004174855725342,2.8776003040932787,0.29686808281138066
624,3.7500392749851015,2.4650083340008497,1.0050578222238218,2.907198234082579,2.088492774312477,2.659617617569398,0.0970505473882832
632,3.7615989364629057,2.887762605932441,1.2857930928318597,3.224263958209926,2.4435403421043596,2.7075077128756933,0.16475734732117195
640,3.6790296342701483,2.815101759740229,1.3683622770570896,3.3051817169883746,2.4947331999616202,2.563837366110402,0.3579692449966516
648,3.5419647526473574,2.7143672975769504,1.2610223119662245,3.1235295013684925,2.461705578532029,2.644755108036346,0.2572348202636712
656,3.532056478476459,2.711064562167384,1.3287290570841268,2.928666104272608,2.301521324637882,3.031179114841879,0.3926483452688531
664,3.797929321685226,2.945561133468379,1.5813908671189243,3.174722358870965,2.417118165239474,3.2078770610398086,1.0548533433263656
672,4.399033245722671,3.4079486287434353,2.3311192569128427,3.3316039052065256,2.877854363324168,3.498520789777129,2.0077019780533094
680,4.403987278499993,3.43602220976773,2.848002453842934,2.6760044806797203,2.942258316975754,3.6240259567036825,2.6203654755807504
688,3.0399439939376203,2.4517972541720545,2.268366598500273,1.285539037878915,2.4881277591222046,2.6133788675274494,2.195959772525743
696,1.459569519078666,1.2050022574776151,1.3584539902911625,0.11140496684954748,1.9299598848413086,1.1618121571688758,1.2563222103544096
704,0.747822927181428,0.2719702727396737,0.8333138218797722,-0.2568537348765372,1.622802422644618,0.598690168863852,0.7278792655552591
712,0.9724110917976271,0.037473696471625045,0.4303761144329011,-0.11318333577978698,1.2743604294478135,0.8018104583229663,0.16145456082190993
720,1.1755313931421913,0.02591399632175931,0.009273162930384805,0.21379075831163907,0.995276447160396,0.5920847221704081,-0.5222185094782831
728,1.030209648248913,0.02591407756856698,0.042300845028989356,0.6464533691632224,1.2528924173419633,0.2750189744495544,-0.5849710758229644
736,0.8766309112965415,0.5840818924222128,0.2140448125550056,0.9106747941983926,1.6294079404733668,0.42529497191228094,-0.7781830059616885
744,1.4298445420551213,1.239681403517668,0.10175067135184043,1.039482815921198,1.584820579334876,0.8216270527874049,-0.9482755741179536
752,2.2604908066436713,1.6855550090485538,0.09349379211582348,1.4589342711964142,1.5980317276380556,1.3170423206324,-0.842586957839328
760,2.843429345419227,2.11986906095766,0.342852697506438,2.273066710257704,1.7004175034894073,1.7232827606505197,-0.43469509822845254
768,3.198476926870507,2.4848249087744683,0.6235880044804064,2.8147206704913477,1.796197811359943,2.1311747343262355,-0.0746934045269922
776,2.9870998170704404,2.337851744465829,0.4898259134369565,2.5504992124607497,1.6888578189502816,2.079981759743213,0.10035337060826388
784,1.997920683056335,1.6640870606274274,0.25863214850343835,1.5530632213849715,1.561701208305282,1.0429126049286175,-0.023500451586130736
792,0.6454370911932477,1.0117903653013731,0.38083458090740036,0.6200312160692372,1.7829867297571984,-0.11801038503019148,-0.03340875609153594
800,-0.15218145847866382,0.7574771965202286,0.7177169351555382,0.11305631335565507,2.422072346496222,-0.6431505979676715,0.04916042192487707
808,-0.4444764006760089,0.7062842526265009,0.8234055498376107,0.03709264394346167,2.507944319526845,-0.7207656928266468,-0.011940792414458683
816,-0.6608077096496969,0.06389587670701144,0.22725585743703047,0.06846895345892655,1.8738128593866967,-1.1781990389534078,-0.5486406285124709
824,-1.156222952482028,-1.120146574397936,-0.9799058866438078,-0.44676289572329253,0.8516060723667289,-1.625724064786628,-1.4271769476065157
832,-2.0430161854040714,-2.274464077217293,-2.34229781973302,-1.3864005068555856,-0.35390434347966426,-2.0782033971173095,-2.5121363133888
840,-2.647422710208448,-2.650979623587414,-3.1514760228999705,-2.136128801211115,-1.1350089759112167,-2.5389395173256974,-3.0587444323500557
848,-2.728340553958992,-2.2199683351162487,-3.267072852680481,-2.340900476912767,-1.0507884269082173,-2.8477484480761,-3.2948923916675352
856,-2.8852220247243787,-1.7840030023371014,-3.06230126798235,-2.403653031371998,-0.6082174510596109,-2.963345275018296,-3.327920036868026
864,-3.0437549505614756,-1.6551949919675626,-2.7039509317854717,-2.355762977398687,-0.2944545019008629,-2.732151479395481,-3.0835151967179764
872,-3.179168521689298,-1.6651032219671618,-2.0648652657307003,-2.3359462981395454,0.23068563724039043,-2.7618763799618766,-2.4576406747089092
880,-3.530913307948973,-1.9177650758184694,-1.5529361940006088,-2.585305280696887,0.5675680480774615,-3.2969249806029124,-1.6302972040702026
888,-4.0395395667479805,-2.1010686283651396,-1.4588072957887206,-2.8280587801948576,0.29839243380277775,-3.5000450976343065,-1.19928593759599
896,-4.264127723381414,-2.337216599745465,-1.6222943104598881,-2.989894425830781,-0.03848997348639783,-3.5049992196411996,-1.2356163967919325
904,-4.292201368267828,-2.3520791373068928,-1.589266669162082,-3.353198919868297,0.12004292485450885,-3.699862606093397,-1.0671752359881834
912,-4.31366932431693,-2.3785012719518215,-1.4472476085886739,-3.785861536041721,0.3875671724000805,-4.078029505533232,-0.7071734542989137
920,-4.571285277468599,-2.7665764755422706,-1.8039465658162006,-4.45136938463801,0.18279553608006827,-4.286103927288137,-1.0605696880023232
928,-4.713304334671506,-3.281808306807617,-2.4166100977582277,-4.8724723003067805,-0.36381261711837837,-3.914542467978138,-1.9275463214928736
936,-4.310366629708162,-3.1364865280319387,-2.923585004374496,-4.188799255019251,-0.7898697303642175,-3.3662829711119016,-2.5814944674557716
944,-3.5903629964360833,-2.7153836237164324,-3.3562476320785817,-2.958518111348262,-1.0953757946103155,-3.1466488346607595,-2.8490186234656383
