-240,1.2427776488296403,1.8648890672932168,0.4155375068553557,0.9382798567306821,0.45260631157539016,0.46572198162977707,0.14516300207768124
-232,0.6965823297520196,1.025366552024841,-0.2751539586565625,0.2707079074238069,-0.30455341962022864,-0.15850116092210206,-0.20018264142653122
-224,-0.5720934310796646,-0.4008100074656213,-0.8618081335742507,-0.4980113162145685,-0.9157718922524976,-1.4488513927297806,-0.7521578229080217
-216,-1.1804220817851807,-1.3111355354328857,-1.2230484461865554,-0.44888269455315394,-1.109396655225935,-2.09619388043379,-0.9891314415308909
-208,-1.2353305523462874,-1.394943170088272,-1.338645291311714,-0.35351527564060453,-1.4821965895796145,-1.902569094177287,-1.0642694112582085
-200,-1.4347351975918095,-1.2634517645093204,-1.2880716387015314,-0.9994128357726506,-1.5963485276219076,-1.6077970528366186,-1.237664757953145
-192,-1.3986111733620648,-0.7649402022302058,-0.902267076337758,-1.3014097349204787,-0.8550835164466828,-1.1699738224359375,-1.0946136329991698
-184,-0.6183322073760414,-0.15227663361180835,-0.28671364357265156,-0.6670718964917629,-0.1354929514121838,-0.2538686445615703,-0.19584778249741377
-176,-0.3163352885152187,-0.3459014561898908,-0.13788262284241423,-0.5254656478870087,-0.24530995493300986,-0.08480810091639705,0.3257831463542497
-168,-0.9535631905488956,-1.1796440081611184,-0.7563259748574827,-1.1728081425759367,-1.0877222936803428,-0.6960266930683968,-0.340343910150039
-160,-0.9347786982722867,-1.1579696079656383,-1.16380510924575,-1.0947802565478455,-1.457632253370367,-0.6049941245478406,-0.8735345655168666
-152,-0.12560040583141532,-0.3964750848961273,-0.7519910262109568,-0.18445485229126357,-0.8637532791636219,0.31400117607046946,-0.4140368978230235
-144,0.09258867565614126,-0.3805804802045128,-0.5540314586355519,0.2707078447147533,-0.5357471747526852,0.4223732709562263,-0.34467883985967224
-136,-0.3423446620372717,-0.7447106673632966,-0.7404313934489317,0.35885055452131537,-0.3132230975868131,-0.2235243427268684,-0.7449330507825391
-128,-0.046127614893544194,-0.1190425806308688,0.031177793211566423,0.8183481287724602,0.731483834992665,-0.17439568334688937,-0.3634632813792007
-120,0.6431188625104439,0.5947681989890927,0.6770754380939672,1.146354227595461,1.422175181760954,-0.0559089360460163,0.21163126124212397
-112,0.41481496112492805,0.29421632473643594,-0.11765315192632174,0.7836690771286019,0.5031799668243202,-0.3593507275307695,-0.4487159690246559
-104,0.3136676917604818,0.18006437644959475,-0.7071973226176431,0.5235760523519742,-0.23808514555462476,-0.39547473313406295,-0.8749794947962536
-96,0.8063994201962861,0.7797231654075377,-0.006391157503597922,0.7461001000259643,0.14916445908900824,0.31111121242746514,-0.182843155108201
-88,0.9610102626626409,1.0874999084880048,0.7637730800092982,0.6825218090059187,0.39480780193414994,0.672351491667378,0.43560025138923747
-80,0.48995293892370767,0.7840581429250633,0.5556987175264229,0.04095911602967282,-0.01700613038160681,0.5249654019239525,0.3662420420859678
-72,0.2168553260286363,0.810067421141773,0.7897824125531586,-0.19167963062556292,0.22719237383287902,0.6131081615562716,0.8589738242280407
-64,0.4393793400197936,1.034036365809301,1.7940303815695904,-0.14399597658298122,1.225660454057969,1.1607483715738334,2.1088651236719813
-56,-0.17906392646881797,0.3144457593309481,1.6957729796114824,-1.0080825585979396,1.5681162374512032,0.2590926889007772,2.0582915045894112
-48,-1.395721236727416,-0.8516378054956504,0.6178320302174259,-1.8649445918496115,1.0045814239837898,-1.2523366265321292,0.926886948565833
-40,-0.6660159416675854,-0.39358515571205827,0.7738878297476242,-1.0384268849574696,0.9511178468461506,-0.30010731949900776,0.9370017101009113
-32,1.0115839176011299,0.9473386976617174,1.2276056167215876,0.6680721755032067,1.2155457285340303,1.3861622972091519,1.1913148255970998
-24,1.4522970053188218,1.0181417934035357,0.4747808355694776,1.4208969038803703,0.4974000960385471,1.3514832554994012,0.1162637519912838
-16,1.3222504503224999,0.6756860219622753,-0.39364077115001556,1.558168214548809,-0.43604480502052384,0.9179948812338692,-0.8533051079497324
-8,1.4826412435131482,0.6251124407534893,-0.2563694764692814,1.5278240806626107,-0.6267796858416822,1.147743692340998,-0.5036245327180207
0,1.062157534044953,0.2768767938698426,0.026842894390798695,1.003303211295786,-0.5111827672972608,0.7720538604682167,-0.15249901594450838
8,0.07813906683347698,-0.29966271435244907,-0.1465524150512351,0.3920845939980775,-0.6397843476898301,-0.00678014255558651,-0.4949547439240498
16,0.05790965319372395,-0.19129057941982178,-0.5468066298546129,0.4961217185064488,-1.2119888726514405,0.17672989241038517,-0.8923190806108791
24,1.2008738641758483,0.7508240179218442,-0.49045311841063005,1.4873651214457375,-1.3839392689570118,1.8456599929978934,-0.41259202287078695
32,2.8539093287172137,1.9891556226708091,0.2768212341560193,3.0724874723595206,-0.6094401166356433,3.650416306249843,0.6263350417168859
40,4.899974179125796,3.6970996821048465,0.9545079353743069,4.862794193086953,0.23152724083345855,5.271662616200792,1.0135846614169004
48,7.003837512943364,5.652132017854364,1.253614890592124,6.484040578630252,0.5378589774899852,6.618366345793054,1.0049148406475203
56,7.229251420262671,6.102959848480682,1.7232272644073519,6.239842182914846,0.8485256946132252,6.38861761214092,1.4701923837837498
64,4.109580528128365,4.117583373722691,1.5931807367298274,2.878862676324131,0.503179895112482,3.232822525344836,1.5857891814114575
72,-0.29610593184136214,0.6814658472684617,-0.06996949990160563,-1.9227430404892234,-0.852193614426188,-1.1800885135009405,0.3647970575481081
80,-4.479268176964699,-3.439563094166657,-1.9021800956211221,-5.68108681981595,-1.9315794934100727,-5.171071169868065,-1.4139499886630056
88,-7.620613573292179,-7.310613847021252,-3.1824156813777225,-7.910661766502572,-2.7711019475216006,-8.071108018794364,-2.2737018463249594
96,-9.249084840546582,-9.509844659666461,-4.198223263908845,-8.904794979727082,-4.272416468512696,-9.287765176936938,-2.854576171877293
104,-10.05681804258926,-10.086384110301973,-4.862905376698246,-9.284819747828754,-5.648019473802729,-9.492949817455019,-3.775016406276384
112,-10.565444261474443,-10.02280592483182,-4.734303835731668,-9.594041404666566,-5.653799348003351,-9.76315753764282,-3.9122877236193006
120,-10.55966442002533,-9.348009053301306,-3.844207758036179,-9.266035200604113,-4.752143543482256,-9.451045811456893,-3.0380862703284204
128,-9.942666048667611,-7.968071149656169,-2.4136963585534934,-8.35137490699521,-3.34186153823677,-8.321086280949368,-1.954365465049752
136,-9.631999355293097,-6.786093026083203,-1.182589514443699,-7.9149966825528075,-1.6411423077388934,-7.636174763522997,-1.093168643028595
144,-10.077047399573557,-6.065057440965366,-0.7360965281557772,-8.07683233905416,-0.7553812249456171,-7.985855274803892,-0.7651624489002505
152,-9.798170046743534,-4.78482199413105,-0.10464857870903906,-7.718482071420367,-0.5834307767964234,-7.828354548322611,-0.06146642864228086
160,-8.081556177095107,-2.1044190730839856,1.3706567773762617,-6.432466599355951,0.1925132261075749,-6.566903557908987,1.4167287371073591
168,-6.100514517338854,0.3577945890585674,2.3980240403220807,-5.182575224630105,0.8427457491664266,-5.353136203221934,2.191227935063532
176,-4.752365887959083,1.6409199629038678,2.149490782417929,-4.918147384230859,0.45116129707998737,-4.743362597004777,1.9571441382121952
184,-3.383987663797319,2.57436494079705,1.9009574262592455,-4.6941784082088045,0.0899210069746445,-3.92117989029234,1.7476248472260354
192,-2.051733413108221,3.3286346718728628,2.012219436204013,-3.730389347186503,0.13760479326503167,-2.763765925046009,1.5944589060993908
200,-0.9896871963074112,3.438451598559577,1.559946677540071,-2.5296266590042107,-0.37102160350276275,-1.9444729469728494,1.0193644517984912
208,0.5607559806488168,3.4196671402762426,0.7666629888594919,-1.1525787810902461,-1.2654524665528857,-0.7596049333313615,0.4890636968999531
216,2.056290723520737,3.1855834225873245,0.36640879470043003,0.13632656831461484,-1.7841935090613197,0.704140594879834,0.23186068217723732
224,3.031639615211111,2.838792789578198,0.015283255419957101,1.2764008251221808,-2.1266492719654573,1.880339000248709,-0.060021468939690424
232,3.9520795866667946,2.7217509726432554,0.08897621918899497,2.7820502433818404,-1.811647801928653,3.057982249991395,-0.12937954273552515
240,4.850845530766469,2.867692011104037,1.0571001776350806,4.029051790437779,-0.524187484248661,3.979867356859194,0.545417196081521
248,4.4101322958998095,2.314271949392815,1.2781791904797921,3.516090488485178,-0.15716733142900746,3.566608529257324,0.6537892946925682
256,2.746982141535204,0.7956178379304806,-0.10175853062612085,2.0118860013675515,-1.448962463645074,2.2097900873348606,-0.7709423454526149
264,1.4537419496545911,-0.6016595644506213,-1.5597243645371721,1.0827760120125438,-2.9011484537787076,1.308134379360873,-2.1581050074086177
272,0.7428210469094134,-0.964344831177582,-1.7114453270243333,1.2258272034008628,-3.234934395447805,0.756159289769876,-2.052622891843129
280,-0.044682633149653046,-0.9614548915937441,-1.1334608244852953,1.0900008788224878,-2.5558027193153245,-0.009670140347085113,-1.4110600795023727
288,-0.8972096056856499,-1.1897588074147605,-1.1551352268538608,0.220134293773951,-2.01105238415468,-0.7480452875308213,-1.6104647224195885
296,-0.8061771964212543,-1.11895562831957,-1.5582793695995443,0.4021993016716659,-2.213346906585428,-0.21774453449492795,-2.178334434397327
304,0.5419715026524866,-0.5395262453955799,-1.5409398315928107,1.9222984417544635,-2.250915947018002,1.1549684871286632,-2.247692489721933
312,1.6704861411335277,0.016783709333350844,-1.0193089204362755,2.8716377545661564,-1.5717842361161436,2.273368454257695,-1.5873453248029534
320,3.1255620377890487,1.3143587907215057,-0.09742369063389505,4.044946147863252,-0.2467549354351395,3.596952848631936,-0.538303588397611
328,6.024153963644771,3.6002872576996765,1.026756009910829,6.832276278133626,1.06815969125511,6.073616106558636,0.2665397782141386
336,9.018113138601896,5.394929002355545,1.7087776160034804,9.642725558133607,1.5710061567011648,8.537274690064336,0.7506017229782466
344,11.399409138269197,6.51043888865015,2.2867621379450718,11.590533153733046,1.8990122525749775,10.789969059513309,1.7158356944982633
352,14.261876981842741,8.16636430581387,3.5265387273871167,14.054191756020417,3.00585251647191,13.437137826530936,3.09866348759104
360,16.972623967392472,9.750041557481891,4.574135450849261,16.665236421353303,4.359781133828877,15.701391825792745,3.747450979856343
368,18.433479719001284,10.484081843097762,4.793769485830592,17.903567991953775,5.300450721486974,16.626167039106345,3.5335967051438413
376,18.942106141070006,10.952249353757509,5.423772585470804,18.120311943461925,5.846646029699161,17.055320259989603,4.049447853392801
384,19.30912619579035,11.486884819504878,6.787815803399263,18.45843316657015,6.191991765714749,17.69832786206658,5.482849308253768
392,19.504195838062195,11.455095708841839,7.400479370931115,18.81822846080654,6.450639681621953,17.822594666572964,6.102737542361211
400,19.184859523686992,10.891560870539154,6.832609630858479,18.793664042330462,6.631259858650033,17.28651414411024,5.183742314075622
408,18.45226436370435,10.247108309846132,6.110129203539917,18.75754005876847,6.543117187027698,16.87036537040527,4.218508295834257
416,17.46969065425369,9.365681982605166,5.6593012870767,18.636163386008818,6.131303307642107,16.442656819893724,3.7980246312247634
424,16.28915746694503,7.959734772648422,4.718631592161285,18.162216089158434,5.398707963102377,15.559785688946699,3.156461889354081
432,15.62303025366811,7.15633653756828,4.441199078427579,18.053843832688212,4.999898779247768,15.473087820254321,3.05242465277656
440,16.97406893966792,8.31230532285423,5.409322960970877,19.295065570580885,5.654466231550587,17.3024085409617,4.008988921029063
448,18.3236627386083,9.173502092255662,5.922284225515354,20.67933830645723,6.027266178632343,18.550855060137863,4.27052696992476
456,17.97398197292112,7.975629426544913,5.114550891380089,20.699567689673778,5.283111197760519,18.043673718378002,3.4035502047851094
464,17.53471388495289,6.7893162791987365,4.662278075595028,20.008876525444716,4.760035295391647,17.89917757380635,3.266279014567724
472,17.894509288309244,7.079753530217715,5.338519858554579,19.917843657038294,4.875632196861818,18.699686016141182,4.176604443659576
480,18.216735562757382,7.620168950414667,5.793682602437166,20.234290321470976,5.215198045483046,18.748814712929285,4.665001237573914
488,18.5519667356096,7.795009229493398,5.818246959911612,20.84695395466107,5.9391235346392435,18.70402089726682,4.612982683779242
496,19.258552539610097,7.8383580818832,5.509025244245259,21.718265284276693,6.262794795953546,19.38893245567138,4.225733116698954
504,19.6877060085356,7.755995336925991,5.091431578203368,22.258680663185004,5.735384045520987,19.871549436852387,3.62173942084878
512,19.84954156383323,7.995858900720634,4.7634253890420775,22.23556129800944,5.2946707715387795,19.858544719435326,3.389100686611178
520,20.02582686284008,8.718339272470283,4.948380409322012,22.15608852088619,5.436277047772772,19.71838354291275,3.7315564131937347
528,19.855321439896503,9.409030823042995,5.627512169894405,22.16475839117088,5.978137593447731,19.40338204322884,4.219953188481621
536,18.80916957198404,9.120038596919185,5.842811357432929,21.28333208069372,6.11107391759586,18.42225348735109,4.516170333258999
544,17.0983357441743,7.968404713092752,5.270606703483142,19.282060744354308,5.444946799779501,16.792337471959545,4.205503719978226
552,15.351377728842921,6.672274629280971,4.152206858202147,16.938333882598016,4.2268446362995284,15.052604135931835,3.1940308779430313
560,13.715681753569077,5.607338266453158,2.822842600958373,14.939952782779118,2.8758059546458905,13.536840065567498,2.081410859209987
568,11.974503693773821,4.392125958582768,1.6596489092812696,13.473317366517266,1.8123146485334314,11.844790430458934,0.9644559318772875
576,9.859080704687257,2.892256393879413,0.39964284892313345,11.761038488821862,0.331229629036851,9.525628031416533,-0.4617206527588838
584,8.308637393154918,2.10908745167753,-0.5887105124524962,10.480802866122806,-0.6426742084216899,7.77578024041409,-1.4168399071368665
592,8.515266706528235,2.866246981552253,-0.2664841765370694,10.554495851622706,-0.1195983240583867,7.810459095238444,-1.0267004773068504
600,8.389555201071717,3.302625280810903,0.11209557489611417,10.13979211026349,0.33267448613873746,7.674632928984906,-0.5628679149831911
608,6.4590871245421155,2.1957851323979694,-0.3661864849571617,8.096617094820179,-0.20918589748609326,5.998478037490243,-0.6033268656629399
616,4.644215965780835,1.7073882984367594,-0.11331824674151621,6.320760074805903,0.21418771167428985,4.507278240315663,-0.5368586449931638
624,3.593729286281484,1.7781912488922575,0.1727839811251323,5.277498050706272,1.2025411143385536,3.4062179339727243,-0.4299315417854071
632,1.9883775468736598,0.9169945744857291,-0.2693741189148757,3.595563340114236,1.06671472115275,1.725728053629445,-0.9978011561294969
640,0.36857617846451324,0.06880243231828907,-0.6566236785445833,1.8905091488626438,0.25898144056853406,0.13482593825588504,-1.4890879711183984
648,-0.7108096274105499,-0.32133714683377784,-0.6407290698172373,0.6854117144412623,-0.4620541533968676,-0.956119685403955,-1.671153005714027
656,-1.7121677130329405,-0.9802393020691879,-1.022198824474635,-0.7797787877528043,-0.8536385117301667,-1.9979365705213956,-1.9298011147154455
664,-2.74964977057579,-1.8818950978979376,-1.510595694912645,-2.4458190412678493,-1.3608198441768018,-3.0802125169907533,-1.9543654631871068
672,-4.599199847801803,-3.543600368928402,-2.4353707598355148,-4.442755025387623,-2.7031887066132634,-5.036689778915249,-2.585813414030829
680,-7.207354673668029,-5.950905488953233,-4.425082225459987,-6.935312996194578,-4.740583859497491,-7.728652235401129,-4.345776095866968
688,-9.124818070964796,-7.316393818234644,-5.732771980838898,-8.938029044194332,-5.730382236299846,-9.583982332579748,-5.758948000028538
696,-9.522182278818669,-6.903134846122552,-5.391761161339205,-9.351287956236117,-5.3113435126112725,-9.844075304270989,-5.649130957081721
704,-9.392135942993592,-6.263017093291123,-4.916368968116167,-9.339728310280359,-4.716019568146945,-10.003020961739077,-5.152064293503569
712,-9.954225874679068,-6.671941082142531,-5.335407707482002,-9.771771677501068,-5.03535595951148,-10.515982192290279,-5.5349790230751585
720,-10.574113929351697,-7.319283536163707,-5.998644792116604,-10.416224324651873,-5.148062957564176,-10.85554804556812,-6.251679725049494
728,-10.34581015369473,-7.063525512963769,-6.190824578313205,-10.150351414653972,-4.640881587709418,-10.596900000207079,-6.597025370105912
736,-9.96434052461066,-6.637262042140204,-6.237063387050653,-9.95239189100595,-4.15826452239894,-10.530431857613177,-6.440969657343934
744,-10.795193025704998,-7.2065767267038305,-6.63731760977027,-11.16615905508232,-4.679895557731818,-11.523120123707953,-6.625924591476529
752,-12.427999202024715,-8.394334780511999,-7.121379601255726,-12.715157398840608,-5.809855120214752,-12.839479614485002,-7.0637478468677
760,-13.180823841926234,-9.11103539928818,-7.098260123079691,-13.115411505300129,-6.308366667747926,-13.264298156494844,-6.865788196094143
768,-12.865822410384096,-9.26998117938041,-6.98699821697739,-12.520087558973154,-6.593023980770692,-12.855374149172205,-6.4279649805946235
776,-12.69098203988053,-9.42170201862255,-7.37713767350532,-12.11983339213289,-7.423876669216092,-12.907392738046694,-6.4120703985651915
784,-13.44380680768368,-9.811841503400597,-7.856864790073955,-13.04316368998172,-8.383330705844296,-13.923200309712385,-6.667828552615949
792,-15.445077907156715,-10.733726778527343,-8.10684306650924,-15.186040761301493,-8.8038144905944,-15.810319505291625,-6.7357416536706785
800,-17.980984486502184,-11.95760874511698,-8.671822820276692,-17.665594081280947,-9.008998930257244,-17.901178288243656,-7.082532402319024
808,-19.441840155533722,-12.970526359348483,-9.772883203764183,-18.78688382175274,-9.121705935294862,-19.14673486333459,-7.890265549724114
816,-19.291564283599975,-13.301422672805922,-10.151462964510591,-18.547020474645816,-8.83415858443373,-19.075931688430355,-8.770246890564573
824,-18.479496086344643,-12.664194668326767,-9.762768431984556,-17.604905665117823,-8.173811527703387,-18.330331685767764,-8.901738341467889
832,-17.50703731305204,-11.389739120994008,-8.940585549717818,-16.711919664912745,-6.9224751814781955,-17.541383002233946,-8.469695001876415
840,-16.538913405673473,-10.087829079007351,-8.001360924401059,-16.037122866956715,-5.744831884548499,-16.78566823772584,-7.810792726810836
848,-15.877121378840776,-9.590762485588831,-7.511519046607784,-15.635423763386482,-5.6465744142934,-16.282821874104386,-7.43510293746845
856,-15.787533600366883,-9.707804415369027,-7.731153123343412,-15.492372566410227,-6.199994512015761,-16.248142811284655,-7.565149323274507
864,-15.979713523002237,-9.989571793619785,-8.418954611552929,-15.644093471931491,-7.282270410522007,-16.279931980155354,-8.12579432397317
872,-16.166113635387788,-10.502532913809262,-8.988269302791032,-16.175839090916835,-8.403560292244387,-16.401308693427538,-8.42056628894539
880,-16.67473982136624,-11.079072349388392,-8.699277050745412,-17.000912040048167,-8.498927683527699,-16.85213651411975,-8.167698083326034
888,-17.294628069909187,-11.113751462965203,-7.680579483306086,-18.051398582643092,-7.491789798986598,-17.144018681069156,-7.264597514524869
896,-17.719446582892804,-10.811754471616439,-7.030347022024963,-18.853352073777042,-6.558345021948651,-17.021196950662823,-6.683723022265795
904,-17.374100944510868,-10.473633699268342,-6.868511372042868,-18.250803314346395,-6.1219666652584435,-16.688855837690276,-6.549341660804861
912,-16.596711809299162,-10.381156209384642,-6.920530004534297,-17.074604851701185,-6.153755825902458,-16.2062389167348,-6.386061082164258
920,-16.54180337381787,-10.579115925195557,-7.468170213154875,-17.146853057864632,-6.777979025575452,-16.431652822501903,-6.667828520330102
928,-16.861139781014888,-10.797305067684745,-7.74271282595463,-17.771076213765465,-6.921030117467475,-16.717755249205922,-6.91925172356125
936,-16.49989949215131,-10.649918950312081,-7.326564125513706,-17.255225101217203,-6.064168281656188,-16.262592407224023,-6.562346394054402
944,-16.257146021058677,-10.626799469186855,-7.284660175705377,-16.55586396084311,-5.939901573696915,-16.19756920741369,-6.571016067519597
