-240,-0.38589406817256827,-0.18413091606790738,0.4913626465226539,-0.12570350859698637,0.38934243208332087,0.1313640602897525,1.004586802142031
-232,-0.008653464155729672,0.38595911141268324,0.9362697520731876,0.06545424654968025,0.6447833350476919,0.4003382636335513,1.4494938553567784
-224,-0.17612802986523912,0.2793844381162086,0.5979373339934041,-0.13416180965852362,0.20833466303365325,-0.06994372620256005,0.9927451611753368
-216,-0.14736973898272115,0.33013428991580096,0.614853914673344,-0.007287157262635126,0.00533521876410054,-0.044568743605662944,1.1077782229413793
-208,-0.5076937194333517,0.08146005803911369,0.33742147950389156,-0.617977039724253,-0.41588850526967347,-0.32707625786873457,0.6950127487236852
-200,-1.495624181742852,-0.8557205942667333,-0.7114088128881761,-1.6938739208815572,-1.102703204864241,-1.2811735553656467,-0.5500503124889361
-192,-1.4228826979730858,-0.9825952437550779,-0.8501250951657481,-1.1694587695064624,-1.0637949611397548,-1.1948987773949837,-0.7699663176307872
-184,0.07592955827153869,0.3994924515891142,0.38140465530932055,0.6186277146117436,0.15758480759963095,0.403721593180584,0.37528863306704185
-176,1.4005007383607566,1.4280227408945334,1.1646440724508516,1.439083683900325,0.9983407094669279,1.5591265861273482,0.8810955338096189
-168,1.3226843126970875,0.9864991019090277,0.4964376814579539,1.1565761547360922,0.526367053130946,1.2969189955386393,0.2754805754332
-160,0.688311187917363,0.11190992347043419,-0.2749601068922211,0.5628028120670823,-0.1266144391282078,0.5948793337895322,-0.12544320566373524
-152,0.19772918936123768,-0.422655144220613,-0.5185593846996662,-0.11724516410401574,-0.3465303279683135,0.18042222759904836,-0.24216793847268586
-144,-0.23026122011621725,-0.9318453470702801,-0.7976835859523594,-0.43020259286320645,-0.42942185344184985,-0.16636842230638912,-0.7564330386944937
-136,-0.03064509848828169,-0.67132948058715,-0.5642342504470361,-0.10371189025592403,-0.0589479125169495,-0.26786809937423883,-0.6955332251485812
-128,0.6950777334355054,0.18634301577091905,0.3188131545472883,0.628777652915994,0.5060671258221536,0.45785472346347444,0.4531051379612754
-120,1.0469434262719879,0.8240995133473882,0.8077034133697873,1.0466181767884268,0.7615080438694075,1.0380947268646612,1.2921693213563588
-112,0.42948687690228005,0.08315169909797739,0.2782132728532042,0.34457846942722914,0.06285176055041079,0.40541322678886704,0.6358045369847963
-104,-0.40281068501508294,-1.09255319299075,-0.6978755219582659,-0.7127100811401071,-0.8066624165713568,-0.6975502623961523,-0.876541030360823
-96,-0.07462825812049931,-0.5664464376279716,-0.3071017124206105,-0.3574611748766161,-0.5461464545027288,-0.174826733180886,-0.6295584437225933
-88,1.3142259803794563,1.0913821105228472,1.0326944203736308,0.9891015950233915,0.5568169887067563,1.276619086220273,0.8185040308669295
-80,1.554441961894899,1.4872309355516045,1.301668629350795,1.1464261346571771,0.8427077612820421,1.3206022305878877,1.0807115725725605
-72,0.5800448032358125,0.5669669228034553,0.28497993085694134,0.3327368555370345,0.150818158500246,0.29714689862269655,-0.125443226925148
-64,0.059012965052816564,-0.03864794998214795,-0.3037183496185471,0.4240865503240371,-0.0944728056147108,0.03493934201590351,-0.42486732931874044
-56,0.19603755484434687,0.12882659701004948,0.15641365030441462,0.7353523456566664,0.4688505218844814,0.32252179708254974,0.19766418575038391
-48,-0.32837757708655063,-0.08601449767571427,-0.09395226497224055,-0.1172451613781937,0.4468589342543496,-0.3490678445902595,-0.007026895034995163
-40,-1.3196913762119429,-0.728846026371333,-0.7858419200898222,-1.3978331107820963,-0.2517973456119395,-1.5704477025548913,-0.8782327021306161
-32,-1.6529487206497513,-0.90985379905543,-0.839975083627743,-1.489182851362911,-0.40066361598544653,-1.925696665878925,-1.0727738015437556
-24,-1.4837825255115524,-0.7440709361900862,-0.6149841276876362,-0.8615764034859578,-0.3414554058820514,-1.4554146260694076,-0.8105662509337711
-16,-0.8747843322649905,-0.1333810311950059,-0.08380233866160851,-0.4995607205546039,-0.09447279743724415,-0.5453006724702931,0.004814725215450617
-8,0.26370410398906874,0.7885746109818318,0.8838281947036059,0.1432707352707019,0.6008001808671185,0.7674288515693473,1.254952716328357
0,0.6933861396242269,0.8545494438349976,1.0310028105708606,0.45961145468853026,0.6887666335151187,0.8131037138640108,1.3209276160550274
8,-0.3063859542024516,-0.26363899769160093,-0.4187513477820724,-0.3270112094984827,-0.7423792800203832,-0.3879761150278024,-0.1034516340250925
16,-0.8358761386956326,-0.8489539949590336,-1.1816907213130656,-0.952926111720349,-1.638960005383498,-0.8971662995236002,-0.793649685881878
24,0.7678192548216172,0.7885746013505931,0.3306547757063416,0.5103612668728401,-0.08939784209595186,0.8537036055527757,0.7812874570950226
32,2.9635962552721247,2.799960480670936,2.0020166198752714,2.5826469969919987,1.7900384158581,2.8921560376575024,2.516932475794714
40,2.58635566906399,2.414261634652041,1.5926345050069342,2.5132888891082428,1.6530138175256606,2.62825680110345,2.121083614421662
48,0.3144539416143861,0.5415920559631393,0.12258048658215591,0.6795275376071732,0.5348253592806848,0.90107012598812,0.6950126769437012
56,-1.135300180939416,-0.8489539773320504,-0.4035263838103184,-0.7736099044989803,0.24385954159369605,-0.26279322853343334,0.36175540392243394
64,-1.5412990233212653,-1.0113534964760849,0.22408016419516943,-1.1711504549053664,0.7716580419600236,-0.6637170258035803,0.8117374062999441
72,-1.8728647357862835,-0.803279031808951,0.328963153546512,-1.3453915901202533,0.5957251848202151,-1.26256521787026,0.7897457759652643
80,-2.2568720174327797,-1.1534530599627775,-0.1413188571875693,-1.7936819868745881,0.14066819966146907,-1.9341549711200574,0.19935584607172385
88,-2.5224628450722895,-1.8233511498019677,-0.3680014928932149,-2.1827642249527055,0.1085265414338511,-2.0897877951891735,-0.11190988693043843
96,-2.2467220273379085,-1.8994758947914907,-0.5608509835939134,-1.9949896806889469,-0.1942808394430389,-1.6195058862191198,-0.21679293588642562
104,-0.9982756171340563,-1.3209275689751858,-0.7537004072393864,-0.858193007247142,-0.47509668756968304,-0.47425093170514027,-0.3758091438372967
112,0.4548618167946307,-0.1739808438349283,-0.4204430093754635,0.5881777328786774,-0.3482221093161581,0.7352872782056598,-0.3216760028328389
120,0.9268354587746155,0.30475937346552173,-0.25466016413710363,1.1261262304270132,-0.46494675362674864,0.9738115650544025,-0.46715889550312156
128,1.5612086115394486,0.7530496735440297,0.16994700247446323,1.535508360559956,-0.263638999480859,1.7469010586111227,-0.035785161021670266
136,3.9379934348291816,2.9014601548312426,2.2557659413854236,3.479227686919425,1.5718140214276257,4.184585664554115,1.9553007542821421
144,6.2792533152294645,5.320536519591234,4.620709082457686,5.808645972873714,3.6576329797827847,6.234879664573503,3.900711811289163
152,6.265719996496169,5.357753027761688,4.6917588399412145,5.957512234888033,3.7388327815141857,6.231496284326178,3.8025954072529666
160,4.487783501745948,3.8690906952835955,3.213246457760989,4.198183970417526,2.285695258723694,4.685317519639828,2.6471904566473063
168,2.899313012232365,2.8321020398603487,2.369107229254203,2.526822208023262,1.583655682747125,3.3336797093528765,2.357916250762025
176,2.4831643413060385,2.7509022895561266,2.6313148129374953,2.284914475870904,1.9253713033506281,3.1543635682781255,3.2697219510001827
184,2.8198050027520978,2.9352934544811666,2.8529225505441143,2.8228629125425453,2.1469790089742666,3.5316041479442872,3.6926373969588777
192,2.9213046852715925,2.527602962499544,2.2134743466707714,3.00217907869486,1.6817720564358345,3.5265291762480615,2.855264824820337
200,2.439181117344417,1.764663485750752,1.470834860288124,2.5386637615819247,1.06769884151964,2.9970390869769337,1.8842509150239477
208,2.4950059183067728,1.9202963376232542,1.4268516316017446,2.932821061671843,1.1725818548582174,2.981814065944635,1.9417674317326938
216,3.6639442209007607,3.028334805228194,2.198249409957239,4.409641713931401,1.8323299200754564,3.9680529829624893,2.6539570023471706
224,3.9802849061549517,3.1450594602603514,2.205016035614553,4.5246747117314845,1.806955007077885,3.9173030283085395,2.0212755666007807
232,2.9855877907481925,2.1892705764027416,1.3642601670022863,3.4335528607873385,1.0863071137770144,2.8752394540700195,0.7965124565024648
240,3.8669436124710836,3.106151211265943,2.2083993706132308,4.369041804797374,1.7748134627896335,3.88516148165791,1.9874423240113996
248,5.567063655026298,4.347830973642461,3.3435044009972352,5.703762903928364,2.8354853436308893,5.187741095378407,3.136080622064967
256,4.865024037253791,3.5087667439084003,2.649923131533847,4.7851905996577475,2.2958452659003847,4.321610165302123,2.1532251432635885
264,4.7313827784630655,3.3582088064898588,2.891830674695867,4.58219118173781,2.635869264162337,4.304693627326731,2.4357326617062536
272,5.9832124240822235,4.633721831808562,4.333126533077593,5.739287906967619,4.001040308318655,5.656331403268322,3.9074783540814844
280,5.6195051108135745,4.021340242504905,3.639545164394278,5.197956048070992,3.2634757534717878,5.136991186881713,3.3323134392234324
288,3.9464517542445874,1.8949214002750048,1.7009008273580164,3.673768847027537,1.5379808189986914,3.3522880194083178,1.4562605638790864
296,3.274862027162683,1.0389405048153524,1.0716026626443445,3.2694617007661604,1.0795404177934884,3.0596305277708793,0.7812875045243282
304,4.063176362756047,1.693613700100394,1.4776014559613944,3.672077193793336,1.48215598296409,3.9325279939157887,1.1348447728182205
312,4.631574680668777,2.108070790844552,1.3355018817531348,3.8970681918928265,1.3129898227164156,4.324993588617439,1.0451867118212228
320,4.38797542357758,1.6665471331417343,0.7907867821712766,3.993492848381373,0.7361331223309266,3.9274530113162758,0.578288052804195
328,4.9106988339469995,1.9981128439712594,1.420084971962514,4.687074260314399,1.0355572652484082,4.485701408915181,1.1974362401435008
336,6.035653988357222,2.9234518060638917,2.3098990765747947,5.666546444459267,1.8018799944943271,5.693547919979685,2.2192000160954795
344,5.7396131315553385,2.4091865871779583,1.4640681935617554,5.297764067179881,1.3502063123512784,5.091316391823999,1.3175442503454202
352,4.956373796188474,1.3654312762950753,0.650378901902831,4.573732879404223,0.8004162550657486,4.052636012113454,0.06909786049437355
360,5.580597001562983,1.7951133150194982,1.4539182080099222,5.296072436660862,1.7866550536012005,4.571976215052674,0.6764044203143738
368,6.187903493600871,2.113145764176272,2.159341178226369,5.9389039144744675,2.5445195110427403,5.096391312274767,1.4038190435806872
376,6.110087109551422,1.891538127606795,2.218549377063034,5.793421078501286,2.4751614066116923,5.116691301550583,1.7759845583275045
384,6.981292910105068,2.7931937779637166,3.013630384834409,6.390577597889564,3.0537097282484043,6.118154963565812,2.7808316901787467
392,7.443116544908361,3.2634758132301958,3.055921860521494,6.806726447266382,2.9319100515466143,6.667945017398635,2.802823305975708
400,6.079637217225321,1.8492465599686414,1.151110757170263,5.546438379014018,1.1218320257738092,5.246949224615746,0.955528643555366
408,4.859949069010273,0.6989165641591094,-0.02966911297494233,4.370733477112333,-0.2585639747219616,4.116919100689957,-0.18972637256219554
416,5.232114655900515,0.9949572981172723,0.4609128172539074,4.660007569058248,0.15250980610108286,4.68531749783325,0.3938969912786756
424,6.059337167981419,1.9287546697591649,1.2898270494425161,5.346822289732507,1.1607402509627043,5.510848421554517,1.1500697231608639
432,6.345228063763866,2.5005363386620623,1.7415006287312076,5.537980077770759,1.8357133099540202,5.658022992900009,1.4444188932917914
440,5.863104470577407,2.1994205455996427,1.3202769699354442,5.218255969746418,1.583655679839581,4.93230015079982,0.9064704435362041
448,5.1306148970580026,1.532905805296846,0.8905948581589878,4.692149176949015,1.093073761059185,4.0509443303489805,0.4632550757203605
456,4.9073156147049035,1.4736976542529312,1.2559938008563272,4.446858246089089,1.406031174553772,3.8056533953094593,0.9944368992734692
464,4.570674907828474,1.4821559485907738,1.557109596826291,4.171117356756447,1.5599723651963266,3.6720121134401067,1.4342688872054299
472,4.3253839135477525,1.5751973091507614,1.6484593057875672,3.9275180578693107,1.5447474450194487,3.683853713156026,1.667718216350501
480,4.3050839598893464,1.842479909597207,2.10182462680882,4.073001041945496,2.1013041583097802,3.7549035202495173,2.094016987313193
488,3.741760546799338,1.7477467991271907,2.012166561268786,3.688993779743198,2.1368290245127612,3.240638340433701,1.8622593257583218
496,2.9838961413301406,1.2520899181000846,1.2847520453998678,3.164578690335126,1.4330977406038246,2.6011901621830846,1.136536460942947
504,3.1598290153700472,1.4246394553240982,0.9920945593957943,3.198411844062704,1.0051073162252078,2.83463957310282,0.9301537296491874
512,3.5539861544547353,2.1249874389431604,1.57910116573911,3.203486856101098,1.3975729091096438,3.250788368508361,1.5171603390817683
520,3.3408367249967923,2.1283707039790696,1.8717586470184249,2.684146733482772,1.5616640371478405,3.145905278665041,1.9299258409211273
528,2.0568654791191636,0.6278667845055603,0.6706788057695517,1.6353164616252305,0.5466669788042444,1.6572429672666378,0.7068543729720043
536,0.4007286817869816,-1.175444662494071,-1.0159079360427934,0.6186277093418205,-0.6561044931453672,-0.3169263190193199,-1.1235236673359017
544,-0.49246871439254286,-1.901167617079855,-1.464198319168017,-0.15784508377788908,-0.7846708114959617,-1.0578742190412678,-1.4533977381968928
552,-0.6971598662310201,-1.8284260924227576,-0.970233122086044,-0.4031360475294034,-0.4767883329898622,-1.128924001965805,-0.9881907284161954
560,-1.274016455402964,-2.114316908611196,-1.2814988885249583,-0.5621522663835629,-1.03165343356988,-1.8241969372021773,-1.1641235499385936
568,-1.6157321841307468,-2.2124333115570636,-1.7534724329205102,-0.6145937423419214,-1.3784440393169979,-2.248804024764901,-1.3603563454722039
576,-0.6024267746600385,-1.0739449643465302,-0.6217507818752227,0.02992938488973412,-0.34991373747279675,-1.062949205456934,-0.21340964013958758
584,0.8608606202880842,0.3555092272640505,0.959952963498643,0.9079018252749715,0.8799243859359636,0.5221379252524584,1.3801357173072573
592,1.0858516710868025,0.5974168554717223,1.1646441000725158,1.2546925282430808,0.7598163744619933,0.8435536508935925,1.615276730579182
600,0.48700335563123776,0.11360156289380441,0.6165456393240882,1.0821429957438253,0.05270175064789874,0.2937635756176366,0.9436870509265847
608,-0.001886877023368449,-0.38713030981888935,0.010930754181423998,0.6710692098325786,-0.42265516509062573,-0.322001319972704,0.4480301188357443
616,-0.6430265972946421,-0.9758285637630417,-0.532092658184315,-0.2441198319462293,-0.8083541126918278,-0.9022413528127694,-0.22017630141431116
624,-0.9695173920347142,-1.5357686280435399,-0.6995671968173242,-0.7313184346269823,-0.9352287225648899,-0.9343828643911554,-0.6261751058163716
632,-0.9356841332721219,-1.7726012218610756,-0.6048341019753555,-0.7313183701158577,-0.652721210845919,-1.0274242565706786,-0.8731577260730748
640,-1.4313410419208923,-2.4594159781527436,-1.2679655261785072,-1.1728420826985626,-0.9758285820889537,-1.785288722371406,-1.7680468045622386
648,-1.7798233218001815,-2.6285821309498383,-1.6959559027643747,-1.404599792591347,-0.9961285233902998,-2.198054202585909,-2.2112622183536157
656,-0.7462180764265849,-1.5459185590789308,-0.69787557411233,-0.4403525595160076,0.007026889625286959,-1.1999737398234136,-1.1505902342945613
664,0.25355409317794947,-0.7576042089478496,0.06506387519651921,0.5526528579530637,0.5568170108767765,-0.3338429520350458,-0.025635139852426575
672,-0.07801156785989118,-1.0587200069167488,-0.3933764220639978,0.2955202888522652,-0.21796408903000491,-0.7516834479223724,-0.06454335541008348
680,-0.26578606105991465,-1.0147368809030046,-0.455967879394597,0.07560430151911882,-0.42434684467444295,-0.7669083515625961,0.10631448714723057
688,1.1535181197395468,0.36396754431707806,0.7552619339587208,1.298675730943288,0.6244834691607597,0.5864211095961803,1.4190439970125959
696,2.330914744293042,1.5785806530537907,1.760108983853576,2.3914891933256976,1.5227558039632012,1.7638176696385481,2.263183171729824
704,1.6846999431109348,0.8917660588576803,1.2306188724124296,1.7875659599634655,1.0558571869238351,1.1869610134113797,1.4038189896094075
712,0.9640520739790197,0.049318399629773677,0.618237325995043,1.1684177808016258,0.6616999715161257,0.7471288931861826,0.7356125746292759
720,1.364975846171603,0.3166009573716717,0.890594848346029,1.6268580965977335,0.9475908151445098,1.0922278987617702,0.8794038802119737
728,1.3193009967791653,0.11698488026549844,0.6672955020269692,1.4610752424550209,0.6769249605654444,0.9027618435517264,0.42096354842437606
736,0.36689543865243696,-0.8117374202785186,-0.4153680142371671,0.4122449133552148,-0.15875595306897225,0.19395557995081858,-0.30475939325918394
744,0.06070461010955283,-0.9842868306609409,-0.442434572836639,0.15849569051982526,-0.13845597705882431,0.07384751123458314,-0.16096813310685562
752,0.3584371270510534,-0.7203875644862874,-0.12440217510704463,0.5492695362200546,0.3149093279709403,0.2988385076985797,0.08770618835852015
760,0.19434587962184557,-1.0925532464168641,-0.49656780452011473,0.2904452891709323,-0.06233123824783154,-0.0445687588702666,-0.35043425773450415
768,0.44809513334988604,-0.6865544076694449,-0.3781514539126496,0.3716450538311509,0.003643566983669828,0.16181398150956638,0.15198924676925793
776,1.4241839941262533,0.7987245701840515,0.9802529100699112,1.5118250715394292,1.003415643365086,1.2394025215344397,1.7201597951632166
784,1.982432395723032,1.4398643191673186,1.7567256870164094,2.2257063846133547,1.6597804520873263,1.6217180856173297,2.601515483502543
792,1.776049656251806,0.962815833786471,1.4843681524900845,1.801099248349275,1.356972977987318,1.2072609172781006,2.166758448004331
800,1.9113826346050737,0.979732361585461,1.3558018261437457,1.8163242086865998,1.1235236675595592,1.4610101997181348,1.7945928454860403
808,1.9063076325613613,1.0389405647834402,1.0614527316089533,2.1343565787945296,0.7851912880047291,1.5303684035508316,1.5002436793529847
816,0.8168774522966781,0.025635240903547057,-0.06519402097386429,1.288525730308572,-0.08770614888302396,0.298838552947228,0.12492273305499065
824,0.09961287545889441,-0.8472623053805356,-0.7537003425465405,0.3648784554320589,-0.400663557834574,-0.3659845244901261,-0.746283127285023
832,0.6578612229026726,-0.3938969133061831,-0.07026905082096269,0.8182437793608566,0.49422547649627124,0.3428216936804119,-0.10006830302428822
840,1.0807766448741334,0.0510101208278093,0.46767941837882315,1.3122090224183638,1.0017239866781766,0.7200623462168855,0.42434686179819703
848,0.9014605343285912,-0.009889722338704535,0.4355378829949237,1.0127848691427572,0.994957344302485,0.4696963269955448,0.3600636721845532
856,0.5309866224791274,-0.0690978530298144,0.28328826926355105,0.5611111626490304,0.9611241335143634,0.20918041726270287,0.5140048737303959
864,-0.5956601402800932,-1.1399197753931187,-0.503334404009536,-0.4352775823681376,-0.03357296826328375,-0.9005496501503254,-0.15589312579321987
872,-1.5243824628124094,-2.029733864559073,-1.1343242753835265,-1.0747257568026012,-0.7762124844482534,-1.9053967247593007,-0.979732440620325
880,-0.21841953717186113,-0.44126348298804796,0.32388817676208465,0.34119520330099157,0.6363250848681687,-0.4438008930932511,0.5207715486342309
888,1.4732422230391298,1.4398643938548459,1.856533672870268,1.7604993035978382,1.9795045722870062,1.5066850985388152,2.5372323602172386
896,1.0334101402485572,1.0118740043667533,1.1358857833855482,1.0703014579949301,0.7412080856679643,1.2580107678056431,1.9062426065987652
904,0.3347538658339129,-0.025114662504945484,-0.2343602246529725,0.5628028556802369,-0.6391879128288704,0.3851132226118902,0.42096353897485894
912,1.451250614147584,0.8224078388517727,0.3881712887806585,1.7774160394679204,0.07638507074279816,1.4170269675790481,0.7000877046101426
920,2.398581242192306,1.7139136050574442,1.3591851847662157,2.597871923165686,1.3603562751879281,2.257782857089284,1.3158526027445825
928,1.337909210885667,0.6752333272926468,0.3949379836738557,1.571033306538667,0.7327498073216115,1.170044400385017,0.1553726455521736
936,0.17235429235515626,-0.2737889150978814,-0.5557759353929453,0.5238945683425965,-0.11815605956299219,0.05523918645970175,-0.719216515077715
944,-0.003578541160859988,-0.04033968244691487,-0.3443181924242349,0.4866780536301701,0.34197591946199946,-0.11054358100186562,-0.2810761127795668
