-240,-1.3902345060977996,-0.9707444102127788,-0.4790399536583062,-1.5923269121808508,1.0361684020420516,-1.6397512657300106,0.6729409456218317
-232,-0.620989651900442,-0.46772280873813293,-0.3193061285490841,-0.7544246368810665,1.139855348552116,-0.6267021974055176,0.595876368846695
-224,-0.12777629515507868,0.18242210062928413,0.20473311631343338,0.005011848561182241,1.299589240490788,-0.11387237633789055,0.881715886908487
-216,-0.10956105204312097,0.6027744584358654,0.3784787508933323,-0.03422096870092786,1.0277614458040754,-0.4263342552541204,1.0036181200298582
-208,0.5630026325155063,1.206680604187943,0.6993477446922239,0.1479316126343903,0.6956831010604145,0.40736450346963965,1.31888233299462
-200,2.594705528474724,2.626070217085422,1.682972139788165,1.7494740115700078,0.9675109466217984,2.6968834496681406,2.183406917371069
-192,4.1416020928632395,4.017436436064131,2.4970544521011573,3.7027111257995933,1.4439102135824429,4.093854288578542,2.5995557259394846
-184,3.8039190031084416,3.6251076493345677,2.0612892029921306,3.694304125911752,1.0768025506927505,3.3862612298816432,1.6131289543492808
-176,1.986595891583957,1.7643479885824362,0.6306901262622981,1.787305766718047,-0.3131624627293962,1.6530085319093057,-0.35692222558234005
-168,0.5055545167512642,0.21605030081952026,-0.4271965094530129,0.3370902142266757,-1.0880119260212384,0.20279306716921755,-1.4638499485758631
-160,-0.3519642392771138,-0.5854214066762564,-0.5112669594302229,-0.1056809228350691,-0.4014364009854769,-0.6168939508700334,-1.4540418138743467
-152,-1.307565221790205,-1.337852079875727,-0.6079480006781396,-1.2392309530990568,0.4196516897040186,-1.4365810294170291,-1.2270515272748401
-144,-2.1622815269690276,-1.9599735269897565,-0.6906172709876749,-2.4960844340823183,0.6718630974340919,-2.285692657166751,-0.97904362874547
-136,-2.2603637305751914,-1.9936016671237975,-0.542092849805129,-1.8515441508177828,0.3131624475272017,-2.4188042657671267,-0.5614936403588632
-128,-1.342594531657812,-1.2201534014111264,-0.5336858064179375,-0.32006057692227124,-0.18005093405343048,-1.1535437516318148,0.09845941123590994
-120,-0.49768634447314136,-0.6036367241435023,-0.6275644821593164,-0.08746564224443402,-0.4700939795284557,-0.2862168037055441,0.3786943420281499
-112,-0.5649427045151162,-0.6386660981312589,-0.8545547087026271,-0.6815635705107669,-0.3257730565588884,-0.6154928098851709,-0.1271295677566585
-104,-0.4696628802630357,-0.33601236686098906,-0.4299988714976652,-0.5652660890232708,0.36920941899521187,-0.342263750037252,0.04941835767345639
-96,0.7661729108226697,0.9180387010524322,0.7525923225070594,0.6411450771497678,0.8862428562809724,0.9342061067644069,1.3398999479348195
-88,1.773617313608887,2.0025476530692137,1.4265572526597097,1.8279398333371026,0.7461253830579792,1.7889224432507227,1.884956706891295
-80,1.6222904560263998,1.740528076018764,0.8702909285730884,1.8335444181983849,0.49951861648246476,1.5170945879057482,0.8592971257153377
-72,1.0197855200453516,0.7793223689648194,0.05620859338154412,0.974624633169628,0.25010960887778916,1.0014624595815764,-0.3134858918947215
-64,0.3850535241063471,0.18942799445215674,-0.32911429350447463,0.19837392157445866,-0.08056752639587472,0.478824382495908,-0.7128205026073702
-56,-0.5215063614954578,-0.4354958184694454,-0.6121515274893051,-0.22618187754975774,-0.4799022864211689,-0.46276476721640414,-1.0350905797431975
-48,-1.4939213740381052,-1.4975859853609095,-1.2622964491990993,-1.0374618969053004,-1.0669943199615282,-1.5052385093715175,-1.3307384447351664
-40,-2.4551270121553657,-2.2990576817184447,-1.3659833896884928,-2.4722644148022512,-1.144058960706296,-2.3039079434770247,-1.2718891497547993
-32,-2.2897884289400463,-1.9950029050414664,-0.45942346209250584,-2.6193877848584513,-0.521937436979227,-2.0516964824640103,-0.5811101311720797
-24,-1.4126532644311312,-1.4163178269864982,0.1528896180726152,-1.4003660218455856,-0.23469672224136304,-1.1227179544267953,0.015790161848207515
-16,-0.911032839162274,-1.266392202956693,-0.2688637482640626,-0.7390117005741031,-0.8386028189249709,-0.632306855267439,-0.11732139045889282
-8,-1.121208930163765,-1.5003882978855405,-1.3071340516603265,-1.0528747042193836,-1.1945010988098197,-0.9265535199709335,-0.809501541447019
0,-1.2389075563990428,-1.6180869957668058,-1.8704061881402438,-1.3064873149472331,-0.8372017673470756,-1.439383334566339,-1.3531572628236592
8,-0.7372871600294079,-1.2257581086425517,-1.5915724415311812,-0.7362094101754381,-0.3664070968375064,-0.8705065415791514,-1.0364917743120345
16,0.5391826657657949,0.050711754330295754,-0.6023433398058825,0.6383426779274711,-0.15062625329903861,0.5432784336256534,-0.04586149111285931
24,2.1113003332228657,2.067001710671181,0.8969133053823051,2.1922451075406717,0.3019530235817938,1.9598657303860971,1.4043539680581083
32,4.054729208593321,4.415369953204705,2.611950703046306,3.8512355940938914,1.6428769726042796,3.865462898322335,2.976471646201868
40,5.560991665572735,5.890806622311142,3.6039821812658683,5.2215841200141915,3.1505405732778597,5.405353526743279,3.598593068480629
48,4.539535569966348,4.565295611100784,2.2812736287319395,4.385083033262571,2.8829162075664065,4.38109510085128,2.1119470354849827
56,0.631660222798794,0.05631635635049194,-0.8195253885998779,0.8457165145038079,0.7517300573262297,0.19298477261888017,-1.1780104565534737
64,-4.5961214193166855,-5.488130589743037,-3.8026256791512094,-4.047184483739373,-1.6582899069545238,-4.977348634673581,-4.4973925190175255
72,-9.505836549639792,-10.135826053006664,-6.242070258711555,-8.896649088690282,-4.179002601239416,-9.554985368023711,-7.154019189516561
80,-12.760764547126547,-13.158159201911186,-8.105632110220245,-12.127757127404722,-6.605836654853339,-12.76507592094135,-8.709322718421475
88,-13.052208829766657,-13.637360804877083,-8.783800533016754,-12.181001656000568,-7.78702664014065,-13.168614117919292,-9.04280237212673
96,-11.314752577438586,-12.105877215327821,-8.273773101989901,-10.488383184646622,-7.464756667312951,-11.281232220489066,-8.489338423631269
104,-9.304067436099146,-9.969086314507388,-7.129013607592527,-8.742519853860948,-6.324200505409581,-9.238320043123826,-7.554755059520263
112,-6.994931987798669,-7.532444060416114,-5.590524115941975,-6.52446077765771,-4.941241519017653,-7.044080881139939,-5.888758677187454
120,-3.786242665122347,-4.168224308943692,-3.3402380591031173,-3.603012148044836,-3.345303846579609,-3.6280176625836713,-3.2811731434866442
128,-0.05351408885353368,0.056316474054614034,-0.37395186224994315,-0.49520738921312724,-1.4677301512824164,0.20979890469881354,-0.24763063144549546
136,3.499864168934054,4.597522644718305,2.9874653811765506,2.8535994109006575,1.2001058278661803,3.575419851944209,2.984878732636858
144,6.735175806707714,8.436740401000504,6.151317205699774,6.317302499438267,4.37376581403342,6.418402656779653,5.6863429322954575
152,8.216217094842742,9.992044039180602,7.588922158642017,7.830570762639792,6.455910946383619,7.699076020674781,6.451384109917454
160,7.270424478375459,9.046251309524699,6.683763480101941,6.77828892265977,6.277961806817485,6.564124710498944,5.089442611279046
168,5.485328262745638,7.388662035602332,5.14387279011963,5.194961843298632,5.274720970277834,4.825267295060042,3.500510845156769
176,4.5871754974451,6.839401616777855,4.689892349977453,4.51399103136445,5.262110400380512,4.0055803105860335,3.223078366267699
184,4.131793776789003,6.752528861500819,4.881853220595021,4.146883353573596,5.479292415609264,3.6426761432000156,3.730303445936591
192,3.632975752548644,5.784317232326846,4.101399149412827,3.430883325694277,4.5110809331891515,3.1522651773985255,3.2847300235937507
200,2.9197779387559835,4.296270098985862,2.2658605900735656,2.9390710500280997,3.132325322489546,2.3690085734856523,1.596314821366247
208,2.387331670374488,3.4009197426912112,1.0132107095041767,2.782139531422839,2.4359415963743665,1.7132590444875773,0.04801711794958624
216,2.20237666151972,3.201952908410986,0.7329758091163256,2.4934976011943064,1.9903681669572393,1.4582453335649115,-0.3751375069255592
224,2.2430107383739153,3.263604715501235,0.47656099709574357,2.4920964132482086,1.33181625303596,1.5829498897470882,-0.42838212402527315
232,2.8693357193733973,3.6615380426896307,0.6769288656444352,3.481325497062009,1.3472291429837544,2.2050712399283117,0.28061213947560554
240,3.288286833693189,4.153350360801542,1.7390190229028237,3.858241494991051,2.2860160521184554,2.6562494062286706,1.7826710538395916
248,3.0837153966401845,4.126728051574361,3.1093676096319034,3.409865611262485,3.3046697895936274,2.471294387289276,3.1418101687589264
256,2.8357075208388474,4.072082179849615,4.206487210717834,3.386045617118718,4.554517352370298,2.3003511724019567,3.9642996179300294
264,2.258423664445737,3.601287562924019,4.388639817791522,2.9979204438979887,5.28873267227953,1.7931260081426335,3.7331057819418407
272,0.6260555510893289,1.5387589606719143,2.9790583462183013,1.2156265469639917,4.033280482647395,0.31628822981037635,2.0068589535591768
280,-0.9824926811614142,-0.5279732734520672,1.2640209595420238,-0.20376306006333203,1.9749553218634441,-1.3441034592890695,0.7345926322986571
288,-1.3229780525849042,-0.8404351802139018,0.8548780771575887,-0.4741897437180212,0.8890451438198183,-1.8303109858801583,1.1633519886384287
296,-1.2136865094732483,-0.6148460519086877,0.6306900981156607,-0.5106203211551038,0.23609785509832018,-1.8401191464705622,1.1899743040367996
304,-0.6364025873043042,-0.06558579308354924,0.052005106908874825,0.014820075981035156,-0.1338121939187103,-1.2460212209135317,0.37589198660623596
312,1.0113784375237975,1.3075651129434158,0.16690139563373613,1.5336931532808946,0.17164391565202441,0.4732196379363212,-0.12853075148828683
320,2.048247475909372,2.024966436087298,0.15569203204555665,2.4934975966788033,0.17864969146974108,1.6165780318378482,-0.2336188839877308
328,1.217351116859459,0.8928175651712202,-1.1025625182765808,1.8391491501145616,-1.34302572499622,0.6231453975817448,-1.091137617288075
336,0.7269400342569485,0.008676535588137056,-1.7106722624858133,1.6037518866562814,-2.1248809722336857,0.08509444018135537,-1.4260183100783281
344,2.3593082809712236,1.4925202125598034,-0.04467592801733744,2.8900299451394234,-0.15062622274413243,1.727270756423381,0.11667465540148458
352,3.791308446306077,3.2888257285607523,1.954799933270742,4.169302162029015,2.545233287142986,3.044374717322772,1.6047219050919364
360,2.975824942133549,2.9553462431332624,2.3135006066582497,3.5163549547370967,3.380333287095782,2.0075056804423665,1.3483070525823406
368,1.349061492208186,1.5920035517322242,2.0963186122008124,1.8993996912910207,3.1967793934875064,0.3863468676076072,0.8817159990434883
376,0.26455253868623607,0.5088957337765335,2.1383538199552468,0.6565580191763691,3.0104231543914244,-0.47957883442360555,1.2600330899425416
384,-0.6420073670848172,-0.6120437277942641,1.356498441166117,-0.16873376028034834,1.804012042554942,-1.1857707426530866,0.7261855761175386
392,-1.561177651596884,-1.730180945927632,-0.6079480277711599,-0.7978610623839204,-0.29774962215110506,-1.8947649965208913,-0.8207109824008229
400,-1.6886846026363718,-2.116905022716467,-2.1450363612779384,-0.9660019560166359,-1.7171392109658983,-2.0348823868091377,-2.0593491520880267
408,-1.1954711632572965,-1.5480282250632598,-2.149239815088466,-0.7362093332613636,-1.574219489338422,-1.6551641148877578,-1.7777130261248824
416,-0.8605906169198699,-0.6428695716594853,-1.0016780662659348,-0.6241153787355511,-0.6536477831276982,-1.281050576989791,-0.4984408882565986
424,-1.268332245431858,-0.5994331426947452,-0.5645115888723126,-1.0935087843849474,-0.6480430977212057,-1.694397082215098,-0.10751311246540166
432,-1.9394947787704815,-1.363073166086402,-1.3015292769973847,-1.5222681765477133,-1.7185404178771106,-2.250663300187391,-0.8571415198004417
440,-1.3215769460683848,-1.2243569544122122,-1.3365587123959868,-1.0080372202148618,-2.1430962620058445,-1.3160799277979633,-0.6946052340580778
448,0.09360924417553909,0.038101225524052075,0.37147288295934633,0.28384557981753233,-0.7237065234268552,-0.03400539958787278,0.9027335474552716
456,0.35422755877408457,0.777921181169238,1.8258919149996147,0.8078848197129966,0.9619062133509702,-0.234373306367828,1.8569333329912583
464,-0.40240650155698027,0.28050432937174885,2.0010387030572696,0.4295676538565871,1.8740707229484217,-1.0498568767677379,1.4155633635558456
472,-1.0777726574354425,-0.7017188740151745,1.296247992707994,-0.11548910464833818,1.8250296093297727,-1.615931288895676,0.5048000080382163
480,-2.3514400657958165,-2.153335558610919,-0.006844267995902041,-0.949187844858534,0.6032055309324557,-2.962459882986156,-0.7898850688463324
488,-3.5466418766591015,-3.529288812383442,-1.6770440943556522,-2.043505001717653,-1.03336610216083,-4.0946087984552015,-2.1756465522964605
496,-3.3897103335196053,-3.973461076281472,-2.7097095646884624,-1.9468240136021586,-1.876873147005986,-3.8143738738341484,-2.755732743340171
504,-2.95954975115299,-3.8039190100553713,-2.967525648191954,-1.2728591064785737,-1.9048965913478775,-3.5467495900038246,-2.731912822197044
512,-2.7255536106175575,-3.3975784227356227,-2.947909277190095,-0.8833326148136971,-1.8404425474429367,-3.434655638939898,-2.5301437265678905
520,-1.9422971104107438,-2.57508907531386,-2.792378844932105,-0.5680684373708962,-2.122078624638644,-2.3529490230788808,-2.1097913645468394
528,-0.8591893580803692,-1.5844587416915632,-2.180065645708211,-0.09307033788606718,-1.9020942463116213,-1.00922281075075,-1.5311063892948324
536,-0.16420681223493314,-0.7549635434947283,-0.9442298382161759,0.2306009571486972,-0.7559335966302893,-0.2525885854532944,-0.5054466768682422
544,0.2673548190002762,-0.2575465923561644,-0.058687675324584666,0.5850981089931273,-0.13100983939989672,-0.08024425125552755,0.3338567771961176
552,0.2897735798923933,-0.03335872620182082,-0.025059483563288715,0.8387106506337745,-0.9394874965602698,-0.21475689352230248,0.5720563993876815
560,0.6736954511740264,0.5313145566815631,0.5718408389582875,1.7256539962033755,-0.9394874414711285,0.19858956022626573,1.2628353692029652
568,1.2621886953885186,0.912433924282255,1.5092264978329433,2.336566060914629,0.11279452057799887,0.8627461743046817,1.9746319342407501
576,0.3654370761904128,-0.25194192741995397,1.1407175953698976,0.9367928841927766,0.14362036850717283,-0.1418958592120779,1.212393061165997
584,-1.4266649959341158,-1.9627758158832547,0.022580428713268444,-0.9407808195333567,-0.7895617483541217,-1.7420369749244742,-0.17336842484291706
592,-1.6354399137401545,-2.5834960625582926,-0.7718854876120791,-0.8973444033625425,-1.3248103459676102,-1.7322288489529305,-0.7982921778588402
600,-1.2333029260816921,-2.907167392362433,-1.7891380419576919,-0.30464769419928145,-2.103863351724364,-1.2544283419673814,-1.5100887231789266
608,-1.907267871436539,-3.4788465284291585,-3.3108134120644865,-0.8959432411548142,-3.44058370966502,-2.127359987040453,-2.685674007406
616,-2.8068217446082495,-3.78150029236157,-4.259408457556389,-1.7912936621716804,-4.286893096686615,-3.1432113830917734,-3.173282812253257
624,-2.5742267975880355,-3.483050011289426,-4.229983779059749,-1.478831740809719,-4.3373353844038185,-2.9498492312077023,-2.9112631108759457
632,-1.2893498471265816,-2.9141732330528836,-4.057639379236667,-0.22478067139112928,-4.005257059076821,-1.5290585384351754,-2.705290485124257
640,0.03195754064083435,-1.8576877613515013,-3.67371756003384,0.9101705146083658,-3.355112086040807,-0.14609946790437112,-2.2457053077978135
648,0.5391826698297477,-0.7031201311989911,-2.625639079941877,1.287086441342972,-2.5312215792711337,0.5026443686622838,-1.4498382413060802
656,0.9693432368436518,0.14879398427689455,-1.3477681422115497,1.4748437487243127,-1.670900453521748,0.8431296806316461,-0.20419419962093577
664,1.5844587652995408,0.7120659902587642,-0.2394391603785239,1.7718928630732251,-0.8540157349121692,1.508687557764033,1.0008157987752535
672,2.0076134132037535,1.132418306071164,0.8604827848405637,2.0829535189729476,0.13661448928442876,1.9528598353590905,1.9536143215583006
680,2.1309167842996524,1.3580074610178474,1.9211717850087957,2.7457089460083663,1.4046773063112985,1.8982140081873122,2.179203454981085
688,1.9081300126204868,1.3033616034416795,2.2644594517980057,2.7471101360616985,2.3014288942019143,1.431623002211762,1.8387180632378293
696,0.9287091407233086,0.4570523165137431,1.7740484631179652,1.5883388871322703,2.11227039496104,0.4844290537538226,1.1129096751828575
704,-0.4864769963881907,-0.9623373857907016,0.37567639863227087,0.07507062528540027,0.6718631334076023,-0.807453701274054,0.004580765898920845
712,-1.7040975442114221,-2.5666820171760234,-1.7358933762410593,-1.0220489500621628,-1.6190569924585736,-2.072714138194258,-1.3937913018981434
720,-2.0796122864618165,-3.541899375507512,-3.4635414289948825,-1.4241860122264307,-3.107104272101865,-2.3865772131844913,-2.3704098114496346
728,-1.2711345933279325,-2.7866663796987856,-3.309412328426515,-0.6073013034004432,-2.4751745296849155,-1.4968315403396155,-2.390026263279006
736,0.38645465109314936,-0.9931631379912043,-2.2907584506697045,1.2898887746389194,-1.2141176499802655,0.047262660348563426,-1.8491729488010176
744,2.0300322523645966,0.6406061997363617,-1.450053841471904,2.90824519246585,-0.9787203068986079,1.587153292983979,-0.9692353986163144
752,2.999644891122283,1.6522540232194145,-0.9582416665014493,3.720926373427054,-1.4607243552954505,2.5231378295378533,0.19233806455028837
760,3.436811414574038,2.303800180137574,-0.3669460585866218,4.254773746970418,-1.6779062869873902,3.058386412551215,1.4912268163545155
768,3.474643075950124,2.29959662939424,0.22014599843435534,3.9479165933476277,-1.5574052988579778,3.2741673719876014,2.4496300553999952
776,3.0879188959067783,1.7321209545133638,0.7652029241634234,3.187078860354636,-0.8484111322899062,2.981321828551272,2.5869452406325895
784,2.9534061026716745,1.559776568387308,1.6059075100311218,3.3103822576404536,0.9577026249784416,2.6534469541749846,2.1567846268079682
792,2.6045137081807592,1.6116200143988035,2.2714654211803005,3.1716660244423647,2.264998341600101,2.2779323463360748,1.8709450423682767
800,1.2173510419021034,1.0049115142784284,2.2098137194517955,1.8041198065311945,2.2776089555988412,0.8809614220826588,1.8499274233641234
808,0.31359360474158193,0.4528487608033551,1.9127647930983434,1.2968947277654026,2.143096244094348,-0.4151249219198138,1.608925469231263
816,0.6302590852758176,0.40941234854597797,1.3382831756271587,1.9722606857143,2.3014289912852375,-0.015790172731728357,0.9055359283145213
824,0.9791514525231968,0.1333810002561123,0.6320912917813966,1.6233683013080074,2.025397493682727,0.5054467421462119,0.053621875453616005
832,0.8124116959619078,-0.2617501978876065,0.20613435995073862,0.974624519228426,1.520974745052029,0.4760221017303169,-0.1369378112818065
840,0.6036367208089768,-0.40887347883787306,-0.10772871820034777,1.0446833645882951,0.8217887715859851,0.3919515471439452,-0.1313331898449462
848,0.924505635887593,-0.22251729016491187,-0.22822976608492299,1.2478535545421086,0.028723991278446943,0.8109027791678585,-0.3106834684392225
856,1.9445606353631204,0.8395728672439955,0.03238872205947084,2.081552320039125,-0.25291208516467667,1.7538930274193014,0.09425589676711883
864,2.694188891880347,1.6970916615036347,0.10244737174752719,3.0917990374572066,-0.29634844504221464,2.2064724208001216,0.165715772482019
872,2.769852348140903,1.705498713018733,-0.10632760220126924,3.4280809382122888,-0.45748346366665593,1.9724762408292933,0.01298782990691099
880,3.320513852560066,2.237944946781368,0.6152772372176044,4.010969444489931,0.1646379322716679,2.716499887348936,1.1857707257488956
888,4.480686179859375,3.4877925092570057,2.4382051664528306,5.168339512246517,1.6246617040549867,4.311036347607678,3.542546090088847
896,3.9510423415561178,3.098266090442251,3.3265495486991647,4.3752747080068115,2.609687255789536,3.672100804537744,4.272557924880059
904,1.7077621558121032,1.4210602460832857,3.0042795356834864,1.977865402277765,3.0608654198321434,1.1177600155748777,3.080158544245529
912,0.21130786318601164,0.2959172703447322,2.729649404841008,0.7392272893353867,3.3733272627748634,-0.18953578006809024,2.2282444534543977
920,0.08800450112112003,-0.15105736809084389,2.2448430813982125,0.7154073165650038,3.081883082937713,-0.03540652130658839,2.4174030523373817
928,0.07399279324926866,-0.4775309997329254,1.4896100396818683,0.6397439025996636,2.228567895714683,-0.02980190242851214,2.2156339524937585
936,-1.0231267074419717,-1.336450867244877,-0.009646541386171223,-0.5358414407805033,0.9913308823650532,-1.2530271201550076,0.41232253800391605
944,-2.3906729498873767,-2.4798092122284507,-1.7485038976719809,-1.9173993649078411,-0.26552259620994034,-2.7438767279766747,-1.924836325438197
