-240,-0.40328144710932373,-0.08856502276470192,-0.9233104691044238,-1.0390538662672042,-1.2480697456595584,0.8385115970853233,-0.4751502488263591
-232,0.03897863153823342,0.27862510071620716,-0.5773358594980176,-0.8220037141266993,-0.9592135511844405,0.8205600254945629,-0.1112240758686584
-224,0.3441543870179898,0.5038350510651174,-0.471258691054394,-0.5070362129632167,-0.7584829858188175,0.7585457262140592,-0.019834524460507867
-216,0.5448850270647269,0.5740090936826905,-0.1432355392639994,-0.10720696466810592,-0.5528565065016573,0.8727826399231388,0.12867344418262497
-208,0.6509621728936471,0.41897336669367347,0.08034248604898533,0.35790050468024087,-0.5153215103357084,0.6345170869816482,0.5056553128213366
-200,0.09609710767662893,-0.03307847586961872,-0.536536944364261,-0.24102736729032823,-0.9363661913378213,-0.28427414190175854,-0.02962626944300284
-192,-1.1605090341079833,-1.1134334341163548,-1.3574108447357,-1.4845778454752532,-1.3933138547642203,-1.1736902541704308,-1.1426203374274717
-184,-1.6272484542624983,-1.7596879462580877,-1.270917122254814,-1.7375310501631571,-0.854768409279946,-1.2748714636084182,-1.3302952912598176
-176,-1.1295018928825047,-1.5165265999768114,-0.8400807402724596,-0.7616212762453977,0.18968347257753335,-1.1312594199612138,-0.9663690415173098
-168,-0.5436296708376164,-1.1868714368990638,-0.8139694467321777,-0.27856230174793883,0.4915954290000023,-0.7738610323467946,-1.1295646580500847
-160,-0.08341804514238739,-0.47207469427747445,-0.448411324896694,-0.24429133061100458,0.34798324440534373,-0.18146097219098226,-1.1279327102241476
-152,0.574260252019668,0.5723772338612583,0.22721850476248784,0.24039967445766203,0.5454499416424139,0.39788343383176306,-0.46535856485097127
-144,0.8353732303728877,1.1141865911257212,0.6090962224888585,0.330157268573256,0.4116295206128744,0.6883715777105877,0.045443735511054656
-136,0.642802372756856,1.2153679336223127,0.43774082545376464,0.060884496219017606,-0.09101294384957402,0.7161148411655853,0.22169495849318105
-128,0.4698150364859074,0.8873447241556589,-0.05837380755945589,0.11147515125134362,-0.5267451736924335,0.014373753027678467,-0.10632817541582022
-120,0.30009161883215,0.05667910457196817,-0.4892102018133548,0.31057378264034463,-0.7699066497014657,-0.8636185729935155,-0.28910731364429265
-112,0.5742602066149541,-0.10488457991256969,-0.1987220584604536,0.4868250799529691,-0.562648246575535,0.004582045736355913,0.45996051721982817
-104,1.318432168406329,0.44671654757870805,0.28760090267361565,1.0139468328041186,-0.07469338652639917,1.7981016965743104,1.0066657887864439
-96,1.3004806764053005,0.5185226246242609,0.12766912288930077,1.242420735254007,0.176627844039401,1.9955684315025541,0.5741974731780822
-88,0.5612045537090409,-0.041238262858326026,-0.1562912181154633,0.6614443554597742,0.3626708638951251,1.047401949439653,0.1515208457524959
-80,0.1744310505317347,-0.11141235578923213,0.36593477838584204,0.13921831443029287,0.8179866329644602,0.526807879552043,0.37183488968810346
-72,-0.30699607308498855,0.1137975216316417,0.8930565449109983,-0.12189451824216285,0.9207997993443887,-0.2956978306781113,0.7324972336108867
-64,-1.2992253266645775,-0.09509282318445354,0.9926059385298064,-0.7730450565324112,0.7739237773000381,-1.4919216483561706,0.6084685612453055
-56,-1.7055823990459897,-0.38558098319159406,1.0676758631929009,-1.195721642059438,0.8261463349288943,-1.7905696088507164,0.5138151059458156
-48,-1.2829057183268386,-0.3529419137746502,0.7347568034114338,-0.732246112998794,0.7918753206662461,-1.1296274063948593,0.12377759386781109
-40,-0.7998467564515404,-0.7070763445547803,-0.3096950542535717,-0.19533258746652013,0.06728681114868891,-0.4915325544943099,-0.8864032325296921
-32,-0.17154374928361169,-0.5161374959471001,-0.7911221124804937,0.3856437288662965,-0.46473085898484556,-0.12107854956145787,-1.0479668568836618
-24,0.7798866217694671,0.5756410981330395,-0.32275064527583885,1.072697340916185,-0.42719588052498264,0.5790305535852639,-0.01004280454702521
-16,1.0915903052930378,1.2871739866507002,0.5731931657340738,0.8768624887746923,-0.03552644796905477,1.1616387921490816,1.2008685702112465
-8,0.7407197463229233,1.1892566139611724,1.19660036273267,0.4754013345522039,-0.07142943898342262,1.439071414252212,2.0152146694617037
0,0.7292960116159322,0.8367540193359236,1.274934265442294,0.5080404428874745,-0.4794184495488442,1.9058108093377153,2.139243307817576
8,0.6215869381214696,-0.04123825952747842,0.5731931785315412,0.41501899291487265,-1.0244917734648307,1.866643902511079,1.3901754834398423
16,0.4224883538902611,-0.5422488049144667,0.1293011245347256,0.6337010902516989,-0.7976499355958603,1.3166747135544254,0.7357610822802757
24,1.6399274524587848,1.0358527222504985,1.38101144948831,2.146524385494344,0.8310422317002688,2.3627584813541964,1.1812851035621914
32,3.789213647218043,3.4837867454975426,3.277344337705842,4.003690375650631,2.8775150716237365,4.298258438558058,2.0886526564667127
40,4.406093063781974,4.3030287059318955,3.949710268908226,4.578138867195916,4.129225422873487,4.562635333600086,2.7757061933095653
48,3.355113422877379,3.697573024600878,3.417692620512856,3.8551822991932148,3.8436331312378615,3.5198154188523993,2.7789700815985108
56,1.0605831486404749,2.0052345803959883,1.9195569237230585,1.5688118992482911,2.2606357271113007,1.4472311844113728,1.4750371732458276
64,-2.374684384107859,-1.5507976436911666,-0.5854956357929502,-2.0165954502189867,-0.17424265742976197,-2.115328821512909,-0.7591106254186025
72,-6.208149146851642,-6.3699638147159945,-3.790657301961837,-5.830476848518147,-3.332077682550944,-5.762750668007865,-2.9051328396770204
80,-9.011849597790931,-9.922732271301262,-6.241855319559035,-8.466085733035035,-6.170049209636532,-7.579117700255292,-4.2270172728132875
88,-10.469186383654359,-11.275623738900569,-6.969707670733671,-9.81081764768152,-7.294466970254128,-7.967523268364127,-4.83736878850611
96,-10.410435925505011,-10.652216522092194,-6.329980931488368,-9.742275473124844,-6.586198020864667,-7.8467585500279124,-4.437539565805936
104,-9.369248058158078,-9.075747043204522,-5.345911453327172,-8.66844834036687,-5.189243628880286,-7.208663720566759,-3.8451395436919107
112,-8.319900235702278,-7.766918152354962,-4.939554375160603,-7.36288352293127,-4.445071702676392,-6.2833446888092945,-3.781493251356064
120,-7.3439905627618,-6.438506036255154,-4.525037489844934,-6.138916572051889,-4.259028734361156,-5.467366687312927,-3.6901036964417577
128,-6.131447149017548,-4.992592925669381,-4.002811612552917,-4.937796868646846,-4.146423689940127,-4.3315251430774735,-3.3229135708571556
136,-4.610464117625449,-3.8665432668379527,-3.5736071454386367,-3.8084832789266816,-3.826560301997812,-2.5592209263489796,-2.7729444057423596
144,-3.34569824091854,-3.081572429357071,-2.8702341427832705,-2.3234032680006584,-3.219472681606247,-1.2960868961401115,-2.5216231636062463
152,-2.3828440923833734,-2.5675062244024747,-2.108110595201205,-1.0406857071553959,-2.067311656306502,-0.744485737619357,-1.9814456758051433
160,-2.0091262261589735,-2.3879910419564445,-1.424321015718566,-0.6343287275117988,-0.7862261961555589,-0.990911156613363,-1.4380043326729564
168,-2.1217311375213965,-2.3063932272913226,-0.8482405567128735,-0.9835673896705404,-0.179138555428291,-1.687756395838918,-1.0773420106636453
176,-2.3110380814288534,-2.0534400830846025,-0.32927847304360347,-1.1271794757422275,0.15214854460631044,-1.8117850543551854,-0.8733475291351391
184,-2.082564269437779,-1.3876020203213884,-0.1595551228833415,-0.706134760379791,0.44426865875046734,-1.1687943549447473,-0.754214790530874
192,-1.9487438510378565,-0.8767997928873984,-0.13670772744924228,-0.6098493830246082,0.3512471347979829,-0.6253530379334187,-0.5730676758612981
200,-1.9846468499410743,-0.4459634010878086,0.054231128871980706,-0.42870223697494075,0.1684680654654678,-0.46378938851043655,-0.17813429804139544
208,-1.5244352850776455,0.3520631136667673,0.7217011562906777,0.14737816751003235,0.20926698147576342,-0.28590614792987745,0.5741974551213809
216,-0.6138037700796023,1.194152418345348,1.3189971060302463,0.8311678295626364,0.2941286965260677,0.025797426727562446,0.9544431878565662
224,0.34578635728332247,1.936692390587535,1.8265354290469742,1.4937419298817127,0.5944086313180248,0.44847404012852626,0.9919782024298317
232,0.9055473396074178,2.380584459485512,2.0403216844837586,2.0486069439088594,1.0807314848131186,0.7764971889386885,1.0148255869948486
240,0.6003714947206942,1.894261605464495,1.420178359470486,1.918050524066476,0.7902433130603574,0.7552817686785406,0.8010393731060071
248,-0.0948418133331642,0.6148080491372364,0.41652541290715805,0.9241893163498709,-0.001255351311750515,0.5023286374445953,0.1874239018060501
256,-1.1556131520624613,-0.5781518648247912,-0.6034471355075209,-0.13168628917020905,-0.6344543053890788,-0.6987910599999838,-0.9451536156473114
264,-2.0156540179886426,-0.9061750306398083,-0.7274758029644848,-0.797524327565642,-0.5789678128394065,-1.8835911356081243,-1.2731767781314811
272,-2.0238138333772104,-0.6009991598075334,0.33003170234720064,-1.172874285543667,0.21253086555732345,-1.8786952405898285,-0.01657060952477871
280,-1.8655140084311437,-0.27787191951436707,1.3908031595845567,-1.4013480950804331,0.8897926719682242,-1.4445949887258425,1.2122922744146842
288,-2.048293159632392,-0.23707302611877507,1.5360472453732832,-1.4568345441537744,1.160697352002918,-1.4168517144017623,1.2694107505530796
296,-1.8932573633968022,-0.09182893840166285,1.6372284895222107,-1.0912763842765023,1.490352455651328,-1.5359844964823564,1.062152313943362
304,-1.5276991865146754,-0.09019689924037322,1.682923284422488,-0.8073160553679748,1.4479216423037367,-1.578415338229809,1.3118416075523083
312,-1.4689486978617732,-0.4263799030586607,1.3940670419130385,-0.410750753739301,1.1868087105823857,-1.3532054218906084,1.0849996844837564
320,-1.2698501257268018,-0.6091589900972618,1.0676758817755263,0.22897606106365465,1.0823634787450007,-1.2438644301972246,0.5170790292963182
328,-1.1964120975244648,-0.4753385785343421,1.1182665417164708,0.44113026611945244,0.8049308673356451,-1.6306379088314402,0.5350304778210178
336,-1.7839162800174502,-0.8147854753748865,0.8832648178098964,-0.3520003420465129,0.16030825779044294,-2.369914074828721,0.7749280715015676
344,-2.2424959415831176,-1.1069055846104254,0.8816328219496283,-1.0896444240037135,0.05423118225994182,-2.6946732093036445,1.0490967083705494
352,-2.340413278334551,-1.2701011853655002,0.9436472153704094,-1.3997162534910093,0.14725263170661995,-2.3813377893753174,1.0115616767924294
360,-2.3534689166899185,-1.6797221088706098,0.3414554384566542,-1.6135023846345793,-0.10896446144553842,-2.074529988247884,0.37509884021131135
368,-1.5113795957077145,-1.4887833279317322,-0.11712423853609912,-0.8660665399887979,-0.02899856445341588,-1.1932736329902889,-0.08674476188502168
376,0.3196750782935862,-0.19301021042452693,0.3137121394141772,0.7871050848680389,0.7461805369856672,0.5023286107978124,-0.0965364839021975
384,1.7166293019824972,0.923247664681387,0.612360125854274,1.9719050749259823,1.139481993977031,1.8568522197628468,-0.23362079234414504
392,2.1229864362475555,1.3459242961390536,0.7804515918253239,2.2803447044947562,1.2700384744759061,2.281160689829702,-0.011674781298745237
400,2.1164587876443406,1.799608129478688,1.8232715097285506,2.203642708589048,1.6160130844329268,2.1881391939264625,1.176389280244776
408,1.8504498706211867,1.7294339932467617,2.49563740253853,1.586763439984881,1.6062213885366117,1.6920245731847852,2.3938284573511845
416,0.969193646669118,0.5903286929044246,1.7824726023083362,0.4949848480084367,0.7184372933404479,0.6084057490884984,2.194729826137491
424,0.0030756266745503506,-0.70870839949377,0.7070135820303026,-0.31283341961748456,-0.24931267114920902,-0.41319868106108376,1.2008685931765655
432,-0.5191503351158147,-1.0024604185134576,0.9436471594472278,-0.5298835435334373,0.21742676145215936,-0.623720968619192,1.2955220305946613
440,-0.4473442710430375,-0.3937408217207875,1.9995227553253798,-0.6490164174753075,1.4462896815050243,0.03232529884819525,2.2534802557116733
448,-0.06383462898197176,-0.32683059060735403,1.862438434261273,-0.7648853109163402,1.5327833501664225,0.5676068400905145,1.778581042432678
456,0.8337412632630952,-0.4394355840138183,0.6449992648684063,-0.18880478511838314,0.7249650934095838,1.1730626004853393,0.477912043230566
464,1.8602416276999179,-0.24523280469270842,0.17010004562894696,0.81158430295832,0.25985766034994784,2.4051893497484294,0.003012838892267938
472,2.5505590151405433,0.30636837328720906,0.5519777060296742,1.7254796224481912,0.2941286709311318,3.461064934056268,0.35877927499928597
480,3.209869227345982,1.0750196434523727,0.759236199088496,2.3896857749013334,0.13256504026608268,3.4806483952707827,0.6541633089877902
488,3.462822458330052,1.4095706598251652,0.8702091468472823,2.414165164267315,-0.19056227260450426,3.2570704460413733,1.005033876723294
496,2.6680598003090235,0.7551561895943335,1.1019469379367326,1.2554763704538334,0.028119844892715264,3.0759233687123544,1.3151054877770973
504,1.548537818305363,-0.1783225472831078,1.0268769271975184,0.10984321955372262,0.5552416694447465,2.261577180931472,0.95933908866002
512,1.3184322269591269,-0.0004394299439175451,1.1264263062657809,0.0984194380395555,0.9599667680546707,1.7426152343528838,0.6737468010564736
520,1.811282879997432,0.766579926580325,1.5442070134287513,0.32362944133141464,0.9762863101260693,2.0184158479735848,1.0915275387229961
528,2.2894460632588,1.2855419660720349,1.8232715202470173,0.408491171107572,0.7119095004589311,2.5634891836351934,1.390175491153385
536,3.151118844754287,1.8061359600513764,1.8640703890995198,1.4659986962290368,0.30718434136782286,3.792352054075955,1.7932686417620654
544,4.339182827233997,2.4964533909683317,1.9799392967404819,2.9576063774964396,-0.042054257504810455,5.11097253791617,2.0347981099899006
552,5.016444511630686,2.8505877817782888,1.79226434185629,3.3509078893591377,-0.14160357872150606,5.922054664554638,1.9140333660587474
560,4.699845116811371,2.431175065606967,1.289621876166687,2.8760086813393753,0.1570444252493695,5.820873437761182,1.1796531567881006
568,3.7418868771438136,1.4715849890832982,0.7625001324315416,2.175899548740947,0.6237837957917837,4.5283642085429205,0.26902169087623584
576,2.875318218336114,0.8171706392889108,0.41162954488625886,1.7010003843728227,0.9256956891034521,2.7348445135274084,-0.3690731266639893
584,2.229063791043349,0.6441832386800067,0.48506753136534525,1.1983579148264483,1.1623293196386337,1.6822327545730225,-0.40008033485703887
592,2.375939717194344,0.9591507061843955,1.1443778075581221,0.9356129712918227,1.0644119511564927,2.3382792266245875,0.549718100291032
600,3.265355752327595,1.7212742558701544,2.0370577727035712,1.5475965508643315,0.8963204681805893,3.942492011216429,1.6039617777949542
608,3.9426175850346605,2.7706219636746665,2.787757565593558,2.2460737326565896,0.5209706041675352,4.445134455518483,2.286119372637024
616,3.6374416943926073,3.0464225583621274,2.817132754435097,1.834820709158392,-0.2721600827116232,3.8608941499194396,2.118027907191898
624,3.162542483918537,2.6841282459270905,2.358553061664644,1.1657187179607504,-1.0750824288477727,3.725441769318342,1.540315441281548
632,3.252300041394804,2.4850296524045694,2.172510106672798,1.3746090739965446,-0.815601415325344,3.715650123034128,1.6676080064940777
640,3.299626823740577,2.310410339557208,1.8820219568335095,1.805445587284425,-0.33907028191904115,3.302765185544394,1.5027804321428229
648,3.134799184174828,1.8616224396282723,1.4675050902757711,1.8544042468070987,0.015064212673119142,3.465960802953706,0.5888850863567845
656,3.457926426221072,1.719642246861803,1.5409431354829628,2.0812460205134222,0.5405540974633727,3.7825602303802683,0.34409164341326787
664,4.122132622851775,1.9889149906408725,1.7204582784847433,2.864585046382511,0.9044802718235355,3.736865516647493,0.9691308478424453
672,4.763491399505289,2.3952720928246083,1.8036880309832584,3.705042439699173,0.8000350343763015,4.223188394685675,1.4440300516548201
680,5.3297801023087885,3.0039917248541412,2.2851150651930148,4.113031392237718,0.6596868337886357,5.207257921231818,2.1474031256604524
688,4.923423079188863,3.505002230270954,3.1826909181691403,3.5418467686456805,1.0644118684112218,5.274168130957701,3.0286593906345414
696,3.7467827900435062,3.5098980269415887,3.6200550432456025,2.0208638364777856,1.6861871812206037,4.030617605790292,3.12004890663052
704,3.0352500198585965,3.2585768684272853,3.5417212530835713,1.1314476993154081,1.9995227510370803,3.418634021133857,2.6647331673635084
712,3.1592787220264986,3.1704512312536326,3.0815096173958003,1.3892966948887877,2.0027867064689078,3.9751310958851502,1.9727837856403843
720,2.991187084253826,2.4442307484905097,1.9685156146258254,1.4382553545867696,1.4381298964447025,3.901692998786856,0.9593390542996953
728,2.237223434980909,1.1468257467940923,0.6923259921675353,0.6092217305127312,0.5568736486507756,2.6255034546911435,-0.13080755075717926
736,1.9320476125335795,0.392861949561408,0.21253084512722425,0.3611644618651445,-0.19872204030935584,2.233834056320233,-0.5436924419656596
744,2.5016004125928992,0.6637667572201645,0.25169787782484604,0.9160295125316171,-0.8041776792158907,3.222799329223676,0.1319374022440668
752,3.5117810876997897,1.6462041601066668,0.6906940197985096,1.5019017615739034,-1.0636587151777155,4.414127214893494,1.2792024815109517
760,4.41751669312899,3.1394439816879474,1.9016053710655392,1.9441618270733774,-0.7666427402002781,5.46184305060503,2.450946876514552
768,5.0800907776703665,4.805671149708028,3.540089267215847,2.4973948836326594,0.3626708530260429,6.40021778978913,3.780991111190072
776,5.182904076232361,5.801164369413215,4.687354393289908,2.6883336635196904,1.3695877138238681,6.537302045814054,4.877665568207185
784,4.3244952443835425,5.132062345958942,4.514367078231199,1.9131547792869443,1.4707689802368844,5.306807191433946,4.448461119850837
792,2.8883739180492065,3.539273278368005,3.5270336288604787,1.0351622241384844,1.4022268477540751,3.3810991310291163,3.0923055953164984
800,2.0234371518454943,2.532356391975244,2.7779658353369165,0.819744100816109,1.5017761158525134,2.380710045056105,1.980943547384772
808,1.9646867315626253,2.24186825037542,2.3699768072407172,0.8980779602247128,1.7743127929746296,2.9616863589346147,1.3428487985651956
816,2.2421192770562555,2.165166283921419,2.030529880422543,0.6500206186490903,1.9081332306584078,3.591621413678606,1.2122922686295272
824,2.1442019601146014,2.352841265978317,2.2410522265334483,0.19960061609745022,1.8200076353833143,3.6079410023818737,1.3591683302934352
832,2.17194525354723,2.749406566555144,2.750222530859898,0.29751825209926125,1.5605265871499454,3.895165285144455,1.9058736530499225
840,2.9030614516381763,3.261840739185454,2.952585100149947,0.9992592460968909,1.079099546629109,5.03100669263984,2.3187584566045136
848,3.333897949498973,3.2096181610455874,2.1986214180944743,1.4235678508001213,0.0493353394833626,5.311703060331387,2.1588268261824264
856,2.7969842879278635,2.6661768219454793,1.4054907324424692,0.9551964849233627,-0.6262945597730071,4.5495795867292035,1.623545195883755
864,2.005485764327901,2.2157569631462186,1.3728516386577445,0.1343225082930397,-0.48431425358240415,3.629156248386088,1.5027804675549943
872,1.2874249370726523,1.8289832907969055,1.2733023248039759,-0.4091188609600069,-0.25257659888240563,2.5210582060242124,1.6121215162234073
880,0.7668310140929614,1.2300554344287284,0.7070135809784562,-0.6490164693664096,-0.3309104577650849,1.6822328071653567,1.5354195210189305
888,0.7684629568349722,1.1631452150609156,1.0905232007754333,-0.7338780879974361,-0.04531810371989035,1.7801501023688469,1.741046035047031
896,1.4816277153419155,1.7473855064600299,2.2573718015627087,-0.5298835614148308,0.724965119355135,2.948630771067887,2.339973902810214
904,2.1670494020052624,2.267979528663924,2.895466679058194,0.1408502876758585,1.1590653703425806,4.035513439100252,2.503169491118436
912,2.919381117476867,2.2875629421947234,2.6604649062407497,1.2750597641748544,1.2031282307403122,4.316209967899645,2.0870206695471416
920,3.5460522241519583,2.1667982287671235,2.099072062166838,2.6132638352758732,1.1476417168030912,4.164437996316277,1.3444807169394257
928,3.095632346945381,1.749017522831308,1.4038588465001793,2.7731954202932467,0.6074642509154605,3.48064829218981,0.683538524125496
936,2.132778213136066,1.234951410789835,1.0660438822337943,1.6340901073287522,0.20273913056737158,2.7886990999743957,0.47628015045127153
944,1.8063870475640125,1.2577986896442614,1.4316020226519033,1.018842707136099,0.20600303095255498,2.8849843675869082,1.1078470988510958
