-240,-0.7480770037560673,-0.3159224744096657,-0.0311403894618597,-0.43514874300903356,0.002395407306951556,-0.26452996360731645,0.34472186534754723
-232,-0.15782518515266822,0.6154581872129367,0.7303836154378655,0.06451289647579013,0.5629223503312755,-0.0635329256041831,0.7212374934713174
-224,0.3616531167641352,1.3557501060879396,1.234291626663887,0.3943179087359546,1.113541025925703,0.01290259624903039,0.8557073296613562
-216,0.6263463564298964,1.1505065461155757,1.162102615528007,0.6901515480803453,1.2833976718528404,-0.06777930205901334,0.5287332845562293
-208,0.20028933246431377,0.04926931763322227,0.36094539463403086,0.6363635800919218,0.6520970702767837,-0.6438764849885293,-0.40547832186966953
-200,-0.6900426342241243,-1.0463060846484997,-0.728968127924522,-0.15488527362560925,-0.30476200775341306,-1.0614407247216022,-1.2094664571564089
-192,-1.2307529926674337,-1.561537921615822,-1.2866641259934972,-0.8965926652063663,-0.9219078541421907,-0.994913572021519,-1.605798638538345
-184,-0.7395841439533831,-1.2175782260892902,-1.1536097477601035,-0.701257528821986,-0.9544637213567828,-0.2178193580832925,-1.367999289962617
-176,0.19038098399034628,-0.38669605161322174,-0.7063205611352552,-0.08552719300007543,-0.7407274356921857,0.6753435141788547,-0.599397978553873
-168,0.6348392461869552,0.41163018205476476,-0.07926643287157727,0.07583661532406694,-0.2042635111796143,0.8947416734845145,0.16495693815372062
-160,0.2597391632980601,0.43144677864794045,0.37510011636972235,-0.19451854283829315,0.33503133426398457,0.14878787017270936,0.5796902647104516
-152,-0.4324267217465436,0.029452714501781874,0.35245252555613393,-0.41391668328942266,0.2840743752450827,-0.496667382738654,0.5216559003482998
-144,-0.8528219528110283,-0.24514886998868254,-0.021232057561632947,-0.5866043243492886,-0.14764462347658497,-0.710403629933927,0.12673917783532476
-136,-0.6900426780152921,-0.33149266428953056,-0.1939196650178598,-0.47053560900561847,-0.2962691877885271,-0.6127361119191165,-0.07284235613920616
-128,-0.38005426219625044,-0.27204283360783676,-0.0523724654511061,0.0744211508291573,-0.05563896830709791,-0.6764323181433246,-0.004899712182944115
-120,-0.1677334223240845,-0.1375729629018432,0.05095696558640729,0.5740827989809835,0.09015468465313439,-0.590088521257581,-0.20731222623698947
-112,0.2101976014147374,0.1313667444503473,0.15853287495403678,0.6632575625656069,0.012303737838704322,-0.14563028810303044,-0.014808027813535806
-104,0.419687456797861,0.45834070410187594,0.26752422007862203,0.2810801029193625,0.07741544337788221,0.32996825821218173,0.599506883351264
-96,0.08422060069895611,0.5503464266306941,0.3736846179670683,-0.06995699962299891,0.16800565336314813,0.1912520688313704,0.5329796985680679
-88,0.1762262795886587,0.5984725345107411,0.42039520387629853,-0.010507147349826298,0.2217935783206671,0.15869620511398938,0.24280788116683405
-80,0.28946402032671015,0.5814868177943735,0.48692239215670563,0.04894268105107772,0.2401947394609923,0.2790113630553994,0.1338165492708306
-72,0.016277937888163257,0.37058148605623303,0.266108745852342,-0.1633781392062949,0.0675071564852443,-0.1583695794036098,-0.09973636278926512
-64,-0.4295957745104047,-0.3399855338235855,-0.4076559636069337,-0.42524051237588195,-0.3288250597167521,-0.6367991064065481,-0.5257934262885401
-56,-0.5145241084217651,-0.6202489959084821,-0.7700168181450536,-0.3459740347715805,-0.4420628367953902,-0.35228922772491755,-0.6234610461786368
-48,-0.3135270523243647,-0.40226632907542187,-0.5308020487135304,-0.36154425567018916,-0.08961025303232607,-0.001252147686350486,-0.06859595809289758
-40,-0.3064497030885476,-0.273458299015062,-0.01698568080269758,-0.7154122557274677,0.12695696861651296,0.20257583755292155,0.3631230036799721
-32,0.24841534576760327,0.006805171584783991,0.30715745021377094,-0.14356152968864214,0.06467616059225247,0.8621858131122925,0.6575412376779405
-24,1.288787318759099,0.8447645839941182,0.6723492854396157,1.1685810957624456,0.3237075608288008,1.6548501731392171,1.034056820033858
-16,1.6780421656543278,1.3047930657208617,0.9497817651642079,1.5295264851974448,0.8035526215106108,1.3406154003280857,1.0340568265721226
-8,1.0509879934474289,1.0655782448955382,0.9059021371348028,0.687320621827474,1.0187043744070654,0.5606902759504656,0.8146586204342416
0,0.3050342248036309,0.5050513636045965,0.7473692752865361,0.12820910665336757,1.0824006274634943,-0.2206503156590127,0.489100038759656
8,-0.03892547847758671,0.34934940809030174,0.7091515278926158,0.009309479045671424,0.881403583378255,-0.7500368240325946,0.12673922117033382
16,-0.1634870709579445,0.5092977204446328,0.567604302933068,-0.1945185236796571,0.5869853705156076,-0.7302202747277978,-0.03887104313218252
24,-0.49046108899769647,0.08324061984450695,-0.09908304558233555,-0.8343119015814835,-0.00043552913344792305,-0.6353836393267434,-0.3063952463037177
32,-0.7282604275379487,-0.7165010825758644,-1.0913289566136886,-1.2094120524379206,-0.8737818072352623,-0.602827785340733,-0.9461886486860231
40,-0.32060439182881095,-0.8339852683444975,-1.5103087321543711,-0.7323979323019315,-1.3253174086322124,0.03838113049744061,-1.01554679165315
48,-0.2498308412344712,-0.4617161413587432,-1.0163089503450802,-0.8951772086181953,-1.0988418625337268,0.12047843263138028,-0.15493976851132846
56,-2.640563159701494,-1.5502141553271138,-0.6242231889050367,-3.212305037769687,-0.82282481795788,-2.190987489883622,0.2300686249904206
64,-6.8147903078438885,-4.50713533820406,-1.5612656904130098,-6.74532337073278,-1.3975064735947353,-6.464297674058279,-0.9150482582826067
72,-10.371871709800214,-7.548984812417621,-3.101299327673913,-9.655533909616377,-2.7209728910314337,-9.980330338201586,-2.3375977372964094
80,-11.750541534327441,-8.805923985922638,-3.6901357340885204,-10.74120102667804,-3.190909588794273,-11.385894112967344,-2.759408373707318
88,-11.29334405123064,-8.251058909697006,-3.1777348077126426,-9.998078192954116,-2.551116253163087,-11.169326940279463,-2.50603887432926
96,-10.128410503548952,-7.17246929377177,-2.652594693736108,-9.05112732031633,-1.92547753359099,-10.208221365064619,-2.402709411056581
104,-9.113517000335536,-6.468979629666032,-2.4402738798649475,-8.53872647315989,-2.0981651526032192,-9.187665989122456,-2.759408386327689
112,-7.90895027239197,-5.789553045805431,-2.3383598949239706,-7.4884462038484925,-2.3755976825051914,-7.816073574652104,-2.81602728893188
120,-5.883409717381937,-4.024459348076271,-1.5188015577452054,-5.520939972450492,-1.9481251088952063,-5.53574802733525,-1.8520907552290005
128,-3.322820732156561,-1.1015094706037174,-0.060865293170677834,-3.6199609886334385,-1.074778835050867,-2.48399019263556,0.1522177259205273
136,-0.9504895077746367,1.8455033692731584,1.5768358890183598,-1.7897555681831518,-0.10093405110004186,0.3795098591730396,2.173511826168611
144,1.3114348592432559,4.038069602447085,2.7884799829235347,0.2442777850482397,0.9677473910597374,2.557921397372543,3.2492705936919384
152,2.8882708418968135,5.515822482773425,3.3178665496853403,1.8565005336477296,1.8566638453566755,4.0696455846237996,3.5125484090046943
160,3.637055507143214,6.356612924527337,3.373069976086567,2.450998814159557,2.095878643222047,4.529673974358681,3.5903994236346133
168,3.6512102643071764,6.465604282728451,3.296634522352948,2.1495032861208894,2.177976005872947,4.170144092449496,3.557843519775328
176,2.9293194757058068,5.672939920724843,3.133855187800513,1.4106268206409511,2.377557590633069,3.2302706219618527,3.0624282701259684
184,2.3900246354319985,4.557547902995415,2.4926462965948715,1.1926440938991412,2.2544115186030007,2.1191250472863206,2.114062048553297
192,2.525909939614158,3.7861156397889526,1.7976495426212515,1.6866438789015383,1.8283544205877698,1.7086381447769035,1.3284749831752831
200,2.7297379602817022,3.645983901524002,1.6815808420266902,1.8862254467838133,1.7193630555442858,1.998809934504553,0.9986700169870767
208,2.694351121350492,3.6714623976071934,1.6377011971194388,1.81262090136085,1.7023773959997206,2.2974745610749334,0.7608706747975609
216,2.782110346998768,3.6926944699471753,1.4650135708086816,1.9017956161365683,1.5622456741564592,2.505548920336193,0.7608706690195594
224,3.4190728144612,4.137152691849828,1.9193801623206224,2.5203569490678923,1.8099532793663446,2.859416952020427,1.1501255505827945
232,4.472184044845531,4.9949287790074095,2.617207879039753,3.489955289052505,2.421437217141947,3.7582416892566353,1.8182282989707244
240,4.969014757469274,5.521484391538652,2.9611675981344483,4.092946423132856,2.690376925102348,4.573553609838667,2.2556091716375604
248,4.984584943851927,5.698418441896725,3.24709296989689,3.6541500176994646,2.9097751040228013,4.5254276242089615,2.7453625439965923
256,4.000831810362766,5.392676384134139,3.460829203407423,2.3306836861725224,3.1999468434210194,3.5997088693749033,3.208221902407038
264,2.619331073115348,4.764206792135816,3.201797885127261,1.1360252317409598,3.1390815900588986,2.543766691754433,2.9987320905109773
272,1.8719618754049119,4.278699868608682,2.794141888191553,0.6264553017142335,2.6932078489223765,2.138941588836431,2.385832654484774
280,1.890362929044002,4.098934942327172,2.5563425344460335,0.28108011508357594,2.330846993319888,2.212546211502148,2.281087727629502
288,1.9215033424073706,3.9361556793915433,2.3553455242685377,0.18907442524608098,2.06332278315393,2.228116393931433,2.2018212669030452
296,1.927165186702269,3.665800481543437,2.1784115630133285,0.2626789630664108,1.958577867550555,2.221039001512659,2.0560276758282483
304,1.9922769345120876,3.405353599630028,2.2859874366485813,0.773664375074102,1.9996265357234497,2.0412740629148822,2.148033333126473
312,2.2116751473402867,3.328918150001831,2.4841534687232465,1.478569501241905,1.965655195803104,1.8884030669529932,2.310812630578056
320,2.592437119987827,3.5454853333333984,2.3737467187083974,1.8579160034644826,1.8623257366358474,2.0582597616890355,2.5344572154515577
328,2.6872737120538717,3.712511046773505,2.571912778760753,1.9173658400762303,2.200623568708845,2.027119365963776,2.4693454811744253
336,2.4891076451591463,3.6431529684287605,2.9569212041935615,2.0263572031430304,2.9394999913099316,1.6973143388024499,2.4948239977847266
344,1.9328271330245061,3.2793766092538275,3.1451789917982826,1.6809819407901452,3.2735514149970397,1.1098934285097073,2.5273798356531545
352,1.270386178297937,2.3465805643324384,2.6724112817207626,0.8939794988036626,2.8432478987124954,0.44320610569120433,2.1055691578839215
360,0.9235955402488988,1.2793145244780297,1.623546484963066,0.8217904400752989,2.0562454059404227,0.41206572213015746,1.3100738609604412
368,0.8740540565206455,0.5645011644839684,0.6879194078080968,1.1487644967364274,1.0682458693872157,0.6059853470353544,0.8401370943177445
376,0.26964737659720817,-0.19702284467323242,0.12314606293614846,0.5386960068819944,0.08166183260513649,0.06952143818420761,0.5711974581262015
384,-0.4295958132838344,-0.8877732050100714,-0.23496834763575772,-0.2610457111998016,-0.3203322395998136,-0.7953319890860301,0.3730313504813603
392,-0.5484954655240625,-1.159543813374391,-0.36094539548786536,-0.0798653041537461,-0.2325729361005724,-0.7684379676868631,0.22299129704197684
400,-0.16773344285119454,-0.8169996302393581,-0.24770761065454094,0.5599281132817736,-0.14622916308709746,-0.19092533409923007,0.15646408336877435
408,0.23142972408415205,-0.43199116709748825,-0.16561025165290458,0.6137159938399137,0.18357580872705828,0.08933802991169754,0.08002860256978062
416,0.7381686452934094,-0.27062735329944937,0.08634377942892747,1.035526659596986,0.8431858140887514,0.308736220996365,0.19326636079388845
424,1.5124318794562268,0.03228366493102702,0.6044065716911803,2.383056127628548,1.4065437277653248,0.7815039055290366,0.3801087000212825
432,2.452305389021405,0.48806566011681063,1.013478010770056,3.3668092506260767,1.6372656997357562,1.711469054151929,0.7113291582259317
440,2.9392277963541362,0.969326210230168,1.261185641524789,3.410688894164853,1.6047098098653172,2.4942251294149536,1.2647787596170723
448,2.3758699063977784,0.9027988924008901,1.3744233767889447,2.9676461404063725,1.6613287323884065,1.963423074133917,1.499747150312975
456,0.8655611643307438,0.03511457141705167,0.8521142165868117,2.1084545571269286,1.4560852583257988,0.37243251510701336,1.0340568130394354
464,-0.5598192194965047,-1.1581283522246402,-0.3085729111529875,0.9137961212457909,0.4015585391181327,-0.810902178509737,0.1720342905826435
472,-0.8867932652098417,-1.4015895551307425,-0.9795066812828629,0.3221288001343171,-0.7010941596371318,-0.5985813588605756,-0.3035643015004214
480,-0.3673150034349424,-0.6174180460874484,-0.6143148405831218,0.6080541756980736,-0.5666243819873691,-0.14704573465572626,-0.03745556981821786
488,0.12526927434574633,-0.03990540033560179,-0.07643548761212308,1.352592509953389,-0.07120912123816518,0.05819770124166306,0.07153580784563754
496,0.908025318590026,0.3465184375901048,0.07077356065905636,2.1296866659595515,0.03919766238032345,0.7178076977843019,0.26828638439650065
504,2.380116314631617,1.2991311738334799,0.6794266255522727,3.087961153593646,0.5855699411448634,1.981824274351776,0.9307273588899164
512,3.8422990190669353,2.6183511261686423,1.8627612841969097,4.043404909906387,1.7052083663478657,3.3704024169424467,1.8323830371281038
520,4.449536575065864,3.5284996912748894,2.8040502226766746,4.6322412979226195,2.5884629362080025,4.10078590553915,2.6264628657553595
528,4.291003650115742,4.159800293155051,3.4325198067682607,4.967708168770633,3.1107721178495615,4.239502235872782,3.3455227442214404
536,4.411318681549334,4.631152416639369,4.154410576971256,5.024327068333769,3.7633047671330675,4.294705674134116,4.199052391062071
544,4.40424138157858,4.328241463791539,4.027018088952666,4.618086517950758,3.659975264174644,4.058321778649346,4.101384813442615
552,3.6200698179483783,3.007605998000507,2.3553455866101314,3.9372444656418777,2.09304771833765,3.2656573945981,2.8090588390195586
560,2.329159291598542,1.185893390672735,0.47559862434747063,3.028511379627597,0.19773054673238483,2.2521793613534893,1.3723546674641751
568,1.2944492193134838,-0.04556729252708927,-0.27177064361129655,2.2500017834549517,-0.4293235725601858,1.2613489960131694,0.42398832805068754
576,0.9405811985770419,-0.15597413848717118,-0.09766755888773668,1.8041280622373288,-0.049977064863712874,0.6555269318786289,-0.16060163196486243
584,1.0708045974911848,0.34510295454477025,0.2505385623586886,1.6979676365232441,0.47940952470599185,0.43046687886095486,-0.4267104004438108
592,0.987291808358541,0.6480140224964687,0.3708536842636166,1.6286095195571237,0.8162918877225,0.4304668808376395,-0.5187160802458295
600,0.9094408253555768,0.23044975569802126,0.284509887986084,1.4092112478845444,0.7667503536648147,0.5734295366884585,-0.25543821688443197
608,0.8598992960115246,-0.26496547828991335,0.07643549162397395,1.021371973897776,0.45817736615214855,0.6725125807795079,0.1564641359789968
616,0.5513263636939757,-0.05689112860797156,-0.008492814309696025,0.46650692625804663,0.2939826852497257,0.28467322650893345,0.27819472389936073
624,0.013447009202449478,0.4880656692399707,0.22081365104723752,-0.1831948051354855,0.46667025864615536,-0.5490398194810473,0.36029212958116563
632,-0.13376210566779684,0.4809882765170916,0.3326359297232218,-0.3955155516473145,0.7073005231351733,-0.9623576934029769,0.191850882310134
640,-0.17056436256580132,-0.1559741582540179,0.008492819842074055,0.04752720895353497,0.5515985729427224,-1.1860022984994825,-0.5541028764502405
648,-0.5612346446097738,-1.0293204098986681,-0.7261371816006991,-0.10392829651243987,-0.0924412157778367,-1.3756755516634818,-1.3920623735529098
656,-1.3581454619835458,-1.6436353123964662,-1.4381196404305794,-1.2150738868493953,-1.0648705426843328,-1.5738415828258314,-1.874738331597584
664,-1.887532008066188,-1.9932569550054975,-1.7764174212618284,-1.8293888010552481,-1.4597872518166741,-1.8031480852836155,-1.8719073770629178
672,-1.6369934408710547,-2.0569531066427986,-1.7028129190218222,-1.3679448700388617,-0.9643719922838911,-1.6290450516497503,-1.663832995601969
680,-1.4940307851722894,-2.0343055559711143,-1.5244634357957956,-1.097589764182618,-0.6289051028854525,-1.467681194364649,-1.6440163804583683
688,-1.7148444758760317,-2.1687755045280728,-1.810388769240965,-1.1796870739191916,-1.0224063928345777,-1.8413658443855903,-1.9752368541723893
696,-1.840821440099173,-2.0838471059943293,-2.1897353070438648,-1.4203173452505793,-1.100257334935375,-2.4500188650314807,-2.5216090687707045
704,-2.278202297408689,-1.897004806756787,-1.9533514320862064,-1.8336351986453991,-0.6147504188588221,-3.3998005688892223,-2.8117808527203523
712,-2.6419786879064717,-1.4808560004998785,-1.3022342825738284,-1.9100706760992352,-0.21983371428806148,-3.740929419815164,-2.4211105230838945
720,-1.859222575238492,-0.8014294024983798,-0.8705153131983252,-1.1683633596324938,-0.10942686711155833,-2.8109642610047443,-1.9143715001514048
728,-0.6957045439016688,-0.7264094324183052,-1.0021542740731357,-0.30917175765057203,-0.28919187139608615,-1.4917442863178403,-1.6341080747112
736,-0.38288517005074924,-1.1779449764914005,-1.314973585734516,-0.3247420072871343,-0.5807790866931622,-1.017561163139212,-1.5548416614251752
744,-0.436673216042189,-1.419990692702905,-1.3560222780837838,-0.30209445691955505,-0.5510541895226089,-1.0869192297759012,-1.6822341257235496
752,-0.08988245589486095,-1.0208275167964505,-1.2626010828492127,-0.08552723040503045,-0.2764525802475597,-0.8236414029071435,-1.78697908040446
760,0.061573080893962746,-0.6641286321487309,-1.2682629972403894,-0.3275728845790473,-0.33165602094173624,-0.8491199716715091,-1.6567556072886178
768,-1.203858962145106,-1.2543804575944995,-1.7566009011511432,-1.3608675037731466,-1.0408075145932627,-2.213635078416421,-1.9285262781465822
776,-3.2138293196726453,-2.955777940888606,-3.0248638351668635,-2.6984886815669102,-2.033053451777674,-4.048086806897839,-2.951912563919927
784,-4.317897591640475,-4.313215610511261,-4.099207146862285,-3.353852315339458,-2.6190589006165608,-4.736006297849504,-4.080043829158768
792,-4.456613866018725,-4.49439603261053,-4.140255830696603,-3.39773184164563,-2.9587721774176217,-4.452911831356666,-4.453728472337336
800,-4.11831604778252,-4.166006557222344,-3.9095338648082785,-3.343943906956741,-3.2135571609053826,-4.091966513082314,-4.037579673987169
808,-3.3667003354013807,-3.656436598609718,-3.508955298000406,-2.624884096154096,-2.70257174600869,-3.8626599593827815,-3.515270466344604
816,-2.0418185190044733,-2.9897492681885796,-2.930027224550394,-1.1754406915343063,-1.5829333253672684,-3.1832333662469674,-3.2137749647631
824,-0.6489939540390695,-2.0541222323919386,-2.097729620855634,0.30514314408696247,-0.7010942333826744,-2.137199522199305,-2.551333974000049
832,0.40977915850127294,-0.7915211216878484,-0.9979078267617636,1.249263027522075,-0.18020051289086625,-1.0260539764137808,-1.5873975132824483
840,1.0708045792448653,0.44418603923388134,-0.25903136386672027,1.4658302341177007,0.17366753901637144,0.1063237473883283,-0.5654266784713254
848,0.9292574065914334,0.7513434897225167,-0.3128193481247786,0.7694179587814741,0.24868754498087428,0.3738479666774464,-0.33895110196230716
856,-0.4508278907936072,-0.40368178201432825,-1.0474493516962895,-0.6517159943081428,-0.2028480083674334,-0.8915840891340462,-1.178326050787462
864,-2.1876121006520055,-1.704500604532016,-1.7665091726864615,-2.03463226964396,-0.6926013430174051,-2.4655890366650257,-2.0658270529057594
872,-3.137393878103238,-2.592001613340629,-2.3114659250706566,-3.0198008355449173,-1.2460509609822854,-3.2341903950580426,-2.909448450866917
880,-2.9647063220408123,-2.952946983008782,-2.8139585002356164,-2.992906799092536,-1.9736035797376565,-2.8704140392282684,-3.3751387525601326
888,-2.360299671159434,-3.093078729940733,-3.1607491624610287,-2.2044889020384097,-2.433632045650923,-2.2093886060163577,-3.171310745273225
896,-1.9384890175665752,-3.0803395009817476,-3.0135401199678507,-1.52364683315579,-2.2085719917209317,-1.9050621380400796,-2.6645717627867436
904,-1.012770288125312,-2.3230619357907605,-2.138778309251534,-0.6871028140807169,-1.540469153469877,-1.2525294854114157,-1.8266122956384483
912,0.39420897242272473,-0.7603807046752149,-1.0743433294563411,0.7623405985978654,-0.821409348141127,-0.22206576160349695,-1.0353633938722744
920,1.1755495609911488,0.06625496775052195,-0.8082345418187571,1.2733260185122957,-0.4179998070317401,0.07376788960100135,-1.0367788667300806
928,0.3758078412367747,-0.5324896730985522,-1.3362056411966523,0.12254720959619413,-0.5538851344779578,-0.6353836560525362,-1.5916439081356515
936,-0.6617332137126933,-0.7816127954135696,-1.617884591040516,-1.002753112511929,-0.6657073976445701,-1.130798912392213,-1.8336896503481608
944,-0.8216815371668696,-0.3470629298916232,-1.2470309103033514,-1.1273146146730044,-0.4604639696539198,-0.9934980454891221,-1.4982227825412007
