-240,0.6272464755572312,-0.40476695837882803,-0.3240862330947164,1.6848098537542375,-0.4068417955922269,0.4256337050826125,-0.26035977116125303
-232,0.7567150243518184,-0.2321422950324848,-0.3179210746772269,1.8497280678369554,-0.5455580250574998,0.428716248694139,0.05406374291349674
-224,1.226809037731499,0.5569991571144159,0.3448343967907451,2.1240779053388,0.1541884210884063,1.1931969741216066,0.7044889584756812
-216,1.8695277007153401,1.4247464566531334,1.0939022137568548,2.2751246263137745,0.7367967385894212,1.7418968587349624,1.017371197930004
-208,2.3504107654158375,1.8085281089712406,1.4144909451914651,2.5356028612671255,1.0835874635821736,1.9715493719674586,1.0266189231386043
-200,2.498374705519687,1.6913899033370168,1.534711717947936,2.822283208491201,1.2130559274401425,2.14571532914017,0.9942517642090973
-192,2.4598425014215146,1.5865820173524376,1.345132795027179,2.4292537538095935,0.9448711796448777,2.090228851394266,0.7938838636454864
-184,2.2394377084305654,1.648233789778672,0.7440289631995383,1.5892496638382094,0.3853822114248561,1.9499713087311152,0.43013896881642505
-176,1.9882071983546783,1.454030976272545,0.2878066035290052,1.2609545601293055,0.1156561721211823,1.8497872641580737,0.13266965040666395
-168,1.4040575727884077,0.7327065029842216,-0.0882685877701154,1.2501655228818076,-0.08008788371952179,1.6155109510717223,0.04327472007045416
-160,0.4253372076548573,-0.13504083794661043,-0.4982522642765291,0.4856848004345708,-0.38218105115696926,0.7123138839235676,-0.03224857195447634
-152,-0.6165760346521171,-0.6559975184563901,-0.8373363948021176,-0.9245972969911554,-0.6904394443982688,-0.6825551328496038,-0.14322156486475557
-144,-1.2747076112299394,-0.8794848055538972,-1.093190832219572,-1.645921835016745,-1.0495604726493868,-1.3252738625575335,-0.2757726832651175
-136,-1.606085301929304,-1.1322566773392198,-1.1455948345681544,-1.6798302293269542,-1.3377820486314276,-1.2220072760286493,-0.5578291031476267
-128,-1.767921002865092,-1.3881110731989912,-0.9328965433260314,-1.4378474353534036,-1.1605334475127038,-1.0617128723961675,-0.4884709632485854
-120,-1.9420869863631889,-1.2894684342110256,-0.3040493810660816,-1.3931499774703109,-0.3528965593530584,-1.0863735885192187,0.06022896143233652
-112,-1.9482521459396578,-0.9580906882117962,-0.029699531808877706,-1.588894033311015,0.04783930916052604,-1.437788163036363,0.25289042001733425
-104,-1.7571318621373078,-0.8810261526933083,-0.3888204850574845,-1.5426552436863776,-0.33902492865792716,-1.380760385338058,-0.31892883490420826
-96,-1.1945603794458075,-0.9072280510495874,-0.4843805549363801,-1.1126348557189487,-0.6765678564197994,-0.7596197279727357,-0.6241046048955524
-88,-0.27595048562711116,-0.2460138911238087,0.1737510107139234,-0.19864884453833606,-0.17256538763514945,-0.3049386816656487,-0.11239575837285108
-80,0.8122015065680712,0.9053310961295397,1.0877370738830323,0.9511548975657705,1.0681744998209497,0.10658623618193158,0.49179063743123647
-72,1.4194704506196019,1.634362138221915,1.4299038832895778,1.4258727200711376,1.5505988273865132,0.6121298809082081,0.8031316241201681
-64,1.048019179377036,1.114946757830106,0.828800047653863,0.7708237741938508,0.7907420003261318,0.29462385567335003,0.4409280335482879
-56,0.229593164894061,0.2656950203017291,0.22923750253314665,0.234454288206294,0.23433561859986732,-0.5515453511578404,0.046357299444767415
-48,-0.500979136917581,-0.34157398683138435,-0.15300284188527333,-0.10925386370374596,0.1988859531461685,-1.2774937895373397,-0.482305756153969
-40,-1.5089839759736494,-1.075228909409454,-0.9637223791235532,-1.1295890325091336,-0.5008605651875847,-1.6474038239090874,-1.2914840085065775
-32,-1.7787100108069738,-1.6701675119563058,-1.7081662866294889,-2.0651532067638687,-1.1774876699997832,-1.320649934388124,-1.56583395991952
-24,-0.9726144984300835,-1.3017988348236453,-1.10243862100646,-1.2374795919109105,-0.6457419979393992,-0.4374897143015494,-0.6857562605960251
-16,0.004564582148932771,-0.242931306285736,0.14292514594192174,0.24370195397581784,0.36380417434833,0.43950528213356316,0.45942352866897196
-8,0.2650428891245625,0.2626123679117261,0.5112938495655346,0.06645344143621945,0.5687959762592603,0.7076900883744928,0.602763674879431
0,0.0985833883349203,0.23795171487025732,0.2970543247639623,-0.8182481050937097,0.21738141051724405,0.4071381518473992,0.16657813130917723
8,0.17873056332907108,0.32426406649442835,0.42189898413215937,-0.41751224452741126,0.45936419819919483,0.4687898587085243,0.31454208598305006
16,0.6411180721452603,0.688008961820195,0.7517354416032123,0.53963000124209,1.0558441766943685,0.7585526836478812,0.7121954107195396
24,1.1620747675562004,1.0101389595968095,0.6299734452213996,1.0467150369834188,1.1683584475364437,0.8957277022365833,0.504120924629462
32,1.7123160042760215,1.2968191636041697,0.5282481233788352,1.4582399091341045,1.0543028424692964,1.0960955874023277,0.11879804802373956
40,2.3627410173479824,2.082878069987154,1.1678842344727272,1.9052144629641996,1.4843232809351037,2.0362836399903665,0.8185445693377247
48,2.748064094291539,3.0446441369688406,2.126567832183124,1.5306805575441618,2.290418915832655,2.714452087637196,2.076238650140855
56,2.2070706758297924,2.7240554419592913,2.3022749709267902,0.5935752634755063,2.3659422303748947,1.8836956289970987,2.271982672371162
64,0.796788525587728,1.0394235124954805,1.1709667861971076,-0.2803372507739782,1.465827828199945,0.17902699552285395,1.1591700026303793
72,-0.7583748582272958,-0.4679599007862243,-0.10522283111882023,-1.7229864092782528,0.1680600799301751,-0.7611611014375317,0.33149635400145466
80,-2.4106396130325956,-1.4944602680766688,-0.7417763388309726,-3.6126101489314135,-0.782916962387216,-1.7013490305115004,-0.04612020943791412
88,-4.6378063673710725,-3.0203391410474087,-1.446146719769025,-5.536142327598271,-1.4256357055061901,-3.641835550046883,-0.9601062712824752
96,-6.999065405455156,-4.913045540872292,-2.4048301711169064,-7.351784192566943,-1.8849406707108523,-5.613147650073229,-1.6213204118367448
104,-8.182777578294534,-5.796205817252143,-2.8564286915282935,-8.117806220927045,-2.1854925064067547,-6.3730045806138955,-1.6983850077877187
112,-7.708059638566693,-5.877894201136042,-3.082998676547129,-7.609179900300044,-2.712614328446041,-6.009259705487478,-2.1808093994282762
120,-6.647650929947948,-5.378515700422799,-3.119989641953229,-6.781506216405041,-2.823587355960128,-5.2355311950811965,-2.4489941473891084
128,-4.998468646069623,-4.020637589451085,-2.0118008442541466,-5.405132570741777,-1.7231049427874066,-3.8098363057543065,-1.2791535966353027
136,-2.17482207449965,-1.3989001894226438,0.173751013528588,-2.800349380451644,0.21584013324772178,-1.6134954509572086,0.8339574814415902
144,0.8122015885244581,1.668270565976952,2.0741638445701365,0.1543070445012328,1.8711875689208,0.6260015473661261,2.046954102043668
152,2.9792578438981474,4.202154416584562,3.04671900890067,1.7772873222382157,2.9315963099909648,2.460138842387078,2.46310287918418
160,4.357172642157884,5.68487704999936,3.869768757010117,2.355271726636551,3.512663361812249,4.047669396555832,3.397125822031856
168,5.315856133573331,6.529504979229892,4.315202116023782,3.0473117591160497,3.632884109402313,5.106536905887799,4.172395518479439
176,6.232924969004007,7.196884303864763,4.222724617571912,3.7809667523918504,3.631342857630334,5.513437873214229,3.814815797796872
184,6.644449758039325,7.811859822184104,3.952998570983226,3.9505089032535383,3.546571807945384,5.516520528750031,3.0472525170025166
192,5.9000057737096245,7.301692119151611,3.2779127507255623,3.326285516343311,2.749723906369291,4.878425766120099,2.4276531681991544
200,4.461980637583214,5.8621256108849495,2.2514123935347943,2.2227206590657067,1.8943069143937186,3.72553945970841,2.287395590104355
208,3.458599546392505,4.667624463548519,1.8537591345289834,1.1345686749833783,1.8187836336274428,2.8315901965794406,2.238074285511533
216,2.9900468594561787,3.9123914391566563,1.662638984009241,0.3253903516019007,1.7894991462938807,2.46168017876454,1.9390636454599035
224,2.538448236557919,3.4176367531984297,1.117021566845922,-0.07534546840012506,1.4041761200142726,2.517166668265803,1.5706949714730447
232,2.207070619867654,3.217268820017831,0.853460729173106,-0.349695345638399,1.0835873915598941,2.457056261025942,1.5090432806720606
240,1.5859299947881806,2.8257807734048264,0.6839186293065049,-0.8999365768944602,0.9864860265300823,1.5461528055433544,1.0034995428963103
248,0.9077616343959268,2.411173165748771,0.5667803942010962,-1.701408388427435,1.0188531773467353,0.6506623201135909,0.604305006455407
256,1.117377267287582,2.4651184402342534,0.8149283555328337,-1.6782889315269442,1.256212142657521,0.7909198391004512,0.8879026436716576
264,2.214777053898981,3.277379193812863,1.2172055915507496,-0.7565964780365808,1.638452517043831,1.5415289108187724,1.4628044998225496
272,2.7203207981319,3.6842802629638944,1.4437754672944045,-0.46837496050020627,1.7972055866168097,1.7665575182336017,1.6677963434567311
280,2.1145931189322575,2.881267219361586,0.8288000120566442,-1.4409300385695745,1.2315514175937725,1.2702616281871115,0.9588020871656069
288,1.422552960620731,1.7068029134574088,-0.23777392054470203,-1.9911711782662782,0.42391451254614376,0.798626204420869,-0.015294327612361177
296,1.3038736651404794,1.1627268356517846,-0.566068977894437,-1.770766495212785,0.046298029738613425,0.6814881486261,-0.19870810188416735
304,1.1451204843054983,0.7203760503831073,-0.6046013315009257,-1.9403086040200832,0.012389600493459559,0.5951757971674968,0.0941373365366051
312,0.5779252006011644,-0.10575629597545723,-0.7972628351205431,-2.6138530799529995,0.07712385841669192,0.1759444277383322,0.45171706731884914
320,0.13557436334399073,-0.8209157694608744,-0.8311712814192489,-2.8758727218159743,0.010848306004817588,-0.0706624002028733,0.5935159018215461
328,-0.02471997571679242,-1.1399631044166723,-1.1101451162981169,-2.79726679147436,-0.2357583565334989,-0.31418648518812947,-0.07694604540100461
336,-0.6967232848143474,-1.6886630362170378,-1.7682766592655428,-3.2519478818226566,-0.5902555157231473,-1.1403188923103171,-0.9708953019072357
344,-1.8064533291527856,-2.3051797761749007,-1.9655620165487637,-4.350889042064419,-0.6981459287624076,-2.401095516393837,-1.178969687828396
352,-2.732769688626385,-2.7876040903294195,-1.9979291059395192,-4.908836633508277,-0.5995032631179209,-3.472293343388627,-1.2005477426207474
360,-3.227524433030277,-3.189881302008772,-1.973268466474664,-4.825606852979996,-0.493154133970921,-3.925433161600023,-1.5704577971918456
368,-3.0317803619572747,-2.861586086375592,-1.7312856564409713,-4.7654964048447255,-0.10320725502111976,-3.483082389411254,-1.4656499446520943
376,-2.347446697943995,-2.0770685695175435,-1.1779619075676315,-4.976653439678952,0.14956454292067092,-2.2515901955401794,-1.1204006211052087
384,-1.8095358881621795,-1.4374324306081503,-0.8697035606855,-4.780909371255045,0.0031418612115403496,-1.6843948961068418,-0.6950040697478332
392,-1.6168743765952749,-1.326459441174809,-0.9483094244685943,-4.474192265548512,-0.06467500969640201,-1.992653246134774,-0.4314431444893026
400,-1.260835927884039,-1.1307154427863597,-1.0962734132495706,-4.17980563098676,0.2774917851401191,-1.7167619888089665,-0.2079558105359221
408,-0.47631845341151546,-0.5743089897000894,-0.28709523656174646,-3.2365348629271353,1.0990003157502568,-0.7549958208305201,0.42859764204193396
416,-0.05554573932646676,-0.14891250125872837,0.5220829164497873,-2.4073199353730064,1.5166904213209433,-0.2941496210729972,1.1237203151560746
424,-0.41004294338516667,-0.43251022572955555,0.20303556891078633,-2.644678896544581,1.1390739580504918,-0.944574773056894,0.727608281927995
432,-0.9371646937333111,-0.763887879672723,-0.05744272068015517,-3.003799916682844,0.8046136305245578,-1.5842109336557557,0.4547996481832788
440,-0.7044296408629314,-0.3739411676159271,0.6561753541740595,-2.744862901381193,1.5074426658133158,-1.4223752479522656,1.3210056884994361
448,-0.4501165706186722,-0.12116920874159545,1.0846544945087189,-2.848129545362331,1.9328391888584844,-1.1757685352467064,1.5968969050954043
456,-1.0697158179285693,-0.6051348975198901,0.389531886959687,-3.3598382647284577,1.3641025133112556,-1.7105967863502665,0.38235893834732526
464,-1.8619397954744659,-1.220110336035235,-0.4997935087634968,-3.717418101308946,0.5965392404641859,-2.809537807017819,-0.5100490203588948
472,-2.199482761813788,-1.4066066234539716,-0.7448589347621316,-4.001015706404916,0.1880968913945377,-3.4707520137994714,-0.2973507243152868
480,-1.96058248611979,-1.1122199251483644,-0.5136651369751007,-4.206007550535801,0.2035097740272171,-3.4630455464888836,-0.06769829486043015
488,-1.4211303392982375,-0.4895380075670716,-0.14067248547943256,-3.896207884660898,0.5456765695260121,-2.8973915501537477,0.0324857073270867
496,-1.0558441966708392,0.13930907902809295,0.4249815747651278,-3.9455292321359496,0.6581908762964427,-2.3502329257563646,0.7738470157560629
504,-0.698264498174445,0.9823956314824582,1.1370583872509814,-4.19830115889,1.1159544983353373,-1.8724325285125998,1.5444929573844133
512,0.25733646088813156,2.015061239477915,2.1573935870176704,-3.2519479492090193,2.1501613433671816,-1.4285404413046994,2.251945934088057
520,1.3069561163648071,3.0615984457170864,3.1083706134404894,-1.7599774241893211,3.2460198975781087,-1.1927227304149892,2.703544449532389
528,1.7909218544825027,3.698151866009093,3.524519427999472,-1.2066536258110125,3.5388652994082515,-1.1310710588199453,2.8299303580234714
536,2.0282808310519425,3.7166473987138167,3.499858809561811,-1.138836787023351,3.2907172951942822,-0.8274366217291247,2.9409033964650764
544,2.176244683735646,3.471581980331331,3.3503534274478244,-0.741183492420321,3.1735791744966786,-0.3218928967021467,3.1135280414333213
552,2.342704255719725,3.4006825962764586,3.2285913866936657,-0.7550552254367586,3.1088448970363687,-0.06295586517478682,3.065748037620743
560,2.222483457465712,3.3652328187329146,3.0575079855501146,-1.2236078534307138,2.8437426610634886,-0.11998361605100125,2.6495992222339173
568,1.7909218114347034,2.813450409217268,2.8309380833155067,-1.2837182891483492,2.4584197674042145,-0.4128290443720977,2.2920194669475418
576,1.445672419673612,2.2894111920498363,2.727671624771042,-1.092598054188694,2.5000345960768873,-0.6656009702983066,2.068532194088922
584,1.05418430832334,1.8701798264287464,2.7122586540559426,-1.68445412256142,2.7836323038253017,-1.0308871682255698,2.0392476738072363
592,0.6133749281430348,1.9580333727037798,2.8787181757072102,-2.4304392896210536,2.8699446473366175,-1.5857521463535793,2.3151389198743897
600,0.465410892506186,2.41117321525374,3.12532486572989,-2.344126888988619,2.7743845446751676,-1.531806980481005,2.5817823607633774
608,0.9694133410914842,2.930588531239419,3.0282234502016983,-1.763059968297553,2.5755579336331444,-0.8243540383811686,2.1779639261209565
616,1.8494909268350173,3.272755404886526,2.9172504968622808,-1.2236078241250965,2.4676674469159203,0.26842193314407653,2.196459396406372
624,2.618595663050556,3.5717659086753155,3.242463045204297,-0.6147976609185722,2.703485128500013,0.8494888611201544,2.8052697332942085
632,2.5230354833997715,3.339030947860999,3.2594172198420917,-0.4791639427789765,2.779008418206985,0.2514677205911052,2.846884596073985
640,1.8633624777261515,2.949084012452354,3.208554584666705,-0.6147975569415802,2.9208073118176205,-0.40820523541197845,2.780609043165405
648,1.8849406386478842,3.223433920155224,3.641657562604827,-0.23563983593868387,3.3431212947282005,-0.04754300770851303,3.2846114920818406
656,2.740357714235528,3.776757727805366,4.023898028716064,0.6244010956305213,3.5481130794200113,0.7739655752212572,3.750081513713823
664,2.928395223623921,3.8676940657134744,4.036228390585663,0.51188679647624,3.4309748883558124,0.9034341260026663,3.565126565487212
672,2.325750146150334,3.4607930356366,3.880557838133257,-0.15395134989904505,3.4741310911555563,0.718479157079998,3.224501110670658
680,1.9018949326605372,3.0431028034060428,3.450537375328887,-0.1462448986485982,3.3107541298382306,0.5828454768555795,2.8977472391966574
688,1.2422220293082233,2.3911363782918342,2.840185883361049,-0.6687428665275763,2.7790084344326953,0.342403922401942,2.52321328642404
696,0.16948281146394856,1.7592067424558153,2.8124425953142653,-2.4551000285925513,2.4877042671554124,-0.058331975913964565,2.828389075455759
704,-0.8030722785263489,1.6112427308263935,3.2023894186330653,-3.859216873226767,2.364400913037806,-0.6209035008254211,3.679182169726516
712,-1.7586731801366702,1.2582869182794516,3.0482602465993316,-4.526596291407815,1.948252105763835,-1.9094233349729808,3.83485261406272
720,-2.6819070824254774,0.2225387915077374,2.2313755473010555,-5.112287086458542,1.179147531805385,-2.9944928194849916,3.259950788045287
728,-2.916183374650203,-0.6590801488257887,1.1863797382029706,-5.209388614904422,0.6412366966915948,-3.1409155889454046,2.2504046255260968
736,-2.498493403521103,-0.5866393677953988,0.7039553957362455,-4.699220908229422,0.7522096695680904,-2.783335974061081,1.2793907878044837
744,-2.180987114370123,-0.2722158754101171,0.8765801304425946,-4.187512028261892,1.1560281889815616,-2.639995834970066,1.1607113734460797
752,-1.7972054845693268,0.4306131451430483,1.5408768086479256,-3.5555824167644365,1.689315115131883,-2.337902568191544,1.7587325404660825
760,-1.0034401936599844,1.130359708014716,1.984768898504921,-2.7911015875255445,1.918967582336348,-1.6874774865742421,2.238074255874779
768,-0.5271811318002705,1.3800489938029872,1.980145029443451,-2.9698914751856242,1.7586732442689752,-1.3268150913154975,2.461561620292756
776,-1.0419726219378476,0.7003392819665437,1.536253014920104,-3.82376718823599,1.3779741901999867,-2.028102937251584,2.137890343756503
784,-2.4075570407777263,-0.37085848078768496,0.9644336929433367,-4.606743401167994,0.9988163658823724,-3.5092843213779297,1.3657031102886057
792,-3.5835628630322782,-0.9688797668514092,0.7209096046467116,-5.354269965368713,1.0342660977290226,-4.460261500786002,1.1252615907699126
800,-3.88565601805209,-1.0798528110879109,0.6808360140038356,-5.687188924562472,0.9572014822409699,-4.602060254160154,1.06669250417851
808,-3.483378857367822,-1.0089534310066808,0.5945237266202261,-5.0167270533358455,0.6859341093744986,-4.156626915014706,0.6135526922587147
816,-2.8946053673759997,-0.69298848386249,0.6484689363684413,-3.7528677442453353,0.6967231711261291,-3.6911568957006833,0.8586180657721484
824,-2.8838161932033866,-0.5311528870692624,1.0969847631632759,-3.84688650556227,0.7953658438900603,-3.5246972579859275,1.1684178089675237
832,-3.0995972427993252,-0.6267130412225034,0.9613511322782587,-4.535843982840451,0.4871075129024999,-3.247264680508366,0.8216271147705041
840,-2.957798373361683,-1.0937243121429383,0.27855880712596814,-4.10890614593513,-0.08317045945132896,-3.131667891386738,0.07564186707903123
848,-2.6865309884087147,-1.344954979012155,-0.12063576143521529,-3.3983706439980583,-0.308199046335669,-2.775629470987708,0.2744684968302903
856,-2.4060159641771746,-1.2725142344068259,0.15371424246292914,-3.5494172313592873,0.06171096419421992,-1.7506702587772642,1.3009688159403128
864,-2.005279922975689,-1.1553760302627185,0.27393495213781704,-3.5802430294072,0.07866518982709979,-0.8736754214534391,1.4412264379107553
872,-1.8049119487341139,-1.238605821884086,-0.22236095761132021,-3.0284605306501566,-0.2650428900606612,-0.753454566575014,0.4794603527165369
880,-1.8973894483449623,-1.2124038177295624,-0.32254494920245586,-2.5876510930175964,0.09561934559009018,-1.1726859873304,0.22052329055901282
888,-1.624580905662898,-0.6236303851899936,0.4203576757357676,-2.165337257794081,0.7830355835139235,-1.2281724968654475,0.8247096747733076
896,-0.41004284834887217,0.56932945093538,1.0122137465920207,-0.8120829819423017,1.1174958467992957,-0.630151185138613,1.3749508702665818
904,1.279213015244812,1.9888591543604162,1.3929128596033806,1.0914125226820124,1.34714833983244,0.25300890828809225,1.5013367832280111
912,2.5492374698384714,2.9598730679123832,1.8059790346866995,2.276665963519078,1.475075563839358,1.1438757753270314,1.348748936644222
920,3.1611301375823664,3.2881682199672757,1.8722545753432138,2.486281537137225,1.5660117899887587,1.8944847601219117,1.70170476690699
928,3.3383788128757588,3.363691509674248,1.9539430670121798,2.3583543821723536,1.6754435321204684,2.40311110591532,1.7494846823060106
936,3.558783458179644,3.339030884779417,2.0371727680675997,2.279748516071301,1.6831499840331894,3.0473709918622287,1.7232828081227267
944,4.088987921681415,3.525527164085299,2.559670727668155,2.4462079961648864,1.9837018462200453,3.7286220283207716,2.5802410657780297
