-240,0.03936100232428082,0.13681079149597122,-0.081607438395826,-0.32996831654192327,-0.49536077523811617,0.5707618947458133,0.6728392069986796
-232,0.5064668045488876,0.5982547392381512,0.3034010116695142,-0.1742664069475335,-0.29577924248000687,1.100148478993675,1.0083060822562204
-224,0.8079623503777166,0.7836815528454645,0.4704267138577237,0.2475442729504367,-0.12450710058305842,1.478079459549541,0.841280354979321
-216,0.9962201858790275,0.937968002202419,0.6671773199068041,0.6580311573655864,0.38930927401809146,1.4865722998894833,0.6473607163893838
-208,1.0004665583804884,1.0044952142030423,0.8101400216775279,0.7670225420238646,0.7545010592186102,1.3337013157877011,0.5185527413720892
-200,0.9240310959798673,0.8134064472790696,0.6799165623984773,0.7387131085879568,0.5648278170024023,1.1921541216948435,0.35294252101279294
-192,0.9084608890701034,0.7129079432546911,0.4959051857645416,0.7217274227382804,0.33410585932492065,0.9699250390253136,0.1675156567719425
-184,0.6621687381675984,0.41707429387482436,0.22696550593388343,0.23338961005912606,0.22652997747882372,0.4957419112851055,0.007567330276713513
-176,-0.06538397121115955,-0.0033209428156095824,-0.11416325391251203,-0.5875842366221374,0.08922920393606926,-0.07186244468510233,-0.2047534600262832
-168,-0.7844437476499019,-0.4930742683424211,-0.3491316318359909,-1.0079794375801954,0.0750744666910059,-0.45545537673299524,-0.3420542645877816
-160,-0.9755324583143885,-0.7478592264373873,-0.32648408070814844,-0.8862488517885686,0.12744692852208905,-0.4667791191494352,-0.5572060418126629
-152,-0.6938535578876407,-0.5029825751539582,-0.4269825876215282,-0.7800884321565908,-0.0933667297944357,-0.2233179398114957,-0.5784381185621725
-144,-0.5862776723922792,-0.41663871683893805,-0.48077056336463697,-0.8423692420054834,-0.4189253066033359,-0.09026356629173461,-0.35762447636323036
-136,-0.4532232839713569,-0.3458651674610198,-0.25287955337945295,-0.7036529131923781,-0.3736302035873877,-0.19642395627344236,-0.13114892190184854
-128,-0.327246283103523,-0.0528624797622956,0.011813740112951833,-0.22946978317137964,-0.12309162027467185,-0.4257304295371147,0.2014870283192427
-120,-0.3951889466745793,0.19767613837048056,0.16751570687914377,-0.03838105197978358,0.09347560076595664,-0.5616158295124536,0.4251315903848439
-112,-0.5961859674957616,0.19201422595598824,0.11797415746413928,-0.4290513536385504,0.2279454463832605,-0.9268075382304807,0.3373723282439276
-104,-0.7816127698511772,0.06886814100144438,0.051446956867466274,-0.6795899193131572,0.28597983370536534,-1.3160624307415076,0.15336095313051817
-96,-0.4900254982946152,0.08443835657820989,0.06135525060247386,-0.3837562945658223,0.27607148948887267,-0.8631112997711083,0.07692547385205081
-88,0.019544389461470003,0.1792749953244227,0.1434526571965947,0.09891972171502365,0.21662165394149357,-0.14405151451331114,0.147699071886822
-80,0.27291385006609864,0.19767612498984613,0.3656817547672866,0.5263923046002208,0.29588810797763215,0.21547837636698164,0.38549838138501535
-72,0.06908595347353015,-0.023137547923734486,0.6855784588474403,0.6566157305797377,0.5775670409436502,-0.16952998444344405,0.5482776923692863
-64,-0.3640485135443634,-0.18591684126989597,0.6586845016144978,0.19941820506024022,0.48131494378463446,-0.7088248666837883,0.4307934850091743
-56,-0.4022662600259671,-0.15194549541949653,0.12646699932460886,-0.17143543751170542,-0.026839521138971284,-0.5191516269004232,0.055693361218112164
-48,0.6013034156215152,0.24297121964289767,-0.1665357178723326,0.4542032163736396,-0.2887018620733937,0.5042347421977829,-0.05754439654983746
-40,1.4803116251444048,0.5274811700933865,-0.1736130853544693,1.360105361842098,-0.43308000127365315,1.0463605423281015,-0.12548705616752456
-32,0.9565869283743988,0.06179080119289278,-0.459538447233487,1.0826728101965948,-0.634077068927056,0.6019022869738622,-0.29817465374032753
-24,0.06767045248598091,-0.6190512421448799,-0.6930913583812668,0.1909253730831939,-0.887446557965533,0.16169046798320347,-0.44963014095998205
-16,-0.1559740917894584,-0.8412803365224665,-0.6902604284791319,-0.1884211180395384,-0.7742087997414253,0.2678508787961266,-0.5119109073218125
-8,0.10871912598071891,-0.316140231669089,-0.4694467513080761,-0.10207733529469283,-0.5732117577849225,0.34994824083881637,-0.19484517723906764
0,0.10164182160043847,0.24014021675548314,-0.14105726375567665,-0.2535328039639225,-0.5873664676605062,0.11356441833932697,0.13637530286116528
8,0.050684837644899325,0.39442669454628665,-0.08585382868744856,-0.212484139440292,-0.6510627204128296,0.07251572188463627,0.27226060856385176
16,0.7371888048011148,1.1078246628786652,0.2750915628762882,0.6877561392294742,-0.0806274465526477,0.8397015972323189,0.3982376228123202
24,1.8950449488121355,2.119887215510783,0.6063120102851974,1.75502203052843,0.6794810280133642,1.963586440704634,0.41805424206134284
32,2.625428498686061,3.1418580424151665,1.4980594823707123,2.601474425142845,1.7340077429635556,2.8779813869793425,1.117297477710238
40,3.1958638040211462,5.0074503080308235,3.1853021852368006,3.2072964558258,3.3561387576244677,3.2205256104083317,2.5808955832345046
48,3.7181730186581334,6.073300749736029,4.058648419091288,3.449342129310504,4.090768761652137,3.350749069991489,3.406115817470445
56,2.4017839267370373,3.9600009594984003,2.88805303745428,2.120213837320427,2.7602250200683125,2.3556722173499445,2.8172794256528935
64,-1.3265695701319622,0.400088627944047,1.383406207953789,-1.487824486401898,0.9102029981591638,-1.0018275761260438,1.8844833148927007
72,-5.5729858058927295,-2.0628328152421975,0.25669041678917653,-5.6931919942330715,-0.3170113064570929,-4.914192419370499,0.9559336389755619
80,-8.63606731686595,-4.295032254983111,-1.3017443557630999,-8.938869496868865,-1.5329018274506365,-7.432317302794762,-0.4071659728639072
88,-10.72105772871074,-7.189672704493651,-2.797898345075699,-10.774736818937905,-2.5690273818687137,-9.089835004638326,-1.8622712935474548
96,-10.810232502634946,-8.105483140808117,-3.214047132021919,-10.360003499375594,-2.6114915309582067,-9.674425055429317,-2.3775031253449863
104,-8.26946009666874,-6.290847913430805,-2.768173417798718,-7.892835708016317,-2.191096327415254,-7.9631192612182495,-2.084500408908309
112,-5.071908682450254,-4.0260926010014035,-1.985417383437863,-5.204854184138809,-1.9037555154863297,-5.142083443800687,-1.3739334259772882
120,-2.8765114999114525,-2.168993227423594,-0.9280597261172168,-3.092969858396089,-1.3234119726757236,-3.1278666911158406,-0.3137448238533464
128,-0.5961859028733782,-0.12646697744072133,0.1250515273791188,-0.6569423995081635,-0.5378249243276085,-1.323139755040688,0.3656817916342094
136,2.308362760240419,1.9344603503576159,0.8526041578425435,1.989990397200012,0.15009448512382742,1.1411971418447269,0.7167188558592996
144,4.7571294874689745,3.9529235524825688,1.9283629468052967,4.370814459945196,0.9554980769987387,3.4413393155570775,1.6325292842670271
152,6.148538540499035,5.565146274168739,2.984305118647766,5.477713655428949,1.8302598348007286,4.771883053339585,2.6913023984799485
160,6.458526930469122,6.322423787813872,3.4443335263248596,5.479129082670957,2.0397497020439603,5.015344264456531,3.2362591566421455
168,5.8229799481807625,6.393197401510068,3.3268493551532825,5.242745234626619,2.150156529757722,4.502943359215975,3.5051988369289626
176,5.057209521058357,5.691123328559109,3.073479887402179,4.8478285253422255,2.454483011722845,3.9027831567103397,3.329680315840235
184,4.597181158540903,4.8984588960030635,2.9630730212190928,4.546332970998447,2.6101849324170794,3.60553406883657,2.876729287353331
192,4.607089423537957,4.720109430871304,3.006952703683352,4.186803029940775,2.857892597079558,3.4342619445777296,2.54126237955652
200,4.778361587026383,5.030097821905761,3.1230213896808565,4.004207171628392,3.241485517571448,3.643751789621272,2.500213632164187
208,5.181771055910754,5.543914161686852,3.299955422552872,4.220774353743538,3.3731244317660902,4.232588244692732,2.297801164182099
216,5.677186320157169,5.761896905914723,3.2631530922134306,4.751576438370738,3.3773708290521345,4.6147656711914955,2.0401852124749302
224,5.505914159709794,5.420768134512325,2.95741115213961,4.704865875877618,3.148064346969407,4.0924564386122935,1.86042029303579
232,4.210757238354704,4.3166999247340305,2.2128728487509846,3.7041270971368423,2.4106033684881747,2.788806665057151,1.4485179184288304
240,2.907107443056031,2.973416869801992,1.5872341678002662,2.3410275318254854,1.8189360513300683,1.615380310030944,1.0592631136521913
248,2.3706435862068935,2.517634843597466,1.5801568292081358,1.7819160303361192,1.915188132219449,1.1978160038508556,1.272999352940725
256,2.4003684602654425,2.7653425079558382,1.8802369295486387,1.786162473998228,1.9703916165527406,1.4922342445391412,1.7585063267972907
264,2.8533195513980445,2.9507693335753116,1.945348636304238,2.253268231671403,1.7028673419164526,1.9607555311775569,1.9495950535793598
272,3.4039380916656006,2.9748323817373343,2.0840648893951155,3.128029982022815,1.6363401706659442,2.4406005319506177,2.3558354926598226
280,3.443571339742964,2.9351991430872357,2.1746550896490113,3.3898923553444544,1.753824329825361,2.3853970733142265,2.8002937385867956
288,2.97363461491475,2.5785002181455603,2.2638298320983137,2.7685000724400424,1.9434976287572123,1.8645033687879473,2.982889658784613
296,2.5504085366647797,2.1595204394117715,2.2128728835710465,2.247606354685182,2.0680591543343976,1.445523633845326,2.965903974151358
304,2.7754685211067023,1.9769245222550071,1.8151251811306093,2.4259558625437405,1.8118587182118344,1.6436897395134817,2.7266891767421457
312,3.1774626472903487,1.5352972491090204,1.365005051527096,2.8293653881437555,1.375893310191961,2.0187898222503238,2.3147868322416123
320,3.153399606883011,1.2083231880383647,1.2998933423386538,3.0926432147084086,1.0319335917054768,2.072577771536269,2.3105404191420904
328,2.9255085701365586,1.174351826678593,1.4032227867568026,3.2624998404125427,0.968237364954159,1.874411706466175,2.47331970321304
336,2.7896232562230274,1.3399620821620544,1.3961454384333012,3.133691898998886,1.1791426986689848,1.6408588041374503,2.202964536383677
344,2.8504885459257348,1.2422945200519717,1.4499333890877208,2.8237034203820937,1.5004548559921504,1.9324459791405704,1.9439331601714498
352,2.9509870356571644,1.089423543096665,1.445687027381999,2.8279499017532626,1.5004548477813064,2.5863941686412133,1.844850101635397
360,3.0981961759202057,0.9294751604940023,1.2022257431277206,2.8137951921817845,1.2357615839391716,2.7718209348080967,1.60280434984357
368,3.277961195409999,0.8558706342296756,0.8993147551557241,3.061502815181832,0.6610799003246255,2.839763635023844,1.3876525939060618
376,3.6120125225436657,0.9393835307115007,0.6728392314089807,3.488975343023965,0.2973035867654922,3.1242735509583768,1.314048080870317
384,3.6842015864418203,1.0568676824203376,0.5426158031486737,3.7097889765559064,0.223699046056162,3.362072872468731,1.270168406616902
392,3.263806413765559,0.967692945140825,0.388329325509923,3.2412677721779826,0.18406578551048022,3.1964626601682258,0.8285411536939199
400,3.10244260057573,0.9337215980740041,0.5610169062048805,2.9935600953512917,0.5322719479631779,3.052084468053639,0.6912403620568979
408,3.6516457674279232,1.4673545922282816,1.0125525238714657,3.300717584309251,1.3164434751007403,3.407367953741148,1.029538199603792
416,4.26029880267087,1.8566094382111933,1.4612572040332823,3.803210146701788,1.6915435855111676,4.068393412954064,1.437194150011384
424,4.931232544671002,2.2557725528404227,1.5037213368531392,4.314195617857967,1.4721454079591874,4.9700490659515095,1.573079458755124
432,5.437971510583739,2.548775269581206,1.5759104243194564,4.656739819239319,1.4367586023275107,5.749974209183659,1.7868157822808342
440,5.132229625096828,2.4723397300898835,1.7358587556803713,4.566149658823222,1.6632341426479949,5.437154904212597,2.0175376777687752
448,4.416000677445201,2.1496121357933404,1.6396066764635693,4.116029449392061,1.8090277686949054,4.279298726293832,1.8278644241486184
456,3.9559722807158955,1.8934117081857265,1.1456069303866545,3.8244422222348757,1.5485808936238663,3.4554939626349097,1.219211420532626
464,3.7040181970238426,1.6853372970745084,0.688409398480946,3.639015404065983,1.1904664787944856,3.22901850807213,0.8412803568039526
472,3.788946596165795,1.6273029132496155,0.5680942613707515,3.886722986011809,1.0432573586023959,3.4286000504095564,0.967257411650483
480,4.231989370299331,1.8198071867870853,0.7945698071651314,4.546332996847399,1.0828905820472274,3.9721413711422184,1.4216239584589396
488,4.5844418666321145,2.165182318070573,1.0422774207379137,4.900201026402896,1.051750161081225,4.149075348971169,1.4923975566457635
496,4.618413151965552,2.4864944554748396,1.0054751741794907,4.934172304133701,1.169234380453498,3.9310926214690953,1.3466039175223241
504,4.311255827376523,2.4610159695791767,0.8356185198894569,4.604367359993131,1.268317454803028,3.393213257702357,1.1710853552273246
512,3.665800492660826,2.204815550638564,0.7450282697622876,4.06365706130652,1.0814750774104147,2.9445085766282237,1.1031426934809012
520,3.5001902843136903,2.050529098848767,0.5298765519899982,3.851336205316772,0.5860599115420735,3.1610758127220664,1.0153834457849877
528,3.9319092764970947,2.0830848730071283,0.4987361337609437,4.133015145125161,0.33410584077449557,3.7683132744483436,1.0436929075026908
536,4.199433470697522,2.1071479482345246,0.7181343304715592,4.33118129610501,0.4062949530253979,3.946662798728589,1.256013717116376
544,3.8611356071496226,2.3123913952317583,1.2588446600248615,4.041009480224303,1.016363399544822,3.4342618995701404,1.6650851303462983
552,3.3713822530369097,2.3407008615110416,1.6707470551589323,3.4550039877463012,1.705698322604178,2.84967199718255,1.8335263154277903
560,2.994866734239006,2.050529064028706,1.7174575861771502,2.9893136304018095,1.7240994651940778,2.5552537450903157,1.6933945871983165
568,3.1180128172168655,2.0307124788394804,1.7174576009262579,3.1294454148907707,1.7085292382133623,2.7562507768592903,1.7924776288565236
576,3.454895148606419,2.255772539763894,1.996305625277514,3.5215311878868167,1.963314235385864,3.2063709373294937,2.0826493674944766
584,3.33741096253368,2.2911593311026195,2.0557553957463526,3.193141667643092,1.7156066125378688,3.1426746652664796,2.287892857218509
592,2.5716405414933785,2.000987599459089,1.7231194953985354,2.26317657375916,1.169234371178285,2.3967208803530484,2.4067925242078454
600,1.8426725038588976,1.3767643200534756,1.137114063893654,1.3884147519429961,0.6554179897347652,1.7668357750509092,1.9863972916228336
608,1.083979408030092,0.5218192248355183,0.3798364999190887,0.8788448412269582,0.2109597793881148,1.186492272078102,1.254598230421777
616,0.6536758952427606,0.03631231636159846,0.03729226843130839,0.810902184498272,-0.18537237888181612,0.8213004643737895,0.742197354679439
624,0.860334852806861,0.21466177921256818,0.05144699351215864,1.1789248888051862,-0.13724634626783788,0.7717589198244702,0.7889079533610934
632,1.2977157171107994,0.7836815414415143,0.18591683882535756,1.4252171005287577,0.17840394212789765,0.69956988527248,0.7223807282839412
640,1.379813046614219,0.9379679851725209,0.17883946997474653,1.5243000757399496,0.32278207767889305,0.6797532634385619,0.40814592050069715
648,1.2142028609229312,0.8615325256609005,0.03729224668777714,1.6545235219424703,0.4614983452147742,0.3527791430673661,0.04578504543546798
656,1.3840595275292307,1.0243117873801073,0.1123122695301261,1.9418643483163984,0.5662432770877843,0.41364450286635224,0.07409452539949067
664,1.6699848226571279,1.024311865231072,0.28075343271603387,2.3452739070638944,0.5648278132010854,0.9387846446685273,0.31330929954464604
672,1.562409038732948,0.6746901763980301,0.038707742809641225,2.4627580998269503,0.403463987238834,1.1298733890887052,0.079756416982768
680,1.294884709965911,0.7313091165592291,-0.23023199753797785,2.1683398786014063,0.25342396998798444,0.9784178337494562,-0.20899988863517788
688,1.0655782613347708,1.0044952050798823,-0.08868475706905739,1.7168043424350499,0.33976771578403253,0.8028993155497305,-0.2882663321796824
696,0.4965584837485053,0.7171543270080489,-0.20475348868236234,1.0175610731825162,0.1939741269900248,0.3513637071583578,-0.7214007668103585
704,-0.09510875677505659,-0.008982813111513431,-0.702999660479171,0.46694244137925695,-0.24057579661603998,-0.0817707629005895,-1.1630281003212537
712,-0.4560542407868146,-0.48175046845007335,-1.1531197560228865,0.18384802840895734,-0.6100140110336626,-0.4851802666050197,-1.4220594669541624
720,-0.7037617599348921,-0.6020656222860612,-1.232386206713866,-0.10349284282050651,-0.7770397582294613,-0.9848419395414306,-1.3088216781674695
728,-1.284105379532093,-0.6487761665328611,-1.0002487909276874,-0.8763405442167682,-0.7260827415825996,-1.1929163480677536,-0.991755959032516
736,-1.7455492225099858,-0.5780025888731474,-0.5430513031172509,-1.4651769304083702,-0.5208392847019425,-1.1023261475097534,-0.37177917818002293
744,-1.850294248655649,-0.7280426415522675,-0.3024210637169225,-1.7638415642772778,-0.50385360706311,-1.3118159282350186,0.252444051504369
752,-2.1815146384365987,-1.1710853983517997,-0.39867317151962495,-2.2068843540722383,-0.5364094792954403,-1.7548587317147193,0.3005700667843433
760,-2.352786771818598,-1.5291998499779256,-0.6223177527438618,-2.38948021010383,-0.4132633885628948,-1.9020678619422844,0.06418619866905433
768,-2.4108211782993387,-1.5787413893574542,-0.6845985073976371,-2.4008039817143825,-0.3807075620984169,-1.9827497537120633,0.055693413828334225
776,-2.406574766112133,-1.4173775109370332,-0.5373893992177075,-2.198391493205186,-0.4033551056236261,-2.3111392788214706,0.197240602447296
784,-2.185761144288248,-0.8809135946353058,-0.26561878446717646,-1.6690049535087557,-0.2547305039067283,-2.5489386009400348,0.5581859821509246
792,-1.797921750179873,-0.5143063969418895,-0.009418351385666263,-1.3986497276829593,-0.10893690918266674,-2.253104930576901,0.77758415088385
800,-2.095170872265494,-0.7860769817380457,-0.051882500627211274,-1.7341165994432886,-0.2037735236004531,-2.057769758460145,0.7252116589463397
808,-2.7363797578451856,-1.5136296211725786,-0.2613723844441832,-2.164420160127211,-0.35239811923524467,-2.3861593050089787,0.4987361307900681
816,-2.79441410000765,-1.6792398853230421,-0.3307305248264148,-2.123371472035417,-0.1457391806777268,-2.5857408554051973,0.3826674441843523
824,-2.6797608733352645,-1.3678359790080852,-0.006587365071992612,-1.9903170705379645,0.2208681132650264,-2.5489385670322915,0.47608859319491326
832,-2.747703506951945,-0.9870740106180197,0.4152233084397655,-2.014380195030425,0.2633322413712506,-2.598480119792454,0.6034810947461908
840,-2.3683569176031907,-0.5893263899819159,0.19865610792624666,-1.745440427617432,-0.20518901348815782,-2.2715060248140535,0.5043980612988279
848,-1.5417212257147117,-0.5270456125202413,-0.4269825953762141,-1.1665123833615338,-0.9766212947888875,-1.4859190632880102,0.13779078894755334
856,-1.2161627445469378,-0.8186328535142178,-0.8148219286635212,-0.9697617094969649,-1.3715380325071294,-1.0782631154653133,-0.3576244713454926
864,-1.4468846602578833,-1.0040597280946497,-0.5897619303848062,-1.2839964912792026,-1.0445639433067297,-1.3047385733732524,-0.34630070247188843
872,-1.761119428659486,-1.097480864636892,-0.18352140189737687,-1.6109705594963337,-0.6921114191483105,-1.675592276006001,0.020306594968075943
880,-1.7653659063813913,-1.2008102663282416,-0.13681081112246113,-1.7171309801926797,-0.47695962337300407,-1.7845836494123812,0.04295415020134052
888,-1.5997556598690368,-0.9389479933613605,-0.3293150014871237,-1.462346044145349,-0.45997400914013276,-1.6387900028383608,-0.18210593413918338
896,-1.4129133945392394,-0.7506901716968423,-0.3816874671195234,-1.404311686473514,-0.6553091557120415,-1.437792991444444,-0.210415358603983
904,-1.364787268564924,-0.7124724250631858,-0.25429499871572675,-1.5416124137922587,-0.6765412351984995,-1.313231529121168,0.059939802447377816
912,-1.5912628403603093,-0.5114754034817403,-0.05895988605156227,-1.7723343742066882,-0.5618879841976862,-1.3231397618830578,0.382667411645082
920,-1.9677784382255994,-0.5412003365367227,0.07126355817427452,-2.012964671995239,-0.5038536026535827,-1.7067326750764193,0.7846615490806251
928,-2.515566044485598,-0.9757502654646308,-0.14530364431592874,-2.337107686235261,-0.8846156046472875,-2.570170609417898,0.7846615180618818
936,-2.8524484262045817,-1.352265844931548,-0.5260656425083168,-2.572076112207382,-1.3899391452947063,-2.982073038763818,0.443532746051273
944,-2.8878352611824236,-1.7585063130540695,-0.6053320796666095,-2.688144828311314,-1.1846957052918954,-2.766921235842037,0.22979639713276687
