-240,-0.5001788203068921,0.2759081789057006,1.876162917383915,-0.9214088452140711,-0.15211788476905289,-1.14307534584141,0.04058587599559361
-232,-0.8122904398120366,-0.04776311857496211,0.9282683807155697,-1.04856540796248,0.24751715343650224,-1.2471125927300024,-1.202906228649692
-224,-1.1739435735066512,-0.23767231436848854,-0.34494877155638237,-1.1311345565313604,0.09889248793351141,-1.4221592750877912,-1.9641943193030555
-216,-0.660363025062687,-0.1782224380203108,-1.1888059286448442,-0.7744356566023478,-0.40808249194679885,-1.2124335183574386,-2.0913508816966755
-208,0.11248465735233297,-0.05602000224584858,-1.4662386068235065,-0.5135169469311345,-0.6987260631575584,-1.124910160326041,-2.124378558473436
-200,0.02826408457843374,0.1751737566562475,-1.1937602101296414,-0.8768213959103758,-0.6425790364611826,-1.2768374535599687,-2.122727208419433
-192,-0.6289868077925058,0.0661824395600365,-0.5926563735478207,-1.439943455705494,-0.5583583388013607,-1.0076618884236384,-1.2607046994193023
-184,-0.9014651447043317,-0.5167561914608044,-0.29870995321744376,-1.5704027680550519,-0.33707280120651983,-0.4874758595812236,-0.3326268515894157
-176,-0.6686200463919194,-0.9262994747445157,-0.2755905103429661,-1.2070982500692424,-0.1768886482500005,-0.7979361072128077,0.3939821716097795
-168,-0.6950421482188146,-1.0831809600562732,-0.2888016843683881,-0.8157202857017736,-0.4411100819775142,-1.5212423573947442,0.5706802153748363
-160,-1.0748604933284363,-1.6396974425953932,-0.2888016174905573,-1.185630328789517,-0.8440478126631006,-1.7144542513449335,0.1396689444657539
-152,-1.3522930899055012,-1.8956619238228474,-0.13522297455741653,-1.719027340603181,-1.0537735706352163,-1.5839949056451572,-0.2632687445320596
-144,-1.1871545947951712,-1.3143747278281075,0.06624590896834105,-1.755357765739327,-1.111572039985668,-1.148029500666337,-0.5340957283741714
-136,-1.0335758911930157,-0.7776749041477296,-0.031185764744332798,-1.368933902268772,-0.9150573274277617,-0.7186696530753004,-0.5109764364626493
-128,-0.5183440487517977,-0.49528819070821967,-0.27559063327754596,-0.4986544962931464,-0.5319361676131086,-0.2001350553563006,-0.4829028194272148
-120,0.4592752953506871,0.18673349139809392,-0.5365092860050362,0.47401077635995664,-0.16532897275800887,0.7229886429705027,-0.5142790203770771
-112,1.0702875027835588,0.5351754437941011,-0.5794452866232334,0.8554804507683921,0.07081893954985523,1.2844593080081343,-0.31611303031963095
-104,0.7895520943397785,0.26434846846693827,-0.1302687352925757,0.7613516378833919,0.4886191061496627,1.12592638855725,-0.10803856492561086
-96,0.07780560249319453,0.5649003777107149,0.5236792955411114,0.5896076602458743,1.2399988484811102,0.6916123508397252,-0.02051529346286373
-88,0.41964205479993055,1.5689419197880634,1.1280858671777085,0.7349294727265621,1.733762782237632,0.9029894666712146,0.5855426917350663
-80,0.8506533352883306,1.6184834526039846,1.230471728355948,0.886856806406499,1.6396338591904756,1.168862362034046,1.469033209825337
-72,0.6078998838643452,0.5797628528291817,1.1000122813637547,0.687039291383801,1.383669356498253,0.7345483887108255,1.7349060111689365
-64,-0.2854988899477673,-0.26904854778159454,1.1908385018193786,0.04795365832445813,1.083117413372074,-0.12252000466862467,1.8752736395545606
-56,-0.8965110021196439,-0.2327181740899332,1.1214803312546942,-0.21296508576134204,0.4308206666015339,-0.5931645210955172,1.7629795694867008
-48,-0.8155931732702604,0.08434763873480404,0.8605616538693293,0.36667084816720474,-0.19505378817491273,-0.17206155451444488,1.6952727771817873
-40,0.19009971460361635,0.8208649582792441,0.6145054679227507,1.1692434545647314,-0.29413687473933986,0.5512446862655681,0.6846257625113585
-32,0.9811127173540357,0.8852689163657009,0.19009973701676358,1.4334648760520057,-0.1570720271763458,0.8435397563645471,-0.08161654807081362
-24,1.2717562912257163,0.4460007630274955,-0.5067843691183203,1.51273130854735,-0.20000800349145834,1.0747335028490084,-0.43005852068982486
-16,1.3989128908722392,0.3915049854474952,-0.8618319333623072,1.712548837052051,-0.12734716723335346,1.4875795016740692,-0.684371707210447
-8,1.8001992055129659,1.019031074819165,-0.5645828343886923,1.9321829433460809,0.3796277496718116,1.8806089179201433,-1.1252912611601669
0,1.49964728775424,0.8720578427457217,-0.41265549272599017,1.9074121711727896,0.7297212256139124,1.565194514931449,-1.3829071435313196
8,0.7713869315309406,0.07443931844126403,-0.46384835377635736,1.7108974728064663,0.5678855515948256,0.9624393439063658,-0.9485931320682228
16,0.6178081566160851,0.2693026442244489,-0.18476443517366384,1.6200713328880698,0.46054557426372067,0.4736296499468683,-0.24840624617487728
24,0.9794613410456059,1.834814689732788,0.573220815052425,2.0213576844269108,0.782565527721803,0.756016339615478,0.6813229628848835
32,1.7737770776090382,3.197206580602041,1.6251525026387892,3.023747773206495,1.2036684437453637,1.9268476762996487,2.0866508648386257
40,2.1090080605157997,3.5737222286193675,2.602771896057022,3.4745756933950025,1.1607324661884881,2.5114376247338535,3.414363619247147
48,1.9141446930448427,4.911343373569755,3.4664457269053863,3.256592965715534,1.2366961373746281,1.7600578618246114,4.213633532809854
56,1.4583627003425859,5.674282779152955,3.3690140186007316,3.2037486841854377,1.3737609553126962,0.6651902310959584,4.253266769457924
64,-0.7462350894516204,1.5871071821153708,1.3047838994121046,1.6514475913138402,0.13522296203061557,-1.508031280404264,2.1906881158072986
72,-4.787171943897838,-4.62539979031535,-1.5108258686209228,-2.556279040354513,-2.284054701356387,-5.159241493040826,-0.9023543321783397
80,-7.695259322531712,-7.710185326779117,-4.176159824213975,-6.5955645372961476,-4.143513201787084,-8.19778819307139,-4.152278315323666
88,-8.593612276536206,-7.796057299987137,-5.583139120925204,-8.392270416567177,-4.759479506391581,-9.434674894839741,-5.622010066975656
96,-8.780218733194875,-6.882841860220493,-4.897814753434652,-8.912456421283903,-4.110485509754374,-8.998709563834543,-5.131549081857224
104,-8.36572135380391,-5.238063310726717,-2.884777432853432,-8.380710674552144,-2.5185513021049153,-7.477784819505261,-4.109342266454091
112,-7.612690187090045,-3.4908989355336515,-1.0055023963211769,-7.602908851858571,-0.8523047431662079,-6.1253012091931165,-3.197778279985209
120,-6.7523190522696055,-1.5587795505934687,0.7730383084329594,-6.696298956175099,0.3713708420526306,-4.779423116354934,-1.5117151201958507
128,-4.149737716594458,1.9256409428290495,2.739836732089356,-4.121791206846089,1.479449638646546,-1.3891315857160003,0.5013221296048535
136,-0.13852566621187842,6.328230943032728,4.780947481135365,-0.06929463770363324,3.008631268598057,3.0530916266552683,2.420230421234236
144,2.3699267515605626,10.24531396588263,7.035086840288815,2.653837744132939,4.66496947513477,5.442644451209259,4.221890504291155
152,3.6282814021048315,12.641472286091025,9.226473466878682,4.143386202895051,6.065343226875848,6.491273360279128,6.1160280540817515
160,4.802415490696283,12.95688672260733,9.773081670457245,5.26797880993767,6.20736226048525,7.500268964226542,6.96979360756611
168,4.523331541226898,11.40953984150438,8.625369684224873,4.997151869912069,4.775612212001131,6.894211076240948,6.700618043671542
176,2.9165348584589714,9.911734425984733,7.35875800561037,3.3771440054907464,3.406614902998993,4.745760318997143,6.512360241925922
184,2.0066222149483015,9.728430751567851,6.851783164275381,2.3466803209631,2.9723008542829925,2.973825221301326,6.674195900334269
192,2.307174085165227,10.175955836118744,6.706461355342588,2.7892512948603634,3.2200084080230518,2.5163917831066756,7.019335150316136
200,3.28644489019345,10.725866810408435,6.571047843819411,3.618246094265701,3.88056210392315,3.243000790340341,7.410713177836147
208,4.315257177480085,11.06440045581551,6.425726090056393,4.15659724529355,4.380931459537846,4.190895314413659,7.831816122597663
216,4.947737336349793,12.04862539615523,5.913797039968465,4.2589831476273785,4.5510240097772385,4.7077785585307605,7.361171575658866
224,6.490129992556878,14.717262106671281,6.1235227690252305,5.4347685898207265,5.419652095146394,6.07512450683521,6.414928562891408
232,9.029958787254797,18.320582246530687,7.309216548542018,8.00597360444975,6.821677200134583,8.56210895064168,5.666851547631972
240,10.853086791059255,20.52517999357275,8.333074677101038,9.573137122591882,7.635809535774717,10.125969701088396,5.772540145106752
248,9.771430206099598,19.92242473757557,8.807021892748965,8.65496752870989,7.690305207804825,9.049267242747899,6.228322166724358
256,6.528111863717601,17.14975095188908,9.091059985512615,5.9780739937728145,7.447551704049381,6.0437482471676764,6.859150876021591
264,3.8033280241483958,14.231755155217137,9.531979592325978,3.674393135508448,7.06773343326817,3.5121763510418034,8.07126678166836
272,2.6440564665547646,12.17578205753514,9.962990758217353,2.526681186174189,6.577272298073758,2.1696011284332126,9.474943259594477
280,2.1717606291666134,11.40623689056016,9.903540995047042,1.8297971318383799,5.976168495551733,1.4611573409521095,10.188341254764152
288,1.5954275725634541,11.594494798033068,9.446107579381529,1.3987858204832875,5.616166848327704,1.433083819709854,10.407975321144356
296,1.3047840072067227,12.380553597529786,9.32225375399403,1.613465808850505,5.758185778161161,2.2174912512356975,10.660636969395117
304,1.9752459403796077,13.609183366134104,9.588126662129284,2.660443329549098,5.852314566388289,3.3123589034291196,10.967794534303383
312,3.025526209792375,14.565334738044571,9.576566922775173,3.8709078003471586,5.814332866945709,4.197500764654997,10.938069620609776
320,3.755438000686986,14.467903168817418,9.309042676826154,4.33494680444454,6.063691939442203,4.844843357842375,10.3650393361369
328,3.550666347691865,13.093951540013212,9.195097195148302,4.009624110077656,6.904246397487028,4.948880620164313,9.570723563562328
336,2.7035062694615073,11.125501809054956,9.173629184106822,3.134390504573619,7.65232335438358,4.4914471354922325,8.804481326953777
344,1.9108419108030557,9.56989790467143,9.183537551587373,2.0213576335146093,7.701864914163508,3.5584151713320855,8.218239966732186
352,0.7829466336321479,8.37264442287604,9.089408573193046,0.8472235259419185,7.279110554421503,2.040793203745351,8.289249466240896
360,-0.6157757567016638,6.8797931600525795,8.546103251729528,-0.43425046192693595,6.2734176839323155,0.34317029803827603,8.333836836603915
368,-1.761836330614465,5.228409134417824,7.426464878275115,-1.6414122281821224,4.722767968788306,-0.7649084483529185,7.366125826809159
376,-2.3497290598713,4.310239525812064,5.991412067772214,-2.255727162154822,3.3587246934504638,-1.172800269823917,6.416579971485685
384,-2.282022249472119,4.265652171414574,5.010489960763972,-2.510040324017569,2.6882627453764174,-1.3511497248441746,5.99547698876169
392,-1.8989011744521693,4.797397859428662,4.903149934649305,-2.280497905057975,2.4801883532464397,-1.0572033639410479,6.132541850693661
400,-1.3275222858011504,5.155748210881489,4.903149934826699,-1.5770082878351435,2.4058760562399932,-0.37518177869228236,6.073092082556298
408,-0.32678352241769376,5.538869352956665,4.888287433808595,-0.6489304226205678,2.807162406359674,0.41252843418837465,5.860063478480275
416,0.7317536379391454,5.981440236205198,4.591038268311941,0.14208257764632498,3.5189089799852478,1.3340007744784104,5.432354999747088
424,1.5409318455409655,5.933550088212655,3.8842459197596213,0.6325436094195854,3.8921218308596277,2.1514359242913916,4.555470106986799
432,2.0545123785515846,5.289510246222979,3.2484630669907224,1.1725462428379407,3.644414174230599,2.630337276315186,3.929595481024392
440,2.2312104398787236,4.799049207886113,3.14772861724508,1.5242910250175346,3.115971228189685,2.409051827062944,3.4820704404674054
448,1.7523090252345732,4.3003312665423294,3.061856647230166,0.9281414041070494,2.496702198819309,1.347211795944324,3.10720616733935
456,0.7267995409449162,3.58197911175807,2.720020141350208,-0.1964511756167749,2.130095010705211,0.2127109963324043,2.7356447782776847
464,-0.05265376804184983,3.0849125405139004,2.675432748990236,-0.6902150307874102,2.3067930525189246,-0.30086950847244487,2.7686724880498734
472,-0.196324147625175,2.8289480117446444,2.8570849880262283,-0.46067263701787314,2.660189202669394,-0.24802515279133214,2.9800496063648882
480,-0.07907587873848376,2.7348191030664646,2.883507151941294,-0.3913145343953872,3.4594591261662075,0.08225167795142399,2.735644786970028
488,-0.3713708633331805,2.6737178511194366,2.5268082248708805,-0.8107660638216212,3.616340580079089,-0.05151044520048026,2.525918984117034
496,-1.340733329618807,2.001604525140409,1.499647267415245,-1.6315039291759557,2.409178865090996,-1.0175701505316919,1.8356404884107715
504,-2.192847530210848,0.5170102816948415,-0.11870913466117958,-2.117010910787208,0.4341234747429579,-1.7045459778836143,0.6103134429757733
512,-1.7634876671864657,-0.21290153509940618,-1.471192697608919,-1.6810455299340759,-1.1891871101867697,-1.2388556856430053,-0.8098768947147951
520,-0.6455006611707446,0.6392126952949573,-2.0111954010982105,-1.084895801877146,-1.7935936268309858,-0.059767400538856125,-1.46877906777838
528,0.5534042075767629,2.3285786055724365,-1.8658735220944815,-0.6142513581821117,-1.3477199680816667,1.33069801813626,-1.4225403736157842
536,1.628455228762422,3.5324375938433095,-1.2548614567548255,0.3138265096933851,-0.046429242236000444,2.4090518394805787,-1.3994210006348486
544,2.2279076413166172,3.349133991093917,-0.7198129607767081,1.16759202805358,0.8469695273186373,2.886301840740791,-1.184741047923982
552,2.6357995821742994,2.845461845254669,-0.5546745541863712,1.7323654240659083,0.8717402906221894,2.8103381846332063,-0.9073085657665472
560,2.9313973550422068,3.018857199555406,-0.7544920119105568,2.0857615974550936,0.37962781335653617,2.8136409193331935,-1.0807038248062897
568,2.7233228456542826,3.4052810665738553,-1.3407333132370818,1.905760740226769,-0.5814777339566429,2.4965752164932167,-1.567862160729019
576,1.6350608099211048,2.4309644177897187,-2.1944989751096506,0.8554804583963674,-1.4864362029515663,1.7319843881241566,-2.187131203936188
584,0.2825772409419437,0.4443493244534996,-2.7823916688875294,-0.7645273639823926,-1.64662049640475,0.9855587356911469,-3.0491537060179223
592,-0.4869678089524805,-0.7380417059943243,-2.9756035967201226,-1.8527894302274721,-1.5079042604704802,0.22427063137838674,-3.7724599322515635
600,-0.5777939046995758,-0.6818945932614826,-2.965695278377924,-1.8263673269814185,-1.321297840709924,-0.07793264175618517,-4.1423699508588285
608,-0.2012783303010814,-0.10886430914339786,-2.6089963874960445,-0.9527850670965163,-0.959644697968176,0.4752810289162201,-3.8253041935586545
616,0.27101752181083716,0.2808622899141175,-2.427344086549276,-0.22617610474372857,-0.7086343428276946,1.0598709975734306,-3.410806803524002
624,0.5253307015904579,0.14214608431435577,-2.81211655845545,-0.32856189638321653,-0.9778098492463541,1.2002386994004905,-3.318329335725951
632,0.9216628399414891,0.2907706840038844,-3.6592766515869695,-0.4210394801974517,-1.5921247890730805,1.5998736512147895,-3.6700740787012998
640,1.5673539945548711,1.0322421172176635,-4.4750603802106435,0.09584380188213111,-2.143687035185676,1.9862975402301912,-4.406591451641566
648,1.86295182880137,1.4120604339441212,-4.811942767631605,0.6523602936457803,-2.4458904704590743,1.6758373429787246,-5.00934667251458
656,1.9257043658759134,1.123068230526842,-4.666620912930959,0.9941967243103542,-2.686992509031307,1.735287085393846,-5.042374328358758
664,2.241118746512867,0.8406814535800032,-4.017626967560841,1.2088767368032602,-3.0255261741292023,2.1563900661665003,-4.771547323761458
672,2.5780010803606053,1.2089401771256447,-3.3356053079836636,1.1725461949413511,-2.8108462281593356,2.2092343452130687,-4.608060283900233
680,2.6836897518090055,2.3896798445696477,-3.0978060340911364,1.0008023256920417,-2.1090080369154722,1.83271880185866,-4.835951286637574
688,2.140384323199044,2.510230882393517,-3.3256970465851894,0.6242866796260568,-1.4880876007247652,1.360422928991553,-5.228980712817755
696,0.8192770032437299,0.9645353738737086,-3.9812965135093457,-0.01810170959804102,-1.3906559859071574,0.6106945571145076,-5.848249681341722
704,0.12899848270219735,-0.5398756384153616,-4.375977355556991,-0.32195636595943944,-1.4352433129858515,0.10371962690473488,-5.853203844326808
712,0.6178081771938784,-0.305378988528481,-4.022581153784643,0.042999483986106035,-1.7209327751395354,0.27050945450698505,-5.232283471466037
720,1.280013198135318,1.152793085147992,-3.1787238577960735,0.6622685213392471,-1.6994648327498318,0.4026201520347109,-4.338884749630593
728,1.1082692918105006,1.7720621620601682,-2.377802549830668,0.837315256738073,-1.461665492866448,0.26885802639928014,-3.65356035269251
736,0.5269820663682274,0.9645353130273002,-1.9831217751930372,0.4211664604152731,-1.05047080364938,-0.05646469386724369,-3.1366771277340453
744,0.16698032973723095,-0.4787744052721797,-2.250645991339734,-0.3285619666315479,-0.7119370441774636,-0.33885130778828365,-3.2555767582054
752,0.11578736739444644,-1.083180881825177,-2.772483395781,-0.8058118763560561,-0.8110200753947209,-0.7252751636308624,-3.5197981241681098
760,-0.1451312567724849,-0.9015286951206433,-3.2778069142033877,-0.870215897240263,-1.550840221884432,-1.590600465339073,-3.8054876152371406
768,-0.7412809105010035,-0.901528695298038,-3.6691849083731785,-0.8669131298996374,-2.1436871013539283,-2.408035573109493,-4.315765318641567
776,-0.9757774647721,-0.944464709930422,-3.7979929082764263,-0.7149858020737273,-1.950475224256242,-2.2016125587071054,-5.080356140801811
784,-0.27889340032478815,-0.42097591463435463,-3.40496343774755,-0.08580843147722791,-1.2502882949011778,-0.768211127528341,-5.217421013732259
792,0.9447823030389706,0.3931564084107512,-2.19780173553188,0.8521777479994648,-0.4229449120728847,0.8930812066918984,-4.418151106378368
800,1.555794353477466,1.090040540800263,-0.708253228340994,1.4714467404717275,0.3152237974393826,1.4149185721063129,-3.085484107383169
808,1.5772623464246813,1.8166495194733694,0.6260651490913747,1.697686359095268,0.7891710262145215,0.8732645934236135,-1.564559414143582
816,0.9745071691907806,2.108944521630149,1.6152441443827668,1.5969519162680204,0.8568778053922205,0.17307774584754065,-0.6183162912139635
824,0.29743959880246307,1.6927957448207744,1.8315754774821433,1.0272244461453877,1.2878890534173761,0.04426981388649225,-0.3029019739069455
832,0.021658456232740795,1.0371962958134904,1.3609309564429872,0.8224528380311455,1.7750473320415932,-0.048207740302814814,-0.27482845585779625
840,0.5121195822026264,0.9645353194135123,0.8539561335570538,1.5441076466233739,1.8295430147153882,-0.054813262743827786,-0.43170990728715203
848,1.1379941473186233,1.3757299437040924,0.46422947099220824,2.321909537613937,1.8708276326389441,0.002985228603576375,-0.6612523306816163
856,0.931571177087533,1.7918788184353833,0.3701005777473741,2.059339512303308,1.950094074358817,-0.2381168394161886,-0.8676753053475759
864,0.16367757587860787,1.5871071759065543,0.2990910204079669,1.355849896144845,1.8394513747453594,-0.792981939970246,-1.0707955172851735
872,-0.6141243266426164,0.5814142002222633,-0.03613987309182739,1.0404355050415997,1.7965153446796291,-0.7550001106746905,-1.2441908918089153
880,-1.1062367799599746,-0.4226272694780165,-0.09393837455073317,0.7530946589515108,2.0640396553777407,-0.5584853519941427,-0.8742808600744374
888,-1.575229959105288,-0.5184076185041407,0.42129348775870007,0.5185980894244634,2.2209210945668563,-1.2487639674418796,0.032329023546187836
896,-1.763487696811393,0.4559090183945477,0.7383591996458095,0.6408005330042956,1.7981667740290954,-1.5460131290358508,0.3213212306887565
904,-1.0286217232408756,1.6845387224271724,0.32716456967859714,1.0701604143003405,1.0831173910203322,-0.8474776583003913,-0.3673059671175677
912,0.12734716067656873,2.173348430578251,-0.03613989650793769,1.5242910028431877,0.8849513392295045,0.2572983431019192,-0.7966657432185097
920,1.2502883468846695,1.9289436502102395,0.3948713110712086,2.439157800646601,1.3622013663893535,1.2778537632153801,-0.7256562706738053
928,1.8695573056519241,1.6019696231740406,0.9679015751436841,3.0072339084749915,1.9385344073817734,1.9268476637046195,-0.2863881070467041
936,1.5904734397354796,1.1990319093409587,1.0009293700653659,2.4507175538375043,1.9187178004997,1.3373035505113804,0.07856778902148345
944,1.301481232592911,0.9694895324239248,0.6822121642570893,1.81328325468924,1.6115603420283005,0.3844549335239134,0.36590855262300215
