-240,0.14646095144073257,0.1606882584918325,-0.21828593570674315,0.7128570124728802,0.05455713211331515,-0.09936168402852466,-0.3890710642532044
-232,0.007744722573642898,0.1621798177806673,-0.19591233727727878,0.6457362590038744,0.020250968203700384,-0.1649909225917239,-0.19069183285666255
-224,-0.17721030746514957,-0.1823734313964447,-0.3734095244059096,0.6278373544636692,-0.18558610434049994,-0.16946561439802493,-0.43530974893948576
-216,0.2747362281131883,0.126382107400421,-0.06017922186057751,1.1469046513621621,0.10676212573687423,0.3600427071179508,0.1285047352042842
-208,0.8266181478984009,0.579820208196013,0.2873571894760954,1.4392529605919409,0.4886048105787993,0.8239218184310017,0.30451030840648896
-200,0.605865367262249,0.5768370748774092,-0.1541482934449408,0.6830256103890014,0.07693070875183422,0.7016128643151648,-0.45917492027712636
-192,0.09723909594260353,0.42618821563801534,-0.3033055684000032,-0.22832538186887558,-0.5808528448933409,0.3123123814267894,-0.603857469938332
-184,-0.17422717062154017,0.26957310129779744,0.015890985721147666,-0.408805647678519,-0.7553668559226148,0.10647534413264732,0.02260306096698151
-176,-0.2756541288581833,-0.17044089235383877,-0.10194324934970662,-0.30588717822130324,-0.9522544544858806,-0.027766201259973554,0.07480807157465998
-168,-0.35470750468811574,-0.48217958690116375,-0.4539544170643791,-0.13584785643468913,-1.2341616810958083,-0.14410886726811287,-0.1713013735139933
-160,-0.5247467447586842,-0.5403508851358572,-0.618027393542064,-0.1656793359084697,-1.3087403489364584,-0.2261454022132829,-0.21455699714429152
-152,-0.6709209101088193,-0.6477441305188327,-0.6210106175494551,-0.6802719139222078,-1.2505689943016711,-0.35442065821638596,-0.2548294328183945
-144,-0.651530465186628,-0.4433986746249268,-0.46737856939250116,-0.9040077883007613,-0.761333157809881,-0.2619431164389904,-0.029602001073737075
-136,-0.43674396288429423,-0.2987161281682718,-0.19292917335521492,-0.6564067815198597,-0.10653266409909655,0.23176749677969674,-0.0042452625961121445
-128,0.019677289175385734,-0.2659015230668094,-0.2883898465284837,-0.04933662295366136,0.16642510295037496,0.5375398636431216,-0.34879854782442105
-120,0.702817595878892,0.18902815800742523,-0.3212044452208444,0.8843879390529509,0.4438575861607335,0.9387729254707604,-0.20560754591566752
-112,1.183104000209135,0.7259943392574542,0.1904049930651885,1.3766069179963139,0.7212901536507779,1.1580341259884965,0.628181594230598
-104,0.8027529842516824,0.5261236262824339,0.44546391598023705,0.9455423855074089,0.5616918628907484,0.8462953950695205,0.9801927526520735
-96,0.1255789422626532,0.14875569237077207,0.17698085531777252,0.15799196705998605,0.09632117290132992,0.1348152229788877,0.41488671434674984
-88,0.012219408451524931,0.5678876165987736,0.47827854111014195,-0.17015400704541814,0.19923972615754926,-0.22912851598412665,0.18816761692217107
-80,0.6625451650116149,1.401676806415577,1.4343766473893098,0.41006776771213105,0.9256356217219771,0.2034275580083562,1.0010747488517224
-72,0.8967220428576148,1.3718453538600228,1.522379423655736,0.860522717083407,0.870447413864907,0.2705483638717676,1.2710494322531274
-64,0.4895226677665542,0.5425308890166215,0.6483178145080386,0.6114300721817217,0.017267827995312613,-0.19034761332154176,0.29108616152610345
-56,0.26876996035438827,-0.04514873666246645,0.11731794155437722,0.3026745529326159,-0.2452489822129261,-0.5020863280575368,-0.2995766207045817
-48,0.04503404960418366,-0.30617397604548663,-0.05421292846537129,0.14307623317140103,0.06648971281508166,-0.6184289991929571,-0.44276764552587317
-40,-0.40094621949717446,-0.6865250673098835,-0.286898265929386,-0.25666525382533156,0.17537454584716677,-0.8884036627261476,-0.8201355459499795
-32,-0.9423871178694555,-0.6924913309027676,-0.28988140998323475,-0.7846820267877175,0.5452845572155798,-0.9346424409853127,-0.690368689479564
-24,-1.0527635348654163,-0.8073424369811618,-0.2197775055705958,-1.2560189960723183,0.8271918217994336,-0.789959853670635,-0.35774799088144027
-16,-0.79472139034639,-0.9818564528172622,-0.43008927120291757,-1.1575751943872719,0.6467115157726784,-0.6333447252303934,-0.2682536175124798
-8,-0.4591175672421775,-0.9579912603295863,-0.5136173527789474,-0.6549151387524766,0.36629584268339405,-0.46479697555081756,-0.0057368005746844895
0,0.2120901712573099,-0.14955885209161643,0.13521679482177015,-0.0702186821227336,0.7391890537046123,-0.0650555177154967,0.6550299030527583
8,0.7132585858872253,0.7095870218856756,0.8362559895620454,0.23853691002990324,1.528230996671494,0.12437419804095029,1.3501028111273836
16,0.5909496184725027,1.1749577613854034,1.1330789947640414,0.19975599983662398,1.717660715632492,0.018472568507131297,1.1293500490776258
24,1.4456208317276364,2.1564125997330943,1.664078870601798,1.261755790607657,2.0115005596362927,0.9283319242464996,1.0652124201147095
32,3.811255141877013,3.77626059310953,2.556039367145354,3.615457571167855,2.8437981005970654,3.355120748145902,1.778184195716979
40,5.508664943142259,4.592150912514593,2.6380758336733647,4.941465746016667,2.7453543311177544,5.097277730888232,1.909442531522688
48,5.766707058660098,4.5802183226798565,2.0071405552025667,4.999637084468473,1.4909417056921495,5.659600653499982,1.7617768785054282
56,4.913527426484747,3.59876341303091,1.1599272930111837,4.128558588130255,0.15747566710359512,4.828794596200645,1.6707909522567337
64,1.666373592495573,-0.009350983181011279,-1.0118026272004754,0.645736235450426,-1.6100379957935358,1.067048196214797,0.00022946766479836264
72,-3.634675922148035,-5.25670386511891,-4.311161534926978,-4.63741440301325,-4.239680786637898,-4.636725983768085,-3.020205331068082
80,-7.97216943408632,-9.336155353670184,-6.981076701520346,-8.575166374278574,-6.73657353706134,-8.754958294547713,-5.120339727332712
88,-10.033522948357717,-11.566056536866476,-8.290677558516697,-10.133859897326644,-8.061090093337127,-10.528438259652566,-5.849718807328327
96,-10.48546953120318,-12.103022793583673,-8.278744958427398,-10.15325036692388,-7.873151967633202,-10.916247127653149,-6.046606402687045
104,-9.532354505367527,-10.999258843456248,-7.1690148780164,-9.224000516111099,-6.3994780844886305,-9.948216550267851,-5.77663173610953
112,-7.85582674468496,-8.757425063214981,-5.288141666086524,-7.556422196402592,-4.330666659210366,-8.22395832914276,-5.266513828752057
120,-5.646807523079161,-5.793670065756471,-3.3699791522818305,-5.302655798927677,-2.2230744320526417,-6.040295849860058,-4.490896036190568
128,-3.0380468341846236,-2.5942465580993694,-1.7933867327049313,-2.817695647952624,-0.908998856171534,-3.552352571494821,-3.212618187834054
136,-0.7514658069332046,-0.08840437198937486,-0.6165358549225816,-0.8443448903998925,-0.40633884043339574,-1.3328923438579416,-1.7374527402733644
144,0.9847248554956926,1.5911065442834242,0.2903403705425063,0.6263457857214093,0.04411612608222746,0.2780062027762403,-0.4576833412803041
152,2.7522385374599,2.861926471058055,0.9764638192169034,2.1835477861727544,0.6392536358499546,2.2662726548015826,0.42831084584529144
160,4.682333680995985,4.289361570015044,1.5581771934803994,4.158390040205127,1.297037239325894,4.41712059595794,1.3501027952648568
168,5.9964092174611165,5.961414630719706,2.2129776123649227,5.715591939392665,2.235236484326292,5.822182089755908,2.112296486771039
176,6.511001889848874,7.084568893741832,2.8707612121556294,6.616501951736543,3.327067700574425,6.256229749474771,2.2599621418712554
184,6.527409165241037,7.458953680875776,2.9319156860089977,6.847695654925234,4.0415310556542,6.102597749546306,1.806524048926813
192,6.387201292004289,7.602144684547033,3.0572078011628023,6.658265975219985,4.320455205505844,6.001170814863111,1.366510101580935
200,6.142583327052069,7.767709222396511,3.318233049678793,6.340560985354721,4.551648914462728,5.849030364129147,1.220335968756991
208,5.487782908808454,7.2754901792019036,3.188466169654929,5.685760514556477,4.268250138978755,5.098769313089605,0.7773388863300073
216,4.651010651847022,6.249288203439702,2.572446670577337,4.680440468819947,3.48368286346359,4.335084067421871,0.2672209921111932
224,4.2855753269974,5.798833216414954,2.397932634392339,3.9838760522486174,3.030244745844105,4.191893039716484,0.4462097185002167
232,4.225912394807838,5.830156233066168,2.6887893505252722,3.7034603507990593,2.7274554675957994,4.21724982562146,1.1069764552947612
240,4.111061318371539,5.982296696137652,2.779775290072852,3.475249707064076,2.1502168005204467,4.094940845228306,1.572347162108072
248,4.378052811092882,6.532687007444175,3.2123313616619233,3.463317141744153,1.9876354014373097,4.6169913275193535,2.2853188968523184
256,4.68382519141542,7.126332950232147,3.805977312941953,3.467791858866405,2.2889330883512717,5.230027645690763,3.2652821770327667
264,4.345238217527802,7.035347014049344,3.998390205438667,2.9904885931422753,2.6648094187512976,4.888457547617511,3.9379815075075064
272,3.696404043329314,6.438717924643885,3.746314388443313,2.3520954459646806,2.66779256584947,3.78469371237323,3.6247512395713235
280,3.650165331885033,6.255254473441687,3.2615532610623985,2.57433985735115,2.6200622467276373,3.2850168624798846,2.646279515635387
288,4.072280417151003,6.578925705429342,2.939373528919159,3.5199968741206837,3.0988571222122796,3.414783690109344,2.0421925374946883
296,4.136418015991141,6.522245971770992,2.902084236177313,3.698985629831346,3.3315424361228456,3.097078655059915,1.872153233813787
304,3.501008084809562,5.845071981215003,2.7230955128326126,2.8562470780326596,2.6633179009613963,2.582486094510979,1.976563367669104
312,3.3011372702502824,5.358819293103208,2.442679850478572,2.5131853466454492,1.6356242348442298,2.6421489941743497,2.267420030125813
320,3.946988317859724,5.411024318932502,2.4590871084059343,3.094898735649879,1.3671411286771438,3.192539278722875,2.6328553791697913
328,4.513785912569788,5.676524262459345,2.8931347863907364,3.5543031183042935,1.5013826840038724,3.8443566309434503,3.0311052717878573
336,4.824033060486252,6.200066310608556,3.4122020978699354,3.599050224474435,1.6803714118349447,4.461867701647398,3.468136066587826
344,5.1864853021684905,6.744490334127835,3.8641486329675905,3.9137721233211638,1.8593601407876081,4.860117647781464,3.8962174659183546
352,5.443035728452961,6.895139184554714,4.062527831197033,4.0733704453255655,1.9563123597905991,5.04059786904785,4.17215838327055
360,5.446018908878461,6.719133565367205,3.990932333527321,3.766106400124243,1.7996972329526322,5.343387227570154,4.221380311351755
368,5.832336254122087,6.789237498300346,3.9118789860576615,3.915263669631569,1.6565062385745737,6.00564549000575,4.145310115146184
376,6.508018701411992,7.1501980686946975,4.020763776789678,4.526808486836966,1.7877646620247463,6.614207154985696,4.130394394396257
384,6.519951310153579,7.0204313192562795,3.6747189058349896,4.899701741440077,1.4178546452085963,6.591833617282467,3.802248383758974
392,6.167940051750121,6.477498826825788,2.843912883785712,4.98024661823602,0.5482677060762542,6.186125838813258,3.4144394542310144
400,5.920339050737412,5.983788212165053,2.475494400782217,5.069740976383364,0.12316948204394453,5.957915167839593,3.1638552330563736
408,5.693619956677611,5.857004539324689,2.672382005754584,4.78634218792096,0.6153884787725652,5.550715815340615,3.145956371296922
416,4.818066797694507,5.236510302455491,2.5724466199454343,3.994317010692126,1.1732366461279078,4.360440760555102,2.559768287602095
424,3.6546400440402316,4.116339162016724,2.0384635973299603,2.8666880871080695,0.9226524803919968,3.2850168395673465,1.781167298912805
432,2.9058705279349395,3.3093983162721394,1.5432614629565926,1.8733006228744444,0.5065036737802995,2.930022599420535,1.4962769128671856
440,2.9476345849059356,3.4287241181625228,1.8654411819611727,1.7703820779500565,1.076284456126102,3.1776236041184784,1.7975745964163696
448,3.3369350437601804,3.816533055060948,2.318879282916992,2.2790083773095215,1.534197262667791,3.344679733622754,1.9914790538098828
456,2.7954941171878525,3.4331988344836386,1.9952079831530876,2.0299157655749367,0.8227170867316972,2.6227585511748903,1.3918668301244526
464,1.6350505620647904,2.5874770863969245,1.3463738427626093,0.9395761023667647,-0.009580490600727628,1.641303674853272,0.9100888376644171
472,1.089134975571441,2.3234687318010105,1.2792530908958792,-0.10601638945865649,0.1679166745767306,1.3772953284289646,1.2009455105359144
480,0.7923119678058047,2.163870434151196,1.1957250338346637,-0.9114656906553398,0.1485262176374743,1.666660432718429,1.4052910016798803
488,0.4850479636227326,1.1973313139897914,0.4633627990499521,-1.2739178576715426,-0.6882460867513102,1.5876070934203759,0.9324624646143836
496,0.5581350340403933,0.3083539594171262,-0.3525275068959981,-0.8488196414903826,-1.5041363861279318,1.123727968487984,0.01514519386246142
504,0.9131293711248655,0.30238768188444626,-0.6926060278951582,-0.29097142093949746,-1.592139178737567,1.002910568854156,-0.7023012948563713
512,1.193545029152761,0.7409100571232853,-0.48527744941789325,-0.00757258601110774,-1.3236560972455227,1.280343132658967,-0.47409066794527954
520,1.3277865394555506,0.9348144912838049,0.09792749374809097,-0.08364283044516643,-1.0223583846951534,1.6696435392790339,-0.0027536731844997604
528,1.4665028202363632,1.2137386371297618,0.4036999263048076,0.18782344829626987,-0.731501684424747,1.8724974639239245,0.42532770467553827
536,1.4933511346664872,1.5657497961921476,0.5379414524701238,0.596514317303329,-0.3571169604204527,1.8456491887495483,0.41339509000553387
544,1.4635196516677005,1.859589597254967,0.9600565425429198,0.4861379619949704,0.17686606828366758,1.9545339213189656,0.5715018112221661
552,1.8065814085310898,2.2190586416878118,1.775946832305888,0.3504048316771084,0.7958687811140879,2.6257416820900814,1.3530859426834838
560,2.000485877621213,2.4353366790846227,2.151823110311508,0.2340622247929314,0.9808237659687145,2.95388765267048,1.9139172723586155
568,1.581353933685224,2.208617656486305,1.5805507513722963,0.011817847534927938,0.2812762006969369,2.5496714708231227,1.7319454123305336
576,1.172663006195113,1.8968789592151112,1.2210817397860974,-0.1194405292890306,0.0038436666944482267,2.178269886386306,1.4560044513964483
584,1.2248680416380606,2.1549209874089437,1.7147923445127238,0.05507343591516743,0.6183716170582229,2.2036266404060023,1.584279707399551
592,1.2203933620090524,2.3876063397741207,1.7744552518670176,0.23704531068418344,0.8689558548965267,2.2006435085294456,1.6290268903186838
600,1.2711068255051887,2.069901398938485,1.1241295254297055,0.5234272675550214,0.16940821624053612,2.2170507656556695,1.2188444104295213
608,2.004960613169633,1.8715221987863135,0.9376829452350477,1.3109777055502034,-0.12592314571339386,2.779373675449216,0.8966646478430504
616,2.8760391109499,2.0549856366896257,1.1703682915115772,2.114935382726125,0.3901609746050598,3.3327471727892037,0.7967293208374077
624,2.771628969243433,1.8804716251796687,0.9690059812737946,2.0105253004640757,0.44385761564260073,3.2522022825341472,0.5312293574423508
632,1.8811600432046394,1.374828482532028,0.5364498963858393,0.9917811728995429,0.16642514973681655,2.8897500807485668,0.5446535108920659
640,1.0339467657916404,1.2972667007603067,0.9466323711477201,0.23704530956259068,0.4886047818980696,2.2811883681810423,1.3157966416098046
648,0.5685760407123911,1.4300166617083685,1.6596041044499186,-0.043370327475496774,0.9241440550626753,1.5965565303887486,2.1421279366027237
656,0.7669552256429464,1.5120531847967007,1.8654411858066338,0.038666219486738256,1.0076721218977711,1.5711997603462984,2.3240997830114662
664,1.3725337630724788,1.7328059460453193,1.790862560266054,0.2116885786156597,1.0628603005934294,2.0917586256665963,2.0854481620863523
672,1.5082668949926166,2.0355952068288237,1.8326265938438295,0.25494421842893944,1.3044951274202223,2.3483091839785617,1.6648246514910603
680,1.1905618112340162,2.2563479608672035,1.704351326624799,0.4428823930022635,1.286596203492485,2.096233345192262,1.445563452255144
688,0.5208456837768591,1.8103677428784304,1.1763345929181606,0.46823907171501605,0.8078013723908722,1.3400060090893453,1.2695578732847475
696,-0.2532804778740858,0.9616628244605508,0.485736417507859,-0.08662594405578333,0.3767368724281576,0.7418853376427396,0.7311001412379434
704,-0.3830473812911708,0.3724916106516712,0.13969152908836938,-0.4580275845722387,0.5736244865334954,0.9223656526422376,0.2552883998730441
712,-0.281620425618168,0.1785871548604337,0.2351522011400453,-0.6056932915861786,0.8570232665038384,1.3802784391554845,0.2329148205106568
720,-0.22195749631270148,0.15770510546524213,0.2306774703984522,-0.850311232984952,0.9405513532071492,1.4041435999181076,0.28810302484272127
728,0.0032700241980127462,0.5201573091735519,0.38132629807302043,-0.8935668042208456,0.9509923244688606,1.4488907887656597,0.41936140246781745
736,0.19419124348411165,1.1391599957266556,0.8914441493508536,-0.48935058504047224,1.012146805051785,1.5890986520683008,0.9667685801352812
744,0.24043003840694002,1.559783503598078,1.5984496668079748,-0.17015405094776412,1.5312141287082777,1.4831969787923638,1.6692993136552667
752,0.12557897190474823,1.5463593197051313,1.9489692705872137,-0.19103604842923322,2.318764577438705,1.15505097856987,1.7587937006435679
760,0.09425590798640907,1.252519489480899,1.8341181250928449,-0.17462872064266438,2.3247308647452654,0.9581633522872396,1.4888190728411188
768,0.4268766194027352,1.082480178910213,1.732691181757363,0.1579919332519753,1.7445090566603871,1.132677395362022,1.5783134481328098
776,0.4656575244687332,1.0138678914683232,1.5686181959864818,0.18633184478463405,1.2314080150229465,1.2564779504258539,1.5932291466111088
784,0.02862671332555511,0.7155533579014075,1.0913149079907227,-0.29544616113451544,0.8301749398964214,0.88060158733941,1.180063508407846
792,-0.535187740054527,0.5201573117371924,0.6736745480186098,-0.8726848258064542,0.6541694227738554,0.39733208077470544,0.41339510859192846
800,-0.7276006639558388,0.7632836626027617,0.5946212218592145,-0.9233981880387856,0.7958687687765673,0.20939384178991072,0.12402998892061967
808,-0.4367439600001982,1.2614689631413782,0.6184863781354661,-0.716069683907099,1.05987716503164,0.412247776208681,0.410411989854031
816,-0.4770164522346231,1.230145905151458,0.4514302364538974,-0.5937606562468215,0.9524839356714189,0.3242449350501012,0.8355101993056344
824,-0.6202074121637613,0.7424016303519162,0.16057352929370652,-0.6280668999497511,0.7690204857510411,0.1527140802519693,0.7176759587870438
832,-0.4859658682131882,0.4097809186151346,0.3813263099298583,-0.4013477921103822,1.189644013170224,0.5017421308310196,0.7862883265029306
840,0.02116887698472342,0.7125701760338594,1.1151801179432002,0.13412674605180863,1.8817337312056956,1.095388062723517,1.466445453582075
848,0.5939327857593453,1.2748930954410578,1.6685535417387463,0.8396407168780703,2.6081296541690326,1.393702643076875,1.8020493140193043
856,0.7192249138915807,1.5612750640085065,1.9922248765924824,1.2423653495309275,3.236081757822295,0.8597195996318204,1.3784426768349654
864,0.13452842441519208,1.2435700441806945,1.7192670166110378,0.9261519375408949,3.5269384284506065,-0.36784482496498605,0.7534737101855408
872,-0.5038647634601969,0.7662668021702392,1.3359328495497251,0.5428177852205149,3.1122812421744372,-0.977898000684822,0.3030187475153788
880,-0.5575613553078833,0.4500533477199087,0.988396412576645,0.7486547055485533,2.3366634065117386,-0.6303615955970223,-0.02214412419533714
888,-0.3770811124107777,0.08014335237424962,0.2441016308981788,0.9097446209702544,1.3910063032193363,-0.27685881507751703,-0.4979558322329087
896,-0.22643224195545633,-0.06304763222992943,-0.266016291360455,0.6531941089640478,0.5885401848515665,-0.04715669312883361,-0.6411468235666442
904,0.03310143172962801,0.20692704828737984,-0.09299384298479403,0.6472277977835841,0.46921434434634574,0.41970562809158496,-0.04302612728477055
912,0.18076710942192858,0.6514157183634733,0.6289273742324465,0.7725199807136383,1.103132753251652,0.823921825160558,0.6669624685329082
920,-0.04446035260573417,0.7498595072303162,0.922767222722618,0.4742053647897673,1.407413612900192,0.6687982837285159,0.756456859366671
928,-0.27863724471198514,0.28150569898368305,0.4588880716731371,0.3265397040815864,0.8898378839428214,0.3018714082423474,0.4506844594963727
936,0.08232332792555243,0.024955161981981226,-0.11536742234718118,0.7978767034889648,0.2514447681698252,0.48533481730470196,0.31495130418301404
944,0.53277825246156,0.15621356460257352,-0.4136819845948267,1.3288766129745042,-0.2825382885741141,1.1818992349976247,-0.047500861711596745
