-240,1.3100491907332354,1.047467278356499,1.0194160403782748,1.044002133056013,0.3497057778378217,1.3956330694689534,0.4720863024338572
-232,0.5235136763490352,0.1651174517305573,-0.29338325067326515,0.4333645492189463,-0.5083329330341008,0.476101502888407,-0.7591992350535954
-224,-0.28304278136221417,-0.572795829148542,-0.7753149989835805,-0.29596834563599217,-0.880149732385951,-0.4663110905807702,-1.3283649621196065
-216,-0.74638371791729,-0.777295110707336,-0.6466092342757497,-0.8694243025829358,-0.8987405816245239,-0.613607727877447,-1.0852540005988118
-208,-0.7592542328938993,-0.8945604150466369,-0.8267973364817534,-0.8737144596478849,-0.9602333709692129,-0.19173860354356387,-0.9694187726816613
-200,-0.3431054919804493,-0.46983118764140325,-0.5164733163356591,-0.2158847632777304,-0.5998571107930653,0.3445355400183109,-0.6533745032255845
-192,0.14883669204625913,0.26951220837214146,0.4774215773019786,0.47483646313672345,0.4355096835510115,0.28161273539231807,0.33193995446132135
-184,-0.014190688498855875,0.4210989829167593,1.171002908170365,0.4176337938345112,1.2806778737623752,-0.31758435289718906,1.1771081844603235
-176,-0.3674165653352885,0.37533696769817204,1.2467962945977624,-0.004235190551352743,1.2420660838082982,-0.4419999504011361,1.364446600108842
-168,0.014410610435549746,0.6499093366014308,1.046587263505011,0.3990430501330284,0.9674936622133049,0.3073538725724494,1.3801773184708044
-160,1.1484518119508458,0.9945548993079648,1.04801733163167,1.225620301852473,0.7529840185222032,1.5157584506105477,1.2743525433218925
-152,1.9264069856288506,1.2791377629177803,1.149551893644254,1.5788463146428,0.6957814708872032,2.129256198659811,1.079863749710366
-144,2.248171531278448,1.4335847273291717,1.0837688976152848,1.8977506966946809,0.6328585946741888,2.225070448378123,0.6694352621010239
-136,1.869204397438113,1.2348057728121906,0.9393324246844257,1.9520931423336718,0.5184534427183286,1.319839611608154,0.3476706938692542
-128,1.0297564987822907,0.8801497135556567,0.7677246968274458,1.5245037974167877,0.5270337695987048,0.2015291376720341,0.22754526879227802
-120,0.5435345828072314,0.4825917888524323,0.4545405760679237,0.7808702581641128,0.30680382912897275,0.024201143453227172,-0.1013695815434822
-112,0.3018536794277811,0.06501296690822495,-0.2890930731768272,0.16022225259009307,-0.2123096092093756,0.45894075265415707,-0.4789066165331145
-104,0.2718223037639844,-0.18381826020629527,-0.8067764535274514,0.007205348470728989,-0.5369342485594901,0.5804962295740492,-0.6233431484541373
-96,0.33188496015428237,-0.24531110746580656,-0.7838954350879318,0.1831033188055,-0.34816572146341035,0.2501512270813704,-0.4259942311861513
-88,-0.09427428253225428,-0.5027227092365912,-0.8082065141267194,0.020075872664551585,-0.4525604627429729,-0.15026679485563602,-0.3587811917633786
-80,-0.8293274847656181,-1.1233707535229065,-1.0756285823379403,-0.8150818912012537,-0.9302020075950335,-0.5635554698738283,-0.3931027549089276
-72,-1.0052253457227933,-1.3507509871572845,-1.0613279325634972,-1.3241847486521034,-1.090369226693115,-0.8538586188943772,-0.378802108360509
-64,-0.7821353078656587,-0.9403224365636536,-0.6180079049245406,-0.9752490456252236,-0.5984270110206412,-0.6979814981783221,-0.13426105382658013
-56,-0.6891811318772355,-0.5241736936531399,-0.15323691545120782,-0.8308125213852112,-0.04070185815574254,-0.609317533636405,0.06022770245523318
-48,-1.2240252990237213,-0.7486938148453345,-0.1832682831267531,-1.4300095628205505,-0.18370826864389087,-1.2771576474421464,-0.11853035942937151
-40,-1.8575438822514005,-0.971783878203425,-0.5608053119715765,-1.9648537530100694,-0.48259181336667406,-1.9178266273744988,-0.5918817043564417
-32,-1.1882736789657895,-0.4655410353386808,-0.4306694078573056,-1.2698423283604474,-0.20372920428992844,-1.2657171491294221,-0.6176228945355489
-24,-0.1371761320024422,0.11077498950058277,-0.2032891680781184,-0.16440238000073187,0.046532118142029275,-0.3647765236523391,-0.5017876812123193
-16,-0.0370716603914486,0.22518019184387472,-0.3062538736448885,0.0057752751209829405,-0.2738023716705267,-0.3204444530497553,-0.6748254541529254
-8,-0.5061328696067801,-0.0007700297352248246,-0.761014355353946,-0.759309241328091,-0.4926022618335453,-0.6665201247459269,-0.8907652215812055
0,-0.5347341557907068,-0.2024091361747855,-1.00841553769208,-1.1582972865424674,-0.5312139333464351,-0.35619606035720874,-0.872174369270229
8,-0.14146638630898958,0.042131922046028246,-0.7052418326783236,-0.5948518412003063,-0.32528468597204735,0.15433696753136436,-0.37022170344106176
16,0.06732308565034051,0.332435057547998,-0.4792916349103581,-0.08574883089733897,-0.15224686971053913,0.18436835809632213,0.025906191540558437
24,0.22463016142857434,0.28810301106378833,-0.5851164301835194,0.07727848174763906,-0.3781970962054856,0.3145042099797188,-0.05703755257197734
32,0.9368023312429792,0.5984270229143914,-0.5121831342306143,0.7308179688219698,-0.476871543778823,1.2326056734081963,0.05736758678702498
40,1.737638446704014,1.5422696705307872,0.15565698249391122,1.678950805302701,0.23387053901363605,1.9647987229508797,0.6894561316903675
48,2.322534924238613,2.418899240012116,0.9450526747625089,2.3153294876076043,1.107640028159406,2.1664378190978857,1.2171499780205675
56,2.262472140804394,2.2587320285950456,1.0337166623474592,2.165172780728785,1.2835379843611168,1.8289425782829785,1.0627030056209246
64,0.4477202151085911,0.6241681814477333,0.3730267982318418,0.39046265980750205,0.7200925364074112,-0.15598708518221668,0.12458063588787131
72,-2.7627747503598945,-1.5824214439133057,-0.4964524263148265,-2.735658515543101,-0.4497003271041366,-3.5295094027760774,-1.0595128528188849
80,-4.952203581090443,-3.282768218728589,-1.4002532316733691,-5.10098537390876,-1.5508500360584656,-5.42291493042063,-1.8889502916399408
88,-6.090535007109962,-4.72427337941057,-2.3340854252925656,-6.2436069073738985,-2.3902979288767203,-6.047853162495936,-2.4967277386092075
96,-7.031517542437794,-5.952698844089857,-3.247896667750087,-7.167428654984145,-3.2154451911230564,-6.661350810384817,-2.952918314867603
104,-6.988615567920749,-5.791101482973792,-3.245036533801072,-7.176009031176612,-3.3541614692791106,-6.579837151450784,-2.6139930501686597
112,-5.256807403082087,-4.033552170508821,-1.9150765006571508,-5.524284418125791,-2.2043895513989162,-5.02249681631149,-1.5443047200234334
120,-3.344810986104087,-2.306034132318303,-0.826797311595279,-3.6308789588422368,-0.981684343864245,-3.4966178968501516,-0.7077169626903953
128,-2.4924925285362707,-1.7154174102359487,-0.816786878029568,-2.9358675427953465,-1.04603725379299,-2.974644327481573,-1.1081350062878526
136,-1.741708620230562,-1.4408450745146582,-1.0713384008473763,-2.4196143023120236,-1.4536056372556403,-1.9921900125000322,-1.4613609686907472
144,-0.3459656277729062,-0.14377648477323676,-0.4592707448895256,-1.1139652919818919,-0.7428635515443963,-0.13167591427853906,-0.8907652584500582
152,0.8395579223012185,1.1304110662507973,0.3944777691298114,0.19883396220079572,0.3439855335973066,0.5747759590644768,-0.30729885272900337
160,1.3515211032684316,1.5079481468656337,0.754854071090658,1.111215199669564,0.936032292621415,0.6048072897175488,0.09025909194484973
168,2.1881088742736687,1.8840550877667903,0.9593533061025263,2.126561089552508,1.3593314010516977,1.6273034555596744,0.39343279665136527
176,2.8888405007646245,2.198669271429884,1.0322866403068658,2.5541502989763605,1.2420661165294051,2.658380026935727,0.41631380633453247
184,2.193829101155099,1.7896708321301924,0.46312087667924273,1.6217482284798599,0.30823392383192943,1.9719490921575344,0.004455213422438766
192,1.0011552314936503,1.134701221318683,-0.10747484400762056,0.4762665234287514,-0.34816571055637496,0.9194214790645907,-0.35592107087208313
200,0.902480797285272,1.1347012337619211,0.15422692097292193,0.4247841728728604,-0.12936582976418942,0.9566031889096325,-0.17430284953750735
208,1.8820750048940942,1.9741491296525795,1.0136957557356425,1.361476543454733,0.817336855481344,1.8103517026217282,0.8610638985668828
216,2.748694134204043,2.923712075737428,1.7272980173342187,2.260987177154406,1.6324736919966027,2.685551242688693,1.7920359751352886
224,2.9517633020109733,3.171113211835877,1.9861396893823455,2.358231483477861,1.7754801617821554,2.804246692272001,2.01941621061311
232,2.6872013863368127,2.866509443611308,1.7258679473641179,2.1094002709572615,1.4994777224479348,2.3394756124699794,1.7348332940043194
240,2.8044666249266603,2.662010171884208,1.2939884114322169,2.4683465349010136,1.0675982519582463,2.492492569588319,1.3458557918868685
248,3.263517442668221,2.8307578048117095,0.9765140973533742,2.8673344486164822,0.8416480162460869,3.2976189084782375,1.2285904617393713
256,2.904571186866342,2.4575109734339526,0.7777351283960924,2.312469460731883,0.8387878979663352,3.254717021524718,1.0298115127527179
264,1.8777848134182158,1.7796604220683754,0.7434135592593548,1.3657666539727553,0.8530885237760245,2.5139435136027513,0.8181619421770229
272,1.2585668988602674,1.4693363274164746,1.1838734904326305,0.8380728188568315,0.9732139150565529,1.9576484202617794,0.9468677621881327
280,0.6107476282211916,0.9445026357740185,1.0766186196590402,0.2102745410105143,0.8445081314534354,1.5229087682008082,1.0240912566834457
288,-0.3588361848414558,0.13079595402722108,0.4030581957097097,-0.6406139190959421,0.21670980936449544,0.7521039113449636,0.6479842844437645
296,-0.684890908294732,-0.06655299841979516,0.367306595468786,-1.2598319043191912,0.06083274932842604,0.46180082822748775,0.760959402683895
304,-0.6562895660394246,0.2580716793353741,0.9650735816815659,-1.4171390235719465,0.5742259211513278,0.6233981676831026,1.0941644260611072
312,-0.9137012831789931,0.24377098608640882,1.1996041908210278,-1.4528906027668997,0.9460426973065242,0.43319954404062355,1.2014192696439185
320,-1.5586604089620184,0.06501293172919503,1.3354602685105132,-1.630218622486663,1.0633080087123556,-0.369066694696729,1.2929433959401095
328,-1.4985976748398895,0.25664158417155697,1.6457843453424676,-1.5787362370589815,1.1576922766385713,-0.45201040470557574,1.4817119003003971
336,-0.8035862993487378,0.7171224042903233,1.8245424268904602,-1.2426711239753785,1.3207196740819103,0.2444310118750768,1.6819209673402795
344,-0.19008856819769762,1.324899829599141,2.2607120888560277,-0.8865850081137021,1.653924677488493,0.8379077711257078,1.9607835595188021
352,-0.33023493598724146,1.402123305813648,1.9303671777673799,-1.1554371982186586,1.252076593876877,0.5175733972964167,1.578956277903634
360,-1.0281064554127222,0.4754414764852586,0.5389143251692085,-1.827567535760523,-0.17369784921124123,-0.2074693498644064,0.6193830047118859
368,-1.6959465527811002,-0.20097902595618722,-0.06457292248955018,-2.249436584513259,-0.6041472621740666,-0.8552885979213104,0.49925758746954096
376,-2.3695069979300203,-0.3425554521943157,0.3944778067667649,-2.7084873252910913,0.07227328758240686,-1.2785877489043926,0.9783292237985329
384,-2.648369619757245,-0.44122996106212015,0.6690501719831381,-3.274792913185,0.33111497069118895,-1.3272098942314887,1.0669932052386744
392,-2.5282441169484375,-0.5899566452858657,0.5732359085926265,-3.2991040063568473,0.2939332751328277,-1.1427315996278857,0.9454376790066923
400,-2.632638870824858,-0.5113030682235931,1.0094056106530702,-2.9044062530859702,0.48985211474970153,-1.4430450858942667,1.1728179582662757
408,-2.7970963159633673,-0.4869920177581667,1.5156484330863258,-2.810021861188239,0.7529839867228177,-1.8620540689053662,1.4488204303216026
416,-2.3938180934061717,-0.33254498606111954,1.5170785048998692,-2.8700846243445897,0.46983117065455154,-1.2843080280166965,1.5775262163826436
424,-1.648754460679502,0.0979044481012956,1.4141138314397255,-2.6570049934768663,0.13090594052015822,-0.11594526642825656,1.3887577121759769
432,-0.6591497689639167,0.9073209508154528,1.5185086012926494,-1.7074421486277418,0.34255549496573007,0.7235026870699843,1.3973381203214486
440,-0.2344205642944757,1.2676972732077891,1.644354182278515,-0.7607394071572086,0.7758650656887023,0.7106320882167346,1.5489249278944137
448,-0.2358506497802196,1.2362358109829075,1.6057425073859812,-0.7364283136781207,1.1448216959125075,0.3545460271974767,1.6075575871305945
456,-0.29591337591409683,1.2819979156084609,1.7945110635162818,-0.8708543123339115,1.3650516431415287,0.34024536713047926,1.794896053473785
464,-0.5161432769034329,1.271987427661194,2.093394563228341,-0.9352072270248827,1.6281835263289217,0.08712389922799013,2.1023599713166305
472,-1.3284199396820409,0.8672791687767244,2.1119853514796865,-1.5615754897435155,1.532369203794626,-0.8080964847737414,1.8950005647187955
480,-2.199329358016708,0.4954623588250799,1.6329137598541783,-2.5640508299316798,1.046147215157203,-1.46163600518366,1.7133823800994508
488,-2.1635776712876016,0.3238546750571026,1.3268799396330735,-2.664155246393015,0.6371487784690552,-1.3472308234254775,1.7634346725139982
496,-1.821792297679739,0.2666520314094667,1.2782577078177946,-1.9934549600795841,0.5327540672990556,-1.1227106985463977,1.673340543832786
504,-1.2883782181696795,0.5469447155257811,1.395523049640429,-1.6545296314746305,0.6528794725590237,-0.8109565542022642,1.7105222885496172
512,-0.5132831538614535,1.3849625563474988,1.9174965566391984,-1.2655521411859352,1.0876191212403497,0.34167540622291626,2.2596670481702055
520,-0.13002592732304133,2.0141909918810623,2.3179146962492925,-0.8980255760163857,1.4451352586817594,1.1510919493391907,2.1981742419272923
528,-0.7092019701280542,1.8025413961116523,2.2378311000652107,-1.2154999020776038,1.3164294349837649,0.29305320712874405,1.7005117860084296
536,-1.3727520718863333,1.283427996178358,2.0361919311022207,-1.6573897872377155,0.946042769200787,-0.7222926763021502,1.3086740841925106
544,-1.5729609679469128,1.0446071344221715,1.4298445803721114,-1.7574943043202937,0.6228481339177004,-1.0311866085045787,1.0169408974621064
552,-1.068148200736218,1.1075300321420163,1.1567021935681894,-1.427149454526113,0.7930258317458359,-0.6093174824808725,0.9354272173284834
560,-0.20295915936993567,1.530829115685823,1.7230077985139425,-0.7836203945654436,1.4136738586730664,0.1557669954095254,1.5303340954004447
568,0.2932732981658475,1.904075979784686,2.380837489507389,-0.23876575775249564,1.8312526909098283,0.8793796403400027,2.122380826772914
576,0.0930641801240515,1.7496289854173515,2.370826961158004,-0.4246741636500391,1.8026513827582096,0.8193170698234052,2.346901010181297
584,-0.03707168020845674,1.8740446420650831,2.475221748523633,-0.40751340051169,1.8855951236447206,0.4803916149426312,2.4613061289551896
592,0.5449645587617593,2.533304402260531,3.094439732210678,0.20169407879072623,2.185908737723124,0.9423025801517875,2.8245425396713357
600,0.9654036346323697,2.5819265985895394,3.1516423165609107,0.34470055134144284,1.9456578705173275,1.5429296688214353,3.074803861796053
608,0.44915033561974516,1.9970302196791208,2.582476620987045,-0.4389748065115723,1.310709175688468,1.1024697215180375,2.6386341391505
616,-0.24443111691585548,1.5980421475812046,2.233540832240084,-1.0181509161413802,1.154832163581906,0.3531158739652176,2.2596670595381014
624,-0.4675210838004486,1.558000359704909,2.1191356494065596,-1.0825039097931444,1.1290910053558052,0.27017220558744987,1.9393325671140023
632,-0.6148177894581229,1.4006932266263337,1.6700953919673893,-1.2884332133925316,0.7901656804377365,0.3416753879421106,1.4674113002989047
640,-0.803586253569913,1.3592213692407962,1.1524120501754405,-1.3198946585655684,0.42263909391497567,-0.1045047561331549,1.1799682901432178
648,-0.34024531593949553,1.566580705173331,0.8964304618425161,-0.7192674098236517,0.35399594627066683,-0.23321048919522017,0.9811893036732309
656,0.41053852968916404,1.6867061846318643,0.7605743270063097,-0.1086299170833745,0.48842207657898534,0.403168145487415,0.6565646360569961
664,0.6236181204620099,1.648094408810848,0.6561796264361048,0.18310322847681126,0.6471591971336045,0.9051209317548337,0.37770205739705376
672,0.5935867440301121,1.7553492692918837,0.7748749942934581,0.2331555227348013,0.7901656838173811,0.8836698571632163,0.4534954839193282
680,0.5349542016989186,1.77251005931377,0.8563886621374636,-0.07716843043287872,0.7143722345593141,0.825037214210779,0.7266378599698344
688,0.4663110772512626,1.8654642213227541,1.0380068877734046,-0.45041526181063496,0.44409009307906494,1.153952118620856,1.3000937061566002
696,0.5764260125375286,2.2501516198350924,1.660084981444712,-0.31312912966669026,0.6056873465073566,1.4471153080357064,2.078048847881599
704,0.8981906455970299,2.683461188100143,2.254991840621387,-0.048567125353663934,1.010395633657946,1.5701008993219423,2.6615152224177505
712,1.209944651836587,2.8421983608856376,2.5924870948012533,0.10444977154554962,1.1848635117476838,1.7574393220369917,2.78593081469861
720,1.5302791236755775,3.156812567899003,2.7969862586869585,0.6593148276375266,1.4236842773376144,2.0649032470999873,3.04763262054213
728,1.6761457854785873,3.269787689365158,2.7412138251110623,0.9867996182957395,1.6038724377656806,1.9948300208828447,2.991860128744172
736,1.0912492564812153,2.530444268772378,1.8445632348780967,-0.0042352452401507,0.8917002851567413,1.5701008639892915,2.0966396703902546
744,0.2103294823126691,1.4879272093761544,0.7991860793234333,-1.1797482660431702,0.09801442737408206,1.2483363369277405,1.1013147278284854
752,-0.12573568254094786,1.1532920516619694,0.4359496575466325,-1.12111562063281,0.04224191959962117,0.776415077486414,0.9196965796171344
760,-0.22727022058877755,1.2719874331915224,0.5003026054195713,-0.9638084316364747,0.39689796149707046,0.18150822322558616,1.0369618813448909
768,-0.530443967694474,1.4264344307848804,0.6933613405825122,-1.4085585854705318,0.5799461813683455,0.12430558111415203,1.0798637824314723
776,-0.19866890245184435,1.9040760046711618,1.3140093241888409,-1.3270448998065818,1.043287059086877,0.8650790632279217,1.5789563130826623
784,0.5320940204348762,2.5232939478024705,1.991859945144378,-0.7164074130574929,1.3750621078921434,1.4270944373710208,2.3869428121906524
792,1.0783787239919003,2.6605801715040656,2.0662233202845974,-0.26736711460172347,0.9317420704214935,1.8818550161680565,2.660085153676611
800,1.5159784888022951,2.6906115404085726,1.9975802062831167,0.07727852875542547,0.6829108015222742,2.614048085066887,2.4198342961488875
808,1.7977011064739574,3.0595681535805332,2.327925082960836,0.4190639676518802,1.146251746526461,2.8843303171830645,2.601452509341591
816,0.7380233433904108,2.48611228066385,1.753039154514352,-0.33028982751644687,0.6614598873101653,1.3913428193101514,2.1953141665075804
824,-0.8536385462916998,0.8115066610022631,0.05126228468887041,-1.7117322917132503,-0.9588032910137972,-0.41911890937944507,0.688026079693831
832,-1.099609689537397,0.1894285940608743,-0.7638744992882744,-1.777515229673776,-1.4049834395440497,-0.4462901636910853,0.04878721796832891
840,-0.3445355690170803,1.0288765151452486,0.2071393030938604,-0.9723889947847473,-0.28095268787820604,0.5089929596558628,0.8682141981835788
848,-0.1042847117965987,1.6466643188701182,1.2310655788473432,-0.875144574321471,0.6342886061149866,0.7134922462841239,1.636158887447581
856,-0.6477092554427913,1.1733129584274058,1.1567022336630661,-1.52296379933534,0.30823389064996215,-0.15169685775920724,1.4931524440847055
864,-0.9980750908095812,0.7357132489202894,0.8091965454566301,-1.663110075413613,0.017930814445396667,-0.6593697647564849,1.0441121534635678
872,-0.3202244090204388,1.2905782788968296,1.1752930680004776,-0.8250922140067863,0.6013971160119433,0.1343160847306817,1.2800728482423926
880,0.28040265752789917,1.9155164831668774,1.7959410866322165,-0.340300387818836,1.2277654240485412,0.8994006068637027,1.5474948889555953
888,0.02156091158844739,1.8268524968108897,1.5642706377108262,-0.8308125153940223,1.2606568987895619,0.4746714565758188,1.1356362720787483
896,-0.42461924185765126,1.406413489608515,1.0980696131391818,-1.224080291942271,0.6171278603357226,-0.04301197062897182,0.6551345811416758
904,-0.45036027150363067,1.1361313289257384,0.737693320395548,-1.344205689521228,-0.11077500356865012,0.1486167066998658,0.4849568905336908
912,-0.7077719043056993,0.7528740120586382,0.3286947901526873,-1.6216382081963814,-0.7214125786493639,0.05280241319979148,0.27473742357092545
920,-1.0595678027296807,0.3581761819776515,-0.25477150987765773,-1.703151929653843,-1.113250243442811,-0.4677410757525113,-0.06561795841314587
928,-1.0895992622701156,-0.05368240893737972,-0.7510039379183588,-1.7331832349595797,-1.4049834218777244,-0.4720313855159576,-0.34162045074634195
936,-0.9237116115148537,0.02926133563601708,-0.4921622177871043,-1.9248119476210672,-1.1532920743327688,-0.20317919495014064,-0.01127552798255702
944,-0.8750895726465691,0.36818662307075234,0.2657720102595489,-1.9176615996140023,-0.5097629922507871,-0.21175957283242938,0.9811892855460448
