-240,0.5679979247630699,0.48333765747102747,0.04068851479764506,0.4478084842217038,0.18796464623859757,0.3653174636228953,-0.24225511695380386
-232,-0.10576677696491249,0.2485870401345864,0.09708963163253706,0.051476308535894515,-0.04373722774112826,-0.7566075646842019,-0.054759508211383076
-224,-0.2902136782116538,-0.409934121167519,-0.05839450926923803,0.7953612906881943,-0.054407708233479055,-0.049306987821803684,-0.009028861880151296
-216,-0.1027180417956484,-0.9983349571780743,-0.540090538882544,0.9798081983211475,-0.3409863777225641,0.2006871525831177,-0.4190802687837328
-208,0.016181610631721223,-0.7651087518841254,-0.562955844772638,0.3334818283569882,-0.46750778955543654,-0.6239886721966132,-0.5440773062363883
-200,-0.037170812626159004,-0.007504494138068489,0.023920637981325356,0.2999460799643171,-0.026969347322329747,-0.9822119753666079,-0.04104031285464713
-192,-0.25820222625466377,0.24401399313723332,0.38519267337310154,0.7069487071589,0.28095026661280526,-0.7672779822969271,0.5412631261769433
-184,-0.5844141066149948,-0.2148167281297436,0.26019559187195823,0.4676251057047311,0.14070966695565246,-0.20021809433490098,0.5839450378301579
-176,-0.38167493435808475,-0.33066766536523007,0.20531884221232546,0.21763093909996603,0.08430854242455621,0.5619591820799286,0.3309022094156917
-168,0.44300089353287686,0.2988907680142158,0.5498229605055216,1.0087709105239004,0.5294200668610562,0.6717126691180165,0.2714523341591743
-160,0.8439061448721183,0.7714406615493162,0.9415821029488954,1.8563120194151057,1.024835278239929,0.31958676636571715,0.39949812937845913
-152,0.49025591424432485,0.6251026195547189,0.9278629039896805,1.4935157200099554,1.0278839903205805,0.09703103092043283,0.5885180966174409
-144,-0.09814499201456163,0.24248964888683736,0.7556108045608229,0.3898829003246476,0.5736263078635061,-0.5782580201341657,0.6815037463027243
-136,-0.0493656252514781,0.23334349070251323,0.40958236674333365,-0.30674706209869784,0.05687015105608852,-0.514235139145049,0.5321169966486983
-128,0.22044509013174748,0.5290683154284398,0.16720998721765676,-0.0765694755484569,-0.23275720022007873,1.1183485697359727,0.4162660639981848
-120,0.34696653536942035,0.7089421230093571,0.11538193244502767,0.07739030472802001,-0.16720996679311478,1.6991276492885086,0.4482775226688846
-112,0.2250181728263879,0.3156586620241834,0.2083674842083947,-0.17717685319943055,0.11327125298981928,0.17172441188803383,0.46047233185547465
-104,-0.10576672276398551,-0.19957318770386653,-0.0873572439056075,-0.3219905453761655,0.07211371489807583,-0.7215472933909496,-0.08372223744403486
-96,-0.7978236869871871,-0.70565893328477,-0.80837695766634,-0.6939330614240418,-0.3516568627998876,-0.9059942732372229,-0.8291316467037366
-88,-0.9746488258809433,-1.0562604257958172,-1.3342792872317442,-1.0658755995780358,-0.8059145416544841,-1.2047677525678933,-1.1858305779497493
-80,-0.25210481224580006,-0.7803522950937357,-1.1025773834496966,-0.4789991566150859,-0.786097910510264,-0.4486879147242815,-0.7712061579448629
-72,0.6335452331870871,-0.021223685401078655,-0.3358270281064543,0.19628997353029143,-0.3989118745051391,1.182371439917654,0.009263401925060144
-64,0.7692127409796542,0.4711427872060521,0.25409817475186297,-0.03998501392889122,0.035529177790210004,1.645775210965718,0.41779043543091904
-56,0.16556837895313575,0.3034638148478199,0.305926239185684,-0.9241106152244773,0.0919303091987652,0.20678455938702409,0.24858703924026507
-48,-0.4990502304176305,-0.11420934540255072,0.14586903458415493,-1.2000188241985927,-0.11690626282084332,-1.7992660073360345,-0.007504507313566723
-40,-0.8206890528094234,-0.3260946385090067,0.07269998231079261,-0.6070448290226024,-0.051359033651354115,-2.4059591372816214,-0.16908611134891274
-32,-0.5615487529101858,-0.4297507189069376,-0.07516239394551115,-0.05980157547977564,0.14070964583202822,-0.9242864884089736,-0.3642034763856048
-24,0.05124175714821706,-0.3565817106820625,-0.3724115905954185,-0.24882153387630995,-0.03001806529794624,0.9262798905800886,-0.629441168351337
-16,0.5253160075423884,0.16932058695228244,-0.4806407096395024,-0.5201566907768521,-0.2678173531227867,1.7783941065645381,-0.5684669848692087
-8,0.6899463017160171,0.3949251089840246,-0.5690532795776279,-0.32656365246941077,-0.46903216278940946,1.6976032636096092,-0.7361459842460294
0,0.7250064652624113,0.2927933040618999,-0.367838502824558,-0.05217981951300234,-0.4370207403072441,0.7646983494243685,-0.7483408389548478
8,1.1503013896670065,0.7805867999200085,0.6382355423973257,0.1307426788611921,0.17576982902830565,-0.006625081899805158,0.4528505513263474
16,2.1639971006299517,1.8567811183612526,1.7647335251835774,0.679510319065412,0.9166061025386835,1.1823714667724936,2.056471535559689
24,3.2462889192120463,2.7439554536798605,1.8196102637082767,1.4432119385843944,0.8525832385794652,3.27531027621318,1.8994630011190619
32,4.124317143506048,3.303393597465043,0.8211580805625334,2.491967928864295,0.6986234301381562,4.000903043193729,0.3278534716264433
40,5.714218962512476,4.82927248734014,0.9537769010005511,4.610820718449701,1.690978237919806,5.02526931783353,-0.06390563986836525
48,7.197415949904304,6.836847395529863,2.069604458805373,6.926315288553021,3.0354589263476353,6.724924628954264,0.9452170773156595
56,6.328533808142578,6.001501124645077,1.6976619421024994,6.382120737265903,2.3479750312279064,6.107561042259934,0.9208274171864795
64,2.706667399857373,1.7942825637738884,0.4293989733251998,2.0620999350287312,0.48064071794661634,3.1350696973521535,0.33852398388610494
72,-1.7002416405124567,-2.408362960579882,-0.2535118931370675,-3.113083735013903,-0.5513473237948913,-0.5965502616695095,-0.0014070908484673957
80,-5.57972398152164,-5.8290146009544666,-1.546164540547188,-6.530686676407759,-1.5741892324056752,-6.2153211656079295,-1.1904036554044217
88,-8.890622091137143,-9.14143704532292,-3.8174528509806698,-9.129711238961804,-3.3729275947756316,-11.024659766033862,-2.8900589858475416
96,-11.541474579429588,-11.36851895902863,-5.073521014992603,-12.250065010233088,-4.657958452814179,-10.75332465465555,-3.6964425409270953
104,-12.936259044861755,-11.770948535295886,-4.651274772375091,-14.512207142341122,-4.77990686759315,-9.52621930011329,-3.422058722053103
112,-12.73351991026712,-10.652072360221098,-3.5461177183149823,-13.949720263386673,-4.164067592071914,-11.411845851491195,-3.044018801657555
120,-10.916489247248418,-8.489013222377631,-2.4211440596379976,-11.163200129097484,-2.8622688170985358,-11.960613420955836,-2.4556179111185763
128,-8.050702684666781,-6.050045937784677,-1.1147722239123499,-8.455946468786728,-1.368401361986781,-8.267102306776401,-1.7742314650500015
136,-5.88002182786382,-4.641542324482992,-0.46539716495615086,-7.269998667401122,-0.7495134002572382,-5.192479222937347,-1.1751600984398933
144,-5.130039357033103,-3.9967403893224396,-0.47759203112740084,-6.6495863671524,-0.8089632311377704,-4.809866229835851,-1.1538191630000398
152,-4.538589802391934,-3.0851763439311983,0.27848786730335,-5.122183114359516,-0.05593208244994667,-4.012628812799489,-0.2773152786989588
160,-3.184962924176218,-1.4983232776151805,1.6580287232075517,-3.4453930482142368,1.4272648695720926,-2.154440640345127,1.2348444408730037
168,-1.6453648718579377,-0.09134400479766343,1.7388195124528012,-2.7899205634592454,1.6254309941766534,-0.12095168028861304,1.4955090791276722
176,-0.7780070936689919,0.15102837030679012,0.5376281038317152,-2.485049721045657,0.5964916541996087,1.2646866140230568,0.6967472777224047
184,-0.35728522837917825,-0.13555032276215423,-0.012663884061630193,-1.5826317871702684,0.00046903454869460506,0.5924462671891573,0.24096530423336698
192,0.19605543753502286,0.5839450496956645,0.5696395549699601,-0.05370418521452067,0.4547266962096436,-0.33131258591493157,0.5580310182219225
200,1.1015220564724728,1.9497667272730288,1.4171806902247568,1.333458488226088,1.1147722382781773,1.1229216686417667,0.8674750011335562
208,2.1075960499496658,2.6326775559092717,1.7662579121724689,2.3486785730780033,1.2794024815258596,2.650324942722023,0.9223517959879197
216,3.1121457245575606,3.2820526083155097,1.9903380252729506,3.1078071857181424,1.4150700654617225,2.481121606463512,1.1921625249623142
224,4.04809937309332,4.382636636501888,2.5436787273756853,3.376093498065073,2.021763168879968,3.1320209142044244,1.745503192350255
232,4.356019023216989,4.9832322869390016,2.683919328179081,3.462981765181306,2.2778547373761695,4.5268053888065385,2.06866638158981
240,3.9688329528245703,4.227152438124204,1.9171690034569069,3.6855375120890224,1.7489037130875094,4.125900105699985,1.7317840382582734
248,3.0222087524018844,2.6799325412509303,0.6153702032661802,2.7145236652920746,0.8159987307826742,2.0908867630758037,0.5778476393774516
256,1.7859572396753003,1.266855883080629,-0.431861387252404,1.1825473826954849,0.032480453592130636,0.972010576866082,-0.3062780094053516
264,1.1716423408267662,0.7836354764671214,-0.4410074981132607,1.245045902731805,0.13766093571636495,1.27078403147065,-0.20414626277787967
272,1.1990807618338077,1.0061912625108551,0.1900753112838919,1.6017448290653473,0.7108182599571227,1.2524917742154,0.3263291404759692
280,1.019206913151886,1.0976525342134433,0.5467742258275052,1.007246553501081,0.8464858149094092,0.7921367121367565,0.36291365531396774
288,1.4810863286508709,1.4985577713065192,0.9324359837368389,2.056002526259835,1.0233109506919338,1.715895568188327,0.7287587319718812
296,3.0283061403746543,2.5183509632516796,1.7464412988768927,4.833376590625421,1.616284886754527,2.848490993803272,1.7683685414700923
304,3.735606683341003,3.009193126814454,2.0726531433761872,5.057456598926527,1.8525598169015516,2.6808120304512357,2.0000704534395912
312,3.40024868818984,2.745479781227856,1.7708309534386064,3.4233485467776044,1.4699468359174817,2.6289839129627306,1.586970365403923
320,3.2996412887602458,2.567130297756205,1.7159542242476016,3.801388510566643,1.3327549234511282,3.392685550002858,1.698248237302166
328,3.028306229454123,2.2104313357253753,1.546750828548195,4.690087076166326,1.3815342995479059,3.157934974913666,1.6281278872845133
336,2.267653313337094,1.1525293128566534,0.860791304369952,3.5879788429162214,1.0217865623930504,1.1305434228073008,0.8598532340318491
344,1.9018081981981594,0.5275439002747162,0.5909805755593065,2.667268631153206,0.988250785999296,-0.09503763808301186,0.5199221509460763
352,2.2935673406415336,1.1860651192164784,1.223587678444657,3.2023171280728793,1.4973852177885063,0.7220164256537254,1.1022256065163178
360,2.7798364038247736,2.1082996067827984,1.5177881004617861,3.5818814086024786,1.6421988809816639,2.025339552573703,1.5198987589067356
368,2.8895899039627837,2.182992987422901,1.0787740013328329,3.934007244708926,1.172697702965944,3.2219579028987524,1.489411612227874
376,2.973429409873657,1.9375718820616543,0.6976853474055119,4.42180078330553,0.8190474266521728,3.8911494949135053,1.1845407429594461
384,2.8865411869696613,1.3949016943473183,0.3760465539972962,4.030041595339927,0.5660045900502553,2.7280669748556385,0.5488849222622273
392,3.0542202066513613,1.4391079566371414,0.4431181185747344,3.482798388956819,0.6742337678802387,2.0680214984504635,0.6464436042074518
400,3.702070919883422,2.2043339051778603,1.2312094556988038,3.4172510751290845,1.2992191074301103,3.7265192593620275,1.3674632840721364
408,4.339251093837233,2.9177318809842125,1.80589111714875,3.068173934237141,1.7504280791165263,4.737166285754157,1.7363570955718155
416,4.243216719462623,3.16620167337251,1.8622922020525827,3.4020076228001837,1.719940962731234,3.7067025899005355,1.7729416140122933
424,3.4490280470929706,2.83389236475715,1.6305903508339707,4.321193309697628,1.4211675041966891,2.3408809285343257,1.7592224042456428
432,2.5145987169352613,2.0534228101271954,1.4781548791106025,4.031566025067313,1.3556202308149632,1.6564457725138357,1.6266035775851617
440,2.305762147208139,1.497033386937613,1.523885545419215,3.1398185616955874,1.5568350275454135,2.0543022706714216,1.4055721623191666
448,2.5481345804434965,1.551910203243098,1.2220633361592492,2.677939143412867,1.5065313045782556,2.8317231015945445,1.061068019791115
456,2.3332005228567008,1.2820994616600285,0.39586316319914666,2.0636243040052293,0.7656950212429363,2.525327823558604,0.33852396489121805
464,1.702117717389524,0.8476583882410552,-0.0583944837243903,1.8974695976253602,0.33277832269542634,1.3409043235211475,0.09615158274555625
472,1.635046161982032,0.8171712960906183,0.2297085075814745,3.033113781989428,0.4836894133248677,0.9826810465509975,0.5062029469106423
480,1.9841233482324565,1.1449075185726079,0.5010436096260937,3.5681622363343544,0.5096034648641629,2.1305200288029726,0.7440023187387321
488,2.3499684149016793,1.5671537561139002,0.920241146549166,2.5575151601625223,0.7595975946253973,3.165556762811499,1.0946038097760378
496,2.5892920725217636,2.012265300200284,1.8500973915560008,1.6489998381506155,1.492812141971325,2.9292818221845374,1.9482423772158401
504,2.7463006475721494,2.083909947472362,2.104664609251845,1.7435098522274255,1.735184528046963,2.5878263489986417,2.2698811799577503
512,2.3530171320585507,1.4360592190116415,1.1656621818258304,1.9157618786242194,0.9638611193201544,2.4506344497959596,1.3171596058084614
520,1.6670574932559914,0.6876011449947566,0.048310344123981254,1.8654582034717755,0.09345466900531846,1.6412021922969464,0.4223634753870638
528,1.2127998581223836,0.5595553848177619,-0.04772405481298187,2.2450225059437425,-0.008677122161888328,1.1473112840674633,0.15255267665558503
536,1.3804789018751904,0.8842428917803709,0.36994915439834664,2.9767126071873817,0.4653971683507939,1.324136457839762,0.4071199090888413
544,2.0954012027733024,1.3491710648822364,0.7937196801878693,3.2907297163508957,1.0446518826930582,1.5817523517552212,0.7104664894540432
552,2.7463006146585958,1.5884947374034815,1.1046880107886279,3.3120707074654168,1.213855283141186,2.0329612843056206,1.0031425598520702
560,3.026781822324101,1.9375719292213736,1.0848714269678765,3.6946836163999155,1.1513567265888338,2.7280669805868545,1.154053655230233
568,3.008489632533449,2.0107409040414477,0.8760348159760011,4.155038752493118,1.0888581636502694,2.7219695076283412,1.1906381731794635
576,2.6395957967989143,1.4406322859863763,0.5284820122932439,3.911141905905277,0.8845946736703054,2.1335687040400932,0.8247930783454076
584,2.2264956861658813,0.8095495209652088,0.08032176971737842,3.4706035337567536,0.41356912798807965,1.7463826565725364,0.2882202677964055
592,2.9871486389626916,1.3522197320956555,0.22513544044299144,3.6916350598808374,0.32363219775215407,1.9354026177528045,0.36291364876400684
600,4.863629035431252,2.887244783593807,0.9324359685081807,4.894350663413208,0.8205717749962943,3.703653871106175,1.1007012566984558
608,5.96726183857791,3.5762530439238076,1.177857054219544,6.296756892672101,1.0980043056234399,6.165486484841583,1.4894116713412715
616,5.663915223170417,3.1631530053403463,0.8745105080778882,7.040641920019131,1.2794024825083534,6.089268784513438,1.1906381581145533
624,5.4413595476572745,3.1372389441398583,1.2601721595503568,7.164114581945329,1.7946343248676973,4.1137052952034034,1.1723459044617812
632,5.895617143982364,3.777467851461693,1.9049741590642768,6.574189499278796,2.21535618540879,4.325590554577561,1.6083113047737543
640,6.317863317006542,4.202762744753973,1.8439999649384624,6.016275567271046,1.9745081735496188,6.046586798190668,1.6738585498268987
648,6.320911954581386,3.972585235984519,1.03151900649373,6.129077843679327,1.198611707181771,5.85604256726581,1.21197910812807
656,6.041955155192144,3.254614200244641,0.35622991925059794,6.235782626169218,0.6208813595235196,4.520707928947949,0.5427874442274956
664,5.381909598549947,2.7942591537221553,0.3272671932929267,5.770854546731796,0.7961821187970906,4.328639290074324,0.2882202519127502
672,4.456626386294301,2.689078669469184,0.67634439657325,5.711404664270322,1.2199526738976882,4.4566850556550355,0.4223634655621226
680,3.412443523576273,2.16470075718624,0.25562253717840067,5.135198771556807,0.8571562827930848,3.578656888509442,0.15102836777497808
688,2.792031226766281,1.5122769624057815,-0.4928355563246187,4.0193711864059,0.25351189604046365,2.929281783376018,-0.4861518417123714
696,3.197509569970109,1.4833142005870732,-0.6803311098836182,4.423325114128505,0.2321709199908519,2.985682873192321,-0.786449738653
704,4.5785748032020095,2.266832498246245,0.02087194751554451,6.077249766636829,0.8388640497726904,3.1030582611150694,-0.40688543994726045
712,5.814826306922399,3.355221601311725,1.0848713999492876,6.920217868157944,1.335803644210478,3.944501991694697,0.30803686438958117
720,5.862081284076606,4.053375991661217,1.5284585652342306,6.2677941326546325,1.3495227971562165,5.523733287306532,0.8461340309789092
728,5.182219162117296,3.8689290489859727,1.301329783446589,5.190075446383134,0.9547149796394705,5.76305688319323,0.9513144996757238
736,5.058746372958108,3.8216741029440793,1.208344156031173,5.150442155602365,0.838864042076486,4.82405453256551,1.059543662277048
744,5.073990016382122,3.5320467657503296,0.9354846365403441,5.583358983184105,1.0050186685468314,4.738690682895488,1.0473488460492504
752,4.273703955875951,2.2180531085582977,0.06965127530636028,4.958373599585748,0.5599071685089365,4.532902788569237,0.2805984880860238
760,2.9749537698439594,0.7424779757101558,-0.9470932073418813,3.6809644978414733,-0.023920620995513016,2.909465242948758,-0.9205928687903712
768,1.816444394705362,0.16779627905417022,-1.532445360255361,3.0285408396277007,-0.1611125380468391,1.0710935500070193,-1.7574635292840326
776,1.1853615456809452,0.09462724217321547,-1.4425084326394213,3.1657325858887955,-0.09556531362607147,0.2814778627375879,-1.8794119326005723
784,1.3713328352265706,0.4345583092115841,-0.7291104984253222,3.57273524108446,0.009615180451841635,0.8043315211595968,-1.2254638104358673
792,2.2417392509903635,1.20283308134604,-0.09650336557389892,3.3654230596562225,0.20168384126783512,2.0314369906536722,-0.23158461402783606
800,2.4810628673456936,1.9208040492938219,0.2571468887975031,2.12917155642708,0.31753478456203554,2.9155626142191267,0.03975048244931556
808,1.8469314485385269,1.6464201135030263,0.022396269823571985,1.2099857691514821,0.11022257595145898,2.252468324700152,-0.35505734456487337
816,1.2859689860477959,0.8796698128519581,-0.48673813805828026,1.9157618083758867,-0.27696349738844367,1.2296264188731019,-0.5791374923801484
824,1.0329260950812018,0.2577331544341725,-0.782462924139438,2.9736639935198936,-0.6184189417545108,1.1092024847474626,-0.6431603501169033
832,1.0237799522892865,-0.04561337369509106,-0.7016721021443832,2.6779391972862965,-0.6138458325325284,1.3515748415120254,-0.8032176092468576
840,1.1533501145200815,0.39949812896278886,-0.2824746086148012,1.9294810479448596,-0.17483172619861756,1.1457869902517668,-0.5638939454043104
848,1.1716423622778889,1.1281396504349865,0.25257381543655677,1.5133323424754763,0.4272883017299443,1.1351164662021753,-0.06238128988675332
856,0.5512300341918324,1.0732629011028516,0.09099220845372807,0.8685303259316582,0.4074717089029962,1.2570648464301033,-0.2803639770246925
864,-0.44569778259739645,-0.07152739051959324,-0.7870359714642894,0.5362210431886444,-0.21294062278553866,0.2723318229438086,-0.8962032358435286
872,-0.9304425639186182,-1.2620482875360133,-1.3586689583321097,1.18559607250627,-0.7434159916520925,-0.931908335256456,-1.0867475412741923
880,-0.9487348693160813,-1.8184377233342712,-1.1803194367069367,1.4813208394287911,-0.6870148528748318,-1.1681831661715711,-0.8154124392295733
888,-1.0904998407334672,-1.8474004132671564,-0.9638611010243506,0.5118313131386298,-0.7083558189357525,-1.3983607782666605,-0.6233437772673363
896,-1.1758635964115496,-1.2803405966997046,-0.79770645195664,-0.4668042760339215,-0.5894561669996302,-1.1803780264478567,-0.7346216355744103
904,-0.6941676216541659,-0.18128088951136034,-0.3739359096284649,-0.6497268333577647,-0.11843062246364736,0.3028189527565204,-0.8946788965056028
912,0.057339110078694695,0.6296757032318527,-0.09497901493729155,-0.15736025464126657,0.3922281534122092,0.8683544258923218,-0.8443751661697385
920,-0.0966206245118041,-0.2818883135033076,-0.6117352098982314,0.5667080858868748,0.1132712623235137,-0.42277387071744127,-1.1873549240013854
928,-0.811542912146245,-1.8443517809322798,-1.3906803837617576,0.8365188754484095,-0.661100850132745,-1.2062921164681726,-1.507469430798862
936,-1.4746371163519782,-2.2757440456586773,-1.7519524217735176,0.07129290234533646,-1.290659271231014,-1.2581202126693043,-1.4038133409034876
944,-1.84962838394402,-1.6461856591114528,-1.288548646795478,-0.8981966178861094,-1.2632208975474408,-1.726097068540746,-1.103515455261541
