-240,0.10325646109697294,-0.04443865581843679,-0.41159430428584576,0.11210515382953058,-0.7581897865890004,-0.059858806039893256,0.3947427553416528
-232,-0.008393232960526548,-0.2795796309288516,-0.5553855844275366,-0.04691105775577102,-0.6786816897007023,-0.21718331750685022,0.0208855032235888
-224,0.2876475785927073,0.39539340062252065,0.24477044937478665,0.23221319964885914,0.2804905560503647,0.2158820414968102,0.4235010126056974
-216,0.5955300222082835,0.8775170145252293,1.088909690602076,0.5773121250852746,0.8945637517040824,0.6354141557278152,0.6569503304840371
-208,0.7545461890901005,0.7015841601112434,0.8131687958177881,0.8310613150290768,0.6915642908978757,0.6506391562255863,0.5419173517647089
-200,1.1622366990621495,0.9739417349797365,0.8453103657287679,1.1880020649708793,0.7879890611440674,1.1513710213059778,0.888708027474596
-192,1.4684274761778555,1.538956756418742,1.210709332231621,1.2218352830278605,1.0400466401947712,1.516769945831169,1.5619893874378972
-184,0.7816127862145258,1.075441439487529,0.7945604924860412,0.5739288295201581,0.48687327335157055,0.7436805178759025,1.2524153320206155
-176,-0.04560980873136972,0.062136054549219305,0.05192101082815229,-0.0925859658442451,-0.24223295662824693,-0.11399200446833813,0.36429286228866775
-168,-0.15049285859596412,-0.2575880621977527,-0.2525781263190183,-0.016461147620966524,-0.35219096764922153,-0.058167148444375136,0.003968875659507337
-160,-0.32135066153799613,-0.41998759442573397,-0.35238617086891394,-0.1754773948236768,-0.24730793159545922,-0.35589958633703317,-0.06031425434949244
-152,-1.0284652637272351,-0.8547446599079899,-0.7668432946863811,-0.8859753847108214,-0.3741826021634949,-1.1865055295472746,-0.42740487572204094
-144,-1.3904809273961116,-1.166010386731622,-0.9377011012628421,-1.156641216756423,-0.8512311551447324,-1.3928882390344568,-0.601645995308881
-136,-1.1367316625830608,-1.2945767377920825,-0.9106345466612428,-0.9604084488444771,-1.1405053626655075,-1.1137640953874723,-0.6507041820623748
-128,-0.9303488716846557,-1.3436348903819386,-0.8159014563623112,-0.9857833387634212,-0.9611892250434655,-1.0342559903217077,-0.8503202989655522
-120,-0.4397669996066793,-0.9410193670072767,-0.6382770114080321,-0.6508343163772887,-0.3166660376620002,-0.9073813339279471,-0.9416700649873738
-112,-0.06760141453365007,-0.15947163726358665,-0.46234413500574706,-0.18224405700700813,0.22466571092969076,-0.6908486301662996,-0.7792704989591972
-104,-0.2858257786166377,0.09427761464723958,-0.16461170456366958,-0.742184055686053,0.29740714836047927,-0.3643579213804869,-0.30053021860139445
-96,-0.5175834574350499,-0.16962160010023608,0.1297374388542005,-1.3883988890328613,0.0791828413380356,-0.28315814309115717,0.1291518302994306
-88,-0.5497249944544423,-0.4538208453743031,-0.1409284397120994,-1.1820160714213996,-0.538273759095407,-0.5978072496169501,-0.016331039110502748
-80,-0.20631766046692693,-0.5282539434898749,-0.815901507426046,-0.5527179479585017,-0.9070560444237252,-0.48277425835884075,-0.464621395522669
-72,0.0931064700934945,-0.35739600062230525,-0.9461594219502993,-0.47828487528393687,-0.9662642138215095,0.24802364466282034,-0.5272128850179695
-64,0.27242261062308065,-0.03936365359300321,-0.5333939562735149,-0.49520139781300343,-0.7903313686753188,0.7233805911122748,-0.20410550541574685
-56,0.4974136109032284,0.5425679701507986,0.10605419308338578,0.15270504733551055,-0.3115910981304764,0.8079636847743621,0.3998177615649594
-48,0.839129309283524,1.1617162058280182,0.728585695795449,0.995152483409442,0.3684569798046495,0.7555221548447243,0.7973582587269522
-40,0.5244802162051201,0.8098505580584618,0.7099774357134135,0.9257944358572169,0.9605385516656608,0.6946223594709592,-0.03324767557893646
-32,0.07449820892113014,0.17378569954191997,0.33104519608935556,0.6263702771299663,0.7169392756754306,0.5305311596527782,-0.4493964462703545
-24,0.20644779576034097,0.310810310049699,0.4020949775601194,0.9427109992736165,0.5900646258236433,0.36982329210745246,-0.42063820027304194
-16,0.2893392369151117,0.425843342195141,0.8554603216600015,1.3233349379256902,0.9233220398607774,0.27509024269585325,0.2018933155229682
-8,0.10663975012011666,0.11457753286995753,0.7590356166518203,1.1643188344646689,0.831972283651916,0.11438235952248041,0.5859005333852253
0,-0.3602588796397539,-0.6212953156800365,0.18725393048538277,0.5197956120109578,0.277107218325865,-0.186733436629204,0.31692633258552755
8,-0.6393830478191378,-1.0205275013301989,0.1974039138565592,0.11210519853301394,0.35661537990700953,-0.09369205589813293,0.4962424658462544
16,-0.06252641376198814,-0.31341289550653123,0.9704933412666618,0.585770394527275,1.2244377938530795,0.4256481048817036,1.0358825693812084
24,0.11002307457894801,-0.17300496272057836,0.4359282377764834,0.9782359814149022,0.6171311720660548,0.2327986763297505,0.24249320176008932
32,0.08295648781264703,-0.5265622453704675,-0.7634599462403144,0.8056864881674862,-1.1675719212649796,-0.14951687448747158,-1.0668530089057298
40,0.6936463882646908,0.11457751869568202,-0.5046356904685612,1.4925012086600233,-1.358729695492401,0.09577409180814286,-0.9146034304283237
48,0.9676955874736716,0.6271510421880301,0.04177102345910317,2.1505575497716833,-0.6363901444142912,0.6861640356942369,-0.47307971275741745
56,0.8255960043610594,0.5290346890338472,-0.36253611607857994,1.9661663990209186,-0.4536906659784841,1.259637380001357,-0.5525878027402992
64,0.5989133655661488,-0.025830346308158798,-0.3473111788198832,1.663359053034553,-0.6736066091533114,1.3086955680269015,-0.21425544353827553
72,-1.525813830516686,-2.404306785760911,-0.7245517136008394,0.20176326225583435,-1.7038287526768883,-0.9902727667235302,-0.41217987576943355
80,-4.780571092737883,-5.0213075505873634,-1.7632320627821771,-2.5725621054434757,-3.295682351127631,-4.380362941878263,-1.1971109490527108
88,-6.255700127198929,-5.080515662924604,-1.292950120920536,-4.54842300135048,-3.5528149558458395,-5.919775080362135,-0.8131037310087321
96,-7.416180118373256,-5.205698714240354,-0.36591945180414326,-5.681836280552407,-3.008099934222496,-6.633656401613529,-0.23793873128675147
104,-8.387193928949719,-6.795860761402641,-0.25088646418046373,-6.001560455631973,-2.762808954661214,-7.379679270787602,-0.1026058050875479
112,-6.485766132975497,-5.227690268797177,1.342658951235533,-3.8345417509704673,-1.020397374815331,-6.095707937865388,1.2676402154897548
120,-4.959887252348225,-3.1587879748955556,1.70467453258458,-2.4693706808279763,-0.7886397119884085,-5.075635930722473,1.1864404722726705
128,-7.7325208048994964,-6.274828948842373,-2.960928606830441,-5.434853782230816,-5.806108418852091,-7.530237113347534,-3.3116881628546997
136,-9.897847865049435,-9.240311976102852,-6.641984565508521,-7.654313963032406,-9.549755988778868,-8.469109404713308,-6.224729692895407
144,-7.226713937957115,-6.57594474753816,-4.540940646270869,-5.147271247933604,-7.127296236320968,-5.562834532131175,-3.756595204075831
152,-4.051464860395686,-2.5548647088234566,-1.457041276398676,-1.7707144165897344,-3.694914583480214,-2.878167282852848,-1.0110281930422136
160,-3.1531925117824127,-1.0898856148473206,-0.7127101053440101,-0.4630598329902249,-2.8710752719240946,-2.005269800353006,-0.5898043596121093
168,-3.1193592662854877,-1.4434429783632676,-0.8192847977212402,-0.029994428556195253,-2.5648845247924337,-1.7667455127773775,-0.38342166520780957
176,-2.831776693645045,-1.3537848559444103,-0.5164773397944433,0.32356293932106717,-2.121669144437808,-1.5603627674910638,0.27632645416243
184,-2.089137251420718,0.07397764608767171,-0.06311201641080981,1.0881939364656614,-1.6835287050684782,-1.2355637232061845,0.6535669724067312
192,-0.9117406635749631,1.7216562573880116,0.7691855907552014,2.2892738224180174,-1.0119390255976013,-0.7280652043016499,1.100165758267968
200,-0.03884315000074664,2.428770845221255,1.5710332494431765,3.302579271504008,-0.6533067816096109,-0.4540159869205214,1.404664838899759
208,0.09479811624055956,2.3526460800606475,1.4881418373638422,3.6053866967209376,-0.560265395063453,-0.3795828768113316,1.3978982050649778
216,0.3079475100810935,2.587787063348528,0.8892935887817818,3.42268722918842,-0.797097946539885,-0.15797517845655276,1.3133150668811284
224,0.8932624884494921,3.2137019270454408,0.21939552111261099,3.4632871010695445,-1.1861802158740966,0.5948143111049126,1.0511075326260775
232,1.4954940720302305,3.452226214802791,-0.08510360167856296,3.840527674375453,-1.2420050669915796,1.4998533311693127,0.8565664026837301
240,2.0435924562739167,3.4353095719741056,-0.06649530943182581,4.578092104379666,-1.089755451806435,2.2357262267851703,0.8700997083330808
248,2.9756980780057796,4.3724901694000655,0.8114771211404512,5.554181042387662,-0.4841406117306982,3.046032239960797,1.3657566086226625
256,4.2106111798344585,6.006635487589839,2.1817231642512165,6.750185858695915,0.6120561714761138,3.9223129980363924,2.225120772934374
264,4.77393456512108,6.776341544565575,2.9192876912946986,7.5317335762642665,1.4409705437719817,4.157453942435877,2.785060832308392
272,3.929795298816227,5.864535940639799,2.5944886226591417,6.77217751901464,1.2041378803551197,3.6398054566968225,2.8341190096123694
280,2.151858835867266,4.446923377820574,1.9584238386484065,4.984091034896434,0.40905683260501896,2.3626008561024308,2.6243529856610364
288,0.8442042735291687,3.8074751297889113,1.7571160946789195,3.492045283100897,-0.1830247699669219,1.2545624092137386,2.328312164294843
296,0.45173872989125335,3.7922502165174494,1.4120170698408558,3.1029630862735553,-0.7717231204051797,0.7825887692326903,1.9104716734957188
304,0.3299390958940108,3.4809844738840487,0.894368529767077,3.109729762812884,-1.3485797422869907,0.43072308857154706,1.308240118808695
312,-0.050684773522179344,2.584403755608072,0.556036221992231,2.9760885056576516,-1.4585377102399741,0.12284065567753753,0.9276162072331218
320,-0.4127004013919252,2.2054714870903003,0.5222030026631995,2.778164036900476,-1.504212570172258,0.1279156989720256,1.2574902735510756
328,-0.458375272954382,2.455837436712314,0.6372359744771111,2.7781640963234,-1.4517710560523882,0.17020718556239953,1.6956306547695323
336,-0.8728323784179803,2.2883629142525166,0.5425028968986828,2.6005396175689253,-1.548195805037167,-0.15628354357621912,1.639805815282224
344,-1.4141641782551282,1.5694066669169895,0.062070957673311666,2.0947326982907577,-1.9998695433321525,-0.6451737542425263,1.145840581855955
352,-1.4293891255085065,1.339340667682394,-0.30163632724678713,1.776700302196656,-2.228243827910686,-0.359282937145479,0.8531831167498514
360,-1.458147370778933,1.7013562635691597,-0.31855294645168153,1.3808515024271852,-2.392334972303816,-0.2679332001990942,0.7787499861061347
368,-1.899671093174597,1.6455314480690861,-0.6551936426065431,0.83613631471041,-2.7442005964495784,-0.772048400641606,0.6468003198546383
376,-2.52558595832528,1.01792491623681,-1.0916423475121697,0.26435466307105304,-3.058849773846749,-1.313380173583975,0.5063924463098873
384,-2.887601579834774,0.5780928805121003,-0.9326261597323823,-0.21269386610467014,-3.099449657358047,-1.675395796002076,0.6654086606210102
392,-3.20732560099625,0.5628679181758398,-0.4877191088800137,-0.32434359341720026,-2.827092081944389,-1.9663615966072452,0.7973582672678619
400,-3.0449260840328716,1.0619081205725116,-0.041120402612784636,0.19161323890593215,-2.182568928908284,-1.946061635134815,1.112007351623635
408,-2.111128834507813,1.8468391874955368,0.32766186363477856,1.1068022603319356,-1.5295875553132554,-1.4910046781428983,1.338690014224059
416,-1.8320046345271699,2.2409963936354504,0.278603685422194,1.4789678145123133,-1.719053679395739,-1.5163795575219956,0.9614494523666028
424,-2.3547280863290863,2.1530299646112425,-0.14600340722873098,1.29796005582077,-2.50060138951351,-1.727837283408887,0.4471842778207103
432,-2.1212787688141894,2.31881280712378,-0.23904480994810096,1.3351765957924822,-2.7255923338234416,-1.0021144402183693,0.832883142011754
440,-1.0166236478381043,3.2813683495302914,0.29044531639420734,1.707342144339494,-2.184260569785426,-0.17489181783253002,1.4723313013633348
448,-0.6867496253150269,3.7736419037361872,0.19909559852857744,1.6261424734475578,-2.233318819777994,-0.577507288871406,1.3150067590037269
456,-1.1993231084652063,3.450534545395376,-0.39636938919716885,1.445134523403298,-2.4532348545404465,-1.1272974092142896,0.7770583039782172
464,-1.2517646413023882,3.6264673367520093,-0.14262010875607084,1.578775875780585,-1.9643446091653363,-0.9039980058346865,0.9834410543527322
472,-0.7983993075606303,4.27606543804227,0.657535905965497,1.8781999569127639,-1.170955188481547,-0.26793317257742927,1.7463804880335339
480,-0.26383416045729763,4.629622786293613,1.0144765421496549,2.0998076812537145,-0.8766061557320564,0.10423239286968022,2.02719637577546
488,0.30794751516929475,4.633006110025558,0.787793846839364,2.756172466715605,-0.7412731444872007,0.26324860881629625,1.8292719479056172
496,0.5870717336855283,4.424931703327577,0.6253943218802418,3.2602876733366464,-0.6262401895733865,0.4510230754849834,1.683789018709318
504,-0.02192655351103783,3.9343498119871225,-0.042812048941571174,2.779855721754216,-1.1540386018047974,0.17020719537535928,1.1001657290108098
512,-0.6613746959625224,3.277985045242543,-0.8209764489565071,2.240215658016266,-1.6784537529981718,-0.03448389504125838,0.6078921524531735
520,-0.1606427978088219,3.4454595733357074,-0.8311264423223648,2.698655954549896,-1.6141706053621885,0.6066559315370798,0.6772502897758085
528,0.6885714341954485,3.8819083151307945,-0.4860274296596395,3.11311310253632,-1.4433127459047779,1.1885875721809782,0.8599497660309579
536,0.551546782800337,3.807475141782529,-0.502944047774204,2.752789117906095,-1.5143625524531066,0.9314549879972973,0.6857085968341549
544,0.1844561725127988,3.0851356145099333,-0.7820682804647129,2.2266823243818066,-1.7224370234804924,0.5592893938381943,0.6671003205789076
552,0.39422225297951125,2.7078950130371955,-0.6653435670999605,2.652981071357264,-1.4636127586226644,0.9754381950588209,0.9090079329768108
560,0.9998371535685001,2.985327489275702,-0.3557694713405104,3.1858545552317126,-0.8647645009545295,1.674094503818824,1.1255406427352668
568,1.451510827897526,3.3896347552915334,-0.1612284022748581,3.2873542986279016,-0.5585736878579712,1.6977777813908985,1.1136990032223448
576,1.0150621155413182,3.0952855691691172,-0.6602686075790741,3.070821558158516,-1.0423889838885971,0.9686715148850635,0.5926671917524059
584,0.1201730504995439,1.9077390444728832,-1.6532740332256122,2.477048261283319,-1.766420172027698,0.058557515310413505,-0.18718888930011854
592,-0.3721005253312066,1.3224240490226646,-1.9882230688774123,1.9492498001688296,-2.0946025464047744,-0.15966679843572476,-0.41725486709157894
600,0.2165977595055975,2.1158133695779218,-1.6042158495613834,2.1674742191317042,-1.705520370293681,0.7893554210578974,0.13253520400478289
608,0.8729625218888608,2.7958614162569537,-1.2100586775851068,2.641139467461751,-1.3485797542806073,1.5759780854266316,0.5419173285043597
616,0.779921134252374,2.7738698727851405,-1.2354335914912855,2.9439469290229763,-1.091447131753694,1.2004292051519283,0.3879761149648988
624,0.6868797331684973,2.699436708341229,-1.2625001793479156,3.1046547760337755,-0.6397734045437192,0.7030806888810468,0.3169263378554501
632,1.1368617757064539,2.98363584585446,-1.0713423864031815,3.3296457679547355,-0.3741825302017894,1.2071959038612767,0.4607175740205436
640,1.3889193623894596,3.0868272497537093,-0.9123262006223314,3.7542529376555662,-0.4164741132862683,1.4085036232983643,0.5520673035163477
648,1.0793452797139562,2.8956694379099432,-0.8987928958815886,4.035068786145654,-0.19994134228767393,0.887471778209952,0.6501836857459673
656,0.5650800660979454,2.4727540628226237,-0.6602686064887454,4.1230351780986805,0.28725719715400455,-0.0700087770540089,0.6569503224882917
664,0.31302249758708717,1.8942057479096068,-0.5266273118988887,4.175476668776478,0.6154395893397857,-0.6214904808500469,0.4607175696592283
672,0.31809748363930995,1.5880149313603402,-0.5723021525686948,4.018152134594338,0.5477731370526115,-0.3017664039000785,0.34906789341043354
680,0.7037963516465042,1.638764771529758,-0.8243598086693056,4.04691041384668,0.354923675609071,0.4053481586738781,0.1409935201492028
688,1.2129865815726721,1.8502224788810588,-0.9952176483190757,4.500275778117649,0.17053251395501798,0.7825887561487437,0.03949378801974525
696,1.490419088340387,1.8130059834311087,-1.1542338470021514,4.970557734153565,0.050424524105903624,0.7132306546252396,-0.040014346666620286
704,1.5750021214892225,1.4070071459557392,-1.492566156775934,5.1278822737873515,-0.23715790043153318,0.6421808398994453,-0.23286374432592188
712,1.7492433206700693,1.5677150173172159,-1.4079830907355106,5.236148551253231,-0.16103312691173774,1.0769379168301543,-0.13982236468517983
720,1.8152181286273943,1.9652554912188605,-0.8429680402210683,5.3105817645802205,0.5579231027968053,1.2173458319891235,0.2797097653555937
728,1.6392852882059612,2.1191967094830795,-0.26272809188149,4.977324272221129,1.1415463241680373,0.8147303184274215,0.5266923748907295
736,1.6240603660301465,2.1411883283693056,-0.11217015646188375,4.512117332221477,1.4291288700954223,0.833338611946209,0.6755586054672331
744,2.070659059758593,2.3137378441501855,0.050229351233698115,4.254984692249301,1.5796867893418167,1.5945864171069288,0.8768663467108977
752,2.072350718262719,2.5911703336543592,0.02316276792010489,4.177168336730124,1.742086295401905,1.806044125003394,0.8497997824780601
760,1.624060329685851,2.372946013547969,-0.3506944954646907,4.112885223802943,1.5627702093887623,1.0955461881789215,0.4099677196768501
768,1.412602611976426,2.088746827878547,-0.5807604825239469,4.0046188563849325,1.281954268947607,0.7132306584413908,0.17651838544357787
776,1.9302511198855035,2.2308464166245248,-0.35746116037384423,4.145026762276107,1.5949117345962582,1.1649042858862741,0.45225924442873433
784,2.686423906102414,2.4304624893693836,-0.02420376414541456,4.530725627194037,1.7843778503195542,1.9024688292846896,0.8294998335444118
792,2.7067238581253275,2.2528380002567854,-0.08848690378565281,4.405542667829355,1.6405866094297028,2.063176719000035,0.6704836221408329
800,2.156933804655948,1.9314223278600442,-0.20859490217567603,3.7897778489254765,1.906177494129756,1.7130027217388601,0.4539509374599407
808,1.8101431442106641,1.7791726952296378,0.0011711219573780237,3.3211875348570326,2.317251316567019,1.575978130493558,0.6265004577838569
816,1.7526266560321908,1.405315507804419,-0.10709518712803735,3.077588184179274,2.264809813895603,1.4203451964829465,0.5148507697231661
824,1.5327106348988477,0.9045835638569062,-0.45219419579288966,2.8441387927037347,2.051660415512032,1.1699793244560033,0.19174336776920148
832,1.5631605195926457,0.9688667585587523,-0.323627922509222,3.1587879488394943,2.2462014660420935,1.3374538581825328,0.46579256225342386
840,2.0858840119184525,1.5237317831791921,0.3885616602805946,3.793161108873185,2.772308271741721,1.7502192858795282,1.088324065147209
848,2.5274077225022213,1.999088766336385,0.6981357972908199,3.8320693764031843,3.1309405747891925,1.8872438763979453,1.2710235737487812
856,2.6170658056692386,2.0041637476638487,0.5881777441104623,3.5597118286111917,3.061582473629131,1.9735186621826324,1.0477242136188896
864,2.3447082506083867,1.4086988438934254,0.06714596262456785,3.077588131116602,2.6285170495691816,1.76544422241134,0.38290111964488127
872,1.7644682873676463,0.4089267077256435,-0.7550016253711366,2.414456794321481,1.848661007223332,1.1919708928236596,-0.40879655149232386
880,1.5445522229845932,0.17209403286032784,-1.1728421138078817,2.4009234928517253,1.1736879893010705,0.9094633683841855,-0.5593544669225671
888,2.2144503091893544,0.948566775279745,-0.7279350913040634,3.1283380457918266,1.4088289191628367,1.3814370052759686,-0.06877254941422088
896,2.5341743883199817,1.4425320223351243,-0.26611140034883174,3.358404109537547,1.919710784696223,1.6165779949241017,0.47932583283052876
904,1.872734622984398,0.7777089118244612,-0.5080190298285538,2.693581017562474,1.7454696216779497,0.9737465434601119,0.04795210470932934
912,1.2688113859877355,0.10273593279059563,-0.6822602181061127,2.3890819123982823,1.5982950388840051,0.6235725291171172,-0.2666969812819369
920,1.517485675106688,0.4765931474740357,-0.38114440723498844,2.9304136173768196,2.03812707042912,0.9602132254537006,-0.016331051649284816
928,2.182308734008452,1.2716742197565356,-0.10878686834734799,3.7779361599843133,2.35277624655424,1.5269199555519595,0.12407686532689952
936,2.4597412620375803,1.6353814908658026,0.009629443553442415,3.9589440082645453,2.325709599092965,1.7722109094905139,0.2847847301464031
944,2.297341741258052,1.4239237240915787,0.21601222790987362,3.1909295227483434,2.2309766025623157,1.572594785136756,0.447184264009878
