-240,-1.0239268996057462,-0.8567769260765198,-0.9874589484808673,-0.472074686098692,-0.2796293944390111,-1.3682068400860374,-0.7346940607102208
-232,-0.8754188881875161,-0.7196926207901126,-0.7508253179456849,-0.18158642756858007,-0.029940110121377546,-0.6811533369022795,-0.7265342595215837
-224,-0.663264632643078,-0.23989756105307541,-0.2693982858396225,0.027303847124404028,0.26544392912635983,-0.08548933411210885,-0.22389180733067962
-216,-1.1316359569718937,-0.4651074782688155,-0.38037128671666603,-0.6107909197518728,-0.0462596606075493,-0.6452502668241031,0.0568046134791223
-208,-1.4563952797273705,-0.9089995107027737,-0.6937068375999027,-1.0742664104201134,-0.46893629890221794,-0.8720922288109817,0.04701289058540759
-200,-0.7415984878442945,-0.4504198954183594,-0.4146423980998235,-0.4378035761179967,-0.1262255327059673,0.05975463702533042,0.21184045547004202
-192,-0.2193725470908627,0.07996581093623095,-0.16821700189582908,-0.13262778838160882,0.2964510643913735,0.4726395680286765,0.08291592297241156
-184,-0.6600006765100208,-0.2970159682955138,-0.5794699228389766,-0.6336383288599786,-0.23719853025216325,-0.5326453189976615,-0.28917009307248553
-176,-0.9798640765485718,-0.5695526669804868,-0.7997839653721223,-0.8833275921406788,-0.6974101420980771,-1.048343457052341,-0.16677333312066958
-168,-0.5653472029785226,-0.17788320584939074,-0.6006853660644448,-0.5373529017173866,-0.48362388788844674,-0.628930740179789,0.09923548029558704
-160,-0.39399182505197655,-0.053854564337978514,-0.5451988458161441,-0.21748951079484025,-0.14091311152434466,-0.4477836526829192,-0.24837114725986742
-152,-0.6861119889835428,-0.610351563356311,-0.9417641849606828,-0.36436554300704155,-0.4216095563513121,-0.5522288277205837,-0.6792075360792253
-144,-0.8852106231774676,-0.7474358530403263,-0.9711393645109094,-0.49655401796372234,-0.6419236276349332,-0.45594341881000056,-0.6628879670104288
-136,-0.454374227871722,-0.04732672605174684,-0.23839111586366835,-0.24523279458554065,-0.15070487736846525,-0.17851085859051652,-0.006841666935795644
-128,-0.02353784378567436,0.48469092339547,0.28220286093551095,-0.08040520603435605,0.237700699330455,-0.40698472597884944,0.5088564320252492
-120,-0.2748590724230889,-0.08812564101019607,-0.18127269249291442,-0.4051644925011229,-0.1245935480653971,-0.783966580417631,-0.006841647126016624
-112,-0.5065968351126794,-0.5254898409430796,-0.564782325437975,-0.5112415936265596,-0.2551500534579766,-0.4575753683890154,-0.6775755982458322
-104,-0.33034558671092545,-0.2855923038869423,0.0015064180369290436,-0.21585759434899593,0.0859287531667165,0.05975468207942966,-0.28264224128755494
-96,-0.10839954218173979,0.03590303223192429,0.5221004116656551,0.04362342197835703,0.37152107039727766,-0.0805935181576202,0.30649390778929936
-88,0.14781756166419296,0.3541344520125993,0.5939064664471201,0.08279040190833728,0.25402023421423475,-0.12628830832458718,0.44847406058559586
-80,0.3632357452924434,0.23663362757517742,0.6396012339993837,0.007720409576439715,0.2377006886366806,0.3208676418500249,0.5039605524340367
-72,0.46278505809436554,0.06527824842147704,0.6608166658298461,0.08115844636885829,0.2621799999907006,0.4791673759866624,0.40604323216153493
-64,0.4888963607506514,0.16319560358022678,0.4780375815961695,0.3390074650828655,0.14467917502735528,0.17888751780420414,0.09923548748320596
-56,0.5966054601906651,0.5320177206424025,0.4600860541829696,0.5152586992846895,0.15610286538147825,0.1511441989519478,-0.07048794892848335
-48,0.756537156002554,0.7033730677147799,0.7489423054578082,0.521786555101699,0.3388819699508571,0.44652830814748873,0.21836826114902674
-40,1.1694220899861323,0.7050050339480332,0.8093246474457539,0.944463177969283,0.3960003917438413,0.624411494382636,0.3162856385718643
-32,1.4729658473266196,0.8404573602037192,0.5482116917072377,1.4014108605042304,0.4302714743765232,0.7239608203326414,-0.13576618856434367
-24,1.0861923185543778,0.43899618073691027,0.13532682924923314,1.0293248775925032,0.15120701576789586,0.7827112691906785,-0.4735811047963967
-16,0.740217628481701,-0.07017409904645033,0.17286179368447394,0.510362888589434,-0.0038288023811660584,0.9883377379893717,-0.11618273015475371
-8,1.0013305896547586,0.19257077752060464,0.6461290607153022,0.7584201465432462,0.38947256625507776,1.2837217523434046,0.5676068810585936
0,1.1269911598835594,0.4406281290887708,0.8011648762347473,0.8955045059997573,0.7338153281362888,1.1711167733121783,0.7650735316637957
8,0.9948027461092933,0.047326702951576156,0.5759549595449308,0.7323089092767617,0.4531188724402393,0.9312192536115106,0.6720520538172569
16,1.673696413744089,0.5777124531331105,0.7815813939832994,1.5564467067025365,0.5494042746891264,1.6052170984548144,0.9609082554799935
24,3.738120884512345,2.3385930361318907,1.6024552997892794,3.7710110150513607,1.7668435152569504,3.5717241237808146,1.551676379029568
32,5.985324385344175,4.210446607560864,2.5130867767455345,5.965991995770199,3.2143885410614135,5.856462623758824,2.2925844197494416
40,7.6270720658259155,6.194905103325035,3.937784440599686,7.354786579027703,4.583599678531492,7.648350371299017,3.6275244710806827
48,8.573606605848038,7.518421507427864,5.078521723829515,8.156076971026836,5.642739122903724,8.506759245046393,4.804164790729591
56,7.436133292425274,6.50824069067229,4.484489706205838,7.186695041531081,5.115617326225631,7.1587635613202485,4.358640738768815
64,4.3386806762596075,4.009715992407832,2.7268729913356076,4.283445279192331,3.1719576528574,3.945442068017178,2.743004298007866
72,1.3995278142156644,1.9077565906881209,1.1536673807517974,1.414466425580946,1.3229514668699842,1.5937934377277065,1.3509457398593696
80,-0.25364370019727145,0.014687601979232082,-0.17637681693378088,-0.20769781349606095,-0.010356638914319765,0.3437150539383629,0.17267350078438207
88,-1.2768800872887964,-1.4067461034628599,-1.233884284554294,-0.8490565615744073,-1.012377648520794,-0.6452502685771809,-0.8424031366589921
96,-1.3633737349132613,-1.579733441486887,-1.302426444385117,-0.8963832553897507,-1.1347743609642011,-0.8231335151182042,-0.982751390014299
104,-0.7187510787361889,-1.1195218503272908,-0.35915587679967614,-0.37415727361429885,-0.4167137007772652,0.11197726898468446,-0.15371773052808926
112,0.005837341900324975,-0.8943119259239318,0.7750535532427586,0.543002006040709,0.36499327067875753,0.9148996729724012,0.6492047016841795
120,0.980115147130522,-0.06691022390558686,1.7036365509505185,1.7457536025756624,1.012879809359619,1.6003212213179108,1.1192079976807894
128,2.5745361756954805,1.9714028954708196,2.829686249226197,3.3695498399672466,2.0100049418291888,2.840607856618603,2.0624786280264145
136,4.691183149221256,4.523782165631719,4.360460987033078,5.136958278958344,3.535883857721116,4.905032246569973,3.7009624821028564
144,6.266020756892489,6.45601815145075,5.682345427882888,6.5959270101933996,4.630926380235685,6.491293494983228,4.585482670953372
152,6.972657741626464,7.523317392979543,6.167036341966817,7.248709384287911,5.027491664684198,6.613690208127865,4.787845243223653
160,7.155436813413287,8.280544967356038,6.340023707338856,7.362946363211484,5.23475007640021,6.522300708786124,5.017951042134299
168,6.832309525787021,8.535130071134315,6.493427573279287,7.02349951773612,5.388153924283939,6.386848227558364,5.350870080528216
176,6.172999330761746,8.525338410299554,6.436309106256896,6.427835514945951,5.239645968087658,5.957643877199064,5.2937515926442
184,6.122408641369095,8.613463992601872,6.206203299632709,6.155298845011454,5.055234937255199,5.951116052411532,4.995103636357039
192,6.71317672933119,9.060619995018204,6.243738301934429,6.834192512470939,5.2135346819103034,6.311778388796079,4.962464523463767
200,7.161964665373526,9.409858598273532,6.255162006313174,7.37926582990054,5.779823405400121,6.701815832504049,4.942881019123538
208,6.891059956237742,9.197704250517202,6.196411581647612,6.919054276081498,5.801038833549119,6.721399230783071,4.454926150133707
216,6.579356353005133,8.827250321492619,6.224154803379356,6.347869630575989,5.541557849653705,6.536988301103199,4.381488196261867
224,6.962865991910658,8.930063469991152,6.606032514619341,6.705268018365714,5.796142977799764,6.492925409150068,4.844963658179632
232,7.695614207950654,9.06062000553667,7.027077201932531,7.676281863080161,6.151909457383113,6.897650591907727,5.316598940569889
240,7.973046772202219,8.664054634310807,6.834506413563074,8.069583317792523,6.150277478177084,7.35459827321552,5.352502027828227
248,7.418181711718507,7.601651200672349,6.286169196975446,7.6338510511350295,5.877740767921797,7.220777865684679,4.885762586286164
256,6.768663292705205,6.498448999859899,5.943458373804168,6.974540761443553,5.601940232663672,6.869907315655259,4.526732228231106
264,6.638106775567005,5.924000475882673,5.781894728588572,6.710163949848028,5.3081881130173185,7.072269944725261,4.25419561509633
272,6.403105036408655,5.40830233011445,5.25314101353625,6.365821182532278,4.683148956973089,6.979248303316566,3.854366394149233
280,5.7764339812740495,4.497670866481589,4.425739293987125,5.820747892100077,3.9634562811161063,6.021290156562134,3.382731005347154
288,5.324382148878608,3.735547403397874,3.949208097820639,5.349112546248404,3.3759521547216083,5.24774303275131,3.3076610743729797
296,4.898441645961542,3.128459730939898,3.446565639318655,4.58535711728205,2.680738915739016,5.027428904317353,3.0057492166487894
304,4.423542399899992,2.635608978852697,2.627323713770549,3.8656644917384,1.9479906336079895,5.159617398207276,2.357862691291318
312,4.286458152815767,2.4577257812225444,2.2585016354513923,3.9211510053250067,1.7146209230924616,5.316285115622018,2.0184158277592505
320,4.085727500146869,1.9844585511816573,1.9729093219022944,4.004380763783985,1.6803498015414529,4.756524182910025,1.9400819089213106
328,3.4867996251960705,1.1766403126568274,1.6350944133837837,3.415244629432984,1.295208207096449,3.858948379721308,1.703448290832981
336,3.477007872500033,0.9742777631765578,1.351134102882573,3.283056206367405,1.0177756900026789,3.9797131858867227,1.5125094390697609
344,4.116734690633835,1.2451824113052354,1.1814106731325793,3.521321770177978,0.9198582913675998,4.544369978906074,1.5157733680301118
352,4.299513673189,1.0542435996874966,0.8811307530664747,3.6045515530047374,0.6603772944994104,4.562321438650471,1.4994538154402466
360,4.071039930619806,0.5956639091960444,0.42255107204164327,3.80365020963806,0.2197491624506352,4.648815099598326,1.4945579037677106
368,3.945379317966522,0.3720860188700494,0.48456541988240104,3.9684777312216726,0.22790892857771677,4.754892230000162,1.5598361504158824
376,4.141213935195591,0.5662887326260498,0.912137876936483,4.172472192414476,0.7256555448290445,4.7157252469146425,1.4863981425492472
384,4.263610742305199,0.4928507088064069,0.7750535662155346,4.306292613444016,0.7223916071033042,4.989893936551266,1.035978271127826
392,3.783815539517014,-0.19257084094156507,0.11411136305844605,4.002748707617841,0.19853372238070716,5.029060809368192,0.6296211901563326
400,3.6287798141057683,-0.4406281437741684,-0.062139860098987754,3.873824159342511,0.12346380455461559,4.777739568634541,0.9951793293472867
408,3.834406314459862,-0.15993166616464616,0.47314172689866185,4.139833125276535,0.7256555414981967,4.2310343449269485,1.603898953137355
416,3.4508965521376607,-0.3068077877838148,0.5514755714061033,4.125145472653583,0.88232330712258,3.842628890768166,1.414592071113543
424,2.799746168468873,-0.7490678718659137,0.22018851467252293,3.5849681633157977,0.670169027911592,3.7104404610408928,0.755281800530615
432,2.5663765038839834,-0.8682005845246275,0.43560673616725387,3.2145140565291253,0.6603773072968776,3.5668282622463017,0.6769479325319309
440,2.4064448028128615,-0.7931306440838326,0.6347053566871724,3.061110200581237,0.6995442519899943,3.069081615316113,0.944588699208665
448,1.9984557387785677,-0.8992077806214401,0.7848452884080184,2.7706219541473627,0.43516733222957127,2.7932810386853517,1.101256501121758
456,1.8156766377153444,-0.9595901425944738,0.946408950979084,2.3512092421834287,0.37641696734396063,2.9107818296389887,1.2399727545847181
464,1.4272709919451592,-1.4426491130598527,0.840331849853647,1.8485669118314307,0.40416017242146823,2.7312668156637323,1.2318129863539433
472,0.9197327756908686,-1.9387637869197858,0.41275932618260913,1.5074881155498963,0.2246450709676311,2.2351521035867044,0.923373297531141
480,1.0176501059559138,-1.9012287893513755,0.28873070553282254,1.6821073368865982,0.05492164174356072,2.1470264490575817,0.6296212020772616
488,1.2102208604909717,-1.7690403413920919,0.07004853824819365,1.7147464459230999,-0.17355223931877867,2.4114034796125217,0.37666803928791676
496,0.8430307724222335,-2.0856398161517546,-0.4342258479193329,1.2610625782231402,-0.5064712980483991,1.9577196909763692,0.0029500773454684773
504,0.4595212195928278,-2.60133796086813,-0.5778379436329489,0.735572819479181,-0.4885197425859549,1.2478187324032526,-0.2189959635022538
512,0.4807366205691211,-2.589914264027619,-0.3020374090760544,0.6980379083375049,-0.08869054530540736,0.9605944729566038,-0.07538380853460923
520,0.7875443796226879,-2.075848078882802,-0.11109857975222938,1.3459243965297265,0.1528389660481413,1.260874333593371,0.31628564786317676
528,1.3424094571112508,-1.589525202948314,-0.10946658494380797,1.972595480414807,0.05328963957221256,1.8451147419227734,0.3831958311175869
536,1.8009890487291158,-1.1782722881409373,-0.18290461665230093,2.3104104275010284,0.11204004968723036,2.289006650940056,0.09760352861287909
544,1.9658165980113582,-1.0624034257293826,-0.10620267666977473,2.135791157428765,0.3323541344695501,2.337965391630231,0.16940960863866417
552,1.9184898482728332,-0.9775416594892066,0.13695874569507732,1.8289833729555707,0.4351673278468768,2.3542848879462994,0.4207308286859981
560,2.1192204178458427,-0.5760805103506436,0.39643980076544977,2.336521640925656,0.693016385303903,2.6431412014553994,0.4566338817593199
568,2.4146044826885156,-0.1321884262008903,0.7522062014602967,2.8750671381257242,0.916594368367713,2.7198430728925844,0.49090492354528936
576,2.4178684470610383,-0.11913286042294409,0.9349852841162034,2.7510385165993987,0.7974615840081176,2.7492182862772125,0.5855583912916315
584,2.5174177716085815,-0.38350969638624877,0.9137698678881334,2.6922880165514904,0.6244742799937993,3.016859081178499,0.7405942192579287
592,2.7638431278424025,-0.4112529105797615,0.7897411720313091,2.99093604541607,0.5575640681642213,3.0233868523218517,0.596982099176532
600,2.525577519503654,-0.4520518157209745,0.5661632115822034,2.8391641532471272,0.5428764670817559,2.708419382713769,0.011109862230482423
608,2.191026471400153,-0.7914986703123448,0.2854667790267805,2.4621823273835135,0.4531188817315514,2.5435918144982876,-0.3936152500534488
616,2.3085273743754597,-0.9334788581701963,0.2528276684125084,2.6041624558120295,0.2850273952494919,2.7084192543884757,-0.08843943041104531
624,2.566376434111487,-0.6136154195639341,0.5090447659473616,2.839164171128521,0.19037396466839904,3.0625538950120164,0.26243105528041777
632,2.948254156220553,-0.13218847300806713,0.8697070642901217,3.079061626491235,0.4302715050553845,3.397104821802535,0.34402886889369244
640,3.033115796589744,-0.18930684361117994,0.856651385789273,3.1949305963664587,0.5999949202548324,3.4476954591287754,0.41093905179748724
648,2.6740854343272984,-0.5010105071496638,0.38501606570784314,2.881595017609284,0.2980830625306426,3.0935610169536383,0.42889056816629695
656,2.370541671376962,-0.5271217729913159,0.176125714931283,2.7102395550090805,0.19526979008950796,2.656196797210977,0.3146536921483899
664,2.2677285398832807,-0.3835096206532885,0.45519021140639054,2.605794363317177,0.47433428358438334,2.24004791585973,0.5137523370360897
672,1.7748776191499978,-0.5091702531163508,0.40296759662719867,1.9366924850177436,0.22790893541471996,1.499139911077951,0.2836465249773604
680,0.9572677876345171,-0.8274017104128905,-0.04582032609174678,0.8726571896294667,-0.22903876465100512,0.9459068855481445,-0.26142681085955505
688,0.33059662188070393,-1.0836188116292071,-0.2726621771088012,0.32595180113256256,-0.3546993869462164,0.6162517415789456,-0.4474697939006453
696,-0.265067298865426,-1.2321267985043483,-0.24328699545488078,0.017512207677191572,-0.3498034935056894,-0.08875323449729257,-0.1765650710908537
704,-0.7677097999672005,-1.3333081317096274,-0.19432829298180143,-0.44759531303633393,-0.39223437347023726,-0.6354586450829766,-0.08354359990601072
712,-0.9553847660710909,-1.503031564439853,-0.3314126541913903,-0.9012791582968979,-0.5309506178171923,-0.5032700829983298,-0.38545542835380137
720,-1.4857704640109075,-1.760880620494417,-0.7279779321535145,-1.3876019709452783,-0.736577089946734,-0.8476128257709928,-0.7950764300461806
728,-2.1385529394333185,-1.9926183255077483,-0.8552705129684376,-1.7466323903580598,-0.6386597319830595,-1.7076536669787783,-0.7412219051322246
736,-2.4208812554767234,-2.152550034117105,-0.5109277838697805,-2.10076683533812,-0.3857065458777801,-2.2413032775753226,-0.6482004001129804
744,-2.4192492969570116,-2.2406756960091543,-0.72471400424501,-2.314553027138182,-0.677826681584794,-2.3685959065998845,-1.062717228103008
752,-2.239734150624383,-2.111751138617819,-1.1473906442927566,-2.0681277336645447,-0.9748426434141483,-2.2674146070536985,-1.4299072858434998
760,-2.0814344075470492,-1.8702216276148864,-1.0217300351456287,-1.7678477404950972,-0.9830024558224828,-2.136858153727529,-1.2308087072221403
768,-1.9786211585971571,-1.9534513694196258,-0.8079437819878448,-1.5638533823832672,-0.8165429338205993,-1.8659533541329307,-1.038237863455423
776,-1.870912020589432,-2.0154657505688625,-0.825895315536817,-1.1297529299671834,-0.7463688514081602,-1.5444580632434717,-1.0741409282743664
784,-1.531465232965634,-1.525878947251792,-0.8209994310369864,-0.8425286999722409,-0.5717495553903447,-1.3029286316549613,-1.0039668237731467
792,-1.2279213832379472,-0.9726458617667268,-0.47992058777296714,-0.783778294941149,-0.19803162956129922,-1.080982589580085,-0.7673331746553407
800,-0.6518410003158304,-0.45205180678027795,0.04230532615837461,-0.30561515673388184,0.0630813545770776,-0.6126111265828165,-0.21246811978148125
808,-0.08881610761400842,0.12076472116136976,0.42581496418736126,0.3128962171226067,0.3535695377248446,-0.1328160803444782,0.41093909562443165
816,0.08743511992611991,0.05711843688968078,0.36053676259328904,0.4956752266751695,0.575515585584878,0.13156068216486785,0.44521018351634695
824,0.16740105268102953,-0.019583491522532342,0.24629983573612577,0.6964058870576083,0.6424257481529704,0.49059111472573197,0.2869104225576195
832,0.9278926105385993,0.4553157545390173,0.5710590597933237,1.4291541728700985,0.8741635639608175,1.270666085062254,0.48927297344035175
840,1.9364414240709804,1.111362043218645,0.851755550726237,2.385480301324867,1.229929965882819,2.3183818993862397,0.8744145882210581
848,2.5206816854924634,1.3398359113082086,1.04595827920809,3.190034731150482,1.2348258438962614,3.0446023665469704,0.8107683449713893
856,2.799746207913122,1.2517102471371582,0.8191164439687365,3.4739950739083243,0.7485029251866752,3.155575427028659,0.6948994352267344
864,3.024956045188515,1.2745576783340444,0.7864772900534435,3.5360094359490124,0.518397112952638,3.3171389291931064,0.91194957544631
872,3.140825022076051,1.3088287458902572,0.9937356840633699,3.7171565050385653,0.7893018448784341,3.6027313021715397,1.1714306245562176
880,3.397041907313184,1.4769202083551507,1.1145004613030012,4.030492187753252,1.1826032136899851,3.9079070625599144,1.1730625587081478
888,3.9959699019991985,1.8995968566423622,1.0802293215199836,4.604940660189989,1.1891310724872268,4.449716500115341,1.2546603728473458
896,4.650384259682436,2.2945302355141117,1.0475901895181625,5.184285059200422,1.0340952683627873,5.048644226229838,1.2367088184367474
904,5.06490109345762,2.6290812268178927,1.0737015561617878,5.636336756784182,1.352326655886831,5.31954906982669,1.0131308159137744
912,5.244416269066647,2.868978675694217,1.4196761934668227,5.735886097985964,1.9414628158327676,5.5382311440228875,1.1518471254752234
920,5.378236630842158,3.0338062803737182,1.8195054431643956,6.0443259237241405,2.10629037300386,5.913581017853178,1.6153226562889451
928,5.691572235720191,3.107244336800608,2.0789864510769758,6.5616559161657095,2.2091036026698965,6.292194917413712,2.0543188254353146
936,6.359042288032591,3.5038095716370186,2.5424620031029397,7.31235572308032,2.5550782632908664,6.718135508159975,2.326855482747652
944,7.364327118785134,4.280620711185543,3.0189931181019247,8.13812541468785,2.83903863830534,7.473731015676556,2.6173436746608085
