-240,0.23211106122867323,1.0435169590750204,-0.36830008318308377,-0.33348068651038126,-0.625795654572456,-0.1788147604356892,0.14174891320558708
-232,-0.25558608897663826,0.014096235191291284,-0.9917932057670259,-0.8021956152942502,-1.034643603951825,-0.7774850197106239,-0.6496638548760281
-224,-0.6483721410154328,-0.7700157070811462,-1.3159512021642945,-1.0723272638221995,-1.3515007249739484,-0.8300511809918081,-1.420634260435819
-216,-0.5549212201826482,-0.9481565674065578,-1.254623990997612,-0.7963549004694231,-1.2405277540929887,-0.6869543953523465,-1.330103665879864
-208,-0.660053526432167,-0.9539972436452202,-1.1728544011531086,-0.44591379535463627,-1.1339352818032506,-0.8796969772531443,-0.9811227677442766
-200,-0.6454518291692016,-0.8474047566111753,-1.0034745745572002,0.25642849417471203,-1.058006364119198,-0.5716008711380034,-0.7533359864583381
-192,0.12697874619531235,0.13821079972301906,-0.2952915502825248,1.2420440687040082,-0.4169912085842024,0.6023767920339153,-0.05683436046245151
-184,0.7898964291943712,0.8799778253443332,0.5413865283312586,0.9397886352198809,0.3642003956473308,0.9513576937771517,0.7418792881705017
-176,0.22773056702937178,0.2944491296041351,0.5559882844145964,-0.45905538884854974,0.30287318997054924,-0.1174875952273242,0.5505968327826334
-168,-0.6980179684907799,-0.7700156746122999,-0.2821500185892167,-1.0504246781651791,-0.3352216113675461,-1.1469083198953256,-0.2904617458340607
-160,-0.9885920581245714,-1.0547490798510035,-0.5552020246080059,-0.8722838416816254,-0.48415909834236265,-1.2622618485015897,-0.5357704796047829
-152,-0.820672372315335,-0.5334679113587869,-0.2821500458818698,-0.8810448379229436,-0.17168245489298098,-0.5730610062779201,-0.3109041416090026
-144,-0.6001865231858091,-0.032629220990034055,-0.10546928963921817,-0.7642311445312946,0.12181199850582394,0.33954593606202704,-0.36639068014467296
-136,-0.4118243921925181,0.11484811594370399,0.1442199787992214,-0.42693158240332774,0.4109258828858133,0.33078494531060987,-0.13714378787438408
-128,-0.16797584799016543,0.21267953693625408,0.53992636778094,-0.3276399663525071,0.6591549807352576,-0.21093861174124928,0.3432525495406588
-120,0.0627311627934819,0.14697183972669514,0.4610771354272782,-0.4955596548282665,0.41822672814492756,-0.13208935962394194,0.340332240204097
-112,-0.013197715206426132,-0.24727442070298827,-0.19892024435253766,-0.5641877065484338,-0.25199185767878407,0.5425097252615552,-0.24811679420442237
-104,-0.11979023204279332,-0.16404459439067218,-0.07772600405853282,-0.40940955462846673,-0.16000110931724676,0.8768889553090823,-0.255417629111151
-96,-0.02925961552723201,0.41710353531094224,0.7852351573918025,-0.2633924044397194,0.6182702153800472,0.4169349801021551,0.5024112085219821
-88,-0.12125032342035293,0.3703780518369638,0.896208137684023,-0.16556094580213035,0.8854814996724185,-0.17589442412018266,0.7813038628593632
-80,0.013085356650323544,-0.269176955382351,0.2770955574536613,0.308994672396164,0.44158949772356,-0.07368245685269478,0.23958040211606113
-72,0.47011892417302475,-0.5247068864131266,-0.17117697837864332,0.8463377396406428,0.013759315001819707,0.1511838703201367,-0.2714795167267566
-64,0.4788799947632952,-0.2706370817384257,-0.5332994653025137,0.7280638380149594,-0.306018195038865,0.06065327843070494,-0.6525841930737861
-56,0.021846431161951948,-0.2866990074696327,-0.94506772856722,0.30461419388229555,-0.6637601264333918,-0.2255403124550093,-1.0278482113772556
-48,-0.34173620266591015,-0.41665426094522384,-0.8983422794443392,-0.29989669833950683,-0.7265474565839962,-0.5993441010354017,-1.0322286955378799
-40,-0.19571909435726836,0.009715761383052402,-0.23250418044777565,-0.5218426851186191,-0.31331905331688886,-1.0198733675998712,-0.18678958241032223
-32,0.22188984640093468,0.44776711658186297,0.2946176202070375,0.09288933926869032,0.18459934214590035,-0.39638031967859033,0.5097120635060647
-24,0.645339468260284,0.6901555626619201,0.367626220084395,0.5732856693115795,0.20942223855117076,0.9279949546282592,0.7798437681878627
-16,1.1359571058318196,1.1763925258085315,0.750191070000652,1.0595227442953272,0.45911156079064513,1.2682148384842793,1.0864796961850005
-8,1.6192736686663598,1.4728072932495273,1.1400567276878393,1.5954054900569474,0.9322069723234488,0.9163136016803722,1.2310366600993194
0,1.5214421858732043,1.021614390358268,0.6903239909936537,1.3603180046807897,0.7029601660093314,1.0156052091042036,0.7082953980335823
8,0.9957805713359645,0.5324570375656796,0.34426343701629014,1.1880177961247655,0.5029166900677235,1.2433919594898397,0.3520136024063897
16,0.943214447229256,0.982189757476452,0.7983767064959413,1.5326181352802137,1.0431799957506085,1.7310892003569518,0.8002861427874698
24,1.663078877468583,1.8933365629510843,1.3766044841966163,1.8699177301907344,1.6871154833660433,2.2523702157593437,1.264620603880419
32,2.3318372581953466,2.54165258539109,2.0979290822015595,1.977970399734703,2.5237936065264557,1.8245400195481318,1.5391327914680064
40,2.470553471992615,3.3199238451506923,3.2339422672383704,2.1999164298056106,3.7021518238160303,1.5485677476414301,2.1962098358734417
48,2.4647128512803844,4.121557842176935,4.044337266780104,2.852612905819647,4.385511877807047,2.325378850615217,3.0635515105024513
56,2.363961015702018,4.0558501680249615,3.775665778018203,2.94022316892258,3.973743623169328,2.4144492228202483,3.2402321875336675
64,0.7709142421240267,2.456962634448098,2.32279545062708,0.9777530739845532,2.357334099619495,0.24755518519082004,2.275059053012234
72,-2.288144451397874,-0.6371401121138559,0.17488357042252783,-2.576303583160344,0.04296274419255577,-2.664026222688707,0.698074151207561
80,-5.034726489549465,-3.567703649184481,-1.5948439146946312,-5.725892866062009,-1.824596217757294,-4.603133510873627,-0.6657257177086494
88,-6.643835066669142,-5.3067676127922185,-2.316168512229012,-7.419691508471484,-2.261187420719065,-5.693881401691119,-1.4308554649111718
96,-7.794450049669397,-6.413577344953289,-2.7001935380673125,-8.416988444732509,-2.319594273140073,-6.147994673366731,-2.0806316474309337
104,-9.00201162274188,-7.5364490138253695,-3.3835536728383073,-9.726762011424007,-2.81313219432406,-6.260427904557362,-3.000539503418484
112,-9.495549510045336,-8.021225850615908,-3.73107433481979,-10.664191887500559,-3.1080867025533663,-6.52033836178572,-3.6284131252210643
120,-8.56542039076206,-7.3831310221420114,-3.2974035287192955,-9.845035930931086,-2.4612308831712,-6.470692508899972,-3.505758721710218
128,-6.7591886832706845,-6.197472063587745,-2.4972297250259263,-7.092613108781909,-1.4507924092564026,-5.089370568603398,-3.0005395180059358
136,-4.761674453571499,-4.820530583139372,-1.6926754280743819,-4.389836182339712,-0.7046448895926414,-3.1604843681942123,-2.4237718558383867
144,-2.6969923789744907,-3.3413771647552726,-0.5756443919923143,-2.7296215447276704,-0.25053170983366635,-1.4593849340129477,-1.416253727964062
152,-0.28186920098809587,-0.9948820485277217,0.7180672536736076,-1.0343628147051405,0.4926954630053477,0.8374643523864417,-0.08165728165070528
160,1.6879017757561046,1.4217013067924062,2.071645951994999,1.0536820158241729,1.396541427769642,2.76635047499588,1.0894000538326951
168,2.6603757494193343,2.4452813359286605,2.5257591938682893,2.078722209745815,1.8316724632795036,2.7940937339113305,1.8749721764190954
176,2.628252092769995,2.06709699668141,1.8920448999052584,2.2729249741565356,1.338134633071027,2.488917988110409,1.6194421599027113
184,2.609269767510988,1.3574537604081969,1.045145680655835,2.7723035173075883,0.7715881432236928,3.04086270320874,0.9623651669454961
192,2.802012383449175,0.9719685988025629,0.639218013006666,2.9592054455567474,0.5306599177691618,3.2774104209744985,0.6674105740148529
200,2.8867023248240535,1.0040923260363497,0.5954128594171662,2.5050921862726274,0.31893511021185506,2.8247573983150467,0.8265692377018059
208,3.1188695215684197,1.458205586104741,0.6508993841496556,2.300668199191451,0.16707727986308696,2.9401108549251735,1.1478069203705923
216,3.681035409457529,2.2291759811552914,1.2203662206648813,2.979647818117249,0.6226506844826557,3.7300635220611156,1.8895738653687808
224,4.138069017605503,2.9358988208809365,2.2103622393569484,3.629423985265288,1.5440187146668491,4.5127152532761405,2.7671367789810963
232,3.6357701635493442,2.8891733422694426,2.706820429252227,2.8978782221554273,1.8448140128542052,4.306831079606828,3.0051446485133293
240,2.2675897091446138,2.011610470537232,2.2205834413226313,1.1091685535755713,1.4710101654534395,2.7429877612573885,2.507226309361245
248,1.463035308982921,1.5224531149212652,2.062884927990465,0.31921587153846953,1.660832417312903,1.9720173338948472,1.9874053770231332
256,1.6776805187345525,1.7575407022527352,2.2381054676858034,0.7733291430572269,2.217157648726997,2.7035631471980914,1.9538213996752065
264,1.712724681886343,1.4947098665150547,2.0570442561437234,0.7747893051760885,2.1310075598207088,2.5487849935527267,1.985945193885791
272,1.0614883311304006,0.7719251330564865,1.2422686951121817,-0.02830483796987459,1.379019395916568,1.1718435504356854,1.536212420487693
280,0.46573844016925503,0.3455551530788787,0.4654576407632364,-0.5466656412853884,0.713181290488977,0.929455124276128,0.9652854690667588
288,0.373747677533974,0.6507308999777807,0.3311219357527219,-0.6328157468182354,0.673756717525513,1.5383465403426992,0.8426311036715146
296,0.6438793483352372,1.3530732989914502,0.5793509951728558,-0.7043641106983427,1.0826046079276548,1.1864452756187205,1.1171432645938661
304,0.5139241234071342,1.3559935852704257,0.5735102997979654,-0.6109131893949953,0.9628705763382469,0.345386663748909,1.1799306361540125
312,0.26423482014703364,0.6405097348728644,-0.29821187310855907,-0.3203390625867285,-0.03734668196454237,0.47388171165698945,0.6060833744553902
320,0.427774034971409,0.4667493458460218,-0.8939617323851304,0.20824290175548948,-0.5192031829101352,1.2594537813834814,0.1986956155855164
328,0.6555606859114007,0.8901989899786861,-0.6384317880217367,0.5002770965700211,-0.15854088916228345,1.5821517118135933,0.4454645484927212
336,0.4584376134189516,1.3078079823419633,-0.18869901979983117,0.27249039214270343,0.5131378904648636,0.8856499761765301,0.8075870029477458
344,0.5679504204556522,1.8655933421512354,0.2931574293838336,0.7514265501849081,0.9803926607375204,-0.09850539466750778,1.1361255297776656
352,1.5156015369271951,2.535811960757502,0.7793944678205228,2.2568630352495656,1.1366309866972781,0.07525501537781489,1.6267430495516004
360,2.6472341888648296,3.2702780664570414,1.2787730025014408,3.027833435476309,1.3381345766034682,2.0216631991720866,2.185988581204703
368,3.3159926382937903,4.16390284650963,1.946071265342264,2.859913774450056,1.7367613418985473,3.8541780564768127,2.6517831896722073
376,3.5291776766721537,4.666201767072022,2.195760531898452,2.741639918782691,1.853575030741421,3.5358607245541305,2.602137419762399
384,3.5817437940341255,4.736289942324886,1.984035697675909,2.651109301953422,1.7703452116444034,2.1238751637730515,2.291120931216579
392,3.4547088814228166,4.540627008893713,1.9110271258754767,2.470048068451737,1.7820266668613136,1.8785663768287117,2.1845284306930624
400,2.8224547478532505,3.7871786384809356,1.5824885799093282,2.0801823091229457,1.5235763254797898,2.401307693322902,1.5843980420818213
408,2.137634504607574,3.2206322225119908,1.2773128115213834,1.6888565166095495,1.2665861857444167,2.3706442119681888,0.9988694227296812
416,1.7068839814921148,3.3082425282793007,1.618992903925146,1.0682837361447242,1.4111431847941058,1.481399832002305,1.308425735980876
424,1.1140544928821474,3.5579317901298575,2.1534155702301363,0.21262336803472,1.5483992349039688,0.19644918649906046,1.7873619108064938
432,0.8848076037489451,3.3987731328739326,2.095008720789361,-0.32910013113789227,1.4257448953896885,0.10591857186575197,1.923157773700803
440,1.2746732921795803,3.095057490057791,1.9957170675640639,0.1600572732597707,1.3907007607853847,1.145560460854397,2.0910774839793143
448,1.750689157982346,2.7227138173242325,2.0322213878153788,1.4128841527862104,1.5425585407839135,2.027503858627336,2.1889089700664104
456,1.6586982996659243,2.046654520753907,1.531382631567808,1.9633686218486144,1.167294581928234,1.922371548613314,1.695371124015646
464,1.0016213212961609,1.4684267610914798,0.7107664363345637,0.8098334176639309,0.3948640078185542,0.4811825429560683,1.0003296196702038
472,0.7869760942905537,1.7356381473391636,0.7604122453011,-0.5072410068350284,0.2488468475911302,-0.7497417471488482,1.0397542125541672
480,1.283434388023398,2.8380673950259014,1.7212048700946543,-0.42109091996784603,0.7847297083269736,-0.021116282552601513,2.0487325154094074
488,1.6908220541923644,3.651382721315029,2.4177065928696613,0.5878874120622996,1.329373562323902,1.2652946077317364,2.8854106131594173
496,1.9390511976864175,4.055850116263035,2.9813326638961124,1.4391672420537907,1.8944598356239228,1.5806914736203814,3.192046537392051
504,2.1113514394955604,4.391689550780093,3.6617723988256,1.719520086743813,2.764721856920826,1.498921949184134,3.745451411158448
512,2.2807312088396388,4.213548653907623,3.994691442755552,1.6976175733966385,3.1823308232462852,1.8157790634615203,3.9893000248472696
520,3.327674058532185,4.09089429619824,3.74354197957255,2.455446384207682,2.8581728262215993,3.0905084869217303,3.8520439778744926
528,5.382134957828741,4.891068072598957,3.7654445497009914,4.698269346579606,2.6625098640860827,5.258862685415188,4.0024416062634
536,7.128499673837829,5.908807369970115,4.041416911171516,6.33950173030136,2.8216685806329456,6.606600762867495,3.9980611111229734
544,7.29787948788539,5.790533564182428,3.707037721749259,5.869326642378862,2.5895013191077414,6.286823240905882,3.428594284960132
552,6.691908380057402,5.146598067155734,3.448587452050164,4.879330483302174,2.163131358736923,5.510012249298668,2.9408971402447217
560,6.1720875228525145,4.664741615932964,3.4237644707867005,4.536190376379472,2.0229548833751494,5.2720043386706,2.8051012296666973
568,5.517930759549864,3.9054525827709976,3.0046953735563924,4.261678135775122,1.968928589777426,5.077801588690478,2.5495712413840925
576,4.387758345962294,2.740235893096519,2.2804504800180676,3.903936126267139,1.882778389190856,4.178336065265573,2.2458556363698436
584,3.4240452744277863,1.9648850590593896,1.9927967503847859,3.235177756677033,1.8915394376646664,3.037942332698991,1.917317153772843
592,3.057542354948366,1.7035143010529428,1.8088151852732235,1.980890747814286,1.6141069890516493,2.488917913134041,1.4953276832094076
600,2.743605482717033,1.629045632541902,1.4598342609429638,1.0127971892957766,1.1921174861762207,1.9793182516206616,1.1682491988184955
608,2.251527818862483,1.7692220120656819,1.4612944495702072,0.859479255805373,1.1745954249913875,1.3237013031415599,1.5347522757796612
616,2.0135198983525937,2.1036012926203034,2.0146992918088853,1.2800085349181893,1.5878238384540266,1.4361345172350684,2.428377033558934
624,2.009139455287804,2.5212101664017097,2.334476751656186,1.9122626634684183,1.8477343394447443,1.5281253073198588,2.879569971899271
632,1.880644270602749,2.5898382847849666,1.937310191614908,1.8669973407016118,1.5703017728772737,0.8608270896530825,2.280899775993486
640,1.6134330765016167,2.5182899265516143,1.4247901332402513,1.0858056329462207,0.9584900893542446,0.35560780705107375,1.4208589000378542
648,1.4265310622962866,2.567935703990429,1.4423122261096584,0.533861060114766,0.6547744743013185,0.4271561651275715,1.2675409314120836
656,1.3564428722991153,2.740235876626813,1.7066031729885436,0.16443762283938076,0.6883583645950931,0.8170220010012755,1.540592957508226
664,1.1198951026145738,2.5372720880547037,1.6657183863011447,-0.2166669297495831,0.6357922139800029,1.2988784584982187,1.5405929570376629
672,0.2729958734833281,1.6889126659042921,1.2554102718226823,-0.7291870133777859,0.18313918881088104,0.7162701055045557,1.2675409449015553
680,-0.5111160799257667,0.7105979233014924,0.6406781461074768,-0.9817966278567005,-0.5951320717329922,-0.6051847341391234,0.6951538572427235
688,-0.5636822509319191,0.2185202040773655,0.22744968825506268,-0.6926827521036995,-0.8083170986609907,-1.0534573978077058,0.5053315253875517
696,-0.3037718108006816,0.34117467958434866,0.08873349249604233,-0.43423245291598833,-0.4359734576120071,-0.5102736204440294,0.6309063001924197
704,-0.6512925519936003,0.4010416553811988,-0.1565753004087613,-0.9540533692549592,-0.4257522172170133,-0.7351400214952502,0.5126324526814798
712,-1.7727039647910756,-0.24435409599470223,-0.9421474192306579,-2.008297000994325,-0.9017680218465898,-1.9967279664357678,0.030775966480193186
720,-2.8634518665883695,-1.184704297877517,-1.6985160710599267,-2.506215377320885,-1.2054836332918666,-3.1999089565293994,-0.5956374817531599
728,-3.2153531317829116,-1.530764924792144,-1.8708162529507149,-2.602586658938451,-1.2726515362257902,-3.7722961191645994,-0.8000614606779112
736,-2.9189384553174262,-1.5512072526491616,-1.7598432624629636,-2.789488537935351,-1.2142446914906446,-3.9022513818945956,-0.6686460905712145
744,-3.0255308888641443,-1.887046650932869,-1.9306832881953555,-3.1443101918347445,-1.4186686348094633,-4.283356106082194,-0.7343537888787538
752,-3.5993781660913453,-2.094390980290016,-1.929223086706057,-3.7707236642236657,-1.6829596273329577,-4.708265812731222,-0.6847079576389026
760,-3.7307935738430813,-1.2153679069116536,-1.0122355936992506,-4.091961383753219,-1.209864156666072,-4.102294803094043,-0.0013478296126426359
768,-3.3321668312918793,-0.10125731082580426,-0.11423034313236666,-3.830590737113345,-0.4607963198230334,-3.0641130801456185,0.5564375449409369
776,-3.0985393991776804,0.13675068058224277,-0.16387610676800218,-3.502052149894508,-0.3381419795244811,-2.392434351809836,0.26732365648273543
784,-2.902876522684627,-0.1640446141543181,-0.23980507150835376,-3.142850053557742,-0.35420384643531516,-2.196771452259197,-0.2043116545749578
792,-2.715974606356397,-0.393291494033115,-0.1419735077783646,-2.821612388613494,-0.2592927078003825,-2.732654285545534,-0.22037350674148504
800,-2.8021246551079786,-0.686785940373475,-0.4281671058793784,-2.658073201866042,-0.33230122721146965,-3.601456090922538,-0.4335585074748106
808,-3.2401760866948464,-1.1175364106290253,-1.1465713255318555,-3.0333372195420956,-0.7893348595150084,-4.00738375292495,-1.1271398675827846
816,-3.7906605468165546,-1.7789939551942269,-1.962807020762189,-3.734219360285201,-1.38946524922423,-4.627956395671675,-1.7696151831975355
824,-4.330924047626224,-2.668238281515929,-2.522052634136397,-4.200013940989488,-1.8362775882728672,-5.143397022035681,-2.13027746000512
832,-4.455038471302765,-3.1427938525010704,-2.7907241003112744,-3.9342627843080265,-1.8260564633226588,-4.454196038799971,-2.217887695658545
840,-4.511985248031645,-3.61296898402907,-3.066696480447464,-3.886077166948964,-2.137072865755452,-3.4349965383709686,-2.1215164129429995
848,-4.92083301138178,-4.17221458516864,-3.403996010734002,-4.385455727981411,-2.3736206249307523,-3.467120364109274,-2.0660298904064707
856,-5.075611238905533,-4.185356136939303,-3.1543067321000313,-4.565056777090919,-1.9749939156326681,-4.5359656309972864,-1.722889687802628
864,-4.979240039793344,-3.6713757834333154,-2.3774956951619166,-4.449703234681474,-1.3588016263869125,-5.702642501926856,-1.2950595196683399
872,-5.265433497666588,-3.4859341766670164,-2.270903188050518,-5.0206302402171525,-1.2580497423405588,-6.31591434301997,-1.4921826425110283
880,-6.201403291306274,-3.953188892981783,-2.7001934761098525,-6.001865250590115,-1.4376508397612007,-6.532019778416464,-2.239790345155276
888,-6.781091249634621,-4.565000604895444,-2.9016971414629733,-6.498323508089612,-1.4274297002235403,-6.6546739963686425,-2.6807620070241245
896,-6.659896894209541,-4.684734694207244,-2.8243080964817198,-6.94951636063063,-1.376323655416608,-6.2750295855074745,-2.6690805874131476
904,-6.261270311806609,-4.1211085511846575,-2.3847965048150974,-7.083852209476566,-1.2113243401171223,-5.27773270147894,-2.0645697947938437
912,-5.591051684259645,-2.7543883773238074,-1.381658915059287,-6.385890181060986,-0.5265040372668008,-4.531585172717629,-0.7708580848176467
920,-5.171982595185761,-1.9527543936301832,-0.8253336518037656,-5.924476244351883,-0.14393917354736233,-4.610434332447738,0.07166070736612863
928,-5.336981886800243,-2.469654926597348,-1.2312612736514708,-5.614919949766353,-0.2928766208380341,-5.014901850840099,-0.19993109794763406
936,-5.447954841368352,-2.966113140334485,-1.3466148094730341,-4.738817162666967,-0.3001775219372894,-5.133175621649274,-0.8497072862710066
944,-5.282955610299641,-2.818635853907841,-1.0998458651154632,-4.2000140187892345,0.15685610707230896,-5.038264642848899,-1.067272835788939
