-240,0.6027566733201167,0.8410222676477288,0.6301861429915706,0.18616851048367028,-0.2910530990874605,1.0157043855991303,1.111864209222308
-232,0.8850850368719299,1.0988713470182276,1.1393564238267788,0.2514468176130255,0.41721583838106796,0.963481730499149,0.9225573151022604
-224,0.4085538843570791,0.896508732148156,0.8766114752082266,-0.40459951804908695,0.1561028800129349,0.5734442038705986,0.3693242318961955
-216,-0.8235728428172306,-0.035338119312918304,0.00514695258701551,-1.4637390367518182,-0.8165429388236137,-0.30781197432614005,-0.4629733332344308
-208,-1.433924437398555,-0.6065227557024263,-0.1955836781684091,-1.7330117729926535,-0.8540779125501665,-0.8169822830352848,-0.5967937956366063
-200,-0.7990935563569157,0.17844814366210135,0.47841419875621777,-0.7326227078812698,0.04839377356061043,-0.10218555180870016,0.2648790161871262
-192,0.3906024076078268,0.9797385044564495,1.0740781391368188,0.532143211074814,0.7077039901487429,0.8247654567004868,0.8213760278276192
-184,0.5048392880084288,0.7577925176035224,0.6383458847508713,1.0821123839031526,0.544508409378755,0.4836866476214853,0.3660603425554023
-176,-0.20179760994819515,-0.20832543314447233,-0.24454233208123374,0.6463801235567388,-0.10664204844522265,-0.5199663013961517,-0.24429127727024164
-168,-0.350305667472371,-0.38131279991897526,-0.14009713723379022,0.2530786870763849,-0.06257922083004568,-0.33718721348101177,-0.23123561892978742
-160,0.5815412900499087,0.5815412099477394,0.5534841525204038,0.6773872768784541,0.397632381198633,0.6289307377929064,0.4329704967087209
-152,0.8132790255667935,1.056440379224482,0.484941997773507,1.0625288699209956,0.13325544846543366,0.6305626989422343,0.5047765514901861
-144,0.42487346972949913,0.8459181745869544,0.36907315832727094,0.9809310999593582,-0.1604965982528832,-0.001004295563535899,-0.00928957597837202
-136,0.3008448441710948,0.5913329649227778,0.907618664468036,0.6480120892640691,0.40252824448622193,-0.1397205441178778,0.018453634007753614
-128,0.4199776457108527,0.5276867023892533,0.7395271658897403,0.5125597253172104,0.48412607054634876,0.17035109147901453,0.15716993603096827
-120,0.38733849091902056,0.17681621319163415,-0.091138493138201,0.3444682812596336,-0.27636549853091885,0.4836866798781164,-0.05824828283414562
-112,0.1931356786400484,-0.24749241798307023,-0.37509883887627554,-0.3817521473333845,-0.8736613960287691,0.6077153324339185,-0.10067910003850918
-104,0.08705860766754972,-0.3600973403898838,-0.2837092774755813,-0.5465797471042668,-0.7594244730283775,0.3172271030048981,-0.04845653031341631
-96,0.2633097936597345,-0.1920059219272427,-0.22495888787157395,0.44564955152942043,-0.06094729684596675,0.08059349771403627,-0.14963782267198314
-88,0.4640404133707691,-0.31440260123748054,-0.05686741576475262,0.9580837166214959,0.6146825536748401,-0.004268208395571668,-0.06314415120566047
-80,-0.30950677127185444,-1.0047200509123673,-0.32450817735756143,-0.1434865977227419,0.34704174474893124,-0.47916737697108275,-0.3536323306719642
-72,-1.3360070939854258,-1.7015652691009897,-0.9152762286803303,-1.2646403625877194,-0.1327533560101262,-1.0895189384192359,-0.7534615367179003
-64,-1.2723607976175004,-1.6542385212908504,-0.9626029792953942,-1.2711682439996648,-0.04625968419318828,-1.1172622101137002,-0.47929295664863886
-56,-0.608154715638085,-1.0014560954805412,-0.6541632967836716,-0.6999836298742446,-0.060947290710194654,-0.639099062965736,-0.20349237177841253
-48,-0.12999154797911092,-0.599994926707507,-0.9152762905639757,-0.21366069643880442,-0.5113671414452983,-0.5052786931260678,-0.45644556507131107
-40,-0.157734839483354,-0.6130505766331878,-1.1600696349845212,-0.09126399398794,-0.858973776889603,-0.7990307885799472,-0.6294328773250948
-32,0.12296158921529814,0.003828823101196947,-0.33756381185615775,0.022972897281743846,-0.16212855256520786,-0.13808856946985085,0.04130101769623171
-24,0.6712988873210429,1.1086631009414185,0.6448736606275334,-0.05372898134306009,0.48738993972674777,0.9585859236606648,0.8344316675854484
-16,0.7724800951812604,1.4089430022495903,0.7623745353782877,-0.4225510205685823,0.38294475802738764,1.1576844831734765,0.8311677666743417
-8,0.20129551033223939,0.6680349741518767,0.2287249225027421,-0.6118580118091402,0.3764169323633161,0.34497038504252053,0.10494733632824543
0,-0.2964510845315402,-0.2899232532441347,-0.4648564082734727,-0.45682219418600145,0.2442284756386443,-0.5330219337910548,-0.6212731387213344
8,-0.085928786279659,-0.5494042292506987,-0.7700321523582234,0.0082853121522862,-0.021780308501213326,-0.22621424836675508,-0.6359607559321153
16,0.26820569937180605,-0.1626306920636834,-0.35225144642240847,0.2041200059908546,0.11856788840498864,0.6844173050236921,0.026613435021083234
24,0.23556656929837116,0.2828933001171409,0.15202300373245672,0.12089029924767031,0.6456896607153019,0.868828310085908,0.44929006542690203
32,0.6386596809887239,0.9960580517870808,0.530636818794643,0.6055812511980804,1.2136103772604627,1.1625803696016923,0.5113043675123295
40,0.8214387929210298,1.4546376921405089,0.8912990559549895,0.7149222853159475,1.3327431596916726,1.6113682753157832,0.4623457060612703
48,-0.4955497476512489,0.3546993752343082,0.4523029101245542,-0.6804001241315546,0.4090560845255311,0.1605594013678542,0.1930729463291923
56,-3.6435928892967917,-2.3755631057048268,-1.2025005196823795,-3.113646593103311,-1.3975192984574516,-3.888323587779276,-0.6930791393326956
64,-7.268167306873862,-5.340827206417718,-3.0580345465856427,-6.157244624575069,-3.1453442159281586,-8.19505566611414,-1.855031849484368
72,-9.853185752162299,-6.842226836024639,-3.7173448341734256,-9.26285703088498,-3.7377442634618125,-10.714795688570085,-2.2042704876259442
80,-10.736073992660952,-7.178409730275562,-3.480711176465538,-10.61085264536455,-3.4407282553512037,-11.276188649398977,-2.0133315874777766
88,-10.406418876916305,-7.730010879329698,-3.8185260835815877,-10.062515438068235,-3.682257770561525,-10.687052529949138,-2.4621195533224363
96,-9.517002757284706,-7.767545898285658,-4.433773504986482,-8.786325818064256,-4.196323894699235,-9.445133880205553,-3.080630893519831
104,-7.852407566016347,-6.47666869771022,-3.958874289077871,-7.147842014651762,-3.729584433873315,-7.723420314126693,-2.5045504008550457
112,-6.277569972194426,-4.679885052872728,-2.6663651059655575,-5.72804020304081,-2.5953750518652106,-6.306882472322809,-1.646141482930108
120,-4.952421776815505,-3.095255740364482,-1.3493765823981343,-4.969180624389271,-1.407310999613002,-5.043748492076657,-0.8138439724955084
128,-3.025081612385506,-1.3963895083619997,0.08348085196579211,-3.347016341134703,-0.2208789968652422,-2.90262213532067,0.3464768408447909
136,-0.37478497619677453,0.5815412488660661,1.3857817590236665,-0.7211990555689348,0.48086215105261726,0.0055235525399311,1.4806862943784684
144,1.7059589822974675,2.3130466344332277,2.1054743742241584,1.1979812938231147,0.6587453136212147,2.29026206128333,1.9245783210272698
152,2.7879458462962745,3.5614930085129872,2.9606193314580356,1.889930667657388,1.1107971747671317,3.4146796981336314,2.2819767195107707
160,3.4064571982392904,4.667959196312664,3.8255560699631186,2.4366358934686723,1.8174341084865422,3.644785565063695,3.00003733131276
168,3.646354685157404,5.363172537674999,4.114412268820931,2.727124051547428,2.2286870885084125,3.4979095055034812,3.49778399717619
176,3.7491679232382147,5.6993553879236725,4.044238140127238,2.320767012123878,2.4082022173102637,4.01197562876465,3.540214811049706
184,4.326880400192955,5.810328453313979,3.763541785057852,2.7516033946321556,2.486536114760655,5.115177916529759,3.4243459170827504
192,5.506784585516109,6.045330095001204,3.414303099758485,4.326441053493261,2.1487212018594484,6.425638623198499,3.3851790025425723
200,6.867835917765469,6.753599002492104,2.9247162845204864,5.34478162673399,0.9769767235846541,7.89929496691103,3.1175381771377313
208,8.18972031496364,8.031420660605527,2.8545422231449806,5.92086207171506,0.6342659903462659,9.268506149435206,3.1387536443803645
216,9.554035589321435,9.77924553424929,4.098092711322449,7.345559699631114,2.4179939112781956,9.970247236521264,3.771952567428216
224,10.29331167204752,10.972205409818914,5.393865832861732,8.564630909412426,4.247416664976877,10.270527112409809,4.109767482959038
232,9.952232935721248,10.671925526392135,5.194767152912477,8.091363640628519,4.036894370581768,9.749933155595716,3.4749365947297806
240,9.278235058270697,9.682960109736314,4.5305610658491355,7.2525382289721945,3.340049119259977,8.958434385688328,2.774827463358506
248,9.377784424190876,9.418583333027037,4.744347357048708,7.223163030138113,3.5668910104225118,8.96659418179304,3.1273299543768576
256,9.629105626707432,9.718863186651493,5.1327528457431235,7.418997788840561,4.002623306707018,9.255450469356585,3.892717308379137
264,9.229276432933043,9.826572284163122,5.224142395573504,6.844549193863684,3.8802265923352244,9.13631762416519,4.468797836982017
272,8.318644946510167,9.478965628207808,5.201295006625794,5.698916049975885,3.4428623611975566,8.437840439392701,4.729910816036468
280,7.1566921639563805,8.237047143428843,4.56320023641867,4.6414084950521,2.8455664395072353,7.483146153403892,4.261539381263753
288,5.49536090042122,6.402728509262405,3.486109172596651,3.5822690571662545,2.075283190136044,5.8789333560145804,3.1256980019929186
296,3.9368428614681674,4.987822578294513,2.5150953603141444,2.3860453113643825,1.5122583537080168,4.1245806838794525,2.216698444813355
304,3.6675701837801298,5.012301921028626,2.7239857401917957,1.7299989469517942,1.6477106718995451,3.8177728624163176,2.463123819629801
312,4.170212617739025,5.598174203379389,3.32617753218202,1.8148606795328763,1.9365668993325267,4.798578462281107,3.4325057512292494
320,3.7915988205582307,5.27667878609302,2.976938926297076,1.5782270377779977,1.5400015915680794,4.7463558585463055,3.6267084953134954
328,2.936453845092344,4.576569681543838,2.5036716675057136,1.2191967277572708,1.221770185636719,3.8079811763372344,3.2872616098679575
336,2.7357232737662565,5.000878247328742,3.154822128134616,1.0608969441838394,1.779899156498155,3.638257681548056,3.687090868506227
344,2.8369045452631974,5.421922858207741,3.673784183929948,0.6692275011094444,2.4930639481382686,4.025031247660854,3.886189480611371
352,2.360373373464491,4.537402737551953,2.9035008642603364,0.09641091181007444,1.8011145541436002,3.964648929690073,3.0261486714849104
360,1.6504724103333714,3.1061772261202605,1.7138049311497636,-0.20060502985888484,0.5086053743621345,3.2955469398948947,2.2199624172500356
368,1.2914421669296008,2.4713463598044756,1.2911283282672656,-0.19897304346523687,0.00922682290702922,2.6166532356207726,2.0061760929172934
376,1.2653308483203072,2.2445044688172477,1.1377244293689728,-0.13532681353895926,-0.15396879520351522,2.162969378965203,1.7760703376582847
384,1.0809198474654789,1.8887380143029118,0.7068880144287555,-0.5139406065123654,-0.5178949774525285,1.673382633850316,1.2766917539465479
392,0.8573418468708909,1.3681440569628966,0.22219707282150494,-0.8272761340796679,-0.7169936098933762,1.4514366154419889,0.8752306009512142
400,0.6957782000775256,1.0727600741642638,0.11775190988007714,-0.5041488930852707,-0.7561605999912072,1.4791799050178462,0.821376020114077
408,0.685986435986482,0.8132789814027189,0.33480204010710995,-0.14511855606714538,-0.5195268961773741,1.5232426532186,0.9617242513806036
416,0.39223434105852595,0.5293186567015776,0.165078636653283,-0.48293349929659624,-0.6941462575849904,1.2719214401835774,0.9551964455263108
424,-0.285027405747731,0.12132965244723672,-0.46975226016605637,-1.2254734732918608,-1.4742211944377257,0.6452502672421447,0.5455754529499361
432,-0.48902188990585405,0.05605140860398984,-0.7798238878740987,-1.1699869335843966,-1.7793969688507225,0.4004569450856876,0.25508732537473494
440,0.2061913897481439,0.4101858811073715,-0.5839891482801999,-0.5612673439793456,-1.3077617297614856,0.7366398261885299,0.26324706187480196
448,0.30084480385030565,0.02504421829233356,-0.623156113133711,-0.463349919924639,-1.1739413045245595,0.8231334997585459,0.10005147356657945
456,-0.2132213069640134,-0.43679934295728706,-0.6623230990241558,-0.8811307264871189,-1.196788689440192,0.7562233901334026,0.04456496646636232
464,-0.0630814111812617,0.3090045756007215,-0.06829109121771428,-0.9105059831727681,-0.4265054148246801,0.9993847446541442,0.49988068364459465
472,0.45588064303630094,0.9030365823553166,0.34132990854627937,-0.5074127827766797,0.11040811894705953,0.9683776351593749,0.5635269828174452
480,0.49994343471338343,0.2469902375771988,-0.0813467187039993,-0.45845412220215914,-0.36449108223569865,0.2796921750336751,-0.28509017013991034
488,-0.0467618368532321,-0.4204798001846576,-0.3881544702193317,-0.8550194208506007,-0.7806399071378406,-0.3747222106988072,-0.771413042918859
496,-0.6505855403806827,-0.39600040328044184,-0.21027128591256974,-1.049222207359329,-0.544006272395272,-0.8463574983482987,-0.4205424962202886
504,-0.9476015372715926,-0.32419434113604984,-0.2575979360762766,-1.013319132898458,-0.3693870166982462,-1.2021239165739235,-0.4319661865744116
512,-1.0651023815187932,-0.4172158622836097,-0.49749548365088114,-1.0067913687674166,-0.48525586666294923,-1.0780952629662746,-0.8007882953971219
520,-0.8986428928253879,-0.18547805804607545,-0.2935010058038377,-0.9578326421018639,-0.41997763018262874,-0.42041696931037426,-0.5070361746989224
528,-0.5624599412488184,0.3873384825177323,0.25810016463784613,-1.000263523644182,-0.14417703023593345,0.10017699311356744,0.43460246592220664
536,-0.4025282265036895,0.4819919255456774,0.30216297507286055,-1.0541180527655247,-0.385706512313083,0.036530669047012736,0.64022889685442
544,-0.09735243543645357,0.3367478425618753,-0.11888172503779966,-0.3344254678932789,-0.6353958118824937,0.14423982020282117,0.5145682752604398
552,0.6158123542752744,0.7561605362938003,0.20261361073045145,0.6104770610167966,-0.06584314681016479,0.5799720898405462,0.7283545578699306
560,0.8899808875373584,1.4905408023641669,0.7411591421155367,0.6626996750947578,0.5706197165930431,0.6387224736593967,0.966620130270585
568,0.7496327637345004,1.7320702588463812,0.7574786755968541,0.19269632948604618,0.3144026067866454,0.5244855660860896,0.9013418727533307
576,0.6158123279791072,1.4236305819445072,0.37233701137935415,0.1812726787514815,-0.2306707539439739,0.19156652541316987,0.6516526038627819
584,0.2910531232057655,1.0450167795044805,-0.08461063276318993,-0.2560915508084169,-0.4966795587701495,-0.2180544359584202,0.07230825078298599
592,-0.02228247991918985,0.7953274811622243,-0.2951329294373008,-0.8060606901529692,-0.38570650740446577,-0.3698263032336581,-0.19043671308734322
600,-0.1936378261150275,0.5733814936080668,-0.12377759323400607,-0.7424144483057625,0.048393790214848985,-0.12829682711697285,0.13921843806947498
608,-0.1969017941690137,0.24535827993402665,-0.36041123516419366,-0.5612674356653141,-0.22251094328871718,0.1540315555433885,0.029877351885197963
616,0.008724676032141667,-0.01738666447713891,-0.8630537064636459,-0.6918238136091385,-1.1298784858500794,0.48695055659674974,-0.5135639945778372
624,0.27636547093342917,0.18987179281889568,-0.7863517158171711,-0.4045995485526408,-1.0433848771439416,0.4575753889674517,-0.6473843759878188
632,0.011988602538184252,0.1066420569746205,-0.23311863261110677,-0.4388706594098748,-0.1539688074750598,-0.15440814625218968,-0.038664796550619066
640,-1.1369084638235798,-0.6913844639157275,-0.33593187945730574,-1.3805092903890759,-0.09195443631836742,-1.241290879323741,0.046196924460149884
648,-1.9120875528158108,-0.8904831258082816,-0.25107018509331847,-1.9810691193015875,0.04349784681160521,-1.7733085764546739,-0.17411712736430732
656,-1.5514252816457559,-0.3029789604954586,0.10796016454696676,-1.8635683071357094,0.7844059769384459,-1.5121955965236844,-0.20675626725497806
664,-1.2870484090431247,-0.22138112251440284,-0.3522514413384832,-1.7428035363824652,0.4759662521775487,-1.291881523311677,-0.6441205127678842
672,-0.9786087275832485,-0.4204797375997805,-1.0115616819437814,-1.0410624193187754,-0.3204283180819379,-1.0438242055779128,-0.8676984348245875
680,-0.5967309988124876,-0.5396125508851594,-1.2384035589063866,-0.747310318430355,-0.5048393341885435,-0.7500721045141847,-0.9917271429529554
688,-1.329479269022586,-1.3604864659824523,-1.81937990153537,-1.917422814694196,-1.0140095720733453,-1.3196247548606597,-1.8207607978811635
696,-2.212367502684238,-2.2091035730091684,-2.357925418019294,-2.8835408499405397,-1.5966179393130728,-2.3102220746389333,-2.5633008032565208
704,-1.996949349910155,-1.673822047895166,-2.077229001066264,-2.323779876206526,-1.4187347164385997,-1.9805669969360746,-2.30218783121438
712,-1.2234021161813546,-0.5559321169737232,-1.5664267257732503,-1.8146095762627699,-1.056440443447812,-0.8610451076702291,-1.435619162940062
720,-0.6946483883315622,-0.28176351639345204,-1.2775705237598978,-1.809713730330651,-0.7447368305732761,-0.26538119393641013,-0.8350593550644848
728,-0.5934670716052143,-0.50860539318075,-0.9299638458911114,-1.2466889487739605,-0.5750134279959881,-0.22621425029514095,-0.7257182872875244
736,-0.9378098271753452,-0.5069734395696569,-0.539926382548669,-1.0345345861164696,-0.4330332855428507,-0.5672929866214141,-0.9574560455944203
744,-0.9916643331560615,-0.054921613485295576,0.1552869400557349,-1.4637390609442908,0.20832548181935145,-1.0356644331397513,-0.9084973836174373
752,-0.7844059773632307,0.36285915994401413,0.6938324269126442,-1.4327319589877556,0.9900324148829703,-1.2249712715119254,-0.7045028815779211
760,-0.8023574320237025,0.3253241560645232,0.6677211379303656,-1.0785974224970352,1.140172377808601,-1.1564291921473735,-0.8791221470921827
768,-0.8708996500567072,0.12132970784449457,0.7493189227931641,-1.1863065222876645,1.097741501174901,-0.7696556099062589,-0.6147453156868795
776,-0.7501348801800027,0.07073900284945162,0.9908484213492451,-1.2434249439053406,1.1662836645118788,-0.536285868185947,-0.02560919027657533
784,-1.339270985254605,-0.12019981420282853,0.9288340738591031,-1.6905809151168856,0.8447883434694821,-1.082991131513097,0.26651096874637314
792,-2.2254231917035523,-0.3927364860657113,0.6383459042100343,-2.5555176944686817,0.2866593398254924,-1.9773030623658745,0.12126686665402259
800,-2.2743817965301996,-0.5853073342151232,0.31521857521113233,-3.1103827084958278,-0.22903875440224264,-1.9316082604532863,-0.11047086167524298
808,-1.6526065496365407,-0.7958296210719988,-0.17110431457267078,-2.8623253791917502,-0.6647710080869597,-1.456709034902747,-0.46786920826764117
816,-1.211978465972713,-1.0830539504664518,-0.6688509315252305,-2.078986476739338,-0.8867170391174461,-1.1743806785385529,-0.862802610630633
824,-0.7533988543697613,-0.8562119988227321,-0.5448222374214845,-1.2189455873219142,-0.4673043429312125,-0.6358352041284961,-0.6979750324226072
832,-0.6016268684111568,-0.5265569375988045,-0.4158977259607873,-1.1063406880557263,-0.25515004443636835,-0.7484401610709425,-0.5706825148937935
840,-1.2625691225828086,-1.0275674098824485,-1.2041324929279442,-1.7607550257538775,-0.966682900697397,-1.513827572398865,-1.2104092536131723
848,-1.4257647266687308,-1.5008346586812673,-1.496252640906502,-1.7134283252768385,-1.035225040543133,-1.3392082127443266,-1.4225635256365414
856,-0.6701690240345931,-0.9655530874613183,-0.6264201158986373,-0.9284574269641576,-0.023412283324548037,-0.3763541693938261,-0.7665171715671121
864,-0.324194353771695,-0.3992643790479699,-0.009540646041140606,-0.7407825681486282,0.29645109970914846,-0.3584026062178395,-0.562522699855841
872,-0.5640918852179838,-0.4759662326037611,-0.04054783039233241,-1.227105421293105,-0.0005649150631546363,-0.7614958204632429,-0.8987056230325503
880,-0.5999949097161379,-0.5445083584248749,-0.11398583896019845,-1.4066206193415285,-0.015252485817374348,-0.40246550307958917,-0.6849194103708636
888,-0.8088852873147879,-0.9149623970168208,-0.4909676937495959,-1.352766097933728,-0.04462770972046918,-0.3943056675306271,-0.6963431189569952
896,-1.652606576283323,-1.776635239519415,-1.1568057957817526,-1.994124667373448,-0.8671335968361722,-1.6068490519984808,-1.3621812031077583
904,-2.43757734784848,-2.1699366577677592,-1.3983352815403658,-3.2539948683720903,-1.3240812784945801,-2.4570981045721343,-1.9023585929118132
912,-2.336396220980457,-1.7831630367836266,-0.9201720995061538,-3.544482991739904,-0.9503633649370788,-2.289006681376183,-1.4894737474586632
920,-2.341291986972229,-1.828857844130756,-0.9968740410664506,-3.035312738252711,-1.0140096069595932,-2.222096494265001,-1.5221128754284046
928,-2.904316850047036,-2.7639686422582663,-2.1947298244518385,-2.8868046751186864,-1.9948151924491466,-2.70841939228827,-2.390313465407801
936,-3.328625462113191,-3.1948050247665445,-3.08414589885403,-3.126702255651152,-2.5007216293482752,-2.7622739447255475,-2.910907456406911
944,-3.2078606552465456,-2.902684881345988,-2.9209502307807687,-3.159341323139711,-2.311414665806348,-2.522376365770851,-2.875004443829686
