-240,-1.247210174673158,-1.1327627192742384,-0.843813868277963,-0.566771716690198,-0.15543769591437276,-1.7564654808009206,-0.8545494164020437
-232,0.5358013862684566,0.2983830932241221,0.2997494727988181,0.8779074094532577,1.0067339492210414,0.1737206611174242,0.25179733000485993
-224,0.7168090797219895,-0.10930736295836949,-0.5866813509677857,0.8677574827791824,0.14229479776677878,0.7319689607684539,-0.5466670196706088
-216,-0.07996363616347532,-1.071862935348926,-1.9281691188240815,0.2570675857798467,-1.0503268305554732,0.11282081577025288,-1.8221799539468526
-208,0.19070228310843554,-0.6844724012053036,-1.731936361815424,0.8322324868270652,-0.9691269715818075,0.3310451540487903,-1.5971889031481348
-200,0.25160223040135665,-0.4611730701508485,-1.3343957890572955,1.0673735791478332,-0.6916944624517135,0.3784117540781429,-1.2199483776349738
-192,-0.18992159721104335,-0.7402971963525716,-1.2210544966454802,0.21646759977763397,-0.8659355764051874,0.16018732257648632,-0.9052992505746533
-184,0.4478349939519871,0.01925895230295943,0.06799180797295999,0.1335762636578776,-0.06916294956324692,0.7252023589166531,0.5258465450236094
-176,1.4966653066968607,1.106997403919026,1.304596525782939,0.9066656543602414,0.7631346646899019,1.4323170705022215,1.7252347853740653
-168,1.2056993843383015,0.668857078852506,0.6786817153304197,0.8829824102249197,0.06109497804495242,0.8300854760181953,1.0621033473600812
-160,0.512118087253248,0.0006506235302058973,-0.11132432783186753,0.7713326451143224,-0.32460388160305464,0.18556226973769535,0.26025564342345764
-152,0.34633524583104,0.06155047560107197,0.081525105444844,0.8982073398513148,0.5821268265860724,0.2650704142370209,0.1908974930168765
-144,0.03676113171772041,-0.13468222053089013,0.16272484411889143,0.4397669811689386,0.9001592950053223,-0.04788715481115099,-0.15927648516354362
-136,0.40554342595039117,0.23409990779007125,0.44523233275923446,0.30612571274697437,0.8747843069567798,0.21601212172162698,0.06571451257250342
-128,1.0771331183234927,1.0613224927412857,1.0626889589971271,0.8643741982990759,1.2554082339786787,0.7776438503213381,0.9555286255439716
-120,0.4190766669068953,0.553824015087527,0.5957902447367698,0.7730243557725119,0.7428346863173744,-0.3033278784164234,0.3651386994665829
-112,-0.5147206638476636,-0.5778977184593119,-0.5291648584279961,0.6444580485069282,-0.1757376679266487,-1.507791163151696,-0.9729657668277869
-104,-0.2203715098899481,-0.3156901792977806,-0.6729561000447342,1.294056233025626,-0.10130449439666304,-1.1779171446264916,-1.1624318900016637
-96,-0.06304687739648708,-0.05179087786916032,-0.8235139625940272,0.9371154976215417,-0.1317544997535215,-0.5333939877742347,-1.3079148182893567
-88,-0.41322099532072376,-0.4256481572454461,-1.2565793399515564,-0.5109468577586909,-0.6037280510544885,-0.19675319657903864,-1.6513221086637166
-80,0.3057352909032,0.07000878156908924,-0.6628060974110804,-0.6276715493168664,-0.3076872856585103,0.9857183213487237,-0.9222159539165903
-72,1.9635638863016018,1.3793550016844252,0.6837566232424073,0.9929403338378635,0.3825107507519493,2.646930159976457,0.7119293126642818
-64,2.6250036977944404,2.0289530591798095,1.4551545089952942,2.150037044348234,0.5635185821320837,2.8871459870286436,1.7742929057992194
-56,1.0010083189992476,0.9090730331097264,1.1878718238666401,0.9878654093892225,0.2218029219132983,0.8622271313382691,1.3209276005877335
-48,-2.0558245615093615,-1.327303905186801,0.007091962807509721,-1.972542750119716,-0.45317017869223586,-1.7344738888094728,0.13338102101161398
-40,-3.407462332181032,-1.990435207636562,-0.3498486406667817,-3.8688954928047665,-0.49715335867725896,-2.3333220990483015,-0.16604311009397235
-32,-1.7310254592553311,-0.38673982920219496,0.7987896868256639,-2.777773632774545,0.3402192076461956,-0.785451470694276,1.04011172538459
-24,-0.05289699288179442,0.7889650418068408,1.328279760650465,-1.1081036093870202,0.5127687250625688,0.1466540140195925,1.4224273209052953
-16,-0.8429031318113007,-0.03149086605988084,0.11705001053622252,-1.5022607206683227,-0.5445198861997415,-1.1102505976624268,0.021731349669298492
-8,-2.7933889471735336,-1.7552942379777918,-1.2836459376211464,-2.730407180848196,-1.4647839151211006,-3.0996448242963477,-1.5109142234887907
0,-3.7542529299324037,-2.3321509283685993,-1.5086369308141563,-2.940173176087536,-1.0300268325570263,-3.9505507916729297,-1.7511302070031698
8,-3.7627112249971324,-1.7992774119660064,-1.040046695794554,-2.7980735953373044,-0.4091869970717194,-4.104492016660843,-1.228406596194959
16,-3.4006955853154923,-1.4203452444853744,-0.877647095421018,-2.960473175903199,-0.613878012982531,-4.058817130015504,-1.1133737005223472
24,-2.967630207412798,-1.1750542511132605,-0.7676891430960813,-2.9384815381179386,-1.1772013697388803,-3.532710323225547,-1.0203323201547196
32,-2.7730890731091353,-0.7673638378170374,-0.23650730991173413,-2.803148591384208,-0.5479032764417481,-3.1791529537127907,-0.309834372063515
40,-3.17232120987622,-0.8502552573469525,0.13058324404214608,-3.2159139534797503,0.15751972121464364,-3.7120263732578356,0.21119748374646408
48,-4.207618306742152,-2.0242684902046673,-0.8793387931769829,-4.366244092304085,-0.8354857614924378,-5.104264130476884,-0.6058751621736147
56,-5.662447288870026,-3.462180988146708,-1.8926442155499168,-5.77201505649772,-2.1651318534915154,-6.626759683374336,-1.4178727902402128
64,-6.993785209464534,-4.270795276671593,-1.5154035906351087,-7.005236373707569,-2.0670154839824,-7.431990514783709,-1.116757036429633
72,-8.34373125039726,-5.30778396207888,-1.720094658518263,-8.713814767661171,-2.2869315647203856,-8.546795772685622,-1.4635476879705631
80,-10.138584425774233,-6.882721015285374,-3.0565074488632447,-10.608475939431846,-3.347603440109997,-10.41439032970489,-2.8557852756434707
88,-10.742507609526504,-7.231203298980812,-3.088649086192893,-10.447768070796192,-3.1784372498782787,-11.167179811452328,-2.9674349751526155
96,-8.682063664660893,-5.326392236880356,-1.7996028104681678,-7.769867502600235,-2.0179572796019225,-9.703892406146082,-1.8475548978370755
104,-5.797780421323108,-3.112007050126734,-0.7203225772303666,-5.041216995923538,-1.2127262761023094,-7.30004092449179,-1.0643154852385814
112,-4.1230351603808355,-1.8990854610589383,-0.2737239063988262,-4.119261440427846,-0.7982690795962517,-5.708187415448015,-0.8139496064879435
120,-2.8390638839740023,-0.6557140687085675,0.5145905193283902,-3.5796212631139697,0.15413640057196304,-3.9607007670483614,-0.0730017170058404
128,-0.16285499972317527,1.798887075391541,2.047236085762784,-1.2908029809705985,1.6664820249781265,-1.0662674202215041,1.1314614428867764
136,3.157877038472365,4.667945464335619,3.2584658360587495,2.1669538034786653,2.6848624032375175,1.9110573381395208,2.1532251668664113
144,5.620936479817863,6.381598893406242,3.698297881414698,4.985262204877208,2.958911623889633,3.7042187020028843,2.511857526792706
152,7.5291309516045235,7.680795050192948,4.265004628776497,7.450013348339981,3.99420857247084,5.285922431748704,2.95338119140094
160,9.048243353587159,9.348773508117743,5.43055955003283,9.353132840616395,5.718012009445041,6.806726445169599,3.7619954662967148
168,9.285076027180422,10.091412955611993,6.098765977006581,9.20764994031381,6.379451698639324,7.221183513562014,4.354077089403181
176,8.81141051535423,9.86473032844726,6.081849312189596,8.329677425059325,5.8195115894736205,7.014800846779379,4.5570765307651895
184,8.64562781367584,9.429973321297599,5.900841608923102,7.88477028734409,5.230813362060804,7.119683860117957,4.587526466522724
192,8.522136604584631,8.93093308092114,5.68600054876442,7.901686966698791,5.02104722489699,7.0841588814293805,4.639967945933792
200,7.9638880014587325,8.592600730078303,5.765508628570897,7.36204686334556,4.875564359303209,6.519143906511075,4.8717256312941775
208,6.607175452260768,8.030968991847352,5.489767747597443,5.991800962704431,4.219199680148382,5.4635468576222275,4.91401710552749
216,5.204787775636505,6.750380957579521,4.946744341228513,4.487913667344913,3.3547604276569762,4.440091562728218,4.401443612564349
224,5.018704952025615,6.0584914191271295,5.117602046767832,4.1512728336268925,3.5256183269113914,4.211717226177343,4.645042936892494
232,5.80363605929081,6.432348650528946,6.027716176818503,5.042778719405296,4.569373571829376,4.9188318777948234,5.660040007956596
240,6.382184360392994,6.476331914651014,6.2865404191428675,5.790493142230202,4.855264411096446,5.182731178133115,5.883339394072658
248,5.348579018888734,5.545917986313801,5.264776720785959,5.186569872887119,4.028041819603257,3.9122930676318135,4.790525850279024
256,3.325351631440096,4.116463715836098,4.139821666504272,3.882298675531742,3.256644029072425,1.9296654430314142,3.5116295597426883
264,2.0735218533459787,3.0135001997563005,4.207488137327036,3.2766837480479754,3.562834817818305,0.9349685171601582,3.3289301354598817
272,1.3630238798137682,1.8682451961775208,4.1195217113920926,3.139659140629461,3.9366921339023286,0.600019418632727,3.3289300604089105
280,0.5662512157189238,0.5470573847054535,2.975958346509799,2.6575355692495775,3.608509701737824,-0.1764532739950052,2.329158026550321
288,-0.46397076134777915,-0.31399843538456057,1.576954119187023,1.2940561290809407,2.85572022834957,-1.1559255039336864,0.8557205755424324
296,-1.5720092651152926,-0.853638581078898,0.5721069533538637,-0.4601970922768009,2.055564231436707,-2.1709226342389893,-0.06961838055339133
304,-2.1353326596697095,-1.1056961179702183,0.5670319762059939,-1.108103575223382,1.9591394433818103,-2.516021563491556,0.11815610664982305
312,-1.851133538874855,-0.8417969824533075,1.6209372880870359,-0.2690393144149502,2.9064701017740187,-2.1320142360512473,1.393669043106724
320,-1.8088418244057478,-0.928071653571742,2.1927189668028935,0.21646762103904646,3.2008192602747707,-1.9019482958761336,1.965450734361362
328,-1.8663584038084036,-1.445720101876175,1.3604213340141533,-0.015289987998317869,2.1638305377963003,-1.8444318469494971,1.2820193632235
336,-1.108493961086305,-1.183512590699751,0.4418490093907318,0.20462594409149998,1.091317001450632,-1.2523502505560868,0.4598717597814709
344,0.35479358250998677,-0.14314060536602896,0.2033247032795121,1.1604148673826713,0.7952762131577473,-0.15446176922986649,0.16044760850480075
352,1.8400725320149312,1.1865055467828576,0.9375059009576828,2.441002822965105,1.1640584772246525,1.2090176238729067,0.8371123061926011
360,2.729886621907772,2.2099609581603348,2.233318851586242,3.2749921180741204,2.1130807114377137,2.3001394820859127,1.8436510718338488
368,2.6080869839126573,1.9765115948516252,2.6579259484167617,2.977259581143257,2.502162905902677,2.707829907739196,2.3494579224212977
376,2.0481469963186223,1.0274893484632248,2.0489277001085915,2.35472805589773,1.7036985598616372,2.5674219974867065,1.6558765839037481
384,2.230846402974446,0.8820064210841397,1.6243206648816535,2.3175116053329843,1.1183836078428528,2.8499295533639963,1.1162364691020625
392,3.0834440219497363,1.7092290476495733,2.140277424879638,3.1092092746529754,1.4922408814040518,3.6213274392986055,1.5205436827821088
400,3.4606843989964498,2.196427562377131,2.481993119807225,3.6403910389648813,1.943914623333466,3.864926668949859,1.6964765244755913
408,2.6063953752002167,1.6872375103562904,2.20456059086949,2.9552679533526782,2.067405861863555,3.1036787235001566,1.3953607497670415
416,1.1481828272873875,1.0241060007440437,2.141969105553784,1.6882134011857508,2.3363800226845286,1.9330489166835785,1.3699858404038996
424,0.3564851221682657,0.6603986671225891,2.0827609061719548,0.7239662048181486,2.4412630273004745,0.9874100020228702,1.309085954169395
432,0.1670190564183762,0.4438660291441162,1.5989456844654133,0.4837502436555121,2.267021971497874,0.35134522618960073,0.960603601601513
440,-0.31172118614135846,0.1529002283572256,1.3485797324810198,0.1437263008186115,1.9777478030472155,-0.29317811601856414,0.7863624611167033
448,-1.2505935267536517,-0.6523308076705323,0.6211651859011701,-1.075961906092476,1.0135005917784532,-1.245583788266382,0.16721427504944764
456,-2.713880915159802,-2.1511430608258912,-1.0755715610889287,-2.7016487885650955,-0.9065355255179405,-2.6225962347890945,-1.346823054018097
464,-4.59500868678596,-3.920621248699486,-3.0345158635954923,-4.2545943537248245,-2.7318385521519577,-4.45635761409355,-3.0300264015905625
472,-5.496664455625284,-4.570219388514701,-3.350856630806069,-4.511726941724657,-2.785971737133013,-5.730178818085686,-3.248250843813784
480,-4.772633190981441,-3.563680667213495,-2.1954516921940272,-3.398613474801826,-1.5493669862497252,-5.557629472759548,-2.0962292013120236
488,-4.331109522011892,-3.2016650604234407,-1.8063694384878641,-2.838673447047344,-1.4174173912330477,-5.3563216484691685,-1.6733136806658009
496,-5.122807226767569,-4.081329161493461,-2.7739999433228055,-3.6219127791432237,-2.4138060846413167,-5.648979240416865,-2.4091866784091276
504,-5.31903998195901,-4.409511569852453,-3.3796148735323954,-3.9365620254128344,-2.841796553905136,-5.391846439076018,-2.950518353040177
512,-4.584858774104438,-3.6584136859141614,-3.1461655538368407,-3.5407131504106704,-2.4104228070666256,-4.823448269448015,-2.7695105298375107
520,-4.471517630159071,-3.2151983855169877,-2.8501247297448247,-3.566088064862014,-2.1921984308082996,-5.012914294855737,-2.666319247509929
528,-5.1769404335552025,-3.85633812904861,-3.0869573602701004,-4.178469492615277,-2.3224564005758817,-5.716645705606263,-3.0841595834823536
536,-5.873904996039607,-4.514394542848861,-3.2730401724325344,-4.7130347022307975,-2.302156457093878,-6.395001988927875,-3.5916581888863117
544,-5.950029889677299,-4.450111370862201,-2.80106656516135,-4.5963100510147905,-1.7963495885160017,-6.630143037817212,-3.197501000918546
552,-5.733497041447078,-3.9578378740802935,-1.936627366641225,-4.329027539430148,-1.1416765333382206,-6.4846600922659805,-2.1317540640623
560,-6.202087453645121,-4.240345406697235,-1.9078690912050336,-5.107191852400495,-1.1907347620693753,-7.034450075227424,-1.960896199516686
568,-7.245842775976454,-4.82566033545567,-2.5946838307783255,-6.272746933390008,-1.9621324508361808,-8.01392234732549,-2.6764691531043123
576,-7.137576473614733,-4.421353229718181,-2.8602746696845673,-6.3962381353940785,-2.1414485844603512,-7.812614589545171,-3.0215681773972105
584,-5.522039512727987,-3.100165356642534,-2.0736519495273407,-4.987083914523725,-1.3209926506074576,-6.442368551886048,-2.3770450216352836
592,-4.1078102899956415,-2.0056602204913943,-1.3005625889907408,-3.5711630267452823,-0.3533621306896323,-5.281888528910465,-1.6394805020423808
600,-4.207618365074746,-2.168059705471792,-1.3648457702451977,-3.3207969779033393,-0.06577963655286842,-5.41891319538846,-1.66485547373599
608,-5.23445691482826,-3.042648820307868,-2.0144437855812,-4.048211637513948,-0.5445198416779797,-6.38823537744484,-2.243403682523664
616,-5.631997432888224,-3.648263786316589,-2.540550591825992,-4.640293271523704,-1.1281431869832592,-6.856825618097806,-2.5918861205006425
624,-5.341031696430736,-3.812355003034866,-3.049740771778753,-4.3831606122890525,-1.5865835660184417,-6.577701447556043,-3.0148015077633
632,-5.126190515790713,-3.8394215739913986,-3.5403227330819753,-3.8858120842062736,-1.9367575347493446,-6.408535300028872,-3.5087667560907274
640,-4.872441282778921,-3.2473398861920852,-2.9702328004599954,-3.6489794182453097,-1.458017216230032,-6.1497110518894225,-3.004651553104117
648,-4.5950088408857725,-2.198509688840351,-1.6947197849542521,-3.5491714540163075,-0.09453787019312052,-5.784312125547017,-1.6360971932115977
656,-5.141415565716725,-2.332150904563086,-1.4561954701204014,-4.2681276630086025,-0.10976284125201224,-6.327335608965854,-1.16750691712294
664,-5.454373028457835,-2.919157528533385,-1.9873772671421746,-4.855134230645245,-1.3362176298438162,-6.797617496129326,-1.5430557910373919
672,-4.2702097351790345,-2.3118509908834044,-1.3952956612992469,-3.894270415070134,-1.6153418272803586,-5.791078697959939,-0.7868829268619669
680,-3.4108455635984654,-1.6994694433756878,-0.7152476340644128,-3.193922523220419,-1.3023844094244557,-5.004455973804837,0.01158135575827682
688,-4.408925996376915,-2.413350734279595,-1.0620382601643366,-4.215686158519973,-1.713458192791601,-5.735253942791393,-0.22863460613124587
696,-5.648914067721163,-3.250723259533996,-1.581378335353357,-5.227299865328237,-2.2175733917803404,-6.403460380850155,-0.8004162619501966
704,-5.253065197262036,-3.0054323141363506,-1.6270532854194932,-4.934642354610044,-2.0754737599663717,-5.9078034011482865,-0.9340575007515594
712,-4.2211516000344425,-2.365984146970745,-1.5560034470699071,-4.0042284124619965,-1.6508666896671893,-4.974006066759299,-1.01525730611739
720,-3.6916613857389384,-2.3321508593144387,-1.708253043174296,-3.4273717516917905,-1.1958096667103757,-4.7794650500294305,-1.2859232519206365
728,-4.332801191601028,-3.184748425772221,-2.313867955211739,-4.1733945583536745,-1.3260676591931435,-5.539021163067553,-1.859396440674172
736,-5.846838441619728,-4.448419811214559,-2.9042579686971597,-5.533490700049651,-1.6271834197274184,-6.831450726725092,-2.525911222954628
744,-6.6114695810522415,-4.7190857095885,-2.6978751934268015,-5.9919310234780605,-1.187351364740232,-7.354174170894707,-2.4007282844879168
752,-6.188554146360277,-4.355378387052055,-2.0753436352896872,-5.599465504190823,-0.7661276074514269,-7.3778575382371905,-1.8543215260384904
760,-5.7521054719838585,-3.9950544669329564,-1.9687689570867317,-5.071667026176238,-1.0604766772720984,-7.294966011855046,-1.7646634257896539
768,-5.346106719917585,-3.367447936554451,-1.9789190016980462,-4.4660521397615245,-1.1010766240224716,-6.5455598554750445,-1.801880063527521
776,-4.811541526838717,-2.7415331195599584,-2.0161355018727556,-4.276585992418691,-1.3835841141165872,-5.760628845249121,-1.7172969289781008
784,-5.097432320675415,-3.1644485560691376,-2.767233329113943,-5.161325098439968,-2.5998889600428257,-6.0143781447709745,-2.1892705784086663
792,-5.462831186504569,-3.7514552376451444,-3.2273652823344854,-5.892122911146055,-3.39497001815105,-6.019452975633055,-2.1909622470891943
800,-4.615308748205205,-3.404664554121235,-2.71310014177051,-4.9143424894499965,-3.251178710024252,-4.691498564853286,-1.4567809792665338
808,-2.9185719850418943,-2.1291515191712924,-1.8706525924840969,-3.307263868694905,-2.855329867913677,-2.947395300517108,-0.7225998430102225
816,-1.3402515697602255,-0.6996973506393398,-1.0265133712461698,-2.197533639549762,-2.0010405969762335,-1.638049094030882,0.008198065644804603
824,-1.0340607593894902,0.009108976382363916,-0.689872617303878,-2.134942163501851,-1.065551736194634,-1.583915938125263,0.29747223464062694
832,-2.4618233104863716,-1.0769378801503728,-1.57799510484453,-3.036597865104228,-1.3142260156823484,-3.106411468489254,-0.6380167533460069
840,-4.425842520723198,-2.909007678909217,-2.7638499668570446,-3.9314870333638012,-2.241256595573494,-5.011222602006252,-1.83740490229056
848,-4.941799477707265,-3.568755672346472,-3.1207905935916838,-4.060053276299983,-2.5474474308400725,-5.329255065337301,-1.9778128652422795
856,-4.285434527969158,-3.262564854888597,-3.085265726298373,-4.115878100159244,-2.603272194186082,-4.683040344476085,-1.850938265545619
864,-4.452909126206812,-3.4909392679442135,-3.7044139476195967,-5.134258509856451,-3.310386875787607,-4.742248420650752,-2.5343696185113345
872,-5.68951395704755,-4.698785700323321,-4.787077471879478,-6.639837455724351,-4.53176664925175,-5.533946126133317,-3.637333039914239
880,-6.589477986516692,-5.712091169216955,-5.815607790623778,-7.355410360428898,-5.462180610117108,-6.142944326103572,-4.501772197001866
888,-6.119196073185322,-5.83050737862683,-6.290964756153987,-6.457137987101503,-5.837729570712704,-6.0025364652793245,-5.032953918064062
896,-4.860599595291527,-4.964376575210415,-5.884965960838,-4.846675963929065,-5.5941302289393,-5.47812132771506,-4.83502957269577
904,-3.9284940119028975,-4.11854578105918,-4.722794282265833,-3.6726627768651627,-4.5757498877510905,-5.039980965213916,-3.80649912601955
912,-4.060443653985437,-3.842804920256809,-3.7923803512027963,-3.508571527073576,-3.5201529918717283,-5.170238769251513,-2.847327023101568
920,-4.46136753811845,-3.9070880166473354,-3.284881768877467,-3.708187621625011,-2.8384132270839273,-5.347863313243995,-2.409186626255064
928,-4.212693195391662,-3.6584136935464664,-2.9194828396275168,-3.51364647151158,-2.2311067170556114,-5.15501394302464,-2.2873869386499854
936,-3.891277451033213,-3.3437646533490124,-2.672500255169945,-3.3292554207076286,-1.632258412866778,-4.9959977461587775,-2.5039196754849424
944,-3.7660945243783974,-2.956374026890879,-2.760466661478968,-3.46289673310619,-1.3548258852010935,-5.129638935350175,-2.728910684306
