-240,1.3556565855678753,1.6529699580630797,1.3270709299244863,1.6777929224285035,1.2145254708977362,0.7289625024988583,1.0490768701863673
-232,0.9949943242888706,1.172573649509233,1.011673996745333,1.1886355530093557,0.9151904087076299,0.044142180826017355,0.7847858533504521
-224,0.06194498774252439,0.2278429153115161,0.3487562753169642,0.7505841090309954,0.31067951209390693,-0.4041305046453167,0.32337175837533183
-216,-0.5323447158462123,-0.46719862746323665,0.046500868341217985,0.690717205387137,-0.0266200329369379,-0.155901303899433,0.26642506148530415
-208,-0.6579194360657742,-0.5577292383320421,0.21442052591667468,0.06430370727410695,-0.044142109964057936,-0.09019367131385736,0.39638029190330853
-200,-0.5323447352961489,-0.2496331373930943,0.39402155134118033,-0.595693668741205,0.1967861496847168,-0.9881988917647101,0.4693888420578441
-192,-0.37464623608087244,-0.0714922188747269,0.2494646352674316,-0.960736493078562,0.46837801648537625,-1.307976450273382,0.037178279954170945
-184,-0.733848366925591,-0.4657384634621233,-0.48792180439479926,-1.4090090333027876,-0.010558197553823609,-0.6801028352155377,-0.795119381632641
-176,-1.1018114654641402,-0.6862243243557244,-0.9931410540573996,-1.1972842216672688,-0.5639630310086589,-0.45085588726196224,-1.0462688385414691
-168,-0.6316363521312411,-0.1547219633090831,-0.5638507501557771,-0.2291907091070764,-0.416485784736722,-0.7370494528941298,-0.5206072012603524
-160,-0.07677129114928982,0.3417362439970255,-0.041109420485824714,0.5622220707386134,-0.07334551154843211,-0.5384662300468939,-0.1351219882064985
-152,-0.1731426113530207,0.3797006761738163,0.06402289172415801,0.30085142143221516,0.07559196146634908,-0.13691912796574576,-0.011007446261793957
-144,-0.40677002291930314,0.43080664427898174,0.5648615703288361,-0.21604919984393764,0.6246163289556615,0.03684124019947119,0.3803184180908841
-136,-0.37172583420025673,0.43664736114291497,1.0598596530042672,-0.3284823692339634,1.326958628366833,-0.3004583258498535,0.6562907861492898
-128,-0.8754849242536642,-0.4540570866723775,0.37795967501908634,-1.0074619677686978,0.707846038411503,-1.0407651255125938,0.019656167164264014
-120,-1.1134928778598183,-1.0556476508919526,-0.3900903321108837,-1.470336222666719,-0.10400913250349779,-1.0699685316457437,-0.6418013819497126
-112,0.05610433126750748,0.03217993153010304,0.030438940884613196,-0.018926045473529347,0.3997499580204728,-0.1427597902443731,-0.3687494069880802
-104,0.8183136395717925,0.6293898970853942,-0.025047526752900354,0.9462470482657793,0.42603302109338004,0.41356543897375875,-0.3775104167188709
-96,-0.25345202715773324,-0.5299859489868528,-1.292476127541017,-0.27883655995371825,-1.006394929031612,0.26900837451581533,-1.5003820644156167
-88,-0.8944671834770006,-0.8789669253927492,-1.656058796817956,-0.766533731491218,-1.497012424179417,0.1302922120099124,-1.5646295976240627
-80,-0.18482399582862838,-0.29051788690601754,-0.6353991449361872,-0.04228879356311908,-0.8092718025812738,-0.46837793495732233,-0.2825992997298356
-72,-0.14831972231990403,-0.5840123059537248,-0.35504622574035943,-0.5329063343555339,-0.9363066416279028,-1.2992153691738724,0.127708813807501
-64,-0.7265475310777364,-1.3024165205868639,-0.8310620455848067,-1.4966193092677758,-1.3714377201158512,-0.9633760501016001,-0.30742219786050345
-56,-0.3250004589557649,-0.8848076024156836,-0.40323188529323467,-0.478880022719563,-0.6851572549898137,0.45298999797718714,-0.13658214938423385
-48,0.9380477324912423,0.3943023922593004,0.6787549917152536,1.6938547990643062,0.593952682590195,1.5013929906523658,0.6738128435696186
-40,1.3658778656470154,0.8980614388640589,0.7707457629775227,1.7449607798746725,0.5997933961601876,1.1071466982244,0.9702276213630008
-32,1.0168969433558614,0.5432398770381563,0.20419930920668466,0.5680627272136296,-0.18723886925199257,0.5216180995770312,0.5730610305782755
-24,1.498753356306177,1.1930160215991705,0.7780466121579948,1.4149620586138991,0.42749322917055976,1.383119083066218,1.1147845568866865
-16,2.4405637469730874,2.0705788989781357,1.7695028615142663,2.4779667123186924,1.5591258495804756,2.631565486745313,1.8054455337797097
-8,1.4476474569032072,0.8162918905859537,0.5181361328131762,1.255803357438761,0.2989981491073425,1.7671440522801058,0.4635481852691185
0,-0.18044346916048112,-0.699365778092431,-1.0062826640210174,0.21908191738702987,-1.194757015948835,-0.3223608471965978,-0.9922425058870179
8,0.1086704053376852,0.1694360823404453,-0.1184985078177472,0.7228408422728295,-0.12153110020315162,-1.141516959679271,0.06638159213157785
16,1.3863202714606337,1.7069962864824642,1.284726011234256,1.086423493354668,1.3079764472569528,-0.298998089225186,1.4155798328007283
24,2.329590829736308,2.055977229321535,0.9897714263031839,1.6909344476907844,0.703465609620457,1.50139301323939,1.1001828445657063
32,2.6727310786121774,2.013632238478313,0.11512887112283526,2.4341615388086932,-0.35807895600071826,2.7352376846770055,0.447486264870958
40,2.661049719233262,2.403497955142727,0.5093750794768818,2.4648251658810776,0.43917456157053003,2.497229760559464,0.8066884663001245
48,2.95454421153194,3.3934941084158075,1.4234422929494486,3.165707319172529,1.57372765773945,2.4125398690642617,1.7032335351413561
56,3.167729071880641,2.8138060898553974,1.01751466263161,4.141101735184791,0.9035090209380817,2.808246076408669,1.3600933214008564
64,1.2184005407910599,-0.2598543647691793,-0.2411529006624985,2.409338598641066,-0.47635273857396604,1.194756935760077,-0.0489718966336872
72,-1.874242091335749,-3.0575423831037183,-1.1260166449464755,-1.055647654614227,-0.972810967212264,-2.443989594214359,-1.1148968700274287
80,-3.4848108409266736,-4.349793869474157,-2.235746781027267,-3.231302697425671,-1.3889598042014157,-4.635706679299778,-1.9822385915558833
88,-3.5329966163948967,-5.1514278898716945,-3.4681312588183006,-3.6270091111903735,-2.213956495516214,-3.8472141490291505,-2.8305980069615577
96,-3.8016679934765163,-5.620142812381389,-3.209680973120063,-3.4357266056091196,-2.0883817701204586,-3.055801313813883,-2.442192508883563
104,-3.7870663382505114,-4.7250578366431135,-1.388847430804481,-2.910065045500332,-0.4515298779314829,-3.7917276093955006,-0.9265347752674873
112,-1.8464987555616785,-2.0690064299082467,0.9649484698227058,-1.4236107459374765,1.6379751034231802,-2.66593568639958,0.5978839219642075
120,1.360037267521808,1.1024854560612662,2.7638795000459506,0.9039021413396255,3.07040310781977,1.1232086623849176,1.7236759748355093
128,3.1721096445071058,3.1905301771062566,3.7553356844645296,2.440002264613321,3.7041174169976703,3.0185109168170445,2.5282302757084127
136,3.377993848292449,4.49446313296735,5.084091479792769,2.6823906775971147,4.434203009204827,2.202275202764191,3.935835322055981
144,3.855469831040029,5.6845026755984485,6.66983742489506,3.2825210150738453,5.742516405934748,2.415460149853337,5.596050005312632
152,4.934536237151998,6.548923998383375,6.999836102707184,4.901850855332394,6.311983166689333,4.0362502163841665,5.902685958563317
160,5.860284765770558,7.425026700938279,6.703421341069799,6.418968736793588,6.240434762968227,5.017485256088888,5.664677962449638
168,7.0225810890135,8.743561325671703,7.280189000257116,6.665737703738181,6.552911409397839,5.906729466965806,6.549541727752098
176,7.9979754077760825,9.64886744063393,7.785408251017695,6.47445529791628,6.6229995830821595,7.495395702111575,7.578962456184604
184,8.780627177263563,10.066476524129573,7.483152793378001,7.141753405314464,6.212691490406451,8.573001998337174,7.513254794894686
192,9.481509368984327,10.548332980057975,7.497754489542985,8.130289512227177,6.411274792778831,8.878177911501664,7.206618815763038
200,9.681552876924217,10.773199345189553,7.965009269697464,8.886658108843722,6.932555891157159,8.754063334107883,7.158433156367016
208,9.883056472163455,10.722093351673987,8.151911131754096,9.781742996900428,7.198307053485378,8.938044825968472,7.025557573791217
216,9.785225053523721,10.30010387671863,7.5006748071928255,9.318868789372415,6.83472445353805,9.032955967426785,6.317374497127196
224,8.38638098679091,8.842852963995838,6.513599043252013,6.909586304564947,6.0739752097892366,7.788890180920782,5.347820793116382
232,6.512981315976694,7.147594125273258,6.180680088101611,5.63339668934041,5.719153673373736,5.836641345357122,5.042645055942448
240,5.102455942724878,6.026182797961391,5.925150139189443,5.090212992443003,5.612561221788769,3.9427991424615567,5.032423919698728
248,3.651045745924899,4.806939705989137,4.802278398948643,3.577475643453568,4.752520361989134,2.1029835616166777,4.373886670823763
256,2.1835736782927264,3.3277863360730238,3.2428156171491764,2.270622378569625,3.3434551158776666,1.0691823309853012,3.083095314887612
264,1.0753037259766929,1.8515532475734047,1.6453883394900617,1.4573070960428547,2.0380620510713294,1.0063949561312133,1.9777457172390418
272,0.9789325380011609,1.1798745186102053,0.8963205029607302,1.0791227743632879,1.5985505063041503,0.9582092857553891,1.577658852880542
280,1.4155236893578573,1.3784577860040694,1.1036648051820779,1.7303590739847194,1.7431074222210452,0.6428123034808317,1.6156232849004781
288,1.1205690672523096,1.330272167703882,0.976629862611593,2.530532877207525,1.5445241498078401,0.20768132192885883,1.2213770588218922
296,0.6912787531551563,0.9885920713787605,0.5546403928324279,2.492568443619046,0.8903674617952663,-0.023025703285386674,0.5496983177809095
304,1.4067626055918245,1.5361562969834204,0.9985324137606602,2.3626131783793793,1.2758526957107452,0.5391401660949114,0.9541657579029618
312,2.7778632920039286,2.546594735605996,2.4046773277916897,2.8576112897591535,2.644033122979678,1.7802856048350402,2.1296035260987667
320,3.5780371789869503,2.9817257883698343,3.245735908918054,3.7410147219715317,3.1638540438674245,2.673910472569195,2.6435837999227556
328,3.656886506080627,2.8313281149637346,2.981444932236846,4.126499864127229,2.5973076049977473,3.1309440189165625,2.439159817860918
336,4.170866751200274,2.9496020110995165,2.927418636913726,4.076854211073895,2.6031482959807155,4.11655961211152,2.5837168170674607
344,4.116840406624894,2.7422576878596887,3.089497625308965,3.504467172196759,2.65279410337871,4.636380534410956,2.6742474086431844
352,2.9925085331264283,1.3784577467904875,1.7811842268536453,2.5422141798051734,1.5270021435220238,3.2097932875035715,1.6784107024189436
360,2.7194565252253864,0.6600535247851953,0.2947299591322177,3.1949107050714693,0.6888638698499694,2.192054066206764,0.3335929645760819
368,3.582417736712254,1.220759267182003,0.1428721629776936,4.51782594635057,1.154658442240978,2.5775391741682148,0.13939017632350242
376,3.8729918588148915,1.6777929214451464,0.4582691306647985,4.092916041123963,1.4423121772073064,2.491389020794799,0.8271308259985707
384,3.5707363781176102,1.2558033851597452,0.7123388978513145,3.463582240575961,1.1634194908716418,2.348292233116232,1.3192085369094182
392,3.483126086310335,0.8805394212847288,1.1372487313954933,4.370348537106987,1.3138171112609773,3.189350899257639,1.5017299025707889
400,3.3750733789644736,0.9374860493157066,1.4847694815291088,5.277114953004153,1.814655816217183,3.6653667147101636,1.6097825987799932
408,3.7722399890422813,1.0528395873332306,1.760741792963101,5.427512485241357,2.1052299052235566,3.4726241026933358,1.8346489422656744
416,4.85130648063986,1.6383683215027391,2.0863600273967275,6.021802302235772,2.1680172573337675,3.9486399311647697,2.1339840411596933
424,5.85152379007716,2.450223421205875,2.4192789838019655,7.242505313045823,2.2541674176087745,4.68310606698034,2.4333191588762317
432,6.472096635322821,2.556815893652467,2.3448102848611874,8.04121894803245,2.2118223961789596,4.910892707254239,2.171948468787709
440,7.164217730258639,2.6079219441061547,1.9082190698216317,8.736260449554512,2.100849332753946,5.909649894413675,1.7864633137699568
448,8.589344885631613,3.5526527203408316,2.1345456657742683,10.400855793746617,2.915624929861985,7.907164089448054,1.9470821141653698
456,9.923941200030479,4.494463164965631,2.6704285021976903,12.119477168962302,3.7172589499458137,8.613886836943355,2.3019037498696613
464,10.319647609560114,4.584993799990005,2.487907107047707,12.648059098796569,3.3157118265324765,8.929283848549675,2.3398682072999994
472,10.604380978408614,4.586453964618535,2.255739875638534,12.956155363491435,2.7958908838419783,10.396755883556148,2.4756641561504797
480,11.065795229610641,4.925213607144259,2.7741006717387493,13.115313892283666,3.1317302574995565,10.38799489421642,3.1473429150728562
488,11.249776694492288,5.230389270439804,3.6209999498085463,12.919651078218637,3.818010731566291,9.030035746085499,3.823402113609227
496,11.533049809932706,6.039324240718294,4.50294335385566,13.094871505449419,4.822608501479212,9.527954025946649,4.483399525701033
504,11.435218352079392,6.329898340233909,4.796437790000488,13.121154665615158,5.048935075942806,10.036093629963004,4.589991982619048
512,10.487567438734207,5.4713176188681265,4.244493025806753,11.687266442318435,4.256062144487493,8.886938927820339,3.91247263372789
520,9.228899791052466,4.522206397529555,3.5888761626564065,10.327847075287387,3.696816466332448,8.375879105129222,3.1502632123316348
528,8.373239471253598,4.006765889433713,2.882153316656588,10.12634347534252,3.394561084296539,8.193357596730413,2.4537615262605397
536,7.454791695977512,3.0897784154062826,1.6351671392497744,8.774224955295981,2.5286795379058558,6.598850595625304,1.6389860260884774
544,5.852983961764133,1.7026157656179264,0.3180926672239535,6.338659252286681,1.329879046089736,4.684566165886909,0.4255837436810678
552,4.41325517077195,0.5680627698357771,-0.3097809627350522,5.719546846948895,0.6552798680327682,4.023108584304088,-0.39795278143665547
560,4.36068895851311,0.7286815976806984,-0.03380857805008789,6.5314020453134045,0.8801462235962331,3.9296576931167726,0.018195983242650763
568,4.505245892311398,1.3930594964427985,0.43198605174960414,5.593972006892628,1.1707203348759212,3.4536418818993138,0.47668973123617014
576,3.5648956899580195,1.3185907620529411,0.4757911424405182,3.5395111664164407,0.8684648965293099,2.8987768439749475,0.44456596996499437
584,3.0655171290824295,1.2952280258842805,0.6378701656574179,3.307344007160258,0.9458539164138711,2.7644410661840246,0.7906265448039842
592,3.4378607646415107,1.731819245158902,1.0525588256265472,4.123579683724926,1.472975778398726,2.631565386358543,1.199474491673684
600,3.214454619508041,1.7026158415354218,1.0277358180115579,3.676767328049731,1.367843414426815,2.1044436580135755,1.0038115420865146
608,2.7325980272732284,1.666111496971686,1.2292394808550107,3.272299850910057,1.3722240082286143,2.2329387620755052,0.9541657301397457
616,3.0217119571409734,2.3772148936383637,2.02357265003297,3.9556599343896885,1.9460712453011069,2.758600406571921,1.4798273487551976
624,2.9764467062134496,2.3669936479103226,1.9899887310348543,3.5614137167812356,1.7489481499079265,2.552716235569131,1.5469952521596841
632,1.9426454686804824,1.299608494359472,1.167912290393099,1.8165091586559408,0.7618724317685794,1.8445331513761025,1.0198734279767223
640,1.738221505441164,1.341953522690877,1.3124693012068624,1.3171305999763099,0.9195708837707032,1.7233390036261518,1.070979411610466
648,2.233219532903872,2.1976138172362014,1.971006470713538,1.655890304459492,1.7168243795391998,1.5729412905359081,1.5104909551228107
656,1.6170273272614737,2.0238534638152914,1.8629538305013287,1.0645209740470294,1.6306742994167542,0.8705989511268827,1.5732783266829573
664,0.48977512293740344,0.8557164687256099,1.3591947442124246,0.24682512579538465,0.9254115829100975,0.1828584048188175,1.383456028394612
672,0.025440722076516122,-0.032067561366780274,0.890479786881068,0.21178098789714103,0.5691298188106251,0.007637862143246573,1.0213336071927055
680,-0.20964689427300504,-0.1532618292671468,0.2129603393285379,0.04094093346040708,0.42603304336669473,0.416485881165937,0.11456731991608607
688,-0.28119528795543464,0.23514370927926484,0.002695696556616739,-0.6584809937156166,0.4771390343725925,0.3770611333098976,-0.323484045164546
696,0.13203314997647947,1.045538752112794,0.5634014253070964,-1.1578596361554598,0.9181107561597938,-0.10333510199297719,0.35403531172618213
704,0.6868982045274035,1.473368908483007,1.2599031303575643,-0.8483033053365793,1.2466492291886795,-0.30921925338897616,1.1045633877035574
712,0.6401727088187877,1.460227386357813,1.7359188796175635,-0.3284823700182348,1.4233299775886143,0.30551280503572226,1.6156232751755097
720,0.021060193682972024,1.182794852886605,1.4409643326452388,-0.5562689717059671,1.2451890697363412,0.851616850169564,1.4447832632462982
728,-0.5367253052560902,0.6600535608616915,0.6422507064424545,-1.0892315406729334,0.6231561593077926,0.24272540226156386,1.078280267692529
736,-0.8389806912133564,-0.03060748049846046,0.2509248173067928,-1.2556910593439687,0.31067951068221805,-0.9531548440577045,0.9965106850633255
744,-1.3894651481979772,-0.5708707576338579,0.29911041584333437,-1.6426363791471057,0.4508559535751457,-1.42040957370509,0.7366002011697301
752,-2.16481608387671,-1.0965324286386555,0.02897879288264142,-2.8355962300167867,0.42749316517399405,-1.7255853872670817,-0.12490078608396105
760,-2.547381036375698,-1.2848944451282873,-0.7025669559534746,-3.637230308607279,0.13107843992681154,-2.8951825168692618,-1.1397198037640288
768,-2.3911427199840545,-1.0425061068071526,-1.2267684689176221,-2.8472777032719447,-0.042681932944035106,-3.000314811982123,-1.605514404859379
776,-2.2013204354988907,-1.2118859186587552,-1.4618560148395503,-2.1259530966400138,-0.22958380268652914,-1.9256288079959656,-1.6975052037280103
784,-3.00441460421211,-2.019360610118762,-1.841500552439013,-3.5715225474011554,-0.826793861413292,-2.560803368229131,-1.983698706461592
792,-4.705513981455251,-2.924666719591087,-2.167118691034644,-5.820186253929671,-1.1830756427667406,-5.050395170023087,-2.22170661348201
800,-5.3319274660788105,-2.9202862650759314,-1.6662800152533446,-5.78368189571961,-0.7888294383340531,-6.091497305204513,-2.001220829290175
808,-4.311267805570052,-1.756529781282672,-0.43243534789394183,-4.142449589483894,0.13691910659735862,-4.777343285880111,-0.9017118308647929
816,-3.8483934589122497,-1.2761334507692201,0.14287217991796056,-3.87523818049233,0.34864400795355394,-3.9392049646811955,0.09120454688665827
824,-4.604762180227984,-1.9565732534597762,-0.39885135642912717,-4.665190814688864,-0.07772603774601645,-4.31884939577657,-0.029989692623074268
832,-4.106843831821494,-2.115731948360741,-0.9522563202299081,-4.4520057970152696,-0.5055561901948716,-3.8880989027771404,-0.5746335489728193
840,-2.9372467219829583,-1.6017516756347312,-1.304157520173049,-3.6459913360626124,-0.7581658404365734,-2.8937223023610583,-0.9849416596867779
848,-2.9343264160971905,-1.37980567364075,-1.622474872643647,-3.6138675605176904,-1.0516602050558286,-3.2018184944323695,-1.4390549003052322
856,-3.457067619656264,-1.6397160794208891,-1.6633596303129965,-3.9088221827800944,-1.1392704945102883,-3.84283356934424,-1.661000968491741
864,-3.040918874113186,-1.4148497500520965,-1.423891516783941,-3.3554172127051385,-0.7844489005292485,-2.9477487015217454,-1.4361345282269395
872,-2.09180754548625,-0.524145339254426,-0.9624774406313416,-2.4574120098219705,-0.10984982317275863,-1.68470057187534,-0.8374643593000982
880,-1.6858800161825989,-0.09339477504313237,-0.7697348386531895,-2.666216386794319,0.21284802522253876,-2.0073985327351913,-0.5103860099607636
888,-2.3181342040237634,-0.7636133266726011,-1.4311924326275032,-3.651832079278072,-0.48073324108654675,-3.2397829714694995,-0.9703398924667824
896,-2.788309299632123,-1.5141413894742135,-1.9437124886493442,-3.8839992844925724,-1.4721894968738438,-3.7391614630154777,-1.3310022760921647
904,-2.7941499666163816,-1.740467827631395,-1.651678357831379,-3.1612144228840156,-1.532056561920807,-3.4529679439690457,-0.732332051482036
912,-2.883220373956781,-1.9288300290522786,-1.3946881961364008,-2.809313260899623,-1.313030895928623,-3.1039869656808956,-0.5512708198626035
920,-2.347337550865977,-1.6747601654003508,-1.4793780528099423,-2.4953763896094157,-1.2254206408252601,-2.411865892861535,-0.8958711800365309
928,-0.8988476938322971,-0.6102954110635924,-0.9084510991930466,-1.334540321186245,-0.559582469518851,-0.9940395653368482,-0.5308284000889495
936,0.0619448484558814,0.2439047199511819,-0.134560469939158,-0.26277459626376454,0.2201488784812234,0.3011322259782296,0.20363775799993553
944,0.24884694626456844,0.17673686642637115,-0.08637477336866133,-0.5489681195452638,0.13107843428005544,0.428167141726625,0.18465554896998493
