-240,0.4305427976680965,0.4651663406537126,-0.3567386709141713,0.46850085912797673,-0.04379343547118005,0.8002861385794883,-0.06418961786832188
-232,0.9102699401585435,0.7931725020305468,0.3801914755887807,1.2849038855101054,0.6064390532839564,1.045929542426259,0.4690010162333074
-224,1.3032993145394502,0.8986546402582181,0.7443216888245957,1.4655240097632392,0.8188483454764652,1.316137246005476,0.8316862753544675
-216,0.8727008958454606,0.6096624478172415,0.45966434320554317,0.5653132205136499,0.4561631282648216,1.1066178817552734,0.561478552527917
-208,0.09242191821790484,0.12560042746078506,-0.11543014415730858,-0.4938432465379055,-0.03656859675613352,0.2627606050362094,-0.22602525869241138
-200,0.1473304764785542,-0.07091426345495837,-0.5720378587631366,-0.5473067614321527,-0.24608797202698707,0.056131146531790854,-0.5150174823326942
-192,0.7339846659869625,0.005668719991659503,-0.41742701986685216,0.4193721534923099,-0.019229103608104686,0.6904691060324416,-0.18123146460558745
-184,0.3944187979631794,-0.1142630722278205,-0.09953556290397848,0.55953341228171,0.2249693037488331,0.5575326875102925,0.05429723374067974
-176,-0.6445082348043053,-0.35846150410958594,-0.09231077292814671,-0.17595178429753758,0.06891351570494668,-0.4842842966377832,-0.2780438391849972
-168,-1.1285701834489232,-0.4740584217226848,-0.296050289986082,-0.4085905657221492,-0.182509688147081,-1.065158631813784,-0.7563259881347993
-160,-0.9725143614117626,-0.9855746082866043,-0.6890796958767357,-0.547306806446077,-0.4902864048400751,-1.078163277208566,-1.023643794350135
-152,-1.2470569700205647,-1.7225047695354965,-1.048875046768584,-1.339145452846797,-0.919439849240753,-1.1908702280742525,-1.1666949632314918
-144,-1.3294197811016761,-1.7600737502082033,-0.8277959809937062,-1.229328465468895,-0.975793342679166,-0.8946532364994382,-0.728871708461203
-136,-0.4277640855453239,-0.877202516039595,-0.34517897001037806,0.001778374449946607,-0.6954708805140587,-0.06813548133374227,-0.03962528895443443
-128,0.15889014432039592,-0.1402723901809599,-0.03884719563528705,0.338454355043956,-0.488841459572984,0.16739318317447135,0.33317469289669627
-120,-0.3540710629477429,0.19206867513891615,0.4972333358302234,-0.46494404006844964,0.021229800815956674,-0.3499028616023658,0.6033824141710423
-112,-0.5130167457167633,0.5272996382883344,1.041983679838431,-0.5140727632440246,0.7971739179621906,-0.33689821248229324,0.7738877781308614
-104,-0.21101988025176807,0.35679422636540287,0.6489542668076375,0.004668357185064115,0.7624948680257567,-0.019006816676268568,0.36640878266487764
-96,-0.41042452844647825,-0.38736073479342936,-0.3061650356886766,-0.06179987512624452,-0.010559339959842687,-0.281989689611901,-0.3127229359980002
-88,-0.8641423138682369,-0.6344490879430221,-0.47667044683550625,-0.7048075385152917,-0.4512724576350779,-0.6461198981911035,-0.34162213687952153
-80,-0.7832245143333402,-0.3555715337921028,-0.2844906181085091,-0.8969873501680413,-0.4628321507778496,-0.5290780357765753,-0.23758496037230672
-72,-0.12143229688995401,-0.291993321934476,-0.28593558696910554,-0.12826805031643462,-0.23452831737888177,-0.20251685924804164,-0.18845625225311288
-64,0.6718513556242657,0.15883456115634798,0.0984240568254906,0.7141442600255591,0.14983135621803698,0.40003192781184166,0.27537624068701494
-56,0.8495815697854431,0.6327818193568443,0.4466596892736374,0.6982496528504177,0.33623132611123424,0.691914043538511,0.6322816162943266
-48,0.7426544274621385,0.7194794497858634,0.5001232595815776,0.2690962059662127,0.12815691519958464,0.6182210417404675,0.5600335894104762
-40,0.9362792062680604,0.4145926947180083,0.2674845388481533,0.3413443132542457,0.03423447321909354,0.5315234220216575,0.5224645978723389
-32,1.074995472292917,0.6082174755417956,0.3108333505702035,0.7459333683602892,0.41859410335429187,0.583541993356238,0.5990475089862369
-24,0.973848174367912,1.1963166773725205,0.5145728833054023,0.9612326065006737,0.8390777906259667,0.6153311367707851,0.49934519513342995
-16,0.9897427671075537,1.7063879076486979,0.771775921000741,1.2747890988293176,0.8723118883103896,0.8349651948799596,0.34328943394267775
-8,1.2411659829115542,1.5286577014037628,0.7977852436104932,1.1837565419502938,0.5602003038407136,1.1369620367514497,0.4328769895200355
0,1.0070823040277437,0.9232189868672345,0.6850782708587267,0.5349690411478661,0.3449010962787538,0.9303326392486596,0.588932797587357
8,0.7238699701101253,0.7324841193950332,0.7833356422384106,0.5075148016763613,0.6223336242927381,0.5199637009392085,0.8707002003629435
16,1.5648372980873448,1.189091828412926,0.9379464413982652,1.3932759419011953,0.921440564454175,1.047374522307506,1.2637296427303966
24,2.6947968703491654,1.8479940865594788,0.7804456979979594,2.0406184898307305,0.8564173100062478,2.251027084881058,0.9270537049772268
32,3.1976433398309516,2.4447630026783695,0.7168674162911395,2.2544727203054107,0.8217382791619269,2.977842461156587,0.7030847190210644
40,3.460626276562181,3.3565334198781507,1.0968921573844572,2.5954835351484893,1.2234374396980574,3.1367882283655217,1.061435089566005
48,3.2597766162003743,4.07467912998385,2.235521524959507,2.514565745858141,2.1250931250098613,2.8391262308324277,1.8070350028216258
56,1.6992186573751928,3.564607847398387,3.45651363950963,0.738708544391183,2.909707025517351,1.5299914646834043,3.041031745226624
64,-0.7066415627069101,1.7829708522902081,3.4521787810461735,-1.9778182253313181,2.612045044903285,-0.9351121482188597,3.591561923388584
72,-3.23387847510644,-0.7630505578186457,2.2456362250272957,-4.054227356619845,1.4329567764742441,-3.664643612075358,2.9268798397806215
80,-5.633958822540126,-3.001295351817342,1.0520984205739718,-5.828639579136877,0.39980963529207,-6.063279013931513,2.1162566827872813
88,-7.9343368652790085,-4.431806816026948,0.3787465037789959,-7.636285916567803,-0.2533127911842594,-8.165697365073866,1.8128148383723615
96,-8.906795734808275,-5.194746279086055,-0.11254023639365841,-8.12179286030527,-0.9295545705737402,-9.182949997801094,1.1047839147922323
104,-8.770969281241724,-5.883992688658718,-0.6977495029867179,-7.56981771592146,-1.760407199104054,-9.214739205632117,0.013838305878333622
112,-8.3447058038989,-6.053053150813167,-0.6544006886259203,-6.887796059692612,-2.0826335485236576,-8.89829261570524,-0.08441905913731225
120,-7.444495106229364,-4.972222230325522,-0.08508596618850826,-5.97891550989917,-1.6520350983199215,-8.116568772128232,0.2349173275706096
128,-5.722101474604688,-3.085103081157191,0.4553294636321086,-4.541179239260365,-1.0090274321369064,-6.801654141867915,0.22480260639284289
136,-3.8855559105256527,-1.6574815784175054,1.002969695690972,-3.279728224942794,-0.3197810255134337,-5.057586156613885,0.4574413539794011
144,-1.852495662981454,0.1198206636218877,2.031782012402964,-1.6599268611902607,0.9922436667152513,-3.0462003021250266,1.379326538457416
152,0.33662037741846595,2.34361573564223,3.017245459030024,0.5494186540062614,2.4863334408817956,-1.4509632570418305,2.19139463497469
160,1.6573147937142014,3.285730320411043,3.1357322954274234,1.8021999309078243,2.9776202201699964,-0.7039183524186511,2.3850194235594997
168,1.9809860564254886,3.389767554194597,2.7831618043606006,1.6172449138875191,2.8909225228409725,-0.17795251946872417,2.2000643871366403
176,2.8681921897253075,4.339106978144117,3.0100207061518742,2.031948735030034,3.2622775190677005,0.48383968974797975,2.49194655719046
184,4.947491187799293,6.178542425306751,4.180439133011999,3.9595268309976053,4.259300646264678,1.8883418240524736,3.5756673308041624
192,7.214635121833105,7.835912807450555,5.252600249649288,5.810521982013227,4.989006022349573,3.827479670128714,4.604479656208498
200,8.694275282054713,8.61908175710302,5.454894843636654,6.574906375903924,4.976001330233442,5.2493213528397105,4.75042073114608
208,9.421090716693124,9.113258453933758,5.480904158951046,7.012729562222003,4.903753294812467,6.020930564025034,4.905031552192016
216,10.058318524042338,9.723031976952765,6.050218800363395,7.936059714474072,5.345911416272895,6.776645215998329,5.470011355630004
224,11.212842481563063,10.055373039168233,6.200494751770002,9.240859612380751,5.727381117379245,7.938393941143144,5.69253534726942
232,12.403490453379426,10.118951406711949,5.700538265023334,10.376599016778458,5.389260261367337,8.756241865139692,5.023518385795447
240,12.836978723957712,10.332805606918647,5.560376953924648,10.924239337623407,5.173961031919297,9.04234416766737,4.871797415392044
248,13.032048466036292,10.734504782666379,5.995310252812953,11.112084147544245,5.475957933084991,9.722920881267875,5.191133891972595
256,13.141865470022779,10.319800962765628,5.806020337437542,11.005157022295187,5.082928519743756,10.430951762007167,4.978724593571269
264,13.030603499814442,9.247639878258967,5.07775995706638,10.720499691266854,4.60175643633239,10.521984406740955,4.853012970768107
272,12.624569463895831,8.556948385893913,5.132668511291299,10.473411386856476,4.802606053077256,10.312464907293757,5.003288912706268
280,12.091378878688637,8.262176375907773,5.183242146516794,9.925771168612231,4.8271704204858095,10.074046422410994,4.95560519098758
288,11.637660967383107,8.3806631357815,4.963608044169797,9.541411551981211,4.52950841689912,10.05815185062611,4.876132347274763
296,11.312544679000547,8.726008874280614,5.2814994666737345,9.805839417991825,4.5829719865861795,10.118840198337029,5.1607896869954395
304,10.99031842535195,8.552613438644372,5.593611098485641,9.93877589146201,4.825725408473935,10.121730087008567,5.259047060082548
312,10.978758731277855,7.967404360799357,5.433220364899637,9.88386727965031,4.799716114579962,10.432396757876118,5.088541624566111
320,10.948414607015323,7.791119028885775,5.376866919889999,9.830403740852118,4.715908341467952,11.04939511200437,5.037967969472401
328,10.47302238895701,7.702976385203118,4.9534933427050225,9.724921539915393,4.340218510526495,11.150542417535178,4.828448654427075
336,10.107447220209556,7.447218240776027,4.5272297879072045,9.996574229739894,3.7925782457161215,10.978592066864413,4.433974232954475
344,10.866051800125163,7.663962425580485,4.644271649700852,11.067290368203365,3.8662712827492016,11.894697278732053,4.562575809156093
352,12.334132266117457,8.175478670662505,5.139893300801469,12.557045242152155,4.509278938532447,13.556402674249306,5.089986603981696
360,13.271911967897985,8.312749992817256,5.342187822611334,13.890744332558455,4.860404518791115,14.689252082097276,5.509025264185115
368,13.842671697380219,8.184148441140467,5.293059166490986,14.803959739573587,4.831505326601939,15.618362148286394,5.630402040942454
376,14.683639075338418,8.291075603797648,5.511248349803143,15.746074433462363,5.022240130899426,16.528687520412348,5.857260908119574
384,15.520271561926426,8.81848633358589,5.988085416891875,16.60871607735037,5.272218408266034,17.405778963423263,6.336988023601666
392,16.252866727497004,9.347342084233574,6.5010466558249815,17.264728397154844,5.402264910176968,18.433146243132892,6.822494908510591
400,17.262894464543283,9.803949896628273,6.810268301797364,18.258861672312307,5.710041603897339,19.72349660066912,7.1866251194181
408,17.93335649996208,10.163745213061187,6.600748964710736,19.3917111745343,5.825638510334566,20.32315547313565,6.909192586747501
416,17.791750287523687,10.043813304115945,6.148476115553282,19.86854836967989,5.48607265891937,19.982144553518783,6.283524430010661
424,17.71661229668639,10.09005214141395,6.108017267319016,19.846873923228717,5.523641634469803,20.067397360063087,6.274854629575157
432,17.74840136528469,10.461407058323038,6.719235762458244,19.726942183628964,6.342934548902587,20.148314997858296,6.886073172677501
440,17.245555003991544,10.090052125736689,6.979328723749717,19.199531369866467,6.759083348684585,19.722051427383217,7.1808453155323315
448,16.356903776257802,9.496173097047572,7.041462079436779,18.494390386180616,6.578463191214278,19.437394302487615,7.205409616196101
456,16.050572187992007,9.65367384168964,7.44027131870508,18.020443121616083,6.454196569402343,19.41138491421962,7.332566203979348
464,16.235527120106735,10.0698226920735,7.4388263656769675,17.929410624341703,6.374723702406463,19.172966456500433,7.114377090516384
472,15.849722576679858,9.769270799970492,6.847837267258465,17.506036895040708,5.874767226990884,18.542963263572744,6.462699598286495
480,14.59983123874125,9.143602526818329,6.506826478181979,16.409311509094177,5.669582683485573,17.605183479991048,6.310978694317437
488,13.659161555312147,9.145047637084735,6.768364416871169,15.004809521783429,5.853092764086351,16.691968106037862,6.766141434009069
496,12.93379116078051,9.192731250925226,7.107930292035093,13.776592535301086,6.130525262298014,15.837996216329673,7.0233445587830685
504,12.03791522999438,8.567063171332938,6.8420574611996114,12.938514935342262,6.025043145490763,14.812073763453952,6.647654588143223
512,11.033667256476553,7.389419832338507,5.933176920874618,12.334521306857757,5.552540897129055,13.73124287540738,5.504690390820497
520,10.315521706092674,6.708843194175127,5.216476218434623,11.687178663312435,5.026575042603489,12.85848644840865,4.70851680306861
528,9.684073653269133,6.606250909383955,4.975167725515814,10.486416012072604,4.70145878728288,12.102771736209831,4.642048627257538
536,8.749183812841347,6.448750175607317,4.87113055257867,8.996661125395738,4.535288262539184,11.362951680391022,4.634823833245975
544,7.633673772723299,5.818747100336715,4.927484046172303,7.871036415012221,4.632100620975669,10.507534721549836,4.588585067970248
552,6.958877028783978,5.2754417874324995,4.826336702457271,7.255483158267082,4.640770369257108,9.316886766186842,4.22878977854569
560,6.690114252466281,4.945990750948208,4.310485612415972,6.931811837348133,4.26074563530393,8.58140164395818,3.6536952412018606
568,6.369332871441613,4.63243409067106,3.736836102916502,6.583576083362391,3.7680139262706795,8.036651203558089,3.0468115882279414
576,5.734995002279253,4.46192870886089,3.391490386148247,6.060500262639462,3.522370501469151,7.31850562337189,2.603208529261442
584,4.810219829167743,4.216285292286046,3.4825229402333027,5.4261622840467,3.4876914322853843,6.166871608694635,2.5425201818609655
592,4.11952847091314,3.8405953837343727,3.835093466690384,4.499942283790846,3.606178294449375,5.310009769623719,2.861856564843599
600,2.985234029477652,3.184583101493237,3.772960166727456,3.091105157222886,3.2695023750122156,4.502276551438116,3.0540364045912463
608,1.1313489810981512,2.037283962198462,3.011465619753999,1.1664171110456567,2.457434200108624,3.009631596810115,2.674011685384008
616,-0.5057920412673874,0.7050298384796737,1.9667587914826494,-0.3883611311276371,1.541328851336565,1.3623759886190197,1.4978133326348584
624,-0.924830697590293,-0.06368947798051887,1.3786595860818547,-1.1195113503445797,0.9893537344267737,0.6312257052960407,0.580263051013343
632,-0.7644399441360757,-0.39603045016813754,1.5722844052450877,-1.2365532653788345,1.314469980434156,0.6673497275079202,0.9906320181937939
640,-1.3149701721237925,-0.7139219257574627,1.693661112774116,-1.6469222505648557,1.5861226583066845,0.19340255452343835,1.3663218640364125
648,-2.4160305216180116,-1.1112862155677228,1.0535433765512725,-2.6569500011153138,1.139629667983032,-1.0535989378949095,0.8143467260166436
656,-2.8263995019921997,-1.0679374286809418,0.5593666590762164,-3.3346366809131816,0.7061414033031231,-1.6258035150105847,0.496455261603189
664,-2.8697482803418572,-1.041928084029888,0.8743681576735794,-3.4979173882315173,0.8376328273533051,-1.446628328729182,0.8634754150437239
672,-3.184749826591893,-1.4306226222990792,0.9769604216652139,-3.590394851727746,0.9445599763510893,-1.838212819155066,0.9010444081340657
680,-3.9997078181447407,-2.033171380332743,0.3339527382527308,-4.424137355270198,0.4373786058754488,-3.047645224574714,0.31872507258772087
688,-4.725078317915829,-2.4652147829437108,-0.31483477946872324,-5.545427233577727,-0.20129418709816838,-3.7730156974926685,-0.4499942187267621
696,-4.632600842622848,-2.2369108888535547,-0.19201310742527045,-5.315678428213755,-0.19551434859824476,-3.1675769862157694,-0.32861748729378765
704,-3.9794783861889766,-1.6256923712073608,0.35418218495443626,-4.360559127269646,0.25242359242521456,-2.3988576969191517,0.00227859721351902
712,-3.9447993084680864,-1.4768613635156396,0.6503992078837771,-4.360559118887743,0.5298560906368763,-3.012966160202781,0.17567392574766524
720,-4.528563593782914,-2.1372086117879894,0.4437697644357401,-4.960217993372143,0.26976313974517285,-4.059118011661876,0.07308168814350406
728,-4.988061218480698,-2.7108581332394333,0.03340081293255289,-5.4818488859022265,-0.21863374217914852,-4.142925765216111,-0.20724080071951725
736,-5.034299973356656,-2.67328916855443,0.0117264215846375,-5.717377601477961,-0.21574385071364324,-3.9464110170240296,-0.0006113082218245844
744,-5.321847221927524,-2.5808116875182936,0.318058181213788,-5.705817919666281,0.06457862914659268,-4.345220267778645,0.5715932392467483
752,-6.294306047374191,-3.112557324198768,0.18801165012141222,-5.931231815964936,0.17006082620280694,-5.293114732646455,0.2753762555881762
760,-6.888185071406693,-3.863937087130182,-0.7252037542549751,-6.441303096377314,-0.18106472720272646,-5.988141008348276,-0.6306143848894115
768,-6.341989740997981,-3.665977415401869,-1.217935474929758,-6.561234776527642,-0.4729468952386808,-5.926007757900664,-0.9513957064646555
776,-5.6859774384229675,-3.1790255462655277,-1.0257556729006745,-6.23178370294567,-0.38046936903339934,-5.413046513379622,-0.9412809959970985
784,-6.093456502496381,-3.499806870789959,-0.9477277570702616,-6.03671397297428,-0.35301512040388894,-5.410156615705301,-1.230273206133204
792,-6.414237793803643,-3.966529332961026,-0.7685525886392077,-5.73327213958001,-0.296661627586358,-5.704928699886808,-1.158025149757472
800,-5.966299894068818,-3.6471929574289756,-0.6486208139596362,-5.29111403472817,-0.16661511186080472,-5.5662123939703,-0.8964872039281405
808,-6.054442528903913,-3.9564145928463663,-1.287293617022582,-5.8011852893739535,-0.7185902554685106,-5.697703919379422,-1.1898143119536917
816,-7.032681194402707,-4.862405208333464,-2.008329186463155,-6.882016276295943,-1.4829746755914615,-6.180320886745811,-1.738899502628603
824,-7.583211372875106,-4.9202036839814305,-1.856608274267413,-7.07419606187166,-1.3789374790608118,-6.451973537920424,-1.7764684753850677
832,-7.356352467668983,-4.431806787155948,-1.4924780886608342,-6.659492243988772,-0.7879483612397543,-6.463533250465752,-1.6420871058526714
840,-7.0023369517069876,-4.297425399462761,-1.5054827463180303,-6.6493775260706345,-0.5740941569973261,-6.2467890999650075,-1.734564622434286
848,-6.808712227538657,-4.340774320459994,-1.476583515944628,-6.762084432853719,-0.7070305775373408,-5.9361224148171745,-1.6825460188138563
856,-6.743688886167288,-4.417357232660435,-1.6644284643220875,-6.6378177925705515,-1.1058398466079662,-5.975136338739106,-1.7865832274516997
864,-6.59341298163725,-4.619651713802549,-1.9346361710057136,-6.236118509875943,-1.2272165584831665,-5.918782905060559,-2.1767227206116497
872,-6.381003723127576,-4.504054887459062,-1.9071819306028859,-5.847424058840633,-1.1968723870336246,-5.689034118012596,-2.3573428850668745
880,-6.242287471382998,-4.112470420471463,-2.0169989884508626,-5.718822483725557,-1.257560738935493,-5.339353547747938,-2.264865350790131
888,-6.000978967443537,-3.9939835583074714,-2.206288870298662,-5.665358965261241,-1.582677007294618,-5.074925596055646,-2.131928912865428
896,-6.055887431795827,-4.189053357196731,-2.103696650855291,-5.934121736611883,-1.5422181034914384,-5.29744967415284,-2.0380064809742646
904,-6.233617717358402,-4.0445572720745036,-1.8652780700463036,-6.02804424269841,-1.1679731599198508,-5.628345721407244,-2.059680877599674
912,-5.817468888084522,-3.5821696626237363,-1.535826925994255,-5.5338674958866925,-0.7893933710785438,-5.060476066395401,-1.8588312996599157
920,-5.330517022207808,-3.2324890822697516,-1.2034858735576746,-5.11627376387612,-0.6044383390018575,-4.356780005314458,-1.545274727703192
928,-5.503912284928492,-3.5055867662557794,-1.3161928158862373,-5.382146634758474,-0.7619390957511195,-4.765703962811339,-1.7981429404626867
936,-6.050107640793356,-3.978089037590109,-1.6326392828785359,-5.6928132204100095,-0.9396692875605552,-5.454950386974722,-2.3717924802301407
944,-6.213388226108432,-4.105245597278459,-1.6037400700450422,-5.496298537565729,-0.7474894690781069,-5.330683719993639,-2.019221955790925
