-240,-0.13890235130017003,1.0257310829523538,1.3459075558097608,-1.0777806475598615,0.5134238794392678,-0.3378572687906528,0.4175756202547515
-232,-0.7437698352875349,-0.03399665425123372,0.460381679110269,-1.416506500144977,0.27792881217273696,-1.4540392462304113,-0.4679502716924402
-224,-1.222824817520028,-0.8501644414884565,-0.22997370756136265,-1.8907225080540866,0.24889515734849113,-2.3944065091275153,-1.0066855496432041
-216,-1.505096365239518,-1.1356618308757096,-0.3380433408900001,-2.3278400832670525,0.12792169333357303,-2.865396645046731,-1.0099114642573492
-208,-1.961569586678779,-1.0082363764920366,-0.10738719648586618,-2.4794600998086445,0.09404913834521088,-2.5637694167936225,-0.5485992393854587
-200,-2.5374033666334124,-1.0533999443414066,-0.058997845187223424,-2.7391499511910884,-0.5011404458573337,-2.2056878424367894,-0.053414459178667356
-192,-2.7825763291797605,-1.3985775613520885,-0.8122594184533745,-3.0004526481218963,-1.3818273348917047,-2.304079605956197,-0.11793360914468552
-184,-2.451915462216451,-1.4840654669819338,-1.433256613780379,-2.731085063812983,-1.6995844685460884,-2.358921008094586,-0.6969933934669694
-176,-1.7470432884178129,-0.7372559125007052,-0.9654925579475054,-1.7874918149147774,-1.152784283117979,-1.5588829243998839,-0.6776376287244622
-168,-1.1566926019536146,-0.225941208352823,-0.37352887484409947,-1.1503648521088745,-0.7059888186896213,-0.7088426228925881,-0.3953661730109792
-160,-1.2857310266395585,-0.4194987909751736,-0.45417784011134715,-1.1390739241498316,-0.8253493666355641,-0.9024002053416694,-0.37762339572440545
-152,-1.2696012226008344,-0.49692187628213974,-0.18158434153482805,-1.1584297015409988,-0.2946790304694703,-1.3137100126214447,-0.3389118683186224
-144,-0.8050630335597743,-0.19045567561160884,0.5716771865080315,-0.5519493188115906,0.4456787434721463,-0.7298113102883049,0.4240275726775258
-136,-0.3969791334435635,-0.1517442003598899,0.8894342929591333,0.12227630315345178,0.48439025459061363,-0.20236687937981326,1.1030920391872332
-128,-0.21471240877945208,-0.44369357561089473,0.5103840400433179,0.45616313237996753,0.2714768769036252,-0.02332616792008819,0.8175946290076631
-120,-0.4502075318387027,-0.8840370803391676,-0.055771889681519624,0.035175451132500576,0.08759715993203933,-0.21688377635956663,-0.10825571282525187
-112,-1.1905652066702703,-1.4501929093945323,-0.30900968918460203,-0.834220756851603,-0.0817656740946078,-1.0104698313929956,-0.30987821782610925
-104,-1.62929577956206,-1.6727841700592168,-0.026738230525541116,-1.2132710199903076,0.06662850129902911,-1.4282316053036286,0.26272963157360163
-96,-0.9518442235767092,-0.745320749457439,0.4410258934021739,-0.4713002956723909,0.5440704719911537,-0.734650262433216,0.7546884153831299
-88,0.3337007894019107,0.4111857629432768,0.5700643125435003,0.5464900353780161,0.6585920397225563,0.5154090384704482,0.7095249856294054
-80,1.4789164195866833,1.2757429480885887,0.47167253221696726,1.1352275711665853,0.4698734135768493,1.55578109132849,0.25627768920044763
-72,2.41121873238219,1.991906055564158,0.695876712589283,1.732030069012335,0.6456882403980216,2.242910455785731,0.2707944964266952
-64,2.498319612299501,1.998357877688406,0.9313718122571764,2.2191500732531915,0.834406857187185,1.728369936307022,0.33853961783919434
-56,1.7434449935321952,0.9983104755352242,0.5426436427494173,1.7320301527014152,0.553748432940042,0.8105843640290772,0.06594606468284092
-48,0.8611451946665439,0.13697914020133373,-0.1412598315246522,0.8013407682770055,-0.18338336071835834,0.7347742970199835,0.08691478569280472
-40,1.0482508019945702,0.4257026138333918,-0.4574038798259388,0.9158623869495868,-0.4882365730666089,1.5122305973964427,0.48209485425638793
-32,2.217661141096373,1.374134733266662,-0.339656324880548,2.0755947947315545,-0.17047954354708406,2.5445377476286795,0.44015737827567386
-24,2.9370501099924073,1.3983294465154252,-0.6590263361381185,2.640137790887215,0.1569553303110792,2.6864800348824596,-0.6502169364053683
-16,2.777365142136333,0.8966926835637296,-0.4106274366258829,2.378834937667485,0.5214888179318208,2.209037880871398,-1.2857310585144495
-8,2.524127264662058,1.4547837609108638,1.162027881462427,2.465935980284684,1.6505746210330499,1.7219180278946542,-0.45182046730717756
0,2.0063607262610756,2.2709514693105475,2.5524164816441286,2.294960049988973,2.6425572583095343,0.957365604813922,0.4078978194067111
8,0.6901692444448607,1.5805961316741328,2.6846808332463383,0.8803768907681988,2.4296439223804507,-0.166881327232436,0.38370305608311583
16,-0.42117389832658264,0.12246237577260731,1.663664606294873,-0.44065370173435103,1.1247431926549225,-0.4830254694456915,0.07562393414553026
24,0.15465996289135936,-0.25981385638680793,0.5216749092640627,0.10775945988718637,-0.2720972724485481,0.8557478838828466,0.06594607923746314
32,0.7530754660397819,-0.5065997310169377,-0.4606298252820221,0.9110233987646582,-1.6560340179313695,1.5235215386972234,-0.2647148031468149
40,-0.5792459119944322,-1.5792313186595073,-1.3606725587627861,-0.027730856923809753,-2.5431728931760316,0.3299164404302887,-0.6534429454512907
48,-2.1454492014214703,-1.5050342914336807,-1.5622950386395915,-1.145525819393731,-2.228641770473533,-0.7265853890899256,-0.41310899032276555
56,-2.597083650569371,-0.8711331983651697,-1.1735668395027807,-1.7020038852004964,-1.283435648303872,-1.294354282186262,-0.07760909133739047
64,-3.7648809871408098,-3.0228482543395865,-1.5381003002667784,-2.9359334920914524,-1.1334285403806754,-2.6250626784824305,-0.300200328783987
72,-5.658519378621699,-7.219821674672616,-2.9236499957793605,-4.808603057041366,-2.0721827191375652,-4.234816451965164,-1.105077241948924
80,-7.0376170945082235,-10.065118148196522,-4.254358352570126,-6.510296783701573,-3.191590768000201,-5.159053902853153,-2.301908328122923
88,-7.639258569103128,-11.55551154682936,-5.180208761631537,-7.69906300744825,-4.2303497640945835,-5.739726677576949,-3.9745683961469607
96,-7.884431495609458,-12.913640488858777,-5.925405448559198,-8.581362790026583,-5.140070343646681,-6.754290939976789,-5.639163532435947
104,-8.598981522236933,-14.378226113494,-6.4012344369934695,-9.339463244223957,-5.643320087470076,-8.275330837769348,-6.60049954060072
112,-9.671613033814271,-15.29762465901979,-6.639955526127854,-9.797549529011112,-6.0594688754842,-9.507647516809014,-6.768249460810893
120,-9.228043560238557,-14.333062756686656,-5.967342891098935,-8.774920364678545,-6.056242937998505,-8.60599180020405,-5.903692295764821
128,-6.408554949252891,-10.794184968881778,-4.107577149211454,-6.015111974905342,-5.075551178086423,-5.525200303597292,-3.9181141034101863
136,-2.968068996527647,-6.32300494365354,-1.949410197993137,-3.121426167236457,-3.7141962048326054,-2.6153847279297,-2.035766661547004
144,-0.6098924782093817,-2.292168416222807,0.09423522933091401,-0.6713097239836169,-2.2479975951672233,-0.5249628192863446,-0.45020747205412487
152,0.8708229515041781,0.5708707611214818,1.8894817567961912,1.1190978761142607,-0.2946790483162096,1.3719013915105667,0.8385634168995831
160,2.204757272290843,2.4806388483477737,2.9234018232706735,2.332058609171716,1.411853647815841,2.7655159591535554,1.5934379453935754
168,3.2999706160483715,3.8323159296138867,3.4492332511289927,3.449853659315911,2.4473866539239255,4.03815700906814,1.9418415832324945
176,3.9741960680362136,4.5823516126968675,3.4895577528222415,4.41925447324894,2.866761410785489,5.094658852623169,2.0482982842048405
184,4.23388597988965,4.556543884962157,2.8992071169526827,4.738624546190387,2.4699683928852223,5.336605677557762,2.019264615519049
192,4.338729598107939,4.221044120607042,2.210464809049914,4.327314687622894,1.8909086607170023,5.2607957401541166,1.9160339175281988
200,4.327438729060463,3.909739018906047,2.0507797185191636,3.657927982455821,1.5844424846507148,5.3156370423161095,1.9063559849954794
208,4.5839025460996625,4.206527273182312,2.64435629135461,3.4805001936493043,1.7344495636379362,4.893036391112909,2.1499160214232322
216,5.645243299175352,5.322709302256326,3.775055206145872,4.185372439354711,2.3989972849518124,4.7978705153509,2.867692026947768
224,6.9227232310607745,6.819554587123059,5.4122296208332505,5.311232282965041,3.518405291363465,5.668879597126266,4.085491742472263
232,7.522751748175335,7.703467596095715,6.833264958073447,5.554792393032255,4.34586397537125,6.304393732057276,5.203286734224699
240,6.998533248168306,7.708306511507531,7.292964124795523,4.945085843928385,4.710397345861935,5.447901393051972,5.462976531547117
248,6.259788554728243,7.485715190718394,7.018757569628612,4.440223243640659,4.918471777988245,4.599474080560036,4.988760460741246
256,6.095264513785275,7.132472601254371,6.397760371875837,4.427319432880349,4.9975078290924815,4.818839289901085,4.450025186429138
264,6.233980932514547,6.295336216201669,5.733212677245437,4.614425130828229,4.736204993026412,4.796257520444388,3.741927064921915
272,6.54689902063186,5.901769120019588,5.529977270903496,5.264455998306411,4.752334858402475,4.449466803352715,3.6064367441257246
280,6.924336254556725,5.922737768949517,5.588044489585596,6.156433862602348,5.042671196122713,4.375269820830372,3.7435400530709257
288,6.708196905076715,5.253351191135392,5.171895668303764,6.296763128092869,4.5652291590684415,4.304298699555224,3.396749392638319
296,6.1355890645137405,3.9694192849952645,4.212172694550911,5.798352296042634,3.115160301980797,4.344623223426945,2.7934949486074916
304,5.909771914012422,2.5548359613419103,2.8137192302091925,5.175742024025999,1.594120386514766,4.484952461194376,1.8579665959241254
312,5.900093944919877,1.6773749087772243,1.6539866498509868,4.872501861337366,0.6763347929246952,4.663993104039451,0.833724464754673
320,6.443668233407312,1.9806151712689826,1.5152704515202846,5.501563885650715,0.40696724846772525,5.202728408153884,0.6143592042991749
328,7.566302160324266,3.009696288544132,1.8991596054665634,6.850015084010973,0.5327796166319542,6.031800047216241,0.7853350614752356
336,8.327628654929308,3.6548881288517876,2.141106618398366,7.5968248322072975,0.7085944671910231,6.652797333336369,0.4869338297926578
344,8.235688802248037,3.6984385974865153,2.0281980221821185,7.396815238943683,0.9311856381022015,6.99474898843038,0.10949647024753713
352,7.7163093462186545,3.0484078033012545,1.98948653670751,6.948406783074196,0.9440895431210197,6.704412700438435,0.18208060202343865
360,6.937240117990906,2.1032015717986545,2.250789226187737,6.546774948698894,1.0811927832783015,5.8543722554641455,0.9063085381388133
368,6.143654028130346,1.1918679692704166,2.539512594125512,6.59839032619712,1.1779715570892761,5.291442380701602,1.709572498155142
376,5.821058006787235,0.649906721605865,2.5862890865340535,6.980666371398946,1.139260055847159,5.194663539488862,2.1805626309555106
384,5.866221428743839,0.524094304059881,2.634678400233255,6.882274727088824,1.2215220354270848,5.128531232782787,2.0241035004354657
392,5.792024532163076,0.15472194798330707,2.297565676491834,6.401606723439611,1.3005580033620492,4.805935366342447,1.1934188657735139
400,5.172640083447655,-0.795323111776642,1.4394603706496456,6.022556414211268,0.8618275217831884,3.9526691715331315,-0.15825816524449923
408,4.401635748315899,-1.7679499720084961,0.5394176499908113,5.762866639067322,0.031142852294104625,3.1187584132942394,-0.8324836867133388
416,4.230659917650047,-1.8760196160798304,-0.007382447763023592,5.61931159203349,-0.40436164484307574,3.2494099210807814,-0.6502169710592313
424,4.871012853981661,-0.8324216035576214,0.23617746702966902,6.074171796387767,-0.23983764895012968,3.912344512857885,-0.2969744211006145
432,5.975904037399557,0.8708849681311415,1.2636456140025472,7.183901982718486,0.5747171203357596,4.7591589418554765,0.6498447354809643
440,7.1485404642115515,2.1870765383147073,2.2072387480231965,8.169432609700241,1.166680705195463,5.938247367006611,1.612793663006829
448,7.787280388482992,2.764523363597225,2.666938041578412,8.55332180349846,1.2457166649867688,7.068946005953123,2.2547596824390417
456,8.422794546458825,3.2129316931533785,3.2218031086667396,9.258194014376734,1.5973463357827753,7.706073118810253,2.656391632038441
464,8.903462512855132,3.795217509046596,3.8040888093358602,10.205013041872673,2.3893194229397032,7.678652480204649,2.722523816936185
472,8.756681283679331,3.7710227152276024,3.5847235980888486,9.930806700520098,2.8183720697097367,6.993135987979245,2.1950794128844375
480,7.945352469379338,2.8564631568471217,2.8959811714965986,8.83881914090492,2.6393312454516873,6.273747047499379,1.6353753898392738
488,7.343711058201004,1.958033339435331,2.3233733193245794,8.043620091658054,2.4038362424680724,5.981797730120328,1.483755293767067
496,7.2162855232471,1.5402716074558722,2.3120825086688637,7.508110872134969,2.174793125891622,5.954377002454294,1.617632652404642
504,6.772716044819846,1.180577118589489,2.310469490024453,7.204870816700043,1.7731611028260335,5.814047866049415,1.7450580950060022
512,6.5452857737917585,1.0128272127606688,2.2136907188125177,7.412945026521822,1.2779763212330875,5.694687377534847,1.6902167564574528
520,7.021114919208036,1.5838220800757956,2.339503205839498,8.132334082225784,1.221522027976505,5.346283600387398,1.5192408890585032
528,7.345323898378023,2.6290330951283694,2.524995865216996,8.488802658210716,1.4134665879692507,4.870454600690627,1.3337482303740837
536,7.290482529680613,3.4581045856989236,2.4459598120335286,8.382345702879013,1.6037982024372375,4.822065243847365,1.1772892024294739
544,7.2162857484972145,3.7936044576542853,2.762103817537294,8.548482886700493,2.128016652196167,5.3495096626270024,1.2821328126773746
552,6.45334605833979,3.0580856187039176,2.5782241255164893,8.148463914334137,2.3135093339254063,5.093045726725053,1.1837410763612481
560,5.087152265492087,2.0854587565661014,1.6330179548314196,7.07260622044156,1.869939929830688,3.8558902597997857,1.061154559048056
568,4.470993890278774,2.2032063525763212,1.5184964543285113,6.756462172313544,1.7150939340454956,3.086498812320836,1.3756856822703631
576,4.677455324033185,2.8984006439170704,1.9798086407346143,6.858080048667193,1.8699399353753057,3.1929556557205614,1.5450485582281843
584,4.533900025758846,2.7016170527686056,1.7168929152830457,6.183854500688147,1.905425499998074,3.2381188893334203,0.9450200558415133
592,4.262919574589442,2.5274152886022514,1.6426958892701031,5.467691550367846,1.9602666815646228,3.07843404969664,0.5191933964587386
600,4.472606901472603,3.125830875959561,2.1378806570015034,5.55963138710834,2.1586633237588617,3.1494051950562225,0.6853302997571942
608,4.650034714536824,3.604885795295292,2.5266087844048184,5.7951262992988335,2.345769002473846,3.14617922360974,0.8950176850321149
616,3.980647950458184,3.1935759183612507,2.0959431863921383,5.077350396003195,1.7796130524764981,2.757451085636995,0.6821043309097536
624,3.1322208088097927,2.4516052642174078,1.2152562024061817,4.06601187546799,0.7311761519190235,1.8719251484665116,0.190145499277893
632,2.9402760779735013,2.162881743282826,0.5894200583996518,3.44340173652219,0.08275827570869991,1.6686896719504976,-0.0937388860195716
640,2.8870476241321814,2.0741679337815326,0.5345787628218932,3.0933850765734743,0.03920783964860426,2.297751788616395,0.1014315748990435
648,2.614454073574868,1.8531897576035994,0.6700690323303661,2.530455194187079,0.30212353512458184,2.4735664967480835,0.4643520641478849
656,2.482189709323997,1.7418941436452073,0.8087852836814786,2.090111587403179,0.7005295749613765,1.897732810185612,0.5514529877290637
664,2.182175515829344,1.9935189971037224,0.863626618418103,1.6304124414734205,0.9715101236814039,1.225120204785749,0.3191838938149761
672,1.3950414511646698,1.8564156540244652,0.4652206380126834,0.6352038176760259,0.8263419595861906,0.628317700529034,-0.15664513048604292
680,0.39821987837712935,1.0741204443006163,-0.02673824785247315,-0.6277593029979528,0.44245277011970324,-0.37495587943438347,-0.3711714835001123
688,-0.5744068702692854,0.49022175981421595,-0.06544979293172613,-1.703616884092205,0.24566921327856248,-1.0895059019033935,-0.484080067760776
696,-1.3163775661710337,0.3063420509862878,0.1652063701854943,-2.610111534995343,0.03759488199499313,-1.5040415912226834,-0.5292435434308698
704,-2.161579044272522,-0.05173941195837512,0.09907421855545868,-3.2585292975409943,-0.20757808661578162,-2.2621421124752827,-0.5292434940491143
712,-3.216467919257973,-0.5824097742881357,-0.3622380506733766,-3.9037212579242873,-0.4108135783794947,-3.5283312103136275,-0.9453923038951716
720,-3.8052055361365826,-0.8582293598817693,-0.6719302077159576,-4.765052569866818,-0.32855155288320054,-4.5154749929958236,-1.3873487607324375
728,-3.93263090076675,-1.0179143608322831,-0.7299974066453566,-5.589285317081993,-0.14789783161579975,-5.184861605637081,-1.3196036452110957
736,-4.4503974901089105,-1.301798817516706,-0.9461367867940329,-6.419969954862792,-0.5140442534987953,-5.518748421348589,-1.1566926719477544
744,-5.205271952414024,-1.6808490813484873,-1.6252012585018214,-7.313560630226497,-1.5689330945234603,-5.562298847532333,-1.7728509861702675
752,-5.2730171147180815,-1.3598660365453448,-2.0558668378014158,-7.536151827647881,-2.199608123792945,-5.099373675402992,-2.472884185298984
760,-5.463348746686266,-0.8243567761307005,-1.6235882504268386,-7.234524602513619,-1.678615682386861,-5.463907030992515,-2.07770416507754
768,-6.516624519684765,-0.7937101160037812,-0.8041945520408571,-7.873264662628203,-0.8414791857487188,-6.813971140743473,-1.471223707322517
776,-7.455378834284799,-1.1759864356642018,-0.8074204968038633,-9.162035536680747,-0.5366259685489271,-7.684980367198719,-1.5954231677346975
784,-8.03282563686904,-1.7034308151117057,-1.5058407737991784,-9.839486937243521,-0.9124502893503958,-7.702723019558118,-1.7857547624499823
792,-8.318323079623244,-2.5631489883341914,-2.2752321621932903,-10.055626300585077,-1.6302263265832164,-7.754338388219608,-1.8922114634223293
800,-8.644144906594097,-3.359961003378327,-2.801063551412552,-10.447580502703385,-2.352841284772471,-8.426951033644682,-2.222872301103124
808,-9.55547855070697,-3.9632154649093567,-3.2575368380010756,-11.147613595271476,-2.760925185581759,-9.573779663934053,-2.8390305562408003
816,-10.723275933541316,-4.335813850304363,-3.4527074163962865,-12.102497740247168,-2.89964142445748,-10.34478394275328,-3.2664702647633863
824,-10.937802281877115,-3.8567588263139645,-2.628474728265954,-12.296055389231668,-2.227028851632248,-10.206067786873561,-2.8470955002779705
832,-10.58294666718445,-3.3180235823239865,-1.9074727464433971,-11.928295935015989,-1.364084617383045,-9.704430976965881,-2.4099779848429193
840,-10.523266331440967,-3.7051387499944584,-2.3639459988978673,-12.236375133885147,-1.7899113419150843,-9.510873405086228,-2.8035450442919037
848,-10.521653422822572,-4.180967832860506,-2.946231729369311,-12.655749841018418,-2.404456612369135,-9.601200374099884,-3.5568066279542148
856,-10.336160737281405,-3.7406242456560372,-2.572020366567992,-12.576713857835752,-2.070569782103003,-9.464097028941392,-3.339054342132722
864,-10.350677650375205,-3.4648047052856956,-1.5622950195799687,-12.68962236014003,-1.4076350731958425,-9.357640379083495,-2.111576716947053
872,-10.68940334597832,-3.4889994322227347,-0.931619910086789,-13.060607702113112,-1.3705365419094582,-9.675397460930354,-1.1373368547046443
880,-10.482941964724512,-3.014783368174366,-0.40578850683271384,-12.928343408556122,-1.5511902409983866,-9.95605577861687,-0.4937579474463552
888,-9.563543521774154,-2.022800784264833,0.11359102041035753,-12.186372637282222,-1.3495678042656403,-9.204407287238428,0.03368642091191284
896,-8.876414062018789,-1.7905316633207315,-0.37514188187946573,-11.7702240039976,-1.801202170937347,-8.157583315398584,-0.10502980635476442
904,-8.994161483026998,-2.9276824938016723,-1.9558621103907,-11.586344152915565,-3.0673913209297576,-7.993059392971832,-1.0389451303441
912,-9.479668570332533,-4.611633379758738,-3.723688010686145,-11.460531732943808,-4.148087784514659,-8.915683820883679,-2.416429899492982
920,-9.579673259104194,-5.066493702975765,-4.635021569723787,-11.291168824238085,-4.323902603192174,-9.735077633107604,-3.6777800737758555
928,-9.186106243145806,-3.782561761661966,-4.259197275605792,-11.076642422362069,-3.6529029736391982,-9.623782042887107,-4.060056312866043
936,-9.128038903001915,-2.5099206781331342,-2.6768641182036537,-11.0266402823474,-2.3383244467042843,-9.139888048905059,-3.239049548359858
944,-9.534509935044749,-2.724447023523354,-1.5074536988781584,-11.552471734290155,-1.251176037454114,-8.944717508802366,-2.0954469149875616
