-240,0.6579229843303082,0.7421388045214521,0.7633446667999938,1.4927868841119833,0.9439324574815265,1.758468387378225,0.46382824936564226
-232,0.3980495473542255,0.8843669070922993,0.7686123928923915,1.1170238714734084,0.9246175144350164,1.3528549889394577,0.45153700259986623
-224,-0.346452928013091,0.34003725573202875,0.17160565395202007,0.2074666213690361,0.2556187776883133,0.4415418278741513,0.29174991208105977
-216,0.5894428618259534,0.8738314169944204,0.41918781926418336,0.700875054801857,0.35394928844495094,1.2580363142513595,0.8237881893555055
-208,1.6693224871373344,1.7833887549967815,0.8686987582118972,1.7509044770880466,0.8122397997392069,2.278215437503613,1.0344964661132163
-200,0.8721430677314811,1.0406421311743768,-0.12865361968869723,1.4927869188184852,0.13446155873860927,1.3352959866562049,-0.006753467008863188
-192,-0.14628015606579797,-0.2850639250387006,-1.1909743573991785,0.8114969092761297,-0.775095650246104,0.3203846077927131,-0.9338697948454074
-184,0.4156085469967667,0.1890296351378594,-0.3920389136703943,1.1486301110819808,-0.15701816764233037,0.9946509638715973,-0.2982332235693696
-176,1.4252522618245949,1.5533654967136135,1.0565803137616037,1.6227236407017287,1.1634201734184402,1.905964198122354,0.9045597578107787
-168,1.1583551114031496,1.590239455246937,1.3708867572008578,1.1117561519827899,1.5110888240138882,1.054351660777554,1.0432759828161822
-160,0.32078976781191837,0.8369574644970101,0.7492974140076467,0.3918362803024464,0.7244446542124898,-0.0027014002595697104,0.6622452210732885
-152,0.3980494986896738,0.8123748291214931,0.2962747127427098,0.21800201753301301,0.09407585222335724,0.0271489772412422,0.29701761629327245
-144,1.1443078604970258,1.335633647222772,0.591266239165331,0.6095681628021895,0.39257921735523055,0.6662973217745952,0.2917498743566013
-136,1.1741582955276377,1.3567045249966239,1.29713891067895,0.5955209522612366,1.0299716181073704,0.7382892652577064,0.6798042590061548
-128,-0.14276832056312513,0.28033646602390344,1.0565803213064957,-0.4211463085153551,0.3679965742461986,-0.1519530948030216,0.6464421105114952
-120,-1.6633795424062536,-1.3508964769375356,-0.46929853627895324,-1.810064945990236,-1.1894886048098967,-1.3565019211263005,-0.6336104861209433
-112,-2.3464254700771914,-2.2148003032995054,-1.7107213152882654,-2.2227019352698743,-2.193864581473498,-2.1045162167178844,-1.9610724732889173
-104,-1.4561831137889083,-1.393038174200952,-1.1751712368404035,-1.37811295952949,-1.3422520692154636,-1.4407851821085498,-1.5185851802597836
-96,-0.05672912013797671,-0.11474147702348737,0.17687337155641575,-0.10332808804633915,-0.028837374827761886,-0.431141515190785,-0.4509967147593027
-88,0.7825920036989384,0.4260763324209524,0.38758161813455966,0.6850719759286088,0.06949321250952674,0.285266550789209,-0.13844613833198752
-80,1.0793395289804826,0.41729685080173257,-0.21644869184134183,0.9818194367013282,-0.46078919190568807,0.9999187490027739,-0.5194768838533641
-72,0.4033172098809113,-0.0216785912576995,-0.9802660864887591,0.37954495771050806,-0.8541112915189262,0.4468095518917048,-1.0532710602055388
-64,-1.0172075796817968,-0.8680234381597141,-1.3367142183261813,-0.8372951468784716,-0.8646467012637084,-1.0369277059480537,-1.0023499380982142
-56,-0.9100975339258311,-0.8469526362120234,-0.12163000168621621,-0.8460746724466852,0.09231987411288699,-0.9526444185586848,0.5920091576170546
-48,0.2207033547709722,-0.0778674871788632,1.0794069961134165,-0.041871562607390514,0.9878299989335831,0.19747150013950565,1.9387859844665216
-40,-0.09711488059920498,-0.5466933437090769,0.5052270672221495,-0.32983945914432633,0.45403579070424205,0.06577874450221628,1.0731262856225654
-32,-0.6870980009712286,-1.064684445714939,-0.021543589022514756,-0.8601218524308261,0.14499698376179665,-0.6839913920714306,0.4655842035210819
-24,-0.739775047808914,-0.8908501946400873,0.16458205273692297,-1.009373572438288,0.30653995770268233,-0.8894319302876715,0.43046615387384723
-16,-1.0821759504317767,-1.0594167554607756,-0.6782509224469375,-1.211302340981037,-0.26763995572155613,-1.2932893975829196,-0.5089414788241394
-8,-0.7187042784928809,-0.8873383395206963,-1.1786830438611098,-0.7284291479101783,-0.15175050115457622,-0.9719593406681192,-1.0339562339162294
0,-0.05848498733853891,-0.578299627266643,-0.4657868541262051,-0.09981628159149958,0.8877435774046354,-0.49786579614720994,-0.35442210855044093
8,-0.27270511185937174,-1.1278968766447743,-0.40959790180697525,-0.3052567960413312,0.9597355906779953,-0.6839914101791709,-0.38427242286278446
16,-0.1533037338917303,-1.0242987105290988,-0.5904558625547421,-0.11035171019851098,0.5945078795150053,-0.43114154952004274,-0.5106974233598419
24,1.114457488466261,0.5086038176844502,-0.03559078164434947,1.1855040030316346,1.3723725907091038,1.001674572065719,0.18990755903134676
32,2.5771239849121215,1.662231425325792,0.3173454954509257,2.5076983188076754,1.5479627716071183,2.295774451292827,0.6429302642573519
40,3.2496345215118843,1.7710974454197825,0.36299897955246335,2.9554533337795164,0.9650032234023583,2.8436158779852585,0.8834889056895585
48,2.5420059277199947,1.2829566188700712,0.22428275926261734,2.219730314190166,0.5172482223885664,2.1307196158193924,1.2100867007685843
56,0.48935643199762374,0.11352579918814261,-0.3235587492918898,0.47260780839254923,-0.027081430292059616,0.16586515471382784,0.9589927052351723
64,-2.237559516189626,-1.9584386333562034,-1.5210839760976735,-1.7679232223197,-0.9998511684788238,-2.3152243663441703,-0.33159534094135157
72,-5.189230962992875,-4.543126533295825,-2.7695303599059065,-4.428114935762983,-2.394037407366767,-4.908691762804174,-2.024284929116896
80,-6.801149071554243,-6.256886942092667,-3.3489779918776508,-6.273567958919019,-2.912028485606221,-6.406476263439298,-2.5405201795778463
88,-6.615023345103397,-6.183139109717431,-2.918782026721882,-6.173481519659574,-2.144699328264336,-6.102705240873541,-2.057647112129436
96,-5.7388282450026615,-5.419321632642072,-2.544774872041376,-5.256900709271141,-1.4300471472153995,-5.287966667343488,-1.769679151838165
104,-4.894239433552297,-4.878503737185865,-2.416594000759933,-4.280619134072725,-1.073599074039511,-5.040384442426679,-1.8961041368681937
112,-3.412258008961089,-3.819694843088814,-1.951279959927051,-2.626559351071236,-0.6293558132741334,-4.0518116572438325,-1.5062938446529068
120,-1.8091193901296954,-2.746838611885252,-1.5333753032165465,-1.1533574946768799,-0.3150493441822468,-2.3679015137175385,-0.69155525263787
128,-1.3771675245758388,-2.501012376019008,-1.8108078679097082,-0.816224311356013,-0.7680721050518278,-1.753335803239348,-0.7459882523106393
136,-0.9171211662636062,-1.8565963246327295,-1.5562019348289629,-0.21746170314023425,-0.7470012419905148,-1.3565019556441815,-0.6090278656465863
144,0.7562534858444533,-0.0971824262643044,-0.20766923191368653,1.4682043019279534,0.15026463025558764,0.22907763543994872,0.6534656889032944
152,1.8027711793881893,1.1653111805339522,0.4121642191808206,2.2934782246550314,0.4522798574858771,1.370413975567061,1.185504015596781
160,1.7957475274336951,1.16882298604568,0.35597534080152954,2.1565178943890437,0.5716811999925272,1.0561075423134108,0.7939379176718
168,2.3242740371094937,1.5709245785954753,0.8915255688268694,3.176696953321096,1.4390967732046909,1.31598108755869,1.0713703748502539
176,3.6236416173422343,3.0265673380181872,2.148751358994026,4.850071701437901,2.464543638770862,2.8155214984002583,2.358446628341366
184,4.715812715766146,4.454115710311007,3.504307802893518,5.575259214896479,3.4618960162942103,3.860283189878492,3.8509633557285152
192,4.633285296709071,4.615658819682701,3.8625117809944296,5.203008010221722,3.9833989400333176,3.454669784083455,3.996703258152423
200,3.6921217481459703,3.7658020797482132,3.088158997916549,4.2636004065715705,3.4513606120194753,2.4520496757521495,2.82200477103963
208,2.7755409022965467,2.9457958695327293,2.243570101208905,3.4260350278965923,2.6822755080670437,1.6443347415388967,1.9229829497308908
216,2.538494121831023,2.944039999880078,2.127680595713906,3.3786258050462754,2.785873781508805,1.3475873369756208,2.2443129834451483
224,2.761493723632762,3.2162047847234865,2.192648956278282,3.6420110182976306,2.7788501182369734,1.48805945087315,2.4216591266093612
232,2.6912576377304753,3.1055829591084247,1.8695629184236777,3.5858221576488356,2.245055904914829,1.2492568105633326,2.0107780216949127
240,1.9853849967736694,2.2785530148877484,0.7914390695855359,2.6920680009416262,1.2652625600429213,0.4380300366977173,1.0362523766969052
248,1.1179692696457129,1.2144764639226813,-0.26736991938852867,1.4330862641639222,0.3100517451066706,-0.36968495297048903,-0.23853258060938914
256,1.2268352529583564,1.1179017945253513,-0.028567153644886857,1.5349285691149506,0.37502016188049075,-0.13263820023244194,-0.42290225331222653
264,2.901965830551266,2.8035677539469432,1.4639495995835186,3.4049642400955737,1.8008126122722834,1.661893796070525,0.9993784232563843
272,4.118805993990401,4.192486337853094,2.701860529697974,4.685016912554173,2.7928973221761457,2.720702785421834,2.449753554670289
280,3.556917410702993,4.048502340354206,2.9248601264069114,4.08801018493114,2.8631333405516517,2.1026252217104737,2.7693277609832903
288,2.858068314563219,3.6200622931383952,3.063576363861386,3.5717749840778534,2.9702434170530507,1.4195792570695673,2.681532625453555
296,3.1864220309774045,3.8623767902652033,3.7448663407720866,3.843939785897267,3.2072901950664847,1.442406052594756,2.9115557630184568
304,3.6201298086239277,4.111714865972433,4.05741695982804,3.754388821834541,3.38814809149405,1.3985084664392144,2.971256434837648
312,3.1460362416569647,3.8149674459421297,3.5236227438651824,3.512074316031106,3.015896874558844,0.6101084030301336,2.3303522395138727
320,2.041573883452341,2.8527330843026237,2.4261839138788277,3.071342876244486,1.967623346634826,-0.4346533159869554,1.2908581637839955
328,1.2918036242742041,1.8536247671477526,1.6834373424934204,2.332108104523514,1.1528848051705631,-0.986006551963561,0.7237017776349147
336,1.7026847267365612,2.1012069715047295,1.7571852555989993,2.4883834446083024,1.3495457885821343,-0.6734559517698372,0.9028037947900917
344,2.6087302365925193,2.7824969653914358,1.683437353810759,3.4558854517984883,1.6638523095451523,0.062266983316727316,0.7324812994306835
352,2.4296281713386585,2.455899196342286,0.7370061131072715,3.32770456354104,0.8824758586685056,-0.07293753746711978,-0.2420443380224319
360,1.827353791751787,1.9133254621674862,0.2980306069162594,2.9642327952161502,0.397846889313031,-0.7594951542698308,-0.5370359274448998
368,2.968690155645308,2.7824970431038216,1.8010827825271398,4.003726870757406,1.6129311244379805,-0.07996108020930583,0.9308982696293501
376,4.261034114480367,4.062549622760254,3.6693625804599104,5.03092961389836,3.0527707993287763,1.3036897725116428,2.7781072420366435
384,3.0108318340464946,3.8184792446634552,3.7659372153393598,3.8878373843132588,2.645401538970871,0.8383756760351846,2.802689854022997
392,0.8352690871293499,2.6016391002751713,2.53504985361972,2.2724074230845854,1.5233800939802065,-0.9087468550378184,1.552487601693847
400,0.4805769260461281,2.0871597411584366,1.9310195217636341,2.093305443653868,1.21434136663637,-1.5356038815061677,0.9344100317579507
408,0.9213083086801942,2.2416791265219187,2.0837829893757793,2.296990053555924,1.3267191015147652,-1.5882809845532968,1.1661891172537546
416,0.9195524250694926,2.387419042715252,2.301514838489376,1.8650381574452555,1.1353257555431142,-1.6866115300164373,1.540196233832557
424,0.6526553036958821,2.06960077075235,1.9959879560793274,1.4401098623610624,0.6823029622304989,-1.6848555737861526,1.3698737339462135
432,0.35415199665967534,1.319830562879477,1.2655326291962288,1.670133019165437,0.10461122028261241,-1.7076823461107995,0.5112376510298937
440,0.4981358764582506,1.0265949023370622,0.7492974198549379,2.1020848935845415,-0.0744907668816197,-1.7972333482752294,-0.3579338878436701
448,0.4823327887197551,1.116145952222932,0.6404315265151285,1.910691574774501,-0.250080937028163,-1.7954774252424692,-0.5668862491135123
456,0.1557350387214569,1.0283508380075153,0.11892856505156252,1.443621576202356,-0.9594654021703046,-1.7410444589558458,-0.35968979767286996
464,0.18734127776416146,1.0827837975037364,-0.35165314641876366,1.6683771745995515,-1.6284641143961096,-1.518044888842652,-0.11913119264476586
472,0.6333403480116794,1.1372167834070785,-0.481589900745041,2.1547620303950614,-1.9620855727469673,-1.017612796476312,-0.2508238203961404
480,0.6333404417569588,1.0529334665926313,-0.5061725512103422,2.0318488586102745,-1.916432115618419,-1.0053215112315879,-0.18234370770014466
488,0.5455452922691737,1.6833022663182966,0.38406984261377675,2.189880003273023,-1.2017799183479658,-0.9702034217850491,0.8501267470092946
496,1.3093626831441454,3.068709036601959,1.8976573661013265,3.1872324217274106,0.04666643829865728,-0.17653570188519532,2.3338640259747496
504,1.8624718240457714,3.6288418126706947,2.340144748348804,3.359310795227474,0.49090968963292014,0.10616453853821203,2.6850444728394334
512,0.6192931859466558,2.303135726278051,1.2058319394579187,2.151250217715686,-0.37650592375579384,-1.1440377392549475,1.4629365585983782
520,-0.78718435195544,0.9458234195163097,0.16458206763808428,1.4927869156119067,-1.3615669771782266,-2.029012353229313,0.3093089249271608
528,-0.6080824204347847,0.7333592383994447,-0.24103131307018755,1.868549954846226,-1.7847394361845361,-1.8060128568674367,-0.3877842155481963
536,-0.4640983821934828,0.7280915513518604,-0.7186366425429953,1.738613196370258,-2.0446128899480027,-1.834107315862423,-0.8179802006979298
544,-0.6941216259527344,0.726335640579549,-0.9627070972204439,1.3171967682886612,-2.121872621768871,-2.132610620446539,-0.7266733137910647
552,-0.05497320993153262,1.3373896151476388,-0.2796611884117354,1.9194710903457333,-1.5933460870063068,-1.3301633629066454,0.07401804146452096
560,1.4480789790715298,2.1591517506593507,0.4859121685018793,3.201279593600792,-0.852355388668751,0.17815652389547249,0.5972768929519457
568,1.8203301875187334,1.932640401064305,-0.02329944905542918,3.238153574391546,-1.308889942035122,0.24839259489659785,-0.1331784584520512
576,1.017882938278221,1.0511775001767436,-0.943392177751721,2.268895680572703,-2.32906896701516,-0.7085739736895948,-0.6248309690407328
584,1.4603703425945072,1.3725076059447172,-0.7818491823078942,2.519989630836765,-2.1376757217678146,-0.19409473585699405,0.014317349839988383
592,2.645604210970116,2.5033085848029777,0.0609838409746516,3.685908620863312,-1.275527798067398,0.9841155439412117,0.5726942458818464
600,3.153059797602712,3.1635276596075492,0.42621146235342977,3.949293939365907,-0.9910716200873128,1.4143116162344447,1.0116697367944525
608,3.2882642978267285,3.3759919471073876,0.6351637721293852,3.657814199592785,-0.9717567430586056,1.412555663776607,1.4401098745489653
616,3.072288412488308,3.1898662425367252,0.5772190171184186,3.7017117020000274,-0.8119696729110067,1.0227453857079918,1.0555672816417114
624,2.916013135969232,3.0388586664574166,0.48766802306474727,4.107325070825094,-0.48537187311642416,0.9630447314306722,0.6359066879403976
632,3.0547292877891854,2.9299927240758117,0.7352502545833356,4.253064970985534,-0.11312061506155739,0.9928950915782337,1.1398505984561589
640,2.8738714379513275,2.5314029823070956,0.7018880815677773,3.5629954785036024,-0.15701817141477661,0.7400451884790892,1.4067476851232676
648,2.420848674818278,2.0748684760962974,0.4279673474731094,3.160893839552723,-0.31856116648135907,0.3976442445479443,0.6569775302532583
656,2.515667398925417,2.023947274201743,0.35421946247225256,3.8667664988058927,-0.25534869971328733,0.494218919603943,0.07752981434459244
664,2.722863861306153,1.5042003157467891,-0.2550785683146239,4.200387909812553,-0.8260168444071446,0.39237658730268243,-0.5177209838325233
672,2.4629903300189224,0.5507454613791355,-1.4473360860040148,3.6701055202984985,-1.8672668152536833,0.3607702924277787,-1.2323731322498033
680,2.3330535404202757,-0.02343448939231723,-2.304216270031228,3.36633438078692,-2.5801630634614994,0.1518180299960185,-1.653789618238444
688,2.329541742264817,-0.24116644677511082,-2.3270430189667106,3.6736173107204437,-2.7241470075802767,-0.10805546300088562,-1.6889076978766235
696,2.4419195482538165,0.05031332072548919,-2.1321378439055443,4.15473441703439,-2.559092261702431,0.13250307902737288,-1.664325061369372
704,2.7878322324333764,0.5331864019433268,-2.4833182830367138,4.3039861734459555,-2.766288615436726,0.7593601030436321,-1.7960176491328204
712,3.275972955806694,0.8422251672002452,-2.6079873225879293,4.384757646458349,-2.876910528572532,0.9999186878891507,-1.546679588515373
720,4.159191723328952,1.7078849469631643,-1.373588211566006,5.076583012931243,-1.3756141711204166,1.6144844219451289,-0.533524103070942
728,4.937056362280713,2.599883208176468,0.11366091139012427,5.622668606375125,0.1871386036900723,2.1061370132641524,0.3672536478723386
736,4.190798033670883,2.1012070403518672,-0.14972438692988518,4.665701943100543,-0.04815227317078782,1.0754224619707555,-0.16829647942869658
744,3.091603231044103,1.328610101839874,-0.5535819155273787,3.754388800331599,-0.49239548772370356,-0.22921272986065228,-0.6020042742398488
752,3.3620122614830814,1.6973494787454722,0.17862931703522963,3.9492939255964794,0.16957961140380043,-0.08522879121192177,0.24785233592249975
760,3.613106173079574,1.5498537213814525,0.1768733602390782,4.253064936279031,0.23279211514184192,0.36954990985504943,0.3584741796453021
768,3.3216264465100123,0.6385405429628944,-0.7783373649129618,4.177561183511745,-0.553852039569773,0.027148929519801947,-0.3772488467344523
776,2.9212808652682107,0.11352581559828215,-1.540398886512526,3.764924220639229,-1.5231100137417137,-0.7243771178261561,-1.2622234908883851
784,1.9186607060088838,-0.8487085390621987,-2.8028924968946067,2.855366865660861,-2.771556383780519,-2.04130375372226,-2.4562368337155673
792,1.031930115998894,-1.9566826827845876,-4.014464956876016,2.158273816667315,-3.8637274544769507,-2.812144759204511,-3.3043375804498
800,1.332189390582722,-1.6581794029099914,-3.9863704648721288,2.5656430760821087,-3.579271332140442,-2.539979920037881,-2.830244011785237
808,2.0644005414718767,-0.5326461437309731,-2.8924434454903047,3.1398230883444294,-2.58367485595829,-1.3652813740749326,-1.746852416106243
816,2.7351551439101636,0.619225618212748,-1.7792016084957962,3.815845341803443,-1.8268810398912936,-0.15897668583251498,-0.760035480204843
824,3.307579238232526,1.0845396441444684,-1.4631391997723866,4.530497483430318,-1.6021255584399212,0.056999284763183014,-0.5598625979135076
832,3.304067384244871,0.49982428042165467,-1.69491823999884,4.275891709358166,-1.788251129465999,-0.6119994153907956,-1.4132310175486524
840,2.9757137398843985,-0.08313520912157153,-1.6439971127987134,3.8211130820425137,-1.7759598527092786,-1.135258180677833,-1.7854822920136577
848,3.393618457519903,0.6648790630808475,-0.45525139137855875,4.305742001224459,-0.8505995375010844,-0.48381853411237113,-0.5510831245936694
856,4.041546262735401,1.8343098523945869,0.7738800325957803,4.77983556573933,0.2608865230201863,0.25892800973418123,0.6675129190609657
864,3.2759729937197752,1.2337913196370687,0.11190499137532073,3.861498803081682,-0.3642145898465171,-0.5891727173833329,-0.20517037496217444
872,1.8642277467012864,-0.376370834014374,-1.5439107088116384,2.6780208079425476,-1.854975481910274,-1.7989892188709928,-1.7363170114542632
880,1.950266926755226,-0.3465205142319842,-1.5298635018545093,2.9765241804306912,-1.9181879411334535,-1.3881082039293786,-1.4571285757880945
888,2.22945535129268,0.02924250349939299,-1.271745881716836,3.245177165986907,-2.0007153235978024,-1.1405259905185303,-1.1656488897723256
896,1.3585279099461858,-1.2016448529388213,-2.416593995667131,2.3373757923255876,-3.059524328038894,-2.362633803469413,-2.5686146398931897
904,0.671970172425208,-2.202509019752382,-3.3542457507903296,1.5946292371616966,-3.677601788196616,-3.084309548763476,-3.4079357865534017
912,0.7527417925629893,-2.0005802732784423,-3.666796277798602,1.7070069535551076,-3.5107911545583783,-2.4240903347556517,-2.9777398132868735
920,0.9318437278560905,-1.4281562046087124,-3.680843506824541,2.0669668827934995,-2.9892881979989916,-1.8060128579991703,-2.5124257241666847
928,1.5885510876876345,-0.6678506020808405,-2.9468763985733677,2.8097134954871907,-1.9410147200598806,-1.5092653830797789,-1.6414983171494468
936,2.1012745822445207,-0.10245017008719892,-2.230468375222012,3.273271625736382,-1.2702600570738378,-1.124722829594585,-1.1270189644458695
944,2.299691424368651,0.3698875570294342,-1.717745001572016,3.608648905829829,-1.0297014661924053,-0.5329838012795838,-0.5809333851486587
