-240,-0.12515848904713234,-0.27379204854032047,0.18497596098556782,-0.238077327406784,0.7515785412753331,-0.004142683238734937,0.5223514893205996
-232,-0.19533256094110493,-0.20198594747760212,-0.07124114636652054,-0.021027139854107507,0.2570958673077469,-0.23588039999768712,0.026236800559505547
-224,-0.49724444601330786,-0.1318118929390994,-0.1903739533408194,-0.5742602500575696,-0.01544084873269585,-0.4284512588408732,-0.33442549252402176
-216,-0.29977776665763034,-0.03879032393251597,-0.14631116744889403,-0.7374558452027961,0.057997187884414825,-0.0628930497021159,-0.030881636309947398
-208,0.06904428466412821,0.062390958784122826,0.13112138400520124,-0.3017235508466739,0.1706021930365001,0.23575486679017818,0.21391176175477825
-200,0.30078203630932865,0.2696493557742817,0.20129548237064843,0.39185776397653305,-0.059503658115863896,0.5115554714701835,0.05398009083659404
-192,0.35790052717357757,0.4067336707026171,-0.2001656886813868,0.6709222003210725,-0.5327708627371232,0.464228685092333,-0.3752243571691383
-184,0.16206577951552115,0.23537830592415454,-0.5428764838034214,0.047515007880478424,-0.9309681668877603,0.09540664271127046,-0.5416838923191052
-176,-0.26061080899173844,-0.10896444613982117,-0.5983629596988539,-0.574260211314551,-0.7220777673756376,-0.12490742699458039,-0.3605367564372887
-168,-0.31446540876211626,-0.2509446190965123,-0.30624282609553366,-0.559572584461842,-0.1639488333288361,0.06113556866866986,0.008285328192948223
-160,0.0413010341819056,0.24353801963420987,0.29105309910094546,-0.011235395572843507,0.5818550934686377,0.5017637450703131,0.6382203696135486
-152,0.4313385697511525,0.7396526694769772,0.7398409774670235,0.3771701385262865,0.9229339163969543,0.6796469200857626,0.9874589421900152
-144,0.2371357374870941,-0.04205423203124196,0.4460889032253853,0.11605712686458867,0.48393773866050394,0.22759512713457156,0.7018666375816138
-136,-0.55599484946663,-1.1207772371928078,-0.26381195401983587,-0.7080806095540796,-0.16721273844732945,-0.661820910628295,-0.08963207061743833
-128,-0.7632532850245006,-0.784594220927668,-0.44985494915716256,-0.7276640998696857,-0.13457359347273337,-0.8707113678166767,-0.5596353902805982
-120,-0.4189105478616859,0.10482178966249281,-0.014122729131539087,-0.3523142034246907,0.14122698701479858,-0.503521178244735,-0.6542888252443859
-112,-0.1675893278143525,0.35777498751339337,0.31879634800539836,-0.14342385159628424,0.005774601680391064,-0.2946308562186508,-0.4584541187836572
-104,0.15064211493164165,0.30392043051811385,0.18497593486470873,0.12095305869751924,-0.434853513188222,0.07908711063241526,-0.1630700672643756
-96,0.20612860239738787,0.23701022219469106,-0.11693594249395223,-0.0912012236690089,-0.7171819268780598,0.13457362579679066,-0.16959786873597368
-88,-0.09415127577015718,0.08034243483214337,-0.11204006605827971,-0.4534955212028858,-0.6290562762057079,-0.12980325294161285,-0.3540089055288971
-80,-0.01744936523933751,0.09992596073522786,0.06584316452973552,0.24334978989885883,-0.2651301156948596,0.021968611002777305,-0.18265354934051575
-72,0.4917208675615391,0.4410047931301649,0.3465396105838575,1.0348484689968207,0.28157516901983926,0.4266937171509369,0.2318632723384317
-64,0.5521032772182884,0.6401033552725927,0.6207082113394373,0.6921376721217081,0.8054330681176747,0.42669373696071533,0.9140208961062847
-56,0.40359523003727066,0.5438179868581069,0.8540778974871828,0.3200517000790636,1.0779697441879443,0.5066595615507251,1.3252738535134503
-48,0.19960078812832194,-0.002887323100911989,0.5113671742413379,0.26619715447878955,0.8005372164003989,0.34835982460916326,0.6463801124246951
-40,-0.524987732433625,-0.8204972666380632,-0.4857580050354093,-0.5334613336966586,-0.09377472567207677,-0.5247365925444197,-0.22834830269284898
-32,-1.0259982048925766,-1.143624619829439,-1.0047199796632407,-1.3119043919700306,-0.6013130222173299,-1.2183179059651639,-0.6053301550279373
-24,-0.5151959849968213,-0.6132388601812842,-0.5853073134546365,-0.45186350763653216,-0.24065076419535808,-0.7483146178574044,-0.40949542630312125
-16,0.4378664003238422,0.10155784457382562,0.005460782922231043,1.0299526192079296,0.24567217958324086,0.13294167165977425,-0.2560915708811574
-8,0.6173815415725458,0.019960039550632323,-0.036970072849843265,0.9091877837661158,0.17549805685001252,0.2226992228249621,-0.31321000792591824
0,-0.07783170950628504,-0.3700774109943422,-0.24259652534491336,-0.5285654723374551,-0.17863639952505322,-0.2032413134005809,-0.2316121911571036
8,-0.45154972211268135,-0.21504162703029714,-0.08103293412411372,-1.13402113017723,0.010670486004913502,-0.3615409961720397,0.15189740164247575
16,-0.47766095096439215,-0.3733413203202222,-0.3372500183355755,-0.6721775975027774,-0.2112755543168854,-0.3876523025097885,-0.17938961143946758
24,0.13921836497287426,-0.25094461541504864,-0.5657238317291118,0.07362627547520825,-0.5474584801232114,0.2422827122640292,-0.32626566205898555
32,1.4692625477572911,0.9828141297083094,0.18497594801279196,1.2013079184212836,0.3533812644727088,1.6212855444032688,0.6871790010869774
40,1.7581188135826742,1.524623544298416,0.5619577866738742,1.5766578188983562,1.2542209459578293,2.037434334594469,1.1735019392557269
48,-0.5494670252050207,-0.7013644731624634,-0.6636412009124845,-0.18422273973264292,0.433347084154101,-0.5018892209521784,-0.1598061949284368
56,-4.772969345256216,-4.546252931694909,-2.44900112243799,-4.117236770399557,-1.3079500283388528,-5.133380523694855,-1.788498315943312
64,-9.386508981917238,-7.819956752610696,-3.937345029366502,-9.049007972697325,-3.0019203791723523,-9.691433758966255,-3.084271379105107
72,-12.49864916813589,-9.675490821763134,-4.810441512435808,-12.580560911901934,-4.1296020236962,-12.669753546945385,-4.120563506756432
80,-13.347266411201447,-10.11611892383428,-4.681516995014648,-13.36716370912968,-3.7526201785487294,-13.697885803986193,-4.309870420861567
88,-13.280356129599376,-9.851742057893345,-4.0107830454726,-13.530359244144336,-2.8974751783644446,-13.82517842389475,-4.167890238438257
96,-12.846255925945027,-9.280557508631803,-3.8492194202420924,-13.669075490244369,-3.0394553593852933,-12.970033484016342,-4.032437885009865
104,-10.471759803100952,-7.596378869822932,-3.3123058771790417,-10.966556306068712,-2.9317462790538276,-10.07331148405555,-3.058160091349983
112,-6.413085084924331,-4.7355598300223445,-1.5106264239252964,-5.969506924616266,-1.3079500137883076,-6.228423064616738,-1.3005434700941065
120,-3.9227202144952917,-2.8082197427277644,-0.37315304528803844,-3.622754131668834,0.07594871266799808,-4.219485132854718,-0.7244629730466261
128,-3.818275047697094,-2.3985988118597272,-0.46454253639031345,-4.131924401634959,-0.21780339120065473,-3.935524823755969,-1.3250227956480567
136,-2.830941623921308,-1.5042868904735707,-0.12672765890127935,-3.000978893189949,-0.4397493731449634,-2.6299599109529375,-0.7636299077471994
144,-0.9378725998002481,-0.2852157048847341,0.4689362837583232,-0.9088111991121757,-0.1378375024479976,-0.9049823903187906,0.12905003758846903
152,-0.3063056191437921,0.008536424578854123,0.24699027762154102,-0.41106462966802415,-0.31245681196451186,-0.5377923129438277,-0.04720120713182177
160,0.4231788011697627,0.733124863096761,0.3840745634487852,0.26619712309869714,-0.3793670327347871,0.11335822639826716,-0.10268770038272475
168,2.36194254989268,2.285115062887044,1.0450167769490322,2.3110380791835654,0.343589521769215,2.2365329510823093,0.47828868957935955
176,3.6120209061587025,3.2088021855615936,1.3191853903267716,3.67861728741033,0.8625515035846653,3.396853783180539,0.8373189932890068
184,3.6267085032090898,3.4095327724900724,1.343664720438724,3.8352849864177574,1.0273790875778477,3.2744570197225693,0.6904428998943907
192,4.178309627720134,3.77998681721779,1.5443953226189815,4.3395594616416355,1.1791510132305765,3.9435590410731485,0.5859977676318244
200,5.345158217112402,4.365858975100031,1.3942553463699592,5.41828241245779,1.1595675094162716,5.348673220747467,0.35589194295093474
208,6.38308227470827,4.925619966364824,1.3828316640799942,6.177141938867612,1.1807829731527488,6.313159208593056,0.3134610877047835
216,6.768223919817221,5.637152830690011,2.04540581734202,6.487213685083715,1.8090860427302482,6.6330225882959075,0.9580837389732381
224,6.405929699068155,5.6959032455383385,2.358741374010415,6.279955183610119,2.2774574289427085,6.18097076817201,1.3007944808017073
232,5.604639215032439,4.816278919624796,1.856098932162669,5.633700612564971,1.9086353772703346,5.4400626888844235,0.827527218153574
240,5.121580236678209,4.308740623605466,1.5509231852729943,5.093523123186098,1.7030088970766355,5.397631839774045,0.781832507225723
248,5.164011099287287,4.566589624613388,2.01603063183133,4.993973846497577,2.13547725896625,5.655480977346725,1.2191967210079209
256,4.641785148190697,4.2973169022218665,2.247768358758133,4.112717569953176,2.323152232783683,5.05655303946043,1.220828643940153
264,3.4471933090174374,3.234913518195508,1.94912041772275,2.9083340042047365,1.959225966562244,3.7493562910284375,0.9091250354483116
272,3.0620517170267414,3.1484198085120894,2.1775943031677834,3.001355466448882,2.122421640946585,3.5192504661722404,1.3938159859962596
280,3.479832400347853,3.6673818106632425,2.874439514519403,3.5170535964394047,2.882913142179742,4.043108314080207,2.087397333426713
288,3.210559685494567,3.4943944715873685,3.06374640636045,2.7190271006180686,3.096699359048815,3.786891242666212,2.004167545516027
296,2.402741479051058,2.869355320276449,2.8989188714534455,1.938952108893998,3.1097550017868762,3.0100801842851856,1.829548242836516
304,1.7744383707305431,2.2818512264891995,2.8189530230215785,2.025445752311075,3.183193020347286,2.4535831763261577,2.2669124580211766
312,1.2766917399286686,1.8526467374614466,2.8042654264971145,1.3645035573934543,3.01183763067512,2.1516713179007367,2.673269567918454
320,0.8964459768652372,1.6976109428036272,2.686764545610588,0.220502417956003,2.8796492326785543,1.800800679340891,2.466011132886506
328,0.9910994333918817,1.9538279760005257,2.8238488785956246,0.8569652268384922,3.127706509740914,1.5429516672885795,2.2032662032011943
336,1.129815730857094,1.8510147863046622,2.7879458318333823,1.5570743601381507,3.1538178250193596,1.4417704455790477,1.9894799439076387
344,0.47213746542574614,1.0023976045968306,2.213497295935229,0.39348970654323634,2.285617214528954,1.105587492950632,1.3987118776837084
352,0.2779346747096309,0.7625000675406928,1.9752317142432634,-0.19727840438417701,1.7389119438388776,1.0647885669477928,1.468885995508319
360,0.9307170871965481,1.5034081061568736,2.244504513244284,0.7313045957778915,2.1925956995171667,1.6343412388571246,1.8426039195842874
368,1.0580096629275455,1.7530974048497456,1.8740504637832553,0.6170676869774296,2.027768129899222,1.657188607819749,1.4085035855009544
376,0.7854729780918871,1.5360472753239438,1.338768865741216,0.19928693581220777,1.6001956802080666,1.3079499579325526,1.0576330349456131
384,1.371345245892106,1.7269860943046094,1.798980512823994,1.4558930872387472,1.9722816694308736,1.6963555377870119,1.5619074879054027
392,1.7972857624831788,1.7922643679501788,1.9491204394609143,2.152738311212527,2.417805645132766,2.004795227135737,1.9209378703282431
400,1.041690111389527,1.260246671169861,1.2555391106130849,0.765575731002907,2.1746441752595067,1.458089953290122,1.48846943726367
408,0.4199147917431407,0.9044802734552462,1.0270652689949957,-0.0634579505720836,1.8123499459203558,0.9048568856864494,1.0804804508907222
416,0.6157496209193142,0.9322235211325444,0.8981407378998277,0.701929456197838,1.4924865379929544,1.107219410623631,0.907493111288925
424,1.1053363719946656,1.092155207828429,0.7300492910373266,1.3563437851306,1.4582155088291449,1.541319730331725,0.7997839937922101
432,1.21467745607525,1.2129199226584906,0.8279666137641374,0.997313452670478,1.2966518203125281,1.7404183277110168,0.9744032703508617
440,1.0710653249494628,1.1835447453872647,0.5897010005167707,0.618699641465062,0.6944600898553341,1.5364238652910582,0.9107570116741085
448,1.054745703463641,1.0709397870423565,0.2143511124865499,0.4718235452655214,0.39581209710415655,1.521736254566665,0.8030479038193211
456,1.482318212934748,1.5066719855051236,0.563589723104805,0.7459922189491369,0.8788710782633107,2.0684414759952556,1.0298897707893837
464,1.9033629012997875,1.864070399591017,1.005849817004139,1.5897135196632923,1.3276590376215822,2.492750138374744,1.199613240509551
472,2.0371832737690716,1.8200076128225526,0.7202575185315103,2.46280995627604,1.2183179358349128,2.429103862517829,1.080480424945171
480,2.233017988469266,1.8053200042018531,0.4591445235240515,2.6455890952057426,1.1595675236162013,2.21858154357963,1.0560011248108487
488,2.1285728183402197,1.7808406788232112,0.49831150135033786,2.077668337638561,1.117136656098506,1.9803159319100336,0.9939867589133896
496,1.5883953536797435,1.6013254716587824,0.5211588513797227,1.6974225961379883,1.0420666737591515,1.7175709852198666,0.8242633416102485
504,1.346865849163198,1.2700384387670598,0.25678198403632485,1.5995052718334073,1.0518584599389746,1.4923610585375073,0.466864947509442
512,0.9339810024828934,0.4899634298628272,-0.3290902408134884,0.7949508656743431,0.4774098994977335,1.0533648254037984,0.024604906377749227
520,0.1457462700513695,-0.25420853736308885,-0.7370792668059941,-0.34089048169047614,-0.43158961350426944,0.6355841226235233,-0.2936265875581163
528,0.5831104612188643,0.32023998047836233,-0.4759662668899173,0.5224142213347812,-0.6274243537993988,0.9880866304714216,0.09967479107067065
536,1.9963843859833286,1.4870885670657072,0.29594896168730384,2.240863971000883,0.11348368025877892,1.8122244142231898,0.6626997088415053
544,2.2738169409435796,1.7253541524391374,0.7561605582814415,2.1266270451955664,0.9490452362334025,1.859551139418625,0.5990533639133246
552,1.3076989468945632,0.9110080889514667,0.12296161647565788,1.0658556279283844,0.7695300579947584,1.195345079177376,0.039292483618356466
560,0.9796757647759227,0.4654840659164735,-0.7778781270684162,1.1213421332755242,-0.06929535909610657,1.1545461077698227,-0.5237323649059054
568,1.9882246233624032,0.9762863473452594,-0.8235728900626775,2.0613488279991024,-0.4723885158405587,2.18594230814622,-0.44703041037283303
576,2.3945816796155,1.4185464482569063,-0.4596467171049768,2.0254457465259197,-0.38263094539151465,2.4862222469702555,-0.30831417882334555
584,1.3860328027970112,0.8506256999810353,-0.5526681907441282,0.9059239024894814,-0.4397494043497481,1.281838675086046,-0.48946127964360675
592,0.6647082720272146,-0.061637750045476634,-0.8774274812429737,0.5893244135298881,-0.5082915168474704,0.4625967793402629,-0.6901918907645599
600,1.1804063587167144,0.1015578272183556,-0.8562120387187369,1.5782898256277065,-0.5082915547139505,1.1202750547641547,-0.5253642815270574
608,1.4921100127885787,0.3594069318331745,-0.9476015855688856,1.6321443854279103,-0.6845427705084579,1.8399676867941925,-0.19570918296257309
616,1.1477672351296666,0.21742674660493883,-0.7713503113968881,0.7149850526546463,-1.0337813958525657,1.583750595044496,-0.08310420498319356
624,0.8213760264318994,0.347983242706206,-0.3943684431087921,0.7100892338952329,-0.9391279594863159,0.9799268357691724,-0.10758356717646937
632,0.7691534363711046,0.38062236559202195,-0.40905606978619274,1.3318644331051745,-0.6616954182000725,0.46586067446621293,-0.2756750303425939
640,0.8181121143010947,0.11787741609693085,-0.6277381636168625,1.3791911703968482,-0.5866254148237849,0.38099899097130835,-0.6722403388082709
648,0.8164801598134619,-0.1203881168594727,-0.993296325597828,0.9973134212903849,-0.5376667489900312,0.5262430830711157,-1.1634591598990818
656,0.8556471313286693,-0.10406856760045535,-0.9769767707289612,0.74272829910479,-0.2700259837157587,0.8542662225899658,-1.4898503394957578
664,1.4219358707714942,0.17173200429699512,-0.6048907927258519,1.1784605883769856,0.03351784059230047,1.5902783793359327,-1.0688056826861196
672,2.51534644984282,0.8881606770384366,-0.0516576683224594,2.3844761087883652,0.3354297407409725,2.4911181177960797,-0.19734114691682542
680,2.7536120252237057,1.4577133461428444,0.12622550967322216,2.5444077390351443,0.27667931502356213,2.326290555015138,0.23839109993088853
688,1.3746091347069767,0.7771876747589304,-0.1691585132708918,1.005473239834492,-0.3059289836708238,1.0011422455108547,0.036028575519631276
696,0.47213747822321406,0.15051658859484893,-0.21322132949106276,0.30046822852139016,-0.4740205013576678,0.36304746110379976,-0.2609874346946698
704,1.3713452515019553,0.5764570787144463,0.1572326817528697,1.325336597097945,-0.03339235160280676,1.1741296182458225,-0.04720119363312258
712,1.8070774885324328,0.7053816108614609,0.03483599262539624,1.5587063177813227,-0.008912988532992095,1.4499301682298003,0.13884180991897746
720,1.3289143774978711,0.26964934841135507,-0.22301305694278012,0.8063746310601945,-0.5588821415515508,1.04030922894699,0.0931470064286193
728,1.6618333924005475,0.5177066522958053,0.10827399225256552,1.3090170424043859,-0.509923501838656,1.3601726191683061,0.07029963343391586
736,1.9343700570758111,0.9044802319073029,0.29431698265658246,1.8802016731840436,-0.2145394398009076,1.5021527756460658,-0.050465115405855125
744,1.4823182495740743,0.689062054064209,0.060947284763215585,1.137661654660604,-0.27981770397985717,0.9374959812242528,-0.2511957058404904
752,1.1510311535715523,0.43121300379480154,-0.05165767060146074,0.7574159159649547,-0.21127553135156643,0.6780149705067485,-0.03088166558634654
760,1.1249199152532205,0.24190608688474188,0.02014836033814665,1.2257873042811096,-0.020336697294431716,0.7286055931071359,0.039292493435592206
768,1.550860386790193,0.45079645764638987,0.023412279305953982,1.8002357903918527,0.06289303574491967,1.2328800048695963,0.05561201271697971
776,1.9262102856894951,0.914271962689868,0.0903225081403867,1.4771085583381534,0.2407762773773246,1.693091607950121,0.36241977738039555
784,1.785862089484525,0.8636813279932437,0.21271920042340048,0.8634930204212402,0.20324127244598716,1.6816679684352545,0.6839151038573335
792,1.7352714523335926,0.46222018043245133,0.19313568801901448,1.4787404835493851,-0.2080116134356049,1.552743399122991,0.5272473701389666
800,2.084510037532219,0.7625000940121675,0.341643728012413,2.2637113480276647,-0.15578904634012888,1.8856624622353058,0.7230820750219249
808,1.8282929175579705,1.0219810726483483,0.743104909056992,0.9924175846495779,0.1591784898849093,2.034170431229053,1.3693366478201494
816,1.2783237301790877,0.9354874457102015,0.9275159626794611,-0.27071640681627107,0.29463083384668115,1.7257307481914073,1.7104154635608464
824,1.3125947996636864,0.8261463551432299,0.8198068595579846,0.46692775823681587,-0.008913024646394341,1.2132965808203322,1.3823923068618342
832,1.7401672873966296,0.6547909773919919,0.3400117701939327,1.5684980823982901,-0.5458265207269615,1.1251709750267704,0.5941575146503575
840,1.9735370338502511,0.6090961849460235,0.025044249571287036,1.7757564736032916,-0.5670419849893629,1.5576393120226812,-0.0700485541809737
848,2.0143359305766912,0.8685772275695434,0.10174619674143222,1.6762071958629259,-0.04481603371746395,1.9068778695226787,0.08172335218789897
856,2.0518708701182278,1.0072934780522709,0.18987179832760553,1.7170060527945001,0.37459665773545986,1.854655317153055,0.5680462435494723
864,1.9441618422037872,0.6776383640607015,-0.07124117143553327,1.604401119167988,0.05636528283357621,1.5886464537740825,0.7083944497469868
872,1.537804789456847,0.2680173550053959,-0.15283899837219878,0.6954015872327451,-0.2765537993872867,1.2753108853600694,0.6006853825636045
880,1.4904779880025267,0.6776383921099463,0.21761506826899185,0.3722742904904741,0.1167476136018249,1.3340613072207073,0.8454787794011752
888,1.9131546220898084,1.3206290257799675,0.6141803825198257,1.3286005451668443,0.6960920152418753,1.7436822756046089,1.1881895466492731
896,1.9719050120444321,0.9518069762112867,0.32532415596338493,1.5162754849745672,0.5067850993836627,1.4825693447597972,0.7687768404704952
904,1.3011711568179714,0.10318982851316467,-0.44169519337323987,0.5126225072064553,-0.1998518788639234,0.6404799955530407,-0.08147229116696521
912,0.8931820927836776,-0.2770559093059459,-0.6538495093988614,0.2808846991121503,-0.43811745669911917,0.22106729252980348,-0.23161222744581397
920,1.255476374189239,0.16683611015523717,-0.13978331005411418,1.0103691441441016,-0.18516424061620945,0.6094728387251702,0.279190032770731
928,1.5345408291164033,0.5323942912447508,0.054419459975682975,1.1654049556314678,-0.09540667139432,1.0207257335474593,0.31509307795520264
936,1.4170399769803514,0.3071843647376984,-0.4498549421448514,0.5746368375164352,-0.80857144673081,0.9668712063545023,-0.3278976335514724
944,1.2391567604169589,0.10482173742077454,-0.8382605276091606,0.29067648459074213,-1.3879158786991062,0.6927025486238948,-0.5269962756342479
