-240,0.24090248759795013,-0.26736090143373475,-0.22555003771953158,0.2740027202027182,-0.0952177347273242,0.5106043440919937,0.2801001440423719
-232,0.5777847989165518,0.17143543907316924,0.22032368152140624,0.5613435701448091,0.1255959327123603,0.8177617716206768,0.4216473439132309
-224,0.7943520436773962,0.4686845813817937,0.3901803015995907,0.7864036111503231,0.23175633257749134,0.8842889880308268,0.2093265487445486
-216,0.6145871316888362,0.4814238498744729,0.5062490418798978,0.6151315159335429,0.2699740647661444,0.6677217557383012,0.39192244035646545
-208,0.31733792825504037,0.3738479453725287,0.4354754465820745,0.152272113731929,0.2317563342500707,0.2558193675986544,0.6764323552266301
-200,0.25647264873986153,0.3059052936615804,0.37744106336539174,0.06168190374666315,0.27705142890312245,0.28271333775607344,0.5745183455010694
-192,0.2663809494692919,0.093584478269894,0.2203236685969298,0.19332083086578203,0.2416646403013444,0.35773335238757814,0.156954046315404
-184,-0.31820902118994454,-0.5745183181666785,-0.28358440360221054,-0.36862159870108774,-0.46465593044246956,-0.24242679020930874,-0.4432060584203694
-176,-0.9636643028392613,-0.9666041056077277,-0.8087245324799084,-1.0876814064626792,-0.9388390721715225,-0.9827187189677355,-0.7376242860321254
-168,-0.7230340264901357,-0.4584496441813335,-0.3331259235189977,-0.8017560489931886,-0.26648984743016113,-0.7463349033106164,-0.2110686827760944
-160,-0.03228365079597743,0.09924637517501465,0.3661173150188977,-0.11100570720677473,0.2770514225169104,-0.015951261292774552,0.44995679179414133
-152,0.1842836125152919,-0.028146089123360148,0.11274779937120402,0.14377927795356626,-0.16457585686323586,0.16947557861964968,0.3140714742313469
-144,0.1191718463071006,-0.2829311086476036,-0.29207724713525923,0.11688531524672793,-0.4802261426740766,0.14258157242574895,0.045131789687056015
-136,0.3003522836116365,0.11340106102627712,-0.010398269161652294,0.251355179414457,-0.10937242757300937,0.4086903395362231,0.17535520350235984
-128,0.8722030274406235,0.7404552099691178,0.627979655193057,0.7750798805939908,0.561561339211707,0.9055210377149621,0.5334696447889042
-120,1.4242371246511083,1.121217216524403,0.9407989574271711,1.2407701585669906,0.8262545943868405,1.165967895756102,0.6495383700159973
-112,1.1368963077044465,0.8607703542257875,0.6378879437582742,1.0171255896590194,0.5842088863861803,0.8927817721112835,0.34945828259997136
-104,0.5183349857209146,0.3964955100330583,0.13256441831612142,0.3730857807154556,0.14258160031571687,0.3733035249334393,-0.04545843945684563
-96,0.2748737723231782,0.18417468338947462,0.170782154762249,0.2612635120749475,0.25157296718383326,0.07322345789247067,0.13147557836195575
-88,0.10501713095762098,-0.032392547838682326,0.17219762549131779,0.1522721208784044,0.3251775095657428,-0.15608300548777856,0.21640390208578755
-80,-0.34934939851683205,-0.48534360171838103,-0.3118938166630603,-0.3629597328147109,-0.2056245399372919,-0.4306845881536111,-0.2705184882170455
-72,-0.41446110998606417,-0.5745183376294194,-0.5737561668726953,-0.4620427677826006,-0.4901344351926629,-0.2523351140507444,-0.4885011932153249
-64,0.06963036638016416,-0.09891970266750327,-0.3076473948965361,0.05602002828096848,-0.09663318584159936,0.20486237862537754,-0.03979653601346055
-56,0.11634091625291287,0.12614034259548548,-0.08966472532652794,0.2159684165095796,-0.08814035523302698,0.18929219193861838,-0.01997993592307369
-48,-0.28565315884103765,-0.10033517947867857,-0.2765070175696486,-0.06287963566731437,-0.2693207899526673,-0.38963591922045326,-0.48425478391711907
-40,-0.6550913457371288,-0.1880944633631261,-0.39682215589626413,-0.242644569703511,-0.29338382899152987,-0.6047876658827495,-0.6739280176183771
-32,-0.37341242797637675,-0.01257588996828261,-0.17176209086642918,-0.07278794247885141,-0.023028631751634665,-0.2579970124763913,-0.3271373791131811
-24,-0.18940104297954385,0.05536670654754821,0.019326621622689305,-0.021830919597830182,0.22892539385630165,-0.09804866758278995,0.062117449079568565
-16,-0.5857332591815405,-0.19800274903934267,-0.05286242737430417,-0.5087533463933029,0.1185185585399063,-0.4547476361635811,-0.09924636289383769
-8,-1.0712401557953524,-0.4697734393600485,-0.30481649814188194,-0.9079164324366319,-0.1758996313627885,-0.7902145244976508,-0.4941630695933355
0,-1.0273605136250499,-0.5051602199030357,-0.35152705424878994,-0.8045869833048509,-0.2169483317708482,-0.6698994042653027,-0.3526158656170546
8,-0.8560883921031586,-0.48109718192854156,-0.1462835961517117,-0.6134982546981497,-0.163160369864532,-0.5028736587420837,0.050793666217119504
16,-0.7301113868257972,-0.5334696501458365,-0.16043832792287896,-0.5059223730041057,-0.24950418697327983,-0.382558517526467,-0.012902565551936335
24,0.280535698726516,0.23088524740312155,-0.08117187191005593,0.3306216114029589,-0.18156151062980005,0.6266730643013488,0.07344121445596102
32,1.8517097082965688,1.4113889930234695,0.45812298554570374,1.7432627503056908,0.13691972302538993,2.2049244042526897,0.6990798817219408
40,1.9493772697984415,1.6859905583552974,0.4850169442991728,1.809789958352945,-0.04567620295042883,2.4625403555037,0.9014923901500376
48,0.49851836860062937,0.724885037727362,-0.15336096302563773,0.3164668816084764,-0.6967933434917001,1.1362429663503844,0.23197407752064936
56,-1.2849764460215296,-0.8477044697891879,-0.8908219150497081,-1.523646813570237,-1.231841781917883,-0.7902144907419592,-0.5479510117328052
64,-3.5327461011871533,-2.983651833202299,-2.051509025303451,-3.760092701990995,-2.132082071535441,-2.971456957018965,-1.4128044602904162
72,-5.769192015304808,-4.999284071213271,-3.4188550511547593,-5.9087793177791985,-3.1936861147381825,-4.982842841383004,-2.587646303683801
80,-6.682171490546343,-6.011346614114015,-3.717519670882769,-6.59669875262343,-3.4130842852957395,-5.727381158608421,-2.831107483173794
88,-6.336796298137685,-5.6461548108192305,-3.374975423429459,-6.155071467465282,-3.0011819123613592,-5.43296296779341,-2.512626276431926
96,-5.8314728493300745,-5.309272437463142,-3.2872161509489612,-5.546418454422026,-2.937485662802142,-4.863943198722094,-2.48714775161078
104,-5.157708038451673,-5.102613554100743,-3.1216059520290913,-4.671656729463414,-2.8143396079540253,-4.08118715995171,-2.3059673684369932
112,-4.312671217201878,-4.443003572307212,-2.677147686487325,-3.5024767875367293,-2.345818351878195,-3.197932531855404,-1.940775557995733
120,-3.2751302203365267,-3.5654108558651343,-2.293554760369486,-2.4904142385538752,-1.9636408732253678,-2.352895694640077,-1.642110930665088
128,-1.566655400579027,-2.275915770594095,-1.5815722974341835,-1.0551255670737247,-1.4526554522465687,-0.9218533985503895,-1.2075610186150254
136,0.5876931327934637,-0.7401286054291474,-0.8837445565386788,0.8048047745714382,-0.8567417034385155,0.8941972981875225,-0.6088163377760998
144,2.218316967419262,0.8423691824417755,-0.27933797012763084,2.1240247424159726,-0.2311030512257499,2.377612015510233,-0.14595695731801725
152,3.2501961186212407,2.079491821695207,0.6393034015628668,2.8841332578841516,0.5360828312684077,3.4052447446415806,0.5773492863509962
160,3.935284651845132,2.84243126250394,1.3300537840993942,3.1488265331302365,0.8205927280443058,3.928969403854579,1.1138132009801438
168,3.990488038712665,3.1694053214458586,1.2875896109855811,3.110608799421057,0.7285870310603356,4.011066801781698,1.2100652902324214
176,4.011720133556442,3.657743209391082,1.4418761004844396,3.291789200537058,1.0215897444559605,4.156860432086084,1.3572744171148279
184,4.413714168356436,4.150327497663404,2.0491136265289924,3.651319127757938,1.5863631264287594,4.448447675360851,1.878168144905163
192,4.77465948845542,4.606109480076764,2.3166378476427423,3.768803326298996,1.8269933770809852,4.669261285780785,2.2858240889265438
200,5.076155087806787,5.1567281115759185,2.571422789011916,4.155227202694026,2.0506379572408537,5.1802467503987,2.5887351276841306
208,5.7994613661438095,5.894189102525474,3.1361961860379286,4.69169112218886,2.509250923687098,5.989896759630605,2.969497091816723
216,6.374143056600725,6.2862748022321355,3.4433536047475584,4.736986232807441,2.6125803827023018,6.505128645406833,3.2072964473868737
224,6.8242631019670625,6.771781753128748,3.764665763743304,5.144642176980874,2.7824370182898583,7.096795898702817,3.605044092047299
232,7.621173908088937,7.6097412830747935,4.26008099438608,6.124148856924507,3.2622820687841396,8.00694449969349,4.057995127680679
240,8.136405740950838,7.938130781727038,4.572900346037311,6.6450426031132155,3.7067403040674267,8.40044574813224,4.359490686738089
248,7.9283313613145205,7.6875921978061115,4.475232761727538,6.2119081362473745,3.4222304174790583,8.127259589515308,4.300040867308293
256,7.870296992238737,7.530474828886603,4.357748557712584,6.05195979059351,3.0598695489520935,7.885213918919602,4.213697058258337
264,8.201517502293346,7.693254136525714,4.657828653035348,6.378933839347901,3.2905914829093583,8.042331298786904,4.352413320624427
272,8.188778228478823,7.616818602204182,4.857410223350465,6.374687456963016,3.6317202901961854,8.043746781984291,4.583135256558377
280,7.89294453378726,7.237472113818398,4.599794314065992,6.131226176966211,3.630304793466111,7.807362885283103,4.492545072270012
288,7.755643800234356,7.050629770485583,4.442676868816045,6.076022802871103,3.4477089246620944,7.553993419204578,4.334012191719267
296,7.938239680138218,7.247380392652244,4.762573620488682,6.4044123260038255,3.661445211086954,7.51294472974431,4.420356007611594
304,8.262382788346788,7.475271408567482,5.07397747723447,6.684675799948832,4.015313214185286,7.674308533354819,4.635507737700149
312,8.443563165286417,7.693254132116188,5.124934426674053,6.780927886008005,3.974264537041284,7.906445979703584,4.874722532220361
320,8.483196432674468,7.744211090678932,4.9111981369040345,6.773850537228346,3.892167150366063,7.87955199388474,4.844997618932226
328,8.654468543856778,7.814984706351812,4.817777010245216,7.0484521501526585,3.842625621326116,8.022514705842992,4.5703960259268115
336,8.961625980052462,7.960778346083463,4.96357063537981,7.3018216112134455,3.8723505711068906,8.427339711143183,4.5123616652139225
344,8.668623259662416,7.720148064716598,4.844670989373741,7.092331741385318,3.67559992339538,8.224927227195566,4.462820142408135
352,8.091110665760528,7.066199978611765,4.4950493648589775,6.536051262398159,3.5453764948309683,7.7889617968239495,4.17972570860662
360,7.960887202224001,6.968532411788051,4.495049382953245,6.255787736299089,3.5099896946731874,7.756405953481627,4.0820581700647
368,7.853311347443278,6.928899166295583,4.4072901230931185,6.163782078240601,3.3571186939976663,7.674308547191611,4.0452558874697955
376,7.401775772807597,6.427822023390368,4.049175666753361,5.910412591787019,3.0485457727799616,7.156245812709373,3.811702989398545
384,7.036583918119011,6.140481228643394,3.8722416790409873,5.666951370178439,3.028729200211106,6.837764518385169,3.7069580637596933
392,6.81293935666162,6.0102578093541945,3.962831886441358,5.637226459171093,3.2325571627945315,6.676400736822296,3.94475737006478
400,6.18022336448825,5.370464408644469,3.66699819129364,5.161627827858437,3.0174054188691835,6.151260588329807,3.7253592013318553
408,5.381897074712829,4.341416206199154,2.894150419496993,4.347731411761166,2.4625403326080773,5.352934323947182,2.941187684533874
416,5.134189447303253,3.8884651328567132,2.4242137182369428,4.231662683036862,2.050637968948909,5.226957286738761,2.571749452174036
424,5.047845647832615,3.7610726729678667,2.233124984612503,4.410012146648095,1.6387355899324223,5.163261053449179,2.360844123324896
432,4.415129634371871,3.19063740002,1.6924146377251976,3.702276098941053,1.0555610840722007,4.449863185015402,1.7805005590748642
440,3.8701728774260964,2.7773195659358705,1.3286383107854305,3.2365857890369933,0.8163463009559383,3.9686026219775683,1.403984991163951
448,3.766843421908104,2.706545937338513,1.5678531063700112,3.4050269973825436,1.3414864499045875,3.9770954807158834,1.7337899812244255
456,3.769674364734715,2.712207821623262,1.8891652726642842,3.481462507071544,1.7675435454869757,3.967187176489242,2.0819961122022215
464,3.5233822366401113,2.4998870177875783,1.8962426103440986,3.3130213140833127,1.812838678457299,3.8964135638574136,2.0480247789721924
472,3.2799210302367974,2.3951420869789373,1.6796753979704726,3.168643134284992,1.6882771131943681,3.808654336232452,1.8003171652473582
480,3.1228036751540817,2.2139616470895063,1.3979964599867165,2.993124631594638,1.3018532282843882,3.5651930559315432,1.4422027201594974
488,2.7151476651418434,1.7723343509835665,0.827561192512746,2.584053149332805,0.5530684891403936,3.0329756018423493,0.9170625830709562
496,2.1461279083867923,1.1877444356715006,0.14813458599629714,1.904626558933939,0.05340684357346325,2.5290675261459974,0.28434657645258293
504,2.051291239077994,1.0263805858369808,0.09717762363223657,1.9513371311584295,0.057653274463147566,2.683354017165383,0.30982505885103445
512,2.584924231255587,1.5529361866601683,0.5048335541209301,2.6010388585985913,0.4171831688406516,3.222648821098604,0.9283863587869298
520,2.8736805295750045,2.0242883866269787,0.8289766767745022,2.6265173253356187,0.6507360669119017,3.249542844018298,1.0869192574319415
528,2.4447925025699546,1.751102273777899,0.7893434533296704,2.082976098419452,0.560145862704637,2.6210731895263284,0.6990798713823597
536,2.1376350345952626,1.350523658313173,0.7086615647529977,1.9584145108047795,0.7469881709132877,2.265789721172824,0.5646100417305854
544,2.1503743068892587,1.4326210192914939,0.9110740482444574,2.0886379608086174,0.9762946484344348,2.513497365916403,0.9014923985129343
552,2.048460327118073,1.3873259526161323,1.0313891637631736,1.8211137010734912,0.8602259530096636,2.4866033784249795,0.9114007027395762
560,1.8120764821147892,1.326460675685849,0.8969193365442417,1.5281110106378186,0.7116013785101931,2.090271177124144,0.9213089811172648
568,1.8276466973874488,1.2684263067621167,0.729893615349449,1.4771540298753851,0.4355843170564998,2.02515944436754,1.1534464259455024
576,1.7257326821879926,1.2316240395245317,0.5076645004447534,1.4545064361727964,0.07605442222283772,2.2289874416189726,1.2086498377496724
584,1.4978416798054415,0.976839041591767,0.31374481487054284,1.1841512453191134,-0.10087963634607747,2.0506379697968953,0.9213090052936384
592,0.9302373838960377,0.38375623667469394,-0.09815756156104899,0.4155499310213694,-0.3797275898407916,1.3315781405958775,0.33105711963501433
600,0.4985183730101566,-0.05645554126174511,-0.7337045196730353,-0.08128078281879426,-0.8609881212516707,0.8701342377092341,-0.15303431978241594
608,0.9387301653915988,0.36252417513045077,-0.5638478732897405,0.5344496211227109,-0.7137790182415321,1.3429019140310618,0.06494839068975898
616,1.9536237022086527,1.3420308789463489,0.31799124986564914,1.3596698196262733,0.17513745247709514,2.31250028685905,0.8972459743135673
624,2.48159478972644,1.9634230928188494,1.0370510474397117,1.7517555710308403,0.7399108047996249,2.8149928594391143,1.4238015626684368
632,2.4065747363215055,1.847354359076807,1.0455438905166028,1.717784278702979,0.7116013499242919,2.5502996460784644,1.1704320698286435
640,2.0512912460724166,1.649188321072087,0.8218993054910486,1.5465121349813984,0.6040255153665736,2.095933059888367,0.7755153982533111
648,1.857371606874268,1.5232112938991422,0.7978362886518753,1.2535094716111008,0.6804610025517795,2.008173787711975,0.7995783951735854
656,1.524735627459066,1.2613489228582926,0.6138249024386214,0.9888161399534773,0.3987820394793334,2.1086723216907295,0.8873376758649266
664,1.6181567647615718,1.1282945514672689,0.39018030889811867,1.2251999588037024,0.029343815482392562,2.173784040458489,0.8830912515135069
672,2.3556177888586056,1.5175493846777555,0.7001687266938448,1.8196982598426388,0.3733035599698824,2.663537368418144,1.154861893025307
680,2.6882537073006896,1.9705004482888255,1.1191484458229883,1.9400134045554664,0.8120998881605208,2.8249011913393414,1.3601053436718047
688,2.0796007144804363,1.6619275228136463,0.8714408140038865,1.2917271657865872,0.5360828333971454,2.228987439642287,0.9184780598821316
696,1.2642887812780343,0.9527760455838086,0.28260443419849657,0.5415269513519446,0.04349856382730045,1.618918962712331,0.5915040141687945
704,1.5742771783945972,1.043366237170702,0.5133263876185034,0.8090511891914873,0.34216316013920073,1.9430620628621085,0.891584097631451
712,2.243795455139557,1.5571826132923783,1.1021627526747846,1.4941396909404772,0.8814580362974381,2.4554629928872487,1.348781578903623
720,2.1744373066985343,1.6336181016940052,1.0115725694507876,1.5111253200745094,0.7639738304578529,2.505004530442145,1.2978245727483948
728,2.1093255865623006,1.5911539404403003,0.8247302653475588,1.365331704823338,0.5275900140404699,2.260127827460809,1.2865008081322655
736,2.392420048341505,1.7893200229964508,0.9068276349928822,1.5903917882515457,0.473802058368313,2.3648727827499303,1.4719276450036363
744,2.669852541598785,1.8728328616982626,1.1177329884745544,1.789973356894084,0.6054409573576885,2.7074170265539763,1.4223861148993204
752,2.7377952253928455,1.8431079876397147,1.1446269416020747,1.8338529777770136,0.7568964949067761,2.922568795720065,1.4464491512012347
760,2.6075718024543812,1.8261223144104095,0.9889250355048962,1.703629546627706,0.8687187752553399,2.9338925390488213,1.310563828164545
768,2.2820132101361095,1.5246267603707364,0.7072460655900803,1.4913086882051159,0.7469881610298644,2.8418868378073774,0.8561972682795589
776,1.9791022043739506,1.1820824937587908,0.6577045435445557,1.2152917001928603,0.6535670191657785,2.636643433080785,0.900076927175655
784,1.8120764815065786,1.186328914460947,0.9478762946508277,1.076575397228708,0.7356643812084684,2.463955800992026,1.3063174092870213
792,2.100832768117941,1.6491883276103523,1.426305899048572,1.4021340328819898,1.093778855186336,2.6055029703002996,1.613474869811132
800,2.63729672045615,2.201222403685517,1.8141452277742995,2.0107869844959705,1.6047642524449193,2.8956747779701626,1.864013427274895
808,2.432053268441178,1.9973944427746708,1.7462025772797722,1.8550850825042138,1.359887581090538,2.7130788982183542,1.8342885007581764
816,2.0725233360505078,1.3066440660161445,1.2012458188134703,1.2988045106128765,0.7314179921332672,2.451216602443573,1.429463472345981
824,2.1404659911066144,1.3391999396169483,1.0512057752575097,1.4007185317423876,0.7597274152295933,2.8744427229641847,1.307732885794091
832,2.5495374493441267,1.7610106336558158,1.2592801891056764,1.829606529097167,1.0244207119151036,3.317485451177815,1.542701228593404
840,2.655697847536678,1.704391699728776,1.020065374514512,1.9315205727304727,0.7257560964445682,3.0740243002737246,1.6035665470340654
848,2.6033253406980066,1.5600135503409887,0.72989363025061,1.9810620709037292,0.37613449200075494,2.8574570225174525,1.4917442539130774
856,2.760442766789318,1.870001956124554,0.9776012426069711,2.14242584775297,0.6111028405780695,3.071193337680267,1.5795035130129405
864,2.7845058528124538,2.0639216153936535,1.3753488789044988,2.300958781522147,1.0782086478204147,3.215571489957055,1.3855838563287366
872,2.516981618926279,1.5925694394511642,1.222477904077929,2.0532511262869346,1.0668848795550212,2.7711132505683453,1.0557788516712059
880,1.7851825350693755,1.0801685314736615,0.8417159102950683,1.4332743837517132,0.8545640474375414,2.1199960904122808,1.0203920303781049
888,1.2487186049308558,1.017887771650096,1.0158190018609983,0.925119873364361,0.987618426279146,1.6528902939656753,1.2128962426383507
896,1.6917613828657085,1.4453603295986561,1.3187300132491058,1.2563403595467,1.3329936021140647,1.8241624498514684,1.5469476819868826
904,2.3655260578090296,1.9761623451939458,1.5367127176391744,1.9527526234789767,1.5976868953023635,2.465371267007462,1.820133779022485
912,2.5155661072950433,2.0525978510816296,1.5112342343284066,2.2316006066239606,1.5311597106712203,2.7088324831421473,1.7182197791803477
920,2.0880935605983804,1.305228596047339,0.6973377823467066,1.7828959471413064,0.8715497173216881,2.415829807759689,0.9439565471462682
928,1.3817729354197126,0.3101516939886788,-0.41805424891540927,1.096392007354571,-0.038598840638082735,1.7519733464196214,0.08051859106125794
936,1.0562143982965586,0.010071620409445672,-0.7181342969497949,0.8302832514959939,-0.3981287450510628,1.4264147563821379,-0.1671890278333677
944,1.2090853627835465,0.3540313387438772,-0.4449482149674061,0.978907801362933,-0.14617471472949406,1.5410680274539035,-0.04262749389328613
