-240,0.6435556020199985,-0.4315896279064781,-0.6574271584662915,-0.026613487728040952,-0.23104730104833693,1.6341528825158447,-0.6052673691066135
-232,-0.02228243286927879,-0.6698551289568658,-0.5121831278995153,-0.23223990025293767,0.07739239250777542,0.5293186027472374,-0.1891185080910695
-224,0.09521840068414737,-0.27165788055410217,-0.14499300354206743,0.245923242161716,0.23569213821472612,0.3791787241446482,0.23355803992009294
-216,0.7806399099360224,0.5687994352765214,0.31032269891031194,1.0047827591049185,0.36135275963339875,1.097239343134256,0.6546026069721484
-208,0.8344944529066796,0.9816844379807489,0.6677211366627548,0.8448510873101959,0.45437418138144753,1.2930741298859474,0.7313046072605509
-200,0.11969773833433425,0.4692501221239835,0.4849420555846181,0.2981457996152649,0.16551798795817702,0.4346651854895356,0.2482455889361477
-192,-1.0536787282624938,-0.7400293155021261,-0.2396464371033925,-0.5504712828683637,-0.7695928557493567,-0.8545800300947145,-0.5155097904181046
-184,-2.4995917839769324,-2.012954999182829,-1.0572564556722728,-2.0045441970970836,-1.7014397454275267,-1.9104556442048755,-0.8435330549314005
-176,-2.752545018817774,-2.207157782010093,-1.0833677674445628,-2.756875914497072,-1.4876534293342498,-1.9626782242731264,-0.8647483896413537
-168,-1.5253140441365374,-1.4042354372764065,-1.0082977861570563,-2.094301736867265,-0.8332391226655756,-0.9949282250725309,-1.1291252683797568
-160,-0.293187158659303,-0.617632620063573,-1.036041001753031,-0.6630762974870692,-0.34202025494289584,0.005460741866497961,-1.4995792606904492
-152,0.744736888593408,0.19344963437426677,-0.4730161974063286,0.8742262889492023,0.6959036955399212,0.8344944914609059,-1.3641269872024047
-144,1.5182840539521758,0.6373416315713615,0.23362074630562538,1.584127218245921,1.474346783089692,1.5019644922328206,-0.7603032117987649
-136,1.3860955597116391,0.1608103768520764,0.17976616213763982,0.7697811384546271,0.9733362661025641,1.3860955668857737,-0.5089819815835799
-128,1.3616162678167827,0.038413704028226706,0.0035149153136559454,0.3552642731240433,0.3368734384621431,1.141302216855379,-0.12384027686998314
-120,1.895265915753884,0.7760578443629167,0.4425112210247848,1.2691596946430423,0.3842000909048508,1.3697760469031552,0.48814319523885774
-112,1.9654399874725494,1.2297416403619954,0.7982776201418615,1.8550318669005217,0.5196524632664826,1.4432140426735538,0.7802632876448501
-104,1.423630554475125,0.8135928350943238,0.4751503735376153,1.3197503126854273,0.010482182606583108,1.118454828608899,0.8014786475991238
-96,0.2992128543387168,-0.19821988706270538,-0.26575778691747104,-0.038037097265278104,-1.0992478941832735,0.1343851975793209,0.839013669009392
-88,-0.4384312318258696,-0.6306881842637498,-0.6460034930058742,-0.8523832017749682,-1.9233857252681417,-0.46291065153358235,1.2176274833703475
-80,0.5195269419259618,0.24404014442705932,-0.3734669226461952,0.18390886925194588,-1.6965438547919238,0.6729307636753465,1.6762071591359473
-72,1.4334223524005705,0.7793217228346279,-0.6231561361394855,1.1712423179214355,-1.4289030318413922,1.4171027780590555,0.8259580865772066
-64,0.3106365604705402,-0.28308152287389377,-2.1147639963961296,0.20838820672682504,-1.8564755690111299,-0.08919265838634965,-1.7884355543897705
-56,-1.1467002585260582,-1.3128458560659335,-2.7724422709434826,-1.162454880672882,-1.477861764993333,-1.7064611213037337,-3.6292819547909425
-48,-1.4388203435691238,-0.7139179881274434,-1.457085690994609,-0.7789451634047795,0.07086457736217068,-1.5546891861843846,-2.9193810696717826
-40,-0.7028081287962813,0.3223741528472743,0.3968163993024176,0.22307582902153159,1.3291027497179906,-0.7125998285628558,-0.988777060955088
-32,-0.7958296802720877,0.040045656236857186,0.9108826273976405,-0.3187335484033258,1.3291026412024762,-0.8904831050815087,-0.1107846658626285
-24,-1.5742726757852745,-0.3516238024399292,1.299288052104717,-1.2326289352113844,1.2197615565959683,-1.6020159059452799,1.1490853719244718
-16,-0.9590251828548056,0.8152247562734791,2.9083966524757394,-0.3742201207180368,2.244629996698097,-1.0618385799532566,3.4272960562309542
-8,1.368144107330169,2.971038735499479,4.3494139805908105,1.8697194734175289,3.408214637320235,1.049912678420004,4.861785374258168
0,1.9360647809249245,2.944927510329231,3.037321220736158,1.9692687625529008,2.347443222156747,1.7859247390973083,3.533373127203452
8,-0.12346369805514039,-0.008913005038893317,-0.4893358178403047,-0.002134073468355179,-0.8120236440279367,0.281261348299581,0.24987769208477648
16,-1.0895817585458045,-1.9068779306646386,-2.9927564007799017,-0.47540140098036676,-2.982525207331548,-0.5477723557148042,-1.7704840611615866
24,0.26657373688744185,-0.9603432763418462,-3.519878175544523,0.9036014660451208,-2.997212713397197,0.17518417407080064,-2.38246752836181
32,1.3665121568746157,0.026990064688667433,-3.159215849853749,1.7424269665824883,-1.9250176900989324,0.8442862220681631,-2.816567819670046
40,1.9442245796592528,1.4304721985399995,-1.465245405230587,2.191214787447614,0.36788056022845755,1.3811996722180921,-2.0315969583473046
48,2.7977376162398997,3.2125682675393463,1.0055359813692342,3.1769163135354868,2.7799114993727048,1.9670719475565452,-0.6362746002649825
56,1.152725831490027,1.3048116228766573,0.749318872614684,1.7979133572783406,2.1728239098353077,0.1784481156533121,-1.1470767091909142
64,-3.8900182791222813,-4.067587662909634,-1.9009777635740472,-3.0800032845179963,-0.93605232410706,-4.395924702711504,-3.2359805600338385
72,-7.632093516228157,-6.636286570859982,-2.8948389577919547,-6.745376512394773,-2.4048128430997076,-8.16084739099935,-3.4921975727197263
80,-7.170249940778605,-4.963531578227675,-1.156805725523789,-5.872280057024095,-1.251019888030727,-8.175534897766232,-1.029575983977696
88,-5.133568899306505,-2.9741770729692276,1.0740781224421234,-3.8241751069396863,0.3385052756688713,-5.867949052492147,1.837770800845385
96,-4.353493841491403,-2.719592012316663,1.4053651921484789,-3.5875415396906125,0.8297241458458593,-4.200089905441346,2.8414237896578887
104,-4.423667870259663,-2.7098002871439473,0.21403733680690581,-3.812751498804912,0.2732271438472957,-4.100540665216844,1.8361387583532496
112,-4.196826037299309,-2.38830492735853,-0.9169082172181272,-2.9380230102334086,-0.5460148583103089,-4.666829310870007,-0.027554949126901568
120,-3.54730747032624,-2.045594198327529,-1.4244465763482577,-2.3423590351418673,-1.02091401110812,-4.709260245705892,-1.334751818170644
128,-2.4490011019472084,-1.1447544023664287,-0.5888850152897077,-2.126940867116009,-0.3452842708559058,-3.726822700995394,-0.812525794321325
136,-1.0569425965663535,0.6683487498315213,1.4657476328347059,-1.0971766575159534,1.632646533529954,-2.236846863596418,1.1686688383982196
144,0.23883043223511577,2.87148939797916,3.624825396041524,0.47276518065735257,3.8374191901600185,-0.9802406597528527,3.0225709218582417
152,1.8316195829219408,5.4026532882007,5.5178945069399346,2.1797911072613436,5.733751976173118,0.41181776340865445,4.32487185153082
160,3.2971161850504753,7.210860556950667,6.836514917501497,3.615912441133915,6.848378008637763,1.6374169078954746,5.491720345029734
168,2.8336406552885993,6.363875404236272,6.493804188645802,3.707301975186592,6.190699690088156,1.2555390900683618,5.633700516934578
176,1.4350543575521508,4.159102670646092,4.692124693668805,2.7689272288148747,4.216032919847317,-0.10224828955409748,4.556609584242781
184,1.6537364257878848,3.31211758174373,3.6852078584659154,2.6465305535367163,3.0312328985845878,0.07889878391815,3.885875704473231
192,2.8728076262778828,3.576494459780902,3.096071628221559,3.2601460795327,2.455152303890675,1.26533085766556,3.2494128047813113
200,3.3362830790796427,3.1766652542608895,1.8786324893322461,3.922720238579882,1.464554998662947,1.3599842842145744,2.118467216395954
208,3.8780925590595507,3.392083399847352,1.7187007989548988,4.918213366248486,1.541256958981176,1.4742212450814463,2.142946614702632
216,5.361540534505747,4.854316076696998,2.8659658901427116,6.024679690437617,2.4290410382243306,2.593743037051475,3.5039979380112967
224,6.1269279719545295,5.387965741638953,2.976938916264076,6.333119246727739,1.8921275978916365,2.8483281576592994,3.61333897405755
232,5.3305333917025,4.345145790777864,1.6403668673194913,5.358841513373731,0.4951731974924852,1.6765837761543996,2.0646127884272003
240,4.144101337764868,3.2827423566134804,1.090397684849226,4.534703697891255,0.4119433675079328,0.7985914247135771,1.2861695972705331
248,3.2628450796277817,3.0363169456836316,2.200127854376896,3.9928942529729037,1.6424382516903577,0.6207081885157132,2.2098567984829667
256,2.0568296074260415,2.714821676707645,3.3049620782223226,2.968025930852913,2.4078255655471543,-0.20669355434934464,3.2657323202059287
264,1.2571710508805596,2.5255147380594214,3.5415957347030558,2.566564678633375,2.4372008324006553,-1.0977415217061386,3.7781665927616714
272,2.0046069421582096,3.157081720994878,3.920209465617507,3.449452945252886,2.9610587406144955,-0.7158638625325666,4.233482373576627
280,2.7112439596747384,3.532431621822567,4.075245307608428,3.9471995778078393,3.5012361348012453,-0.2001655894908969,4.337927408017453
288,1.779396958851437,2.199123528134499,2.7174579095786506,2.9109074271911948,2.4926873565057286,-0.7533988038271808,3.140071787843608
296,0.5652216724882836,0.1673382352987025,0.4882058888269223,1.8501360435831062,0.42826295358158417,-1.5155222693652055,1.1082864801066497
304,0.2290388115458358,-0.9733990249658057,-1.2547231336254878,1.2561040671567585,-1.3342495744382092,-1.5922242091724241,-0.43064810236519735
312,0.08216276986701454,-1.6784040208518234,-2.1539309661582595,0.7061348100053777,-2.2873119415268643,-2.008372966931686,-1.4179814896769651
320,0.018516386897045704,-1.8823985744318277,-2.2306328512694504,0.7909965900948684,-2.062102085668847,-2.509383561755467,-1.9761104444100845
328,0.47383216403053907,-1.3405891533553331,-1.661080178132963,1.4454108895759237,-1.3750485083298984,-2.165040762007776,-1.8243386071124765
336,0.6680349387936462,-1.1741296171535196,-1.215556195418759,1.321382258758286,-1.1514705594511052,-1.7374682486798967,-1.178083936492512
344,0.7790079631619325,-1.206768704451857,-0.833678465245536,1.6037106184533279,-0.9474760049945631,-1.3555906268468814,-0.07161782302333208
352,1.8038762782696147,-0.3042970483187095,0.02799434605227317,3.245458455309607,-0.05316405626039159,-0.4123199221707579,1.330232452934954
360,2.567631765438151,0.6373415924777273,0.8553960962802578,3.686086582274458,0.6355213751148313,0.24372626553158921,2.52482426966882
368,1.8675226936715221,0.6781405342582665,1.3090798163710677,2.5894121277116535,0.9194816544112578,-0.5510362587296043,2.7696177489010463
376,0.6468194704991661,0.17060210588156363,1.5277619126560462,1.8452401443574225,1.2948315990658905,-2.194415939279002,2.3991636584179976
384,-0.23280478055795395,-0.6910706572066064,0.9973761787781347,1.396452204808931,1.0484062568566916,-3.4836612779293117,1.2421068390772356
392,-0.541244503916389,-1.3797560586041993,0.03615413023605601,0.8938097671685724,0.12798303018463147,-3.84595551620916,-0.006339471015185731
400,-0.1038802952181157,-1.2736789120740482,-0.4974955837920778,1.061901219465615,-0.69125888852647,-3.405327378725844,-0.38005750588566983
408,0.09848233350127035,-1.0027742160863466,-0.79614352885954,1.3589172163565246,-1.205325102246455,-3.367792367834042,-0.4355439868650286
416,-0.5118692155000312,-1.3797560834979041,-1.2792024404215057,0.5772103190556914,-1.7748777147264505,-4.1152282154600535,-0.9006514341245949
424,-1.3898616014764864,-1.8840304945591346,-1.440766161895985,-0.18980903957224518,-1.6900160624363303,-4.78596220760189,-1.4653081682405316
432,-1.6003839598589353,-1.7289946751829184,-0.7292332660153982,0.017449373546229448,-0.6063972038044108,-4.936102154048588,-1.3902382567255196
440,-0.4775982096521569,-0.9880866183347297,0.3168506229220468,0.7583574473992724,0.8117725821439502,-4.0173109248145655,-0.40780070026940296
448,0.8214388482104061,-0.07745512051684839,0.9320979666655954,1.314854441333681,1.6097991549254005,-2.7427532479032144,0.7100892096151055
456,0.7496327247082917,0.009038561993864496,0.5273728918975296,1.0521095193619112,1.2099698628033453,-3.033241428771978,0.5746368114832301
464,-0.6391618264678917,-0.6812789180092682,-0.20374345871118388,0.023977222175620212,0.3450332212434642,-4.48568230226164,-0.30825137449470585
472,-0.9231222416278463,-0.837946647169633,0.5224770701578832,-0.1375864181313573,0.6404171598645354,-4.626030471995136,0.12584889770498106
480,0.39060236805569526,0.38112451054526686,2.2229751726755724,0.7714129895106695,1.8823357344010831,-3.199700942534397,1.9732231912637197
488,1.1984206696913253,1.4745350438612614,3.1270788274739116,1.5041613701646672,2.2625815102619833,-2.442473271388004,2.9915637937808484
496,0.7855358119666306,1.14651181528606,2.820271088230122,1.5319045987334177,1.862752314383897,-3.090359906663452,2.4774976100384922
504,0.08053072088848982,0.35011724853272924,2.00918892565356,1.5106891446388673,1.28830368101462,-4.012414999993947,1.6256165076097755
512,-0.6261062100259968,-0.3842628956987308,1.2731767704853643,1.102700148098071,1.0059754400029446,-4.650509905188061,0.6954015987154045
520,-1.1385404050957022,-1.1969769466718934,0.6334500070475881,0.2867220631551965,0.6942717648941471,-4.96547737356899,-0.4078007050027134
528,-1.5791685388975545,-1.6669803441717075,0.12754363851849315,-0.4476580596887145,0.20468496701161823,-5.169471901729365,-1.2955847779347884
536,-1.1940269586524805,-1.7028833809414061,-0.04381179129915559,-0.12616271357730446,0.18673342767748935,-4.870823829388455,-1.1470767630104017
544,-0.27523565263365185,-1.306318018480933,0.3968163761617916,1.1467630794954522,0.7856613823933297,-4.2963753634381066,-0.21033400671379543
552,0.17355235002564107,-0.7530848718134527,0.8537640646572027,1.432355237195934,1.0190310196302057,-4.190298197974716,0.6937695975959033
560,-0.020650513092587003,-0.41037415820953543,1.2813365004990431,0.38137561645173534,0.7840293623405882,-4.07442935607417,1.85409033380078
568,0.49831155427305907,0.4219234442616479,2.2980451227582956,0.5054042360496744,1.0712535819923716,-3.2943543178935397,3.5888596690146093
576,2.060093533230853,1.9445383991119005,3.5187482705483055,2.411528936041966,1.9835169966067125,-1.9822616553347034,4.8291462818759054
584,3.649618608400024,3.2598950176284864,4.125835986657918,4.412307084321435,2.5759171228535584,-0.766454458836786,4.714909313821414
592,3.9841697246982517,3.0265253044833424,3.5448595956439877,4.311125692212743,2.3245959422504727,-0.7028081223233795,3.521949428259248
600,2.2804075010828844,1.1987344120085508,2.2213432627161156,2.0900335664393137,1.6097990339630324,-2.2923334536172146,1.6321443292417694
608,0.42813736474756686,0.09553213072982826,1.8655768322189468,0.7469337116404366,1.8252173062970183,-3.9340811311187256,0.943458893834467
616,1.0384890327828498,0.9441493411881348,2.7174579525290565,2.13246456648969,3.280922088937251,-3.397167641699853,1.9063129801353715
624,2.719403717387047,1.9070033873435595,2.9247162799220265,3.90640049946254,3.670959613462109,-2.147089178846702,2.1282590239633272
632,3.5141662481346287,1.5708204487397655,1.971653979099713,4.15119405512896,2.355603023871307,-1.6313911393149942,0.8716527694558129
640,3.620243562784938,0.8723432071675531,1.020223645737806,3.821538895206753,1.1805946502952545,-1.5497933444596523,0.12421699475783565
648,3.205726629084322,0.28320719009745626,0.7427910755257797,3.309104758689845,0.6028821777232091,-1.688509658579103,0.7296726652197711
656,2.4077001166087473,-0.21453944438588032,0.9223061892511617,2.551877147148099,0.22426846153460994,-2.0654914839167935,1.7839162676919638
664,1.6341529445882836,-0.7090221828667292,1.211162483827021,1.6771486622580563,-0.10701863622099,-2.7770243224717372,2.544407833087768
672,1.5003324695639475,-0.9799268811334313,1.3335591443793264,1.5057932689044267,-0.09396301469516986,-3.3025141723757407,2.577046909692331
680,2.7373552735507225,-0.015440816678342587,1.762763652866243,2.5714605235136467,0.7154871979517646,-2.6301483032323114,2.4187472235900254
688,4.290977345083363,1.2215818742349118,2.2148154053213367,3.927616066805917,1.68486903260601,-1.3539585524487276,1.9389521272136618
696,3.8813565642787853,0.922933896560204,1.4885949904023241,3.669767095950933,1.4090685164564347,-1.571008787159197,0.6252274318046173
704,2.4387072092739706,-0.5213471243756396,0.014938724877068163,2.315243503640141,0.2732271096622778,-2.726433595563222,-0.5709962934862433
712,2.0535656400732867,-1.2247202173145109,-0.505655323973608,1.9268379544645413,-0.23431122334699306,-2.7166419380593085,-0.5987395721930183
720,2.6378059263884754,-0.759612762867326,0.2874753080342151,2.7672953162258027,0.5163886438734929,-1.8843444176321649,0.2857806138525721
728,3.700209203126473,0.5018892588591145,1.8639449054299435,3.511467330083588,1.901919220333995,-0.7223916233327592,1.7578049648603704
736,3.6675701128479044,0.9735245678961546,2.5950611420886003,2.954970318443096,2.435568840923083,-0.5102372541888804,2.671700389008986
744,2.1775943548633503,-0.28471359762266185,1.7562356578548564,1.3311739760421513,1.3813252312632702,-1.8876082762940976,2.4726017243115077
752,1.3681440757747678,-1.5168404136780163,0.8880351877859817,0.8105798823126837,0.19652514653912534,-2.808031514010548,2.107043602651331
760,2.4941937980676108,-1.0256216304536856,0.68404066085276,2.3266671496413953,-0.1331299302871953,-1.5416335183773104,2.252287654956271
768,3.840557567802221,-0.2292270309177997,0.5420604361802742,3.9210882397393814,0.012114228780182694,-0.22301317548455152,2.009126133717832
776,3.936843048764298,-0.3157207249988262,-0.0030127865831238157,4.446578168707196,0.15246238256067202,-0.4841260388358682,0.5354699412959196
784,4.0739272344908,-0.4348534492278534,-0.18415993789202473,5.065089371638602,0.5424999093645303,-1.065102375855004,-0.5644685121750396
792,4.300769094097936,-0.14436533024273288,0.08021690245397563,5.254396349555768,0.8019808557440791,-0.8806914046271895,-0.5122458663663707
800,3.412984909319501,-0.8379466839842667,-0.6949621749679425,3.7121978907159,-0.3860831262097097,-1.5742726978875397,-0.7374558016388122
808,2.1008923707032645,-2.363825553419632,-2.1539308720179813,2.0165954078079884,-2.1844986936288175,-2.81619119879482,-1.5697533934162213
816,1.4154709377102737,-3.235290077793922,-2.131083570373544,1.5400643224360164,-2.184498675221501,-3.282930643843041,-1.3624950141321481
824,0.7333132297946864,-3.1863314885696683,-1.0670482241460102,1.1647144403662604,-0.794072176745305,-3.7186629857075695,-0.11894446319449564
832,0.8198068334168979,-2.5629242805266808,-0.12051371445213456,1.2495761981916633,0.017009978293023663,-3.8231080802789634,0.9597784029480019
840,3.12086490281432,-0.5800976074186929,1.0675502960768222,3.0610474313141522,0.8085087411881027,-1.7994825314814695,2.417115159710338
848,5.93925301286295,1.484326784110447,2.226239070255831,5.003075054301394,1.4874024033883582,0.969946638902657,3.822229372693134
856,5.766265663969841,0.8968225700620608,1.129564710709843,4.0630683509877334,0.08881604148926259,0.8638696264829573,2.8414238510156116
864,3.572916577432759,-1.8252800858465799,-2.1066041717162496,1.917046183185877,-2.701828711490016,-1.291944363962741,-0.3425224168065982
872,3.0506907329232993,-3.165115933673144,-3.883804281534652,1.9921161916460908,-3.6581549570503817,-1.946358623648931,-2.2845501583018994
880,3.9743778440275332,-2.571084027369907,-3.4007452700472536,3.1475410330079794,-2.533737256738665,-1.4176049457618551,-2.2780224046893247
888,3.2693728484921327,-2.6804250569297716,-3.219598195698466,2.4637513825256887,-1.7928293148923786,-2.142193419867242,-2.1915287335736173
896,1.567242650539356,-3.7901551659762585,-3.495398819837636,1.120651591714152,-1.9902959672506584,-3.176853460848871,-2.0821876245993294
904,1.4644294752187323,-3.969670318094044,-2.5700797714259296,1.1794020365401099,-1.6361614524981014,-3.204596676269537,-0.8761720696523174
912,1.9148493359463794,-3.2026509850610445,-1.1453820276314317,1.5123211615360708,-0.7581690647685695,-3.1980689456222815,0.2515095352519697
920,1.1494619838724858,-2.7457033409185003,-0.7455528093139504,0.4646053761378676,-0.4986881050656291,-3.9047059291291015,0.36248249002306765
928,0.2274068337422685,-2.659209635442468,-1.080103800267116,-0.767521457272957,-0.9050451518521045,-4.413876132127656,0.4930390830695362
936,0.6256040376168567,-2.50906969443031,-1.0164575074053452,-0.4639776718832247,-1.2347002591819791,-4.004255201785542,1.0511680513013542
944,0.9601550354070253,-2.468270701810516,-1.2253479125273175,0.2606107769778405,-1.6410572900154468,-4.061373786790068,0.7655757295127907
