-240,-0.8493586261130849,-0.7432401291427728,-0.4794095121355551,-0.6439225026740932,-0.4738983812593143,-0.6889496198142875,-0.6412256223575503
-232,-0.10699796332132977,-0.2722145261483885,0.3513637215768194,0.29965294522193187,0.6083933734606609,-0.019757999634702362,-0.13666423298072108
-224,0.9295630907027377,0.2506390338604566,0.8422059205093834,1.1075608530668315,1.0717971374675164,0.7927229966360535,0.24442437198564157
-216,0.8594428351682722,0.3817335396866525,0.5312375612525444,0.5740367611484415,0.44223870343307486,0.6662015908618955,0.22613215272016476
-208,0.08507072271201341,0.2719800202262573,0.346790660988297,-0.14545860705190253,0.039809124873335565,0.03511879243592749,0.2764358272176119
-200,-0.22132456465762043,0.31161325582360555,0.7050139648132875,-0.0006449332150580978,0.378215835216382,-0.26822777040812895,0.5630144893379908
-192,-0.13291200028696196,0.268931337456681,0.6592833551618374,0.0024037931117583816,0.47577452616780275,-0.12493845572284192,0.500515950306784
-184,0.062205406996978206,0.2765531107808511,0.33459583886553435,-0.15765344685955962,0.08249101867790658,0.16926197104300866,0.1468656956078839
-176,0.28323680605181983,0.7170915487564828,0.5617246563504632,0.05423185361560301,0.13279472084893876,0.5930325182836538,0.4303956240327401
-168,0.3670763111439483,0.8146502434741314,0.7339767251582541,0.28288502550336747,0.4193733719981331,0.49852260016377264,0.8937994219356433
-160,-0.13900938989722092,0.01893715627825266,-0.020578798892280262,-0.23539548374189706,-0.04860347093713561,-0.1279871537210774,0.29625245344936124
-152,-0.7944818487798674,-0.9231139426186539,-0.9428132872773446,-0.88324621695134,-0.7391360761725289,-0.7910813890391253,-0.7799418733430838
-144,-0.8539316867016074,-0.7783002648518329,-0.6653807826862936,-0.6744096698215825,-0.265061810058451,-0.7743135030528601,-0.8576839608238702
-136,-0.2960179829599992,0.13478810808740221,0.3894726152162581,0.06642669129452282,0.7623531606145968,-0.19810742759543384,-0.06654394486019992
-128,0.02409655101981484,0.17747003988174703,0.4108135590073121,0.09996250404056012,0.5626627164857426,0.14029924197410606,0.20326683356640002
-120,-0.24418989805755037,-0.30422597794162953,-0.058687638003294046,-0.4045988416152794,-0.09890715886200294,-0.08225650149488076,-0.12599374708465264
-112,-0.01553669374747875,0.04942428559971797,0.276670348141673,-0.20185970833063727,0.16785489733150627,-0.0045144362839619635,0.139243937184875
-104,0.31067516974670256,0.23996859790784072,0.4641659485328932,0.23867876435978777,0.4391900108385569,0.21651697537955453,0.2794845217771181
-96,0.11860649910576755,-0.1380713557287585,-0.025151857352065318,0.05575618050860235,0.3263877598113763,0.03816749632912793,-0.11837202141144876
-88,0.09574119468941497,-0.21428904033699778,0.09374779360156288,0.05880490929165436,0.47577451044789626,0.08389812251922957,-0.33483030551309234
-80,-0.16644779207312432,-0.24934925169810743,-0.1257592538341767,-0.06771651875237136,-0.013543319344420043,-0.2072535803760396,-0.46592480757306015
-72,-0.7091180190872257,-0.9017729801602111,-0.9138505511672339,-0.6256303051872366,-0.9037663778786124,-0.829190207681511,-0.625982066539265
-64,-0.25333597158362875,-0.7676297992606435,-0.32087663966699465,-0.11497151310022669,-0.30469502060219883,-0.487734855997391,-0.05892217382851631
-56,0.6231678781664083,0.13326372551973445,0.6455641473601759,1.1090851778310935,0.6617457590562655,0.4375483629719644,0.4182008295835628
-48,0.5606693145728476,0.11344712810781378,-0.02362748755682134,0.8362257200736466,0.17852535391649954,0.35370889619710794,0.008149433651166039
-40,0.10183858806590185,-0.39873597285980295,-0.926045385079926,0.22648390686723627,-0.6751131645623447,-0.13103585417554822,-0.572629664896256
-32,0.22683567906448826,-0.011549897227414247,-0.6470884835112931,0.21581343718232082,-0.5958467216962292,0.11590957054624289,-0.3348303259817201
-24,0.3259187335886899,0.4670974175215071,-0.17911166759461358,0.32404260109363725,-0.39310759021282654,0.4405970843863105,0.2611922941604412
-16,0.2436036022217822,0.4533782522945915,-0.2736216426991551,0.09538943035211608,-0.6141389964726248,0.4390727309659691,0.17277971668986067
-8,0.3975633906857099,0.2384442549674367,-0.49922613787605746,-0.15460475049881428,-0.4510330594855652,0.4649867723528251,-0.24794213664627435
0,0.5789615954079577,-0.04508570424223581,-0.5037992053420385,-0.1256420076749935,-0.2757322640234598,0.5991299740485186,-0.27233181446034926
8,0.5682911378404697,0.08448441836129598,-0.30106003619636,-0.05704602303136124,-0.3138411399780041,0.7408949471033941,0.002052047643385424
16,0.41433129026314447,0.2674069521052799,-0.18520905376614297,-0.17137260668275706,-0.6979784789673877,0.7195539682700485,0.17430407747890828
24,0.985964256662337,0.6210572190853567,-0.03429798917279653,0.41702818593430674,-0.5714570727019823,1.2134448373635134,0.3557022537088253
32,2.947808600231589,2.354248335092177,0.9123262068286649,2.7645342219132845,0.713573816940125,2.9816961617839617,1.1727563048368876
40,5.377629654590648,5.5995992035845115,2.6897236311387838,5.378802262341077,2.652552843811849,5.467918415671169,2.5370536407838413
48,6.373033255181216,7.329741571322147,3.7079924686811077,6.0662861684319935,3.824781474239324,6.566978019042632,3.2885604329400917
56,4.6611830801817185,5.16973120942145,2.6866748748458953,4.147123813969244,2.98181339613432,4.676778386116331,2.4242513789492244
64,1.4935743081763648,2.139314379357275,1.1013461616227207,1.3240192142942648,1.2120377610320263,1.3186253173590117,1.2062921157816862
72,-0.8371637923641418,0.9411716772493728,0.6105040172185822,-0.7506273329787,0.2638892142302086,-0.8230928208549851,0.7535588109798079
80,-2.451455310963264,-0.839274456685162,-0.025151845725884584,-2.6133886185850215,-0.5653596292182947,-2.3306794714872243,0.38771372924567493
88,-4.5337236150217475,-3.9809691648700447,-1.770537818734009,-4.715473548875256,-1.9601440502744758,-4.4312400508133525,-0.8378673437620663
96,-5.737963702809932,-5.412338090448035,-2.7385029621290027,-6.024894100120284,-2.7650032704373286,-5.540970189533089,-1.882050211556312
104,-5.196817827414932,-4.47333565679956,-2.415339776491927,-5.973066039616439,-2.3823902683296345,-4.527274409140556,-1.5848010987459051
112,-4.055076237065703,-3.622745881513682,-1.811695398418004,-5.24899766519225,-2.0226426050255886,-3.3611431560421634,-0.8561595903736299
120,-2.9743088408422897,-3.008430984466386,-1.4336554562438373,-3.7871416281414367,-1.853439259105886,-2.8017050679316484,-0.5954949716050949
128,-0.9911235916355053,-1.0145751997475796,-0.35898550301286414,-1.4868905714454024,-1.0211416724644173,-1.0563190954147714,-0.031483790811248843
136,1.4615628498331639,1.9640135796376943,1.1013461771788784,0.6517788003232652,0.2486456698743547,1.5518515344428894,1.0965385830576195
144,2.842628114832374,3.6636689118820533,1.775110852870766,1.644133658539614,0.9955794187994801,3.1204123523461056,1.704756055616113
152,3.6337681224448444,4.39535904849548,2.3497925554217165,2.545027162523866,1.6434301213878546,3.5502803889201653,2.2718159329344534
160,4.572770530057226,5.503564835104867,3.5265942279340754,4.023651144183094,2.6906616858703445,4.294165392687335,3.2961822002055476
168,4.514845077323138,6.0904413375087145,3.5829953883262085,4.163891721734128,2.818707486329598,4.451173926145468,3.2535002562937754
176,3.6627307989503106,5.819106274600112,2.8939870831289753,3.2706199542305163,2.164759370714854,3.7941770977950755,2.521810112475392
184,4.0422951349908285,6.282510008804644,3.2842218993343453,3.6669521264775957,2.506214772997422,4.079231411898832,3.146795474295131
192,4.828862089219733,7.105661484094012,3.6897001934134654,4.346814281350459,3.048885006561483,4.6508643671630905,3.8586690305265368
200,3.812117538288148,6.195621790158124,2.5616778414869654,3.171536930982379,1.9848855244891679,3.711861984931808,2.7550363500278987
208,2.3030066200400543,4.986808699912321,1.7613917262886196,1.7782768707152454,1.0763702060797409,2.521341073505474,1.7809737929515388
216,2.748118105668036,5.622464522902026,2.4580217137655658,2.3666777186794796,1.8187308526603425,2.852125989073229,2.5340049380368836
224,3.315177990191333,5.88617782051016,2.3833283642377774,2.836178921912549,1.6952581606043258,3.0472433552561635,2.6894890813948935
232,2.5270867107069197,4.428894900377534,0.8894608726099901,1.6639502485828288,0.00017586946235509688,1.9847682498565498,1.4882977092898408
240,1.9142961682262096,3.6773880915188832,0.5861143390770088,1.1502427989435915,-0.21628246179900737,1.3933187096252948,1.1392204963483246
248,2.2130696713004894,3.92890663659759,1.5464577355114264,1.622792655143915,0.954421849104175,1.6052039876668405,1.8953003623567697
256,1.8533219912940437,3.4472105732519847,1.409265807161418,1.2843859533158182,1.094662454656293,1.096069531970274,1.6818907446497993
264,1.005780890754039,2.2810793376747376,0.6684294758476348,0.2402031464362086,0.7349147717023641,0.051886662211039505,0.8511175007849854
272,0.6079243035169851,1.52347511185974,0.3955700035165248,-0.25826082254554494,0.745585246136001,-0.4587720956524248,0.4136277380464748
280,0.2527497202875952,0.8588565388412572,-0.009908286468869956,-0.39087966770966576,0.3096198587602008,-0.6386459510480561,0.08436713594430006
288,-0.2838230819102068,0.2079571508633216,-0.6714781752440351,-0.9000140960601462,-0.4586548472196497,-0.8215684715283699,-0.11227459544890624
296,-0.6618630185169077,-0.02222039524091051,-0.6989165561325653,-1.1743979154253854,-0.7894397539449568,-1.173694410960451,0.14686569347914655
304,-0.9103328200751505,-0.4017846744605172,-0.7903778324201263,-1.0936071296188656,-1.132419553205107,-1.7224620379009983,-0.2890996862004494
312,-1.1572782408669653,-0.9017729768852308,-1.3452428789370054,-1.246042619027128,-1.6796628319652827,-2.074587930173361,-0.9110363824442597
320,-1.1008771810167335,-0.9627471472674377,-1.1425037448336188,-1.5219507564429196,-1.5592388225150933,-1.8261181536687185,-0.4720222597354464
328,-1.0261837576381352,-0.9490279607531492,-0.8208649347230025,-1.6210337791998102,-1.1187003368884956,-1.6401468775505148,0.03253911261148403
336,-0.992647950623313,-1.4093830234867892,-1.426033689960875,-1.5554865708264476,-1.4738749484464668,-1.7620952129112095,-0.5360451518594966
344,-1.00636713075139,-1.746265402024365,-1.9991910019204562,-1.4579278900274668,-2.1674562703474836,-1.8992871479749276,-1.4293169023332113
352,-1.265507394625842,-1.7355949325031987,-1.967179537027293,-1.582924969399872,-2.0698976263920335,-2.1126968005604394,-1.4628527288341664
360,-1.2152037188184028,-1.8636406962826706,-1.634870268202947,-1.5829249063564979,-1.641553949788276,-2.112696764044407,-0.9049389576279607
368,-0.6191810675639269,-1.680718134373854,-1.287317411138008,-1.172873565935021,-1.3747919273270666,-1.5593560549004637,-0.3348303164842769
376,-0.32650501992701436,-1.6029760742391552,-1.0434207078305626,-0.9701343902393814,-1.4311930318807813,-1.0258320212767278,-0.13361553956745836
384,-0.4225393371532149,-1.659377168640431,-1.2629277513363257,-1.3512230382717374,-1.5638118799923844,-1.0273563665096181,-0.4461082352147401
392,-0.28839613742250936,-1.4520649660885685,-1.3330480496092865,-1.3176872414093554,-1.486069793166594,-0.9496142271203911,-0.4704978838814889
400,0.05153488769610895,-1.1822542014168866,-0.9870195441634496,-0.9213550919233898,-1.205588541125103,-0.6294997830387908,-0.0589221458274331
408,0.26342013478908943,-1.0587814839797716,-0.6150770602103822,-0.6103867387252647,-0.9952276328788005,-0.4145657575468039,0.2886306508141157
416,0.10793603040334666,-1.35145758925634,-0.8513520103347875,-0.8481860589724121,-1.3382074244427464,-0.6386458732672696,-0.14276164535209476
424,-0.29449355781758496,-1.8682137619474126,-1.5876152601001734,-1.2125068157785344,-2.053129685386096,-0.8322389539857089,-0.9552426737176598
432,-0.13748507741413551,-1.7798011915180407,-1.642492041363368,-1.1271429385986758,-2.155261445277239,-0.544135942047467,-0.9948758577340657
440,0.3503084511937776,-1.0968903645192887,-0.9245210378820472,-0.7491029713709075,-1.5318004761776072,0.00615604257089838,-0.17629745498690086
448,0.8884055675121554,-0.6914120481703009,-0.2903895406390988,-0.197286656748311,-0.6598696249552128,0.46651112266193506,0.48222370467771447
456,1.4356488292424334,-0.4536127379118443,-0.05106586779035518,0.5039164527230411,-0.24219647092730537,0.7332731755804628,0.3419830693232741
464,1.2786403252591252,-0.5542201127790846,-0.25075632338164044,0.22038646272855172,-0.7132220699917133,0.4497432609105249,-0.16562698317324828
472,0.27713936076689294,-1.3667011249334957,-0.8025726543791389,-1.128667297913982,-1.5653362350502158,-0.07768347185492427,-0.45220563661492924
480,0.21921391458276598,-1.3804203204539813,-0.848303307096583,-1.261286136691891,-1.5683849569558088,0.0625571345159389,-0.16562699332568798
488,1.3899181544188721,-0.14416876171391987,0.11813749417675232,0.1990455105862978,-0.43426516285561323,0.8658919933984969,0.7261204222313244
496,2.2252645124181387,0.7811144462842511,0.8955583159299292,0.9978073236177456,0.2151098571283173,1.5183157164568835,1.2687906476079358
504,1.6048521766358788,-0.1609366653850798,0.08612602420736955,0.006976814236765907,-0.4556061272790453,1.012230065850413,0.5218569157127092
512,0.4493915022792501,-1.264569387639718,-0.7827560674471565,-0.8969653816870083,-1.1171760057380216,0.14639664255554977,-0.22050374429531214
520,0.4493914593770055,-0.8895781518149862,-0.31477922090940896,-0.5738021917924578,-0.7696231499830751,0.01682653141444944,-0.000996696204576733
528,0.9981590846800643,-0.4658075878719409,-0.11661313625961049,-0.0738139031226618,-0.6934054191976105,0.40553692083991577,0.04016091328174114
536,1.1551676258344021,-0.8164091493213268,-0.7309279750122525,-0.22015200406690835,-1.124797774477219,0.7088835043163493,-0.36989049116560496
544,1.2664454867614596,-0.5831828862239726,-0.5419080683604095,-0.1058253719458014,-0.9433995959548157,0.7515654143320739,-0.35769566232913214
552,1.376199069756476,0.11802020703622677,0.1288079712303735,0.12892523867692965,-0.39920501421038007,0.5671185384664311,0.15753615628660275
560,1.5103421989113524,0.41679370044931363,0.2248422823978599,0.13807135133902484,-0.40072935715078395,0.7104078290806116,0.5279543467514715
568,1.9585024722720346,0.45490255347899455,0.0495415200130576,0.46885629883783897,-0.5851762837786244,1.4481954528987153,0.4334443374233837
576,2.161241594749241,0.5311203178330087,0.13795409453615531,0.8316526832287329,-0.262013072596701,1.6463615377122633,0.13771954855849372
584,2.034720220742393,0.6332520847653597,0.18368474332362225,0.6624493312503157,-0.2970732525179979,1.426854506978924,0.24594875471705832
592,2.0865482460401976,0.6896531898103219,0.19740390838678856,0.5831828744655331,-0.7086489884433161,1.4741095291641133,0.8297765204778988
600,2.065207251650695,0.8390399352068736,0.49160433793637276,0.824030888125943,-0.47999578085826405,1.7561150586463994,0.9669684344179932
608,1.7176544582841264,0.630203324378746,0.8757417199917495,0.8209821694953304,0.2821814904803457,1.7378228223510246,0.7840458818428714
616,1.5423536369496753,0.09058180486032359,0.6806243158190409,0.6395839908091777,0.1952932875537308,1.292711287434587,0.4563096631271097
624,1.6780212369329428,-0.05270751146245378,0.19283084616077628,0.8850050763567923,-0.4068267824583304,1.2149691991350557,0.3053985551402716
632,2.112462238957342,0.31618630314845714,0.42148400200113656,1.3712741754010687,-0.4617035498028576,1.5106939799762436,0.7124011900310584
640,2.3106283545557065,0.7521516969104691,1.0083605494359644,1.5862081637220273,0.09163715115363369,1.8369058537866136,1.1407448535348936
648,2.380748654793656,0.9579395932017095,1.188234384854215,1.6182195899704206,0.40260549616430746,1.993914389045986,1.0218452148624424
656,2.1947773634467915,0.7064210712116145,0.584589980416699,1.3621280781313816,0.08249104012902857,1.7195305798331864,0.3221664658526395
664,1.7085083146734656,0.0768626343934395,-0.08002859129179157,0.7874463965403058,-0.2772566500298573,1.1768603480703625,-0.2799535977732096
672,1.6018035285810952,-0.275263241340272,-0.061736370552573736,0.949027948994709,-0.025738133115981998,0.9786942465544148,-0.17324876697735564
680,1.9767946666476588,-0.11977911861463823,0.02667621936293235,1.5602941298676263,-0.12024810887551997,1.2332614544253173,0.06759927075416071
688,2.397516568289756,0.16222649323340688,-0.09984524634336894,1.485600767076167,-0.5074341476643783,1.8597711876777896,0.06912359748341114
696,2.5850121451011168,0.4244154596910673,0.07240685783421083,1.2737154413836547,-0.27573228858581367,2.4298798153940546,0.21393729948508763
704,2.632267132407764,0.4853896616768351,0.3955700139964626,1.2386553001071274,0.39650805431810954,2.4786591335236783,0.5477709515320984
712,2.906651007938919,0.6774583205278408,0.8193405551783938,1.5069417308446018,0.7669262418354957,2.496951358356622,0.9928824748223549
720,3.6276706959910547,1.2856757914488433,1.26597646742253,2.4215544408292766,0.8111325170614916,3.1859596435764743,1.4395183618491418
728,3.934065922446052,1.4320138321334495,1.0922000221057855,2.7355715123305155,0.40717855527908836,3.4801600497099487,1.3068995086613184
736,3.4721865203744855,0.8268450773868238,0.31477920985005214,2.2950330311251412,-0.17664924748903202,3.10974190443981,0.5081377560532607
744,3.793825373387346,0.9411717029579696,0.18368471041006862,2.4276519034716006,0.12364861293556527,3.277420905290372,0.20783988596747116
752,4.3807018757911935,1.5295725021249948,0.6257475253859016,3.017577125652301,0.8660092776923086,3.594486626811382,0.3419830568783484
760,4.359360885986663,1.534145577123431,1.0083605217623792,3.092270431131602,1.0062498663782766,3.631071233348835,0.7672779706392565
768,4.214547161223873,1.4685983482814404,1.0647616320473101,2.9337376274376328,0.6968059278426288,3.960331744242803,1.2962290109753207
776,4.290764952432727,1.5295725555071766,0.5983091785571681,2.8438006890142558,0.24254826929291123,4.027403338786312,1.1407448746585178
784,4.278570020270621,1.3496987158314517,0.33764453932000543,2.7889239246172104,0.2501700596469798,3.6950940876468614,0.6194156009329141
792,4.447773480159644,1.1652517919873446,0.5312375642000269,3.1883047991199995,1.053504870059827,3.8932601488805503,0.7383152505765499
800,4.952334824177994,1.3923806097997717,0.7720856009490495,3.657805974515735,1.1754532619139348,4.531964671178481,0.9593466818899494
808,5.133732906907219,1.7612744118020078,0.7324523630592144,3.618172775761917,0.734914797247212,4.804824175276902,0.759656200262569
816,4.642890822271473,1.7079220244051636,0.6318449746008054,3.125806253047585,0.6297343165967187,4.292641017324625,0.3983842030243158
824,4.1291833356249565,1.4396356326399569,0.8574494177055176,2.785875196161656,0.6968059178539385,3.8277128815575385,0.5325274057025036
832,4.181011331611686,1.3679909455768655,1.014457962953581,2.8910556841808552,0.6419291613168466,3.9359420682299677,0.976114563782489
840,4.586489700196612,1.6438991389948239,0.944337631439568,3.1349523901082845,0.455957895023583,4.431357314814881,1.2276330890475644
848,4.767887922767503,1.9594404918668338,0.979397820203312,3.2081213912919515,0.7074764017850187,4.638669480850711,1.1346474416547674
856,4.891360632672163,2.0752914852682354,0.9443376771255457,3.320923701923777,1.1342956853411703,4.467941820646684,0.7550831793013107
864,4.586489665154321,1.6423747770595327,0.5434324095751507,3.2629981777951147,1.0291152261417997,4.120388931323187,0.21393728966014638
872,4.31058154624217,1.0204381129105313,0.10441830307749073,3.1059896312370596,0.5870523949548135,3.864297384114359,0.03406348109673568
880,4.342592990994203,1.163727440531992,0.1806360251842569,3.0663564403431947,0.22578036562175155,3.751495172223195,0.5066133654618908
888,4.4020427996048666,1.602741532947235,0.22484230237524105,3.1883048225361104,-0.0013484824842450549,3.6173520196522087,0.5447222438726703
896,4.036197731298154,1.4533547873869348,0.043444119431613804,3.01757713924347,-0.11719940203483685,3.5579021378457294,0.17125537260321363
904,3.737424169437974,1.131715995288712,0.22484230352148432,2.5816116817830883,0.2593161719815772,3.4725383002931354,0.2261321155491363
912,3.7374242089014897,1.3832344658616134,0.3848995138542289,2.3880186799916796,0.7074764109549637,3.498452293865277,0.5188082172232266
920,3.7191319961859732,1.5493891599603058,0.2522806675438645,2.4825286596811935,0.6525996198668281,3.53656121697954,0.4090546641942817
928,3.514868476731185,1.4198190132856676,0.34679066180704216,2.2980817253571493,0.39193498013841827,3.487781789793066,0.2703383994538304
936,3.27249612176786,1.707922029317635,0.6364179914683379,2.0130274218970805,0.5748575600596272,3.2088249732101772,0.5995990063047267
944,3.242008957567853,2.122546438187588,0.8269623042677077,2.3224714239673503,0.7745480143409208,3.1874840058392633,0.8800802373863434
