-240,0.5238820833255008,-0.05810912982996571,0.3964148180851017,0.6197235754331137,-0.1864762985742235,0.8964490868890033,0.41467034113804885
-232,0.3550827968192387,-0.3940364728035252,-0.14340871904628813,0.06987234406635877,-0.4004001736820462,0.5020269011807619,-0.1401947008116141
-224,0.23140805079994423,-0.08652092450824003,0.07887157609304767,0.004692453169458006,0.13440951031733708,0.5070407117636698,-0.038246574558738894
-216,0.39519351218120147,0.5970327262874549,0.6805324874908093,0.7484121162364943,0.6357935757701656,0.5688781034446512,0.5333312293575028
-208,0.5773630718509835,0.9480016336839331,0.8777435600578071,1.4670627019726314,0.577298782227269,0.5738919646556008,0.7589540856513189
-200,0.36511046825403193,0.5117974411747985,0.5251034149024858,1.0609416180222093,0.3500046838658403,0.7995147760664013,0.5634142996758856
-192,0.29491666839065306,0.012084638615301981,0.3746881810836046,0.641450217461509,0.39011538612196245,0.7326635592604147,0.17734853130617653
-184,0.8297263924256865,0.48338569120000763,0.9412522264812367,0.9071837765500432,0.8146205723106136,0.497013060795532,0.40965652804169206
-176,1.2492177689290909,1.0950742487185423,1.2571241606969437,1.1160938125293598,1.0820254147591355,0.22292310591231243,0.849203256929882
-168,1.0386364564120052,1.0934030023421597,0.9195255584206927,0.7784952120484302,0.7394129993865289,0.2530061261412501,0.8007360922726798
-160,1.1539548375161297,1.0750189182366678,0.7373559912105639,0.5278031694477526,0.4452676495694254,0.7811306515661957,0.6202378143470967
-152,1.3578509586044105,1.1652680559427355,0.7991933660155326,0.5779415686322207,0.6926171245524684,0.9215182369303875,0.5634142998554181
-144,1.0503353456775826,0.6772542035101853,0.3395913073635963,0.648135330434802,0.578970055712993,0.27139019732043324,0.3662032166960287
-136,0.6392004567097471,0.2076244100486382,-0.08825642741229156,0.6715333037582452,0.059201896998537604,0.0825355354492812,-0.0215338104377751
-128,0.961757532623877,0.4750292903784253,0.008677800286965154,0.9907477942810664,-0.0293759580656704,1.0418504072531045,0.2809679382260582
-120,1.3494945766336943,0.7407628557505821,0.394743558782411,1.122778983132446,0.22465864209884603,1.2607881547028645,0.6804039113575711
-112,0.7043803775885018,0.520153871080575,0.35463283103273574,0.4158273925858034,0.12605310375072878,0.04075353080277308,0.32776377571744986
-104,-0.2967165464378265,0.12573171679044462,0.19251864600971524,-0.5351310708560911,0.002378383943115415,-0.8149419848887428,0.07874300408904697
-96,-0.7061802051871657,-0.24362122372441863,0.1524078918688269,-0.9863767717741395,0.17619148767497175,-0.7648035866019347,0.2592412929660862
-88,-0.9318030490932694,-0.7901298948343535,-0.2119311982070106,-1.2103283113150045,-0.10458355720143712,-0.8149420073302506,-0.24381408546951966
-80,-1.1674535963908739,-1.1093444541179545,-0.7784952190087502,-1.0716120525780268,-0.5742133377366755,-0.9085336945212141,-0.5179040432252521
-72,-1.0103532840688547,-0.6848392471035836,-0.7634537109589004,-0.5969684485335721,-0.4956631702651462,-0.8249696802013002,-0.651606473246584
-64,-1.1373705127871183,-0.534424018491132,-0.613038487193814,-1.0331726336818916,-0.2633552074611906,-1.0255232959695724,-0.8220770885344449
-56,-1.2476750251399469,-0.728292538880252,-0.5796128458466876,-1.4894321338723278,-0.22825830878622566,-0.7330492431568922,-0.6867033755121901
-48,-0.8164847126926288,-0.7851160508584822,-0.5461872716445523,-1.0833110420224952,-0.21488808625074754,0.18949743817397244,-0.6666479856052038
-40,-0.6944812218467874,-0.9956973642732277,-1.0776543948485184,-1.021473688761375,-0.7847946658730514,-0.5709350642379617,-0.7853088973433578
-32,-1.0370937356029652,-0.8887354608304084,-0.8871284189173969,-1.0281587608013583,-0.8616735803255118,-0.8232983828378122,-0.6382362411959067
-24,-1.3462805514594156,-0.6998807589236071,-0.5211180573306888,-0.8794148203962596,-0.71961474535336,-0.8349973141138923,-0.37250265840913976
-16,-1.1440556623849525,-0.8035001423247884,-0.6999450280185205,-0.3897297363089565,-0.7931510647197806,-0.45060287075560834,-0.5697137124843348
-8,-0.035996808524591334,-0.8670088231107829,-1.107737434825983,0.3991145900449785,-1.189244500933642,0.8981203795846574,-0.7602396756686801
0,0.6609270628317294,-0.7583755810121012,-1.2397685843598407,0.694931176902797,-1.4148673509438359,1.3476947357427527,-0.48614971755388375
8,0.7010378422866383,-0.058109119776170295,-0.6748758194496834,0.8186059460817275,-0.8098638532571045,0.9365597819638424,0.12553884570967616
16,1.1723388273672888,0.6388147698924209,-0.004692414528634132,1.682657831176715,-0.10124101723174023,1.486410982989679,0.374559611413521
24,1.926086265279586,0.849396086538744,-0.024747787918670924,2.4949000716085123,-0.1597358053886748,2.484165303312429,-0.13183828652512694
32,2.4592246655599186,1.1752957307886376,-0.0615159730056681,2.822471015735342,-0.07450053320232644,2.5627154973547035,0.05033124316280047
40,3.0224461296954797,2.0477040450712716,0.5568577384194696,3.3439104770197154,0.6190807787948344,2.7498988966915876,0.9110406295804655
48,3.5104600038514078,2.5741573248379637,0.7657677814005373,4.144453757450301,0.8513887678104715,3.3147916138462175,1.328860695614541
56,3.2998786676360905,2.356890897552265,0.7156293491821695,3.5979450276333815,0.7310565373445135,3.2161860929127104,1.5210579085863778
64,0.9417021468461279,0.9480016044202068,0.4966916406908666,0.49939141929342984,0.4937347810131957,1.102016494389316,1.0781686494232219
72,-3.838159468698214,-2.548316763170182,-0.9857339935309912,-4.255401047466254,-0.7563828877117259,-3.1614195682985344,-0.7786237570811908
80,-8.681529775441414,-6.619555575004931,-3.410761701324618,-7.815228072323933,-2.7953448519110684,-7.79086595558949,-2.9913988623550587
88,-10.653640464127788,-8.63846214929728,-4.604055813188294,-8.784570574270175,-3.8482514566865307,-9.971886724958662,-3.9456999144198397
96,-9.971758164375666,-8.556569428211619,-4.38846064825733,-8.46368479392421,-3.6460265202156017,-9.490557930024,-3.536236254054712
104,-9.104363664625641,-7.6590919032057645,-3.348924331546548,-8.293214278994775,-2.828770462199148,-8.534585677543044,-2.491686074696723
112,-8.063156006925079,-6.260230247756473,-2.182370652007051,-7.857010072302607,-1.86109917539071,-7.520118530442641,-1.4688625397010466
120,-6.341737361557511,-4.899808140825464,-1.9366924704377904,-6.249238389132474,-1.948005752839956,-6.208163465907498,-1.350201628142424
128,-4.961259797035931,-4.042441360445295,-2.5132841739848435,-4.808594813775807,-2.656628570912115,-5.54299394230499,-2.0354265745062867
136,-3.368529696960047,-2.665306368568245,-1.9266647871538813,-3.3395394318917484,-1.886168379471246,-4.4115371357673725,-1.5891947136144045
144,-0.1346023524382029,0.3162576605853271,0.06884391130094082,-0.6253802466229559,-0.031047251299921277,-1.204350321055619,0.12888140650509264
152,2.978992842227581,2.8816729309425724,1.7367816202073219,1.9868308658935165,1.0753403048378871,2.1733071909901502,1.851971414406284
160,3.552241972052909,3.306178116233564,2.0325982336358854,2.6653706648139295,1.4781188500753364,3.104210259139096,2.1227188108280037
168,2.3840170849159543,2.2950535058712824,1.7852487730154076,2.0185852073637065,1.411267644400338,2.106455998780057,1.5594973527965332
176,1.844193499310907,1.5229220299932342,1.350715888103089,1.5990938375029877,0.9934475701077878,1.0318227401270814,0.9661928357571999
184,2.153380349457983,1.4109462418207646,0.9345671113535585,1.5188723538171036,0.565599830843598,0.7894871121719553,0.8425181173858435
192,2.4475257637270977,1.5663753023804399,1.0849823369139653,1.7160834956834776,0.7093299078833624,1.4930960774711703,0.6653623598609619
200,2.995705661105824,2.1112126816923786,1.3824702074908353,2.7221942055172894,1.2123852845236476,2.539317530494415,0.9294246847812947
208,3.846387308584638,3.020389146412324,1.400854275797505,3.738332611920383,1.3661430676478932,2.952123773557871,0.8090925218193923
216,4.275906316666717,3.4365380070033273,1.1835878459983562,3.674823961475306,1.0820254287626367,2.7348573439382537,0.6536634373819532
224,4.352785243686423,3.5635552439800655,1.2136708831033074,3.602958892434973,1.1806309728557798,3.224542442029057,1.2954350894556972
232,4.493172774472868,3.7323546096599673,1.735110355159605,4.169522938730265,1.623520256973893,4.0300995680513045,1.8503001349960015
240,4.100421933883643,3.7039427875132875,1.9757747444582276,3.8352668780394996,1.6268627886851146,3.2930649861803873,1.9489056681376888
248,3.2915222386279743,3.319548349181903,1.761850842600128,2.623588673093731,1.2575098268059364,1.5465770545066013,1.541113279822029
256,3.1110239809895144,3.2827801766621505,1.7869200321385659,2.6737270352945943,1.3527728580387242,0.97499915400211,1.4709195271755822
264,3.580653709460454,3.4031123739146762,2.132875049419432,3.5127097775294787,1.820731316614582,1.9426705066988164,1.683172090018756
272,3.6792593136968383,3.0621711695506346,2.039283346250115,3.46758516558875,1.6469181827213384,2.35547672085761,1.4408364588320532
280,3.253082792263434,2.7947663034038803,1.4309373358825608,3.313827388389062,1.2107140431741632,1.8006117148143588,0.8909852236951252
288,3.7845499057726695,3.503389204958448,2.014214167304068,4.010751298883371,1.8006759667432437,1.9376566580551107,1.6413900591605675
296,4.8524980214704945,4.542925511974498,3.192466782607946,4.592356860948391,2.977257280374866,3.2161860938103697,2.605718838135548
304,4.830771463822169,4.517856373602696,3.097203748323113,4.353363744955962,2.828513336558658,3.4652068564621707,2.43691954157549
312,4.063653708401932,4.024828627463895,2.301674365548485,3.98066823556674,2.002900873770915,2.3671756835518005,1.7750925288584845
320,3.659203958260007,3.7457248124469196,2.1679719172148824,3.6397270676477067,1.8591707647744424,2.3638331200634033,1.9823312584977113
328,3.199601836592319,3.2493545683489224,1.9523767386394815,3.1884813864781867,1.7822918894599713,2.554359054163554,1.950576933903535
336,2.5076917973627535,2.417056970505442,1.4125532377735686,2.8040869111631963,1.3811845852129423,1.4930960911156075,1.4107534258563392
344,2.218560298523271,2.076115786787588,1.4727193823600393,2.7974018055507166,1.2424683209104705,1.1839092641281683,1.1316495982721189
352,2.1717644560049814,2.1463095886258197,1.883854291076402,2.6937824415389984,1.6268627727067608,1.7003348374513148,1.2436253763907923
360,1.55840456898672,1.686707478268651,1.6448612336114232,2.0469969436940607,1.5199008773428844,0.6273728784957456,1.0380578931279487
368,0.953401139701705,1.1234860008477177,1.161861199122596,1.0325298475807632,1.2057001719094187,-0.7547758826718384,0.673718798743342
376,1.0804184079170231,1.2622022866940372,1.1585186297096408,0.8052356910509465,1.2307693621659854,-0.4489315976289491,0.8391755555132347
384,1.5216364356049572,1.6382403777043952,1.379127620124674,1.2798792963521253,1.275893933352936,0.22459437060096518,0.9979471799203709
392,1.3829201382685856,1.467769797604818,1.4041968078677916,1.4653913652916213,1.307648261717285,0.14604416883881166,0.7589540922940056
400,0.6392004721495044,0.9229324055461003,1.1067089868417712,0.9205540581515701,1.3226897972355407,-0.3419697087282269,0.3494904137961395
408,0.15787174005106291,0.6287870411868994,0.6738473777490926,0.30385160495193064,1.0084891043693187,-0.6979523514836776,0.08041431545603613
416,0.41524887821042383,0.9463303382952978,0.9195255357996529,0.460951975262806,1.0435859964015972,-0.5609073691049363,0.44475339404182157
424,0.7946295260664925,1.6532819017325986,1.7250826517681042,0.9105263700202947,1.4764475640223684,-0.37205272177588167,1.367300131207158
432,1.1288855528256976,2.0911573456450117,2.259892330920122,1.0124744763451112,1.725468330085277,-0.16815652151396143,1.7867914621094183
440,1.118857841534787,1.8571780750647089,1.9390065760677122,0.8403325970867251,1.3511015612138317,-0.17651291299987645,1.248639221443856
448,1.0503353914582583,1.2605310699404455,1.2955636566123339,0.8269623508530145,0.7694960092026064,-0.4355613425981678,0.2308295058281583
456,1.0520066767930984,0.9078908623079666,0.7858231210385466,0.9071837925283963,0.41351331689630644,-0.8015717499655524,-0.1803054357425716
464,0.5222108026584947,0.5636071127677982,0.4766362827405871,0.46262322163918823,0.6073818340538498,-1.2745440663412504,-0.19033307827270252
472,0.07096512274569768,0.4499600722943885,0.518418280923941,0.11833948771830931,0.7427555368427768,-1.3714783394621177,-0.038246604181529066
480,0.5222108049924116,0.6454998591674821,0.7356847150318595,0.6698619882620186,0.7043160448770927,-0.9787274938459963,0.08208553544120513
488,1.05367793358234,0.9279462328254906,0.6337365991918438,1.1461769139067897,0.5422018790640027,-0.4639731288384351,-0.23044384085159816
496,0.7979720699858953,1.0365794912615902,0.6771899362105923,0.9372668597947347,0.6759043256022844,-0.6879246673021082,-0.10175523541667467
504,0.31330078122127486,0.7858874177813973,1.2036432010761227,0.5562149307330634,0.9867624695222057,-1.2862430143138124,0.3394627601350206
512,-0.09449164964348454,0.3028874308685665,1.0782971842640858,0.4007858389348095,1.030215741370816,-1.351422944528234,0.32274994520648326
520,-0.36691033517021737,0.1307455503534565,0.5083906051803784,0.10831180928176573,0.7076586374496842,-1.4416720895951163,-0.31233653734136857
528,-0.5758203056203313,0.025454877488197695,0.04043213529400078,-0.1858334891891679,0.1444371885743486,-2.121883186956209,-0.7552258553910408
536,-0.6092459422996246,-0.09989111347122259,-0.06485854690692507,-0.12566743957515764,-0.3536043313432887,-2.200433370047028,-0.7435268856950991
544,-0.31175805107656723,-0.19014028869949065,-0.1734917218606155,0.12669587938375654,-0.5290887672678534,-1.0505925429582708,-0.7268140917718133
552,0.07765021058450262,0.025454879283518344,-0.2436855231602508,0.38741565122855154,-0.3953863209091033,-0.017741280154733145,-0.7853088907006714
560,0.22305165051695777,0.29787358994474,-0.1718204639941813,0.6932599152661892,-0.1446943192417363,-0.2433641296263309,-0.9056410884917944
568,0.12778868732682158,0.396479115007485,-0.20357478769069698,0.8219484799473343,-0.36530329331935185,-0.8884782981510733,-0.9123262158276528
576,0.2748613375497148,0.5067836433386671,-0.18686199125396197,0.8069069742314015,-0.9301960594862345,-0.9285890508557054,-0.7334992002568054
584,0.8982488534536703,0.8493960364492987,0.282767776354968,1.3784848169265684,-0.5274174948593222,-0.1848692780945788,-0.22877255964599552
592,1.2107782640370979,0.8945206546736495,0.48165012653692674,1.8715125167460995,-0.10124104452061357,0.4117777482144695,-0.23044384677615617
600,1.407989335167839,0.9897836246860039,0.4515670996653032,2.0336266875860867,-0.13633790459618503,1.145469816147839,-0.3440908944308482
608,2.016335384493851,1.6633095776556932,0.7590826619640891,2.5149554421260363,0.1243818232632546,1.964397139212011,0.2124454534998419
616,2.2987817852611996,1.8872611376632134,1.1652037645858455,2.755619780617085,0.5539008634815732,1.8607777448593745,0.8258052949169593
624,2.0714876484799096,1.2521745741464014,0.6855463381093669,2.4447616397492085,0.2864960318049754,1.7738711718984286,0.2976807283791709
632,1.8876468338162062,0.8193130384823369,0.045445957007896436,2.5634225626183507,-0.3168361886258585,1.6852933712324354,-0.49116356691571705
640,1.899345764015094,1.1268286246588874,0.29613802222961405,2.86258174545987,-0.24831367912421726,1.2123209986632018,-0.22041615595190003
648,1.7389028612748683,1.2120638760195164,0.540144954370447,2.479858575048714,0.09597005353993678,0.9599577035820519,0.11718248761672478
656,1.2408613706209572,0.643828601660112,0.12399614243263225,2.0219277812649628,-0.18814759845116036,1.0552206231458967,-0.3073227421982178
664,1.2542315811277873,0.4215483244739826,-0.15176512291991562,2.28599000995611,-0.5675282111189448,1.4178884892868597,-0.5931116594165646
672,1.9544980411069939,0.8778078392065158,0.23597193347761433,2.7606336876087108,-0.2533275010176452,2.0011653436884713,-0.150222388763357
680,2.3021243307963917,1.265544855388864,0.45490963137652507,2.8792945348948544,-0.0778430873550563,2.2652276027205365,0.2141167255493092
688,2.0731589122709018,1.2321192318154115,0.3930722703955261,2.792387990479507,-0.14469428961894595,1.8975459884738237,0.21244545906533566
696,1.9511554458414215,1.2271054355950686,0.5986397559922861,2.667041950328302,0.26476939246956127,1.6769369316319274,0.13723781307170121
704,2.317165833998875,1.5028666415225038,0.5769131012171148,2.7806889832613644,0.461980439722538,2.233473224446274,0.1740059875663065
712,2.684847510004618,1.3892196017672223,0.24432831042143235,3.1801249967875918,0.13608079277966395,2.656307232480728,-0.11512549421762934
720,2.5929270896566927,1.0382507593613517,-0.039789337979023696,3.226920839305881,-0.35026177557477023,2.726500916545926,-0.3257068336645244
728,2.6380516138062426,1.0482784171517079,0.19586119441741934,2.8475401787030363,-0.21990192107048379,2.8668885372779345,0.16063574420510904
736,2.5812281334256557,1.4009185603321765,0.7791380199143687,2.6837547781831477,0.5388593195253106,2.6763625349556004,0.7155007807688101
744,2.1283111785908786,1.2672161495207748,0.7657677939677815,2.670384493170512,0.7360704138156882,1.5449057806618132,0.6469783118414152
752,1.45478526745216,0.7123510835138155,0.07385773355343261,2.3996370660488084,0.03914654964064983,0.43183314063490486,-0.3257068004510928
760,1.4247021348361513,0.4733579878085072,0.02037675579987381,2.1723429552996683,-0.13299533554229384,0.7510476157179689,-0.6566203238651417
768,2.0230205583285135,0.7725171634687441,0.6387504936162249,2.1255471174492127,0.48203581562602343,1.822338356663221,0.018576938137619334
776,2.3305360983653247,1.0449358707188567,0.7356847225722062,2.180699373715393,0.5171327010156158,1.987795042877014,0.3795734850121827
784,1.9645257006926713,0.7407628629318648,0.17079198441232543,2.4113360675219258,-0.05110261194318163,1.5415632432055646,-0.0967414217817217
792,1.4130031848887363,0.3145863635809031,-0.33894850017435585,2.267605955473409,-0.6093102242034601,0.9482587405287963,-0.8354472995798712
800,1.0770758900297697,0.0822784162167052,-0.17349174376352725,1.61413537876627,-0.6042964003351796,0.6591272323536477,-0.6683192704014475
808,1.3728924874799797,0.6521850161261313,0.5384736638291774,1.261495195191087,0.0475029231733588,1.352708546325661,0.24754234642978087
816,2.22858803656446,1.5262646004833818,1.0415290273636224,2.1222045466000004,0.70598735085812,2.447397134742381,0.8057499401982569
824,2.6564357740333295,1.5981296479798672,0.46493732040546043,3.1817962665031425,0.4001430606088006,2.5309611962792276,0.3578468379568901
832,2.597940881388734,1.1351850165038666,-0.12335334942642448,3.307142253871921,-0.22324446068111656,1.8691341586072643,-0.0783573421645318
840,2.531089713415468,0.9446590285440969,0.2426570231117401,2.9010211740507357,-0.02937597655747294,2.0178781171451012,0.03194717162455321
848,2.4993353782289,1.04326458915419,0.5802556498043511,3.0748343565971683,0.35501848583120915,2.3922449235387484,0.22748694808478703
856,2.6865188298096148,1.3206970816731896,0.520089589238885,3.462571390732723,0.39680049765899955,2.3504629293051,0.02024820282627193
864,3.0926399545138152,1.8103822413434911,0.8175774901566737,3.1116024906970603,0.8614164033388515,2.6111825946873823,0.4698225941726521
872,2.8085222768496325,1.7919981672917953,1.0381864484354675,2.586820454613769,1.0770115944814969,2.6395943742849637,1.0330440633351103
880,2.1634081054523766,1.100088104543529,0.4515670774033274,2.4581318631823477,0.3633748997586321,2.2501860801285893,0.606867581219227
888,2.546131230082858,0.8610950388200757,-0.14006616650934683,2.758962397606038,-0.3034659400582315,2.4290130529708067,0.1706634291048069
896,3.321605300508352,1.2571884617485642,0.11563975471689049,3.3773360837171547,-0.27004032510231785,2.759926608521095,0.5366738036178241
904,3.154477300234589,1.414288769761814,0.36800309557871674,3.4625713453111113,-0.1580645378275089,2.68806151757785,0.7957222761242783
912,3.0007194903600656,1.5580188722951314,0.46326603309576786,3.6079727489780895,0.2313437536358834,2.746556322790331,0.6085388547049506
920,3.4603215193892107,2.064416838096898,0.6705048015139191,4.059218475748755,1.061970082841006,3.0741272943855664,0.67873262763852
928,3.729397710726922,2.363576032069404,0.9863768001816365,4.176208099100023,1.4614060557929862,3.471891962613246,0.8893139679830755
936,3.8547437503395323,2.161351114269811,1.0214736652841054,4.045848202944299,1.2173991207796404,3.9465355429594666,0.9929333440234425
944,3.846387341618538,1.952441052617411,0.8510030821324833,4.174536808379223,0.881471784448767,3.645705072808256,0.6469783175864411
