-240,0.7443580810115678,0.46876528534369577,-0.19801721238357417,-0.12994680152489613,-0.5530866078643752,0.6364881355318743,0.366353185974213
-232,0.9085853878543717,0.40817658072889207,-0.370216691334568,-0.03109152650643377,-0.9963408717860915,1.2120808368230898,0.45883072923233176
-224,1.3917006524222073,0.703147984448257,-0.17888388607509367,1.0036998236869732,-0.44785361872717516,1.5612632050043076,0.7155355548405417
-216,1.6755109010848934,1.0172526103392519,0.2723425932880737,1.1392273471141472,0.5486713157263508,1.4911078588162554,0.8893294373146736
-208,0.9819296548171025,0.6250204522785202,0.1734873175845012,0.19372448340967394,1.033380934831898,1.0287202797191104,0.3822976240507802
-200,0.012510251665568684,-0.16422734760031274,0.09695419972839865,-0.3085240228554509,1.1657194806201916,0.48182741322683936,-0.0976287305328722
-192,-0.23303349578965546,-0.37309894359001144,0.4844030560999711,-0.09327476361649494,1.1705028316373325,0.3542722443186213,0.2515535723915362
-184,-0.022567428279566048,-0.2503270717464543,0.39670887756121015,-0.39302942380770234,0.5853433599720267,0.395727720767075,0.2977923090799414
-176,-0.0034341473596797827,-0.11161074932305602,0.02201548573798997,-1.0084831747304643,-0.07953806656925796,0.6619991571185445,0.22444811165596298
-168,0.4063368791913586,0.5803761006152596,0.7076246688302164,-0.9144112488450885,0.41154949531077695,1.226430823932592,0.9674570246358344
-160,1.0026573354920172,1.3536794428918661,1.4745501950778444,0.07573591548188613,1.1402084617739647,1.389063692140327,1.7710546773424414
-152,1.2258789362328228,1.5800898385182296,1.3804782443571992,1.236488095289516,0.9648200396109112,1.0191537100825026,1.5558053651786712
-144,0.9038020943865431,1.4987734383273508,1.109423464867365,1.719603329541196,0.5885323138033047,0.666782520296403,0.6868356205292447
-136,0.42547015497291324,1.2165575882207496,0.8893908332015537,1.2572158049103643,0.6204210459118812,0.16772277380490475,0.1176206004714459
-128,0.028454585776563235,0.515004025971489,0.31539247925438557,0.6274120485513847,0.5263490981029577,-0.32017571383561805,-0.48826652395050696
-120,-0.06721179672804277,-0.22481600066052448,-0.5583605886651922,0.5030457336195371,-0.3266761733579699,-0.4126532641161236,-0.9713817789267906
-112,0.24848725238302766,-0.3555600812657024,-0.6699713494704426,0.6656786299168167,-1.0393907866983367,0.413266497281249,-0.6732215635366509
-104,0.1544153078283806,-0.5660260633082119,-0.7050489818003723,0.6449508886095912,-1.4906172239271862,0.6795379786787572,-0.25547837823708425
-96,-0.8803760699407381,-1.39991813657639,-1.5134300226913835,0.09965251127931507,-2.203331854052769,-0.5784750104503861,-0.7784546157040502
-88,-1.6632459878486718,-2.0010219795199538,-2.093806116962782,-1.3736099177867729,-2.361181375867861,-1.6610996440435066,-1.6522076444010312
-80,-1.5627963574361101,-1.7379394111896274,-1.5851797074883203,-2.3254905545295173,-1.3550899014087714,-1.382072746397962,-1.7542517951481327
-72,-0.9696647011593418,-1.2532296422160798,-0.7130212087174307,-1.3799876279661232,-0.24217088185217803,-1.2481397177849483,-0.9012264740166679
-64,-0.520032643646028,-0.9040474701478459,-0.3989165662124976,-0.2989574345495717,0.1612223779978632,-1.1604455779549512,-0.08168437244299759
-56,-0.39566637256127557,-0.44644314187037837,-0.4897996590173847,-0.5094235368290376,-0.17201560503160057,-0.34568677276083065,0.010793185373727164
-48,-0.5088716014613627,-0.4273098671164903,-0.7209934238163271,-0.9973221085669192,-0.584975477851512,-0.12246522545867178,-0.3654946843071599
-40,-0.3255110186657263,-0.33802125439587993,-0.47385526444535697,-0.46956255279685666,-0.5164145028151101,-0.621524932898851,-0.3941945937831879
-32,0.004538017726123598,0.15466072402439954,0.07622644112212364,0.032686061201951555,-0.1273711507729892,-0.4939697521724709,0.22444805633326123
-24,0.4206867883695003,0.7685199636903406,0.6167416334033644,1.0021053668964661,0.3876328594343626,-0.025204446795870226,0.7155355584373734
-16,0.6375305848994898,1.0124692036568537,0.9451961725831666,1.5330538955096327,0.7926205774451336,-0.049121013818643186,0.6629189908188283
-8,0.6997137771347902,1.2484463823318588,1.233789819878198,0.48072360266266856,0.9504701237529388,-0.06347099287809253,0.5449304586880822
0,1.2529844392739913,1.7427227694136076,1.5335445186068906,-0.01514722425309435,1.3347300531838346,0.5009607304576013,1.1269010073520977
8,1.4092394803196957,1.5210955977163205,1.2513286494884632,1.110527325965049,1.1513695358162854,0.595032719201898,1.1874897323489506
16,0.35850361651624896,-0.13393294382395757,-0.5456050468705906,0.8904946711767467,-0.92618556824619,-0.5944194510961189,-0.3527391269262865
24,-0.18838921041087064,-0.980580460230773,-1.7940514377597474,-0.6848118817458418,-2.4409033845250425,-0.7458912130613226,-1.4991413634715096
32,0.7411691782210494,0.15306625764233983,-0.7991209962363268,-1.0276164472577427,-1.2099958674358013,0.42123871512058864,-0.5345052676612987
40,1.9322158111330163,2.0727717706935276,1.3581560995268354,-0.26069084119470004,1.2837079685612875,1.2200530909733058,1.461733398186644
48,2.1745705955079657,3.365862448674245,3.0036180099418064,0.1985077756785589,2.9993252499995786,1.307747267456734,2.730907448854836
56,0.3393704001680611,2.8923138684990866,3.2746727291418867,-1.7291700494147106,2.607093061451413,0.18047828750996123,2.9461568505968505
64,-3.7423955236951087,-0.43687647511930633,1.7392272183146227,-6.212734686759169,-0.2820318915760169,-2.884034935757187,2.1409647277400734
72,-7.8082171432496095,-5.178740492319503,-0.9984259420888913,-10.318417293942678,-4.164492856740792,-6.417313616838106,0.2993867369245157
80,-10.35453746362427,-9.07714590720773,-3.444296669903368,-12.446994456079658,-6.9021460366699685,-8.643151626320247,-1.9216678787210573
88,-11.70981136398517,-10.87726852742446,-4.826675977389913,-13.241025427990419,-7.858809951294272,-9.389349484053676,-3.4108747059560023
96,-11.547178464947445,-10.473875094070094,-4.943070067631312,-13.319153040831962,-7.391638978703111,-8.837673267229377,-3.3965248474760643
104,-9.173057619755664,-8.002493459082462,-3.323119226932051,-11.983012424473944,-5.5500610942510145,-7.122056112879152,-2.1018396041147698
112,-5.041864018732472,-3.9542107021948296,-0.2426614480918219,-8.492783699240649,-2.415392319091276,-4.491230311565546,0.034709727732509195
120,-0.4355274050650503,0.5931315840041604,2.9908624611248165,-3.581909067171218,0.7415984661032622,-1.211467633289009,2.485363734970042
128,3.547383345176064,4.415003816978419,5.181622761030782,0.6991619344283587,2.377493764233473,2.455743898104821,4.398691534587603
136,6.554496852600344,7.1813569394402235,6.399774845943157,2.909055472948612,2.5847709113114394,5.721156741880292,5.356949849994599
144,8.466230091119266,9.223834303610365,7.222505772204708,3.620175592331207,2.8606090455865245,7.666373308033249,5.863981765340009
152,9.890064856042438,10.877268514077977,8.08669215521778,5.19707652873744,3.7295786801043818,9.110935696767138,6.339124734650977
160,10.83078436033716,11.862632245517062,8.43906339570208,7.408564642914936,4.69421473035472,10.4454817828565,6.94501189572636
168,10.849917644682602,12.140064777663124,8.450224438743135,7.177370932239751,5.183707820543086,10.679864530603934,7.5333602386670835
176,10.030375632687178,11.985404140311834,8.246136090147559,5.286365178111481,5.341557392028714,9.955988845961688,7.533360164161278
184,9.260261188405316,11.149917671228016,7.346872059732122,4.8175998343686715,4.609709433025485,9.063102521957495,6.79194565436199
192,9.3654941907309,10.813490888517217,6.640535222684304,6.126635155102827,3.8443783954260216,9.174713360180272,6.308830408463425
200,9.679598807886729,11.320522801122188,6.672424002579363,6.437550816543327,3.8268395675285327,9.818867013042844,6.610179576314621
208,9.58871582401447,11.35878933127558,6.621401972423128,5.166782297951578,3.538245922802666,9.563756678480685,6.744112460883077
216,9.528127064419518,10.649263454243794,6.074509086576475,4.320134761676544,3.026430731973587,8.978597247236918,6.339124792200288
224,9.845420591559535,10.17890381762325,6.037836945045056,5.122137926762656,3.3293743115692513,9.248057599738571,6.029803395547981
232,10.18025297948236,10.03699860388494,6.394991484820632,6.837755222074445,4.121810891603761,9.678556193407399,5.8735483438830585
240,10.717579124757245,10.014676536985936,6.514574452846003,7.894868733540876,4.4104045323902366,10.23979916176524,5.747587634334514
248,10.494357584134915,9.174406732985082,5.701410122083996,6.533217110839911,3.48244057108906,10.40880980352508,5.171994830961782
256,9.526532577484137,8.069459939317879,4.811712775547406,3.9597913098614566,2.4970767147885184,9.560567854477913,4.597996494827496
264,8.506091133557149,7.135118231697752,4.323814133585661,3.0079106597590504,1.79552318765119,8.178188455871624,4.369991586402811
272,7.458544186246436,6.090760060774605,3.591966251657403,3.073282675825843,1.154558407948093,7.286896620686868,3.8517986735762184
280,6.240392167789814,5.0192965791551645,2.9207071070579915,2.6810506129955214,0.8005927911738074,6.577370858239874,3.131111856098729
288,5.390555752189311,4.6701142592742615,2.941434874570708,2.116618836049903,1.052514275356429,5.643029160896409,3.024284382766587
296,5.183278581646298,4.821585998630806,3.411794584840669,1.813675312804606,1.5436017217952835,5.183830420018085,3.505805234904843
304,4.700163244456712,4.504292495469672,3.703577047060751,1.199815878909737,1.8768396157603366,4.721442942146069,3.9650039357041837
312,3.443744691736026,3.5986506127143825,3.6031274169907443,0.40259606895143213,1.819439781564564,3.4985076021320736,3.695543535073496
320,2.576369459028533,2.641986820553648,3.20292294380493,0.6034954774179468,1.2916802550829904,2.2102002220724053,2.995584461301119
328,2.7374078711308716,2.5590759113325574,3.1040676936217357,1.4724652376536453,0.9696034120377661,2.038000720170196,2.7994683797015862
336,2.872935257707151,2.976819169253876,3.3145337818564298,1.3433155150117333,1.130641851373261,2.1846891288916486,2.9461568355244103
344,2.338797860559008,3.1251020121571775,3.06101777648288,0.6848118472926705,0.897853571035554,2.1480170712863105,2.421586153085099
352,1.7488552017893344,2.552698167754053,2.4407807219869038,0.8968723899199832,0.33182746130449375,1.9343621126325865,1.4011446740461808
360,1.3821340889515974,1.575306534088628,1.8205436371747732,0.9606500055466363,0.09425585101680545,1.3539860469645681,0.8973016940340542
368,1.106295882568593,0.9311528430311267,1.6403719230853913,0.754967237841651,0.37647180782942286,0.7927432298449469,1.0726900696095696
376,0.7204415169005156,0.5452984157030719,1.9162100412603713,0.3149018588975717,0.6810097954014462,0.5440106402315152,1.5494275690179078
384,0.7650858432146748,0.6840146959921518,2.432808464411135,-0.3436017865553881,0.7958094166916203,0.8150652910917865,2.587407881606479
392,1.254578804259644,1.2930907100162388,2.657624527937168,-0.3149018647473647,0.6969541839787537,1.4560302293980474,3.3830333308610756
400,1.5096891848955083,1.7889615242574515,2.4312140672252722,-0.2893908265467559,0.3302329962926557,1.17381432876452,3.17894508571724
408,1.0106295173630366,1.7267783554871985,1.7376327649496695,-0.8904946715456531,-0.10504902803745067,0.16772279744122942,2.3594030089788367
416,0.5562142271854835,1.3775960225891901,1.221034335119075,-1.0419664934580568,-0.15925999267058102,-0.4014922020632432,1.6881438342345485
424,0.21978736071988236,0.9072362283931485,1.0791290989433848,-0.8410669753738048,-0.11780457582677181,-0.6263082327039546,1.2273507235747958
432,-0.2872444725835031,0.44644321690319244,1.0472403301813773,-1.2715657999249927,0.027289478185691197,-0.7474857025658734,1.0408012056171525
440,-0.3207276844338012,0.4639820221920226,1.278434096007986,-1.4485485547022097,0.29515536276378207,-0.4445420979636628,1.6562550142605046
448,-0.2346279637132141,0.4193376100677281,1.042457000402673,-1.3146156016226682,-0.1401267042144752,-0.6884913528313374,1.6546605735701023
456,-0.32391657009654834,0.16582174651212783,0.5848528348390352,-1.590453751484026,-0.7236916930550604,-1.2800285829763098,1.0726900848532857
464,-0.8309484900664577,0.03348321990693768,0.21175387377210939,-2.089513395722728,-0.9086467415476456,-1.6738551548368414,0.37910874780830695
472,-1.35392473301431,0.04145544254205375,-0.04335649864242502,-1.9826858519954447,-0.6949918138951882,-2.024631957713742,0.1829926442852282
480,-1.1594030352409799,0.43049874302958324,0.3807645057691195,-1.140821701335654,-0.21028207883462816,-1.825326982230133,0.32170891926469836
488,-0.019378564026531698,1.151185557252796,0.8702575043239077,-0.2893908544650233,0.15325017762885032,-0.3887367195307315,0.8223629791872565
496,0.6502861832157378,1.2596074510645696,0.5306418534206886,-0.6848119247365486,-0.16723226120812387,0.6986712479517583,1.0121013586574898
504,0.21181517131264294,0.5899427411608416,-0.1533728293764918,-2.151696615876295,-0.838491322052732,0.17728947309874293,0.7314798970015884
512,-0.3860997380104138,0.2439493581547237,-0.1565617460405054,-2.440290123237433,-0.7236917449522082,-0.4190310669567185,0.8542517917963593
520,-0.3207277455799463,0.331643512543327,0.2563981916936599,-1.6781478678489758,-0.19433772639691754,-0.4796197505043631,1.4489778712932024
528,-0.47060506068874924,0.10044975802104698,0.22929272667614392,-1.9555804405878534,-0.22303761925900747,-0.9196851193430572,1.6578494349114137
536,-0.7990596423454246,-0.2327882262073608,0.24683156741946077,-2.96007754183996,-0.4430702682238675,-1.2911895552796666,1.362878120599016
544,-0.4530662362168155,0.13871625700189832,0.4429476022601762,-2.8325223164100968,-0.30594847538400605,-0.565719506850715,1.1715452968415496
552,0.26762068111558157,0.757358891703353,0.4126532923440085,-2.0113858347783355,-0.3410261815346306,0.29687242176973294,1.184300855763922
560,0.2150040381348416,0.8673752287746953,0.06984875749081892,-2.1293743175810986,-0.7587694307207846,0.1836672065718632,1.0758789710298675
568,-0.09431731895231533,0.883319625402056,0.2723425857518546,-2.2170685132476318,-0.6599141385745514,-0.3217702000858936,1.2496728536752768
576,-0.06083407781352757,1.1543744168813312,0.8064798936643096,-1.7562754865139598,0.1819501350626387,-0.2962591603437847,1.6450939212063573
584,-0.24578910592406594,0.8976696020636172,0.6231193065867291,-2.4291290151108473,0.3716884691442775,-0.24364266860126735,1.445788953601523
592,-0.8724039017719355,0.21046607265500866,-0.11032299839032603,-3.639308902394655,-0.27884296258000735,-0.3632256472458575,1.0695012115225337
600,-1.529313144900702,-0.4336876041864422,-0.8405764117099143,-3.99805784483698,-1.044174114592986,-0.5960138907588551,0.7059688707904198
608,-1.2901472088499581,-0.3364267765382133,-0.7114268074209031,-3.1928657471580286,-1.2594235487064884,-1.0982623303969492,0.6613246361098392
616,-0.038511738411679805,0.7414144882248843,0.07303763476095859,-1.6733646009291936,-0.438286974070928,-1.134934483917807,1.018479112170103
624,0.612019573418204,1.4589124113044623,0.22132054531895784,-1.2045992506778311,0.11020040950160653,-0.95476283388629,0.5895747603382502
632,0.02845462482788151,0.9215861959769919,-0.08959531480369062,-1.9986303227860558,0.05598932343257605,-1.1716066155151177,-0.2411283346059365
640,-0.5598936703263605,0.3730989600458473,-0.038573170405220646,-2.277657258797809,-0.23419875684536007,-1.2066843476999556,-0.17735079142975668
648,-0.6890432424151612,0.2024938942095435,-0.31281689276455993,-2.5534953893047856,-1.1749182364760937,-0.8925796829289194,0.13515943778920847
656,-0.5391660038674964,-0.011160992678818099,-1.1945420718174604,-2.9329721098790427,-2.1172320920542527,-0.6789247444859655,-0.5934995577911912
664,0.24689288020371078,0.0892886796967841,-1.4337080410960807,-1.9986303030891184,-1.9051716571606234,-0.3648201132853616,-1.0511038477024497
672,0.9229353465317732,0.38585444480496983,-0.8900040201875722,-0.9558666867560561,-0.9803965482943151,-0.12565412276830412,-0.5520441673241497
680,0.4270645704854919,0.3380212355685067,-0.4132665507528343,-1.2221380612762702,-0.5977309970374556,-0.2133482939421237,0.20212597384798517
688,-0.4307440055763162,-0.04304991319288108,-0.7162100906120689,-2.2473628517671767,-0.9182133401301881,-0.5274529407289992,-0.02269012701658943
696,-0.6746933616691202,-0.1929272219644083,-1.4560302056233825,-2.7894724597322735,-1.2530457504903918,-1.0376736956634525,-0.8629598337317018
704,-0.42914964915454984,-0.2072771051083379,-1.7254904822490047,-1.9364471874149578,-1.1254905137561992,-1.2385731669888884,-1.3396973658540836
712,-0.3414554200888627,-0.1450940404749359,-1.0542313499815903,-0.5078290886024157,-0.3442150060512341,-1.3087285011875007,-1.0989369440668988
720,-0.4466884945223648,0.3061324877023801,0.09217088313807846,-0.60987322496219,0.8053760971449095,-1.0121626894917768,-0.3511448193186686
728,-0.553515931886187,0.6425592568822398,0.2850981345688424,-1.725981121788923,0.8165371939671658,-0.8335853719031464,-0.2443171777918107
736,-0.7049876799778957,0.26627137606830137,-0.5041496223192843,-2.108646542532164,-0.4653924839632053,-1.1397178238018966,-1.1467701815641842
744,-0.7926819282266866,-0.27583804040830984,-1.448057946163558,-1.5649426809119293,-1.5400448736827739,-1.5319500640759312,-1.8419459346355753
752,-0.695421012027879,-0.33483237815340644,-1.5373465821779373,-1.394337568830643,-1.6054169108167247,-1.3964226509516053,-1.318969651094904
760,-0.8724039233529283,-0.18017169455713525,-0.968131567429748,-2.1166188232304255,-1.2099958294121487,-1.1508789404923676,-0.5217497477902447
768,-1.3379803262815655,-0.5373262271390459,-1.181786514094032,-2.610895222986725,-1.005907558576656,-1.6834218524179028,-0.8836875717846513
776,-1.6106294954210443,-0.9072362566407968,-1.6585240492994124,-2.2027186467176407,-1.0377963061002269,-2.2637978953059856,-1.570891167991568
784,-1.2630415953346634,-0.5755928117587547,-1.5437243526470434,-1.7004700077122867,-0.9532910353190389,-1.4538225163199225,-1.5629189898886586
792,-0.5152493919699619,-0.2726492359311994,-1.2902084181824682,-1.2619990949789892,-0.8703801536736606,-0.2994480764939655,-1.3668028776304164
800,-0.1246115738883366,-0.22641043689770546,-1.3810915003681374,-0.8490392577848427,-1.010690917643849,-0.5051307935007477,-1.5150857258433272
808,-0.3621831110404406,-0.4241209793984099,-1.6266352207614825,-1.368826569681353,-1.4093008454885765,-1.4793335178671,-1.4736303221879017
816,-0.5375715236119417,-0.4942763266141282,-1.2487530056206027,-1.7196033470378735,-1.4029231079047912,-1.742416168239452,-0.9155763588733742
824,0.025265746530076377,0.07334423768082912,-0.24425587542256239,-0.7980171219502583,-0.2708708630935688,-0.5386139729795575,0.06340961305837922
832,0.45257561587976436,0.30932134990008087,0.24364267661838127,-0.46477920760315783,0.6491209209610893,0.6380825034292488,0.03789858016737944
840,0.6582583087363882,0.35715451768733675,0.3010425027641021,-0.4902902529974303,0.7846483368258584,0.8070931542668072,-0.3065003850995497
848,0.9133687239703506,0.658503627989221,0.3775755971551576,0.02630825407941426,0.862775930141739,0.3845666919420728,-0.39738346471605235
856,1.0775960131715507,0.9215862542114146,0.38395336882320796,0.2176410651623303,1.208769330446905,0.3542722694964464,-0.19488960733780492
864,1.0074406856527702,1.0443580316809513,0.5019419725480384,0.06298035587440187,1.0955641767377349,0.7608544055889616,0.0506541618696889
872,0.7331970893538284,0.8051921393060246,0.49396971959676717,0.12038016249446258,0.4912714387111489,0.6986712524049806,-0.22199507783620764
880,0.2787816726020426,0.20089949822262487,-0.16293947660190436,-0.11240794999108307,-0.3330539869890599,-0.3042313636245187,-1.1372035374217704
888,-0.04329514235363523,-0.5373262231996583,-1.2742640347434924,-0.8697669643226921,-0.8640024525720287,-0.8399631922140678,-1.9121013143940593
896,0.27399835104466896,-0.5931315480226652,-1.5501021518908065,-0.8809279460463241,-0.7986303969400841,-0.2532093132575125,-1.792518309372701
904,1.0807848938672437,0.14349964912569055,-0.9792926647658375,-0.06457478220382633,-0.24057644458733013,0.5073384949319893,-0.8836876399531814
912,1.7472607840501455,0.6569092090510884,-0.6508380623845589,0.23677434522582824,-0.015760450257493997,0.8947874127922608,-0.35433361865744795
920,1.4778004151058348,0.551676209123392,-1.04625918318301,-0.23836873798482092,-0.5881643355959921,1.009587091289192,-0.6317661350459572
928,0.6965248501941129,0.1323384880742918,-1.3300694369840262,-1.2030047966277673,-1.1111405913896732,0.9888593064774263,-0.9618151698963082
936,0.31067043845232967,-0.5548650666834187,-1.4927022877214335,-2.1724241706620906,-1.422056317573148,0.5695216902502871,-1.1515535115141662
944,0.22297622000586118,-1.348896074391223,-2.0236507930408316,-1.9858748106225002,-2.150715276500116,0.351083339301493,-1.3859360998020458
