-240,0.2866140885448525,-0.28785486817893047,-0.5438843551350084,-0.47551891705511073,-1.3465899635966012,0.19101397651172722,0.11979479228074683
-232,0.8156714734682993,0.4605677449719213,-0.1745119936870871,0.19548077972635822,-1.1094819492458878,0.33134330333958584,0.34077301385524233
-224,1.5576422173656483,1.194473589708852,0.3093819401705098,1.1471388207045463,-0.22718198525457795,0.8716915392904998,0.3343210985121019
-216,1.714101240458717,1.2783485619427906,0.5142304240684283,1.4729607963404738,0.6244713321248191,0.9587923653210534,0.14398947745988097
-208,1.2721447869135676,0.6057359567161964,0.449711164942741,1.3213407248725086,0.9567451955540661,0.23456445051780325,-0.3963587420304476
-200,0.6156619588689536,-0.18946305059949506,0.38196603330735235,0.3825863806434203,0.909968777478061,-0.584829256358375,-0.5189452361255512
-192,-0.3214793280766667,-0.7604579369742455,0.16582671692178355,-0.8110186703209906,0.7535097342857521,-1.200987561224345,-0.2205439543681414
-184,-1.4392742763385047,-1.0265996376842206,0.04324027532728284,-1.4965351008625172,0.4534954628199073,-1.694559338207695,0.3165783338741881
-176,-2.0199469725713,-1.1056356458176655,0.2722834076712405,-2.0626909572944334,0.026055861031220113,-2.1365158099461223,0.8020852331825148
-168,-2.07478837938796,-1.0878928752885946,0.06582194203527526,-2.0836597379090427,-0.49654963592563883,-2.267167270083601,0.7407919895137143
-160,-1.4602430240319435,-0.9540155286066005,-0.35193978907783685,-0.9303791761624898,-0.9110854811873125,-1.733270895415801,0.0972130425767524
-152,-0.15695540720933415,-0.3168885491668431,-0.31000226163613565,0.06966828299629685,-0.7868859944381953,-0.6380575875250186,-0.5302361254455367
-144,1.0140680229634518,0.6444474955577546,-0.048699535596082734,0.11967067667724596,-0.24653775987343604,0.49102828523047515,-0.6689523778362654
-136,1.2673058597194378,0.8896204104550411,-0.08095914453987771,0.17128605434874328,0.11154376943337455,1.1120255325382749,-0.5415269591460716
-128,0.743087413425895,0.5815412989136146,-0.03418277965755285,0.6390502702824651,0.4809161268961025,0.721684380945931,-0.15763771094128567
-120,0.42371742365372034,0.5331518706833956,0.662624523050297,0.7680885729868103,1.0825575943869639,-0.1267430187004729,0.5182007834288638
-112,0.46404190091599506,0.7605820287398872,1.259426985202568,0.3616176738415401,1.2857931052103024,0.2071438169370076,1.198878249523358
-104,0.3785539400132375,0.8525218711982685,1.194907873702337,0.11644469656729929,1.0325552500877693,0.9442756398779227,1.0891956089860848
-96,0.2979049964046542,0.6218657806808922,0.7029490628627949,0.2132234670861569,0.7422188472182678,0.7974944677077273,0.4069051790002846
-88,-0.023078057061954392,0.1847481858884927,0.2287329239620825,0.3390359956977724,0.2550989670382416,0.5571604671826411,-0.10118342236297512
-80,-0.5731041470545886,-0.5604484365829842,-0.6745357490836081,-0.13195411596373927,-0.5755856627721695,0.13294678728541026,-0.7608921826952046
-72,-1.410240759609904,-1.5008157337874122,-1.4148934869852066,-0.790049939781214,-1.3449770435424315,-0.6332186766182054,-1.1738150697834593
-64,-1.9602668010871285,-1.9234163907084996,-1.2858551676470071,-1.025544935314248,-1.0272200232061803,-1.133242386964704,-1.1980097674379842
-56,-1.171519630796848,-1.1878975910902665,-0.5213026458027644,-0.7335957075154309,-0.2368599075644088,-1.0638842358185583,-0.8350892986349218
-48,0.018859488573025284,0.044418984854157205,0.03678830609738481,-0.14647099561656107,0.19864463687529477,0.0539107140027025,-0.16892859229088272
-40,1.09149108262656,1.368675426128512,0.26099256357454625,1.5068333412792156,0.13412551775121517,2.6766159464413555,0.5649772222971867
-32,1.4931230206169144,1.5928796205356426,0.23679784738020515,1.811686499913978,-0.11266041093894127,2.391118500914845,0.6536910855119683
-24,1.4479595811601078,0.9702693644597833,-0.39710322108406265,1.2261748619324304,-0.911085389701114,1.3652633121153857,0.277866784116663
-16,0.9930992496261548,0.27991406823473475,-0.8019611833680399,0.5035599044362528,-1.2611020681896454,0.510384042349133,0.027854913955617663
-8,1.0898780577444538,0.6831590132604558,-0.0406346615597151,0.6616319331785329,-0.5126794687270693,1.0168596928162852,0.5778810131315257
0,1.344728861164055,1.263831737043073,1.0013503416746268,1.2794031729998339,0.501884885158969,2.1072340421511893,1.313399833368807
8,1.1414934272722927,1.2089904539407048,1.4868571864031188,1.1777854690491516,1.372894014063589,1.6652776045468174,1.4876017037492528
16,0.7866378624811903,1.1896346819208856,1.1787780985995888,0.8051871503628326,1.618066898118938,0.6055498825909303,0.8859601728418218
24,1.38182739712871,2.3042037138358857,0.7916629087506446,1.627806806853558,1.1309469959337084,1.7556044396232937,0.274640796729405
32,3.391600214538027,4.0236401536730195,0.588427456145796,3.9408198999230994,0.5099498175870968,4.378309603274028,0.04882366875309834
40,4.743277313131073,4.004284468634396,-0.27129077754768127,5.592511231689472,-0.29976611495124644,5.494491641358047,-0.194736282426151
48,4.525525038052279,3.728464923932321,-0.7616366451149654,6.22802525832716,-0.3900929502009921,5.400938844538172,0.03591982039334732
56,4.680371097427309,4.915618040320697,-0.3438748970214602,7.128067967030413,0.506723755174225,5.594496408100897,0.49400607572471933
64,3.1835259047398528,2.1154850999923,-1.511672295450045,4.892477986990926,-0.1545979139496687,3.8734469182576077,-0.7383104634866094
72,-1.7425145561571944,-4.8929122414753135,-3.7279065142124095,-1.698157559080659,-2.11759438917494,-0.5977331021190863,-2.899703428775659
80,-5.800771687019863,-8.323720304465358,-4.200509633775634,-7.138738417301544,-3.166031217652379,-4.32210350234548,-3.3464989075853717
88,-6.966956084650771,-7.339802687118006,-3.7843608745242183,-8.611389083697828,-3.893485079990944,-6.077025567103105,-3.0819701468555363
96,-8.067008247482377,-7.820470569998503,-4.465038344257368,-8.492028583920757,-4.933857082254347,-7.283534443209177,-4.123955067613684
104,-9.504173430172669,-10.133483625295334,-4.640853128800827,-8.201692204269344,-4.188660415079388,-7.904531738166037,-4.765921053951456
112,-10.075168201669863,-10.777062635822137,-3.1311040089160795,-7.8274808215420535,-1.7320921687619197,-7.8093658589386425,-3.7223231452175676
120,-9.005762611290898,-8.39791737275601,-1.9100783285293355,-6.482255641930802,-0.8078547471564443,-6.504465189684108,-2.7900208105901276
128,-4.520065692028493,-4.0202901441743855,-2.0149219716984064,-2.7675631527517357,-1.6982195844910437,-1.788112194458946,-2.831958297833347
136,1.7253921133181176,0.7347743600900144,-1.5229631487300124,2.3262271209285057,-1.6643470177203685,4.370244718321694,-2.05127605304042
144,6.2675432189299425,5.301120160930591,1.257814102921109,6.616753454864932,0.60188965190182,8.030095918160697,0.8811212577765442
152,8.025691266050018,9.043233425944567,4.732172617912024,9.187843272898995,3.460089829452136,9.03498234869729,4.160309188134553
160,7.924073504054115,9.972309730040688,6.174176607200996,9.208811893586024,4.7585386417552895,8.78980943795847,5.568440596098228
168,6.824021278845553,8.365781988995238,5.6031817514949145,7.0845175209206985,4.523043539315088,8.031708912027598,5.445854152077957
176,5.991723652915742,7.049590328711625,4.782174989761039,5.218299924507604,4.04882749311346,7.349418500581613,5.071642848361475
184,5.486861036860508,6.283424921813611,4.09988455145831,4.3085792623060435,3.21169096320761,6.423568032781905,4.2957995479163396
192,4.054535005055037,4.607538870214242,3.040156723808143,2.5520441943249788,1.821302385550918,4.399278390299601,2.8166969717215338
200,2.180252422846867,2.5848621907569007,2.036883279168063,0.1245096341935067,0.6728607076811662,2.3475680927511076,1.3714671229180582
208,1.1947217549735507,1.9203145543449904,2.1836644653730732,-0.906184544696844,0.6518919852850473,1.6781814175596281,1.1440369355790516
216,1.6995844500395934,3.230054112847675,3.5079208444437406,-0.012593669380346065,1.9003383827683968,2.3088564989831775,2.013433099206211
224,3.40289109917974,5.412415837959014,4.7353985907446585,1.8003956781690262,3.1213640688730275,3.6702114869648854,2.829600852829186
232,4.986837244037814,6.870549603736894,4.957989738611019,3.2698202769543596,3.442347098601739,4.783167522933753,3.3199467441343655
240,4.965868558721329,7.373799292287379,4.859598021007978,3.690807970677218,3.902046315225375,5.202542324325532,4.023205936021688
248,3.851299536509411,7.544775097655912,5.622537457499123,3.374664024604828,5.048874964227827,4.639612362581789,5.350688335054247
256,2.944804854244528,7.899630670763944,6.782270000777696,3.356921187020532,6.160218085687147,3.807314783607965,6.762045602532429
264,2.9786774738623447,8.130286871827145,7.06454142876809,3.47466863887068,5.965047528777331,4.0573266941407615,7.024961376672675
272,3.530316509206469,8.322231422116808,6.72904155889196,3.5408009428044442,5.410182481961513,5.147701045728167,6.562036145978303
280,3.8093620263946404,8.569017331400799,6.711298883834281,3.5956422120452665,5.476314635150972,5.647724852239136,6.536228471783812
288,3.5964486835347858,8.552887602734229,6.770979123413294,3.7730699882031233,5.492444418570649,5.347710550970969,6.724947171222439
296,3.5238646723543297,8.183515199181862,6.438705249414621,3.669839273751688,5.316629671106824,4.676710919685301,6.444288626899658
304,3.8996888600849635,8.065767602651835,6.166111624698041,3.8472671112468815,5.477927622260369,4.439602884715539,6.184598883117459
312,4.944899803750579,8.654505213812557,6.18708040947111,4.890865019980771,5.977951403993828,5.147701042955857,6.186211843889918
320,6.6627233822718415,9.146464154257547,6.159659780915124,5.976400373680167,6.189251723184462,5.933222220660801,6.082981166518117
328,7.615994434617129,8.994844012095703,5.741897969578319,6.252219920981284,5.548898755491098,6.1364576483148685,5.749094305583316
336,7.615994368948057,8.38513755187899,5.1160618723545035,6.13931134746332,4.566594033073866,5.970320726476597,5.253909528495372
344,7.082098066533561,7.4754170284661505,4.557970783918133,6.0844700498063276,4.110120740420915,5.300934074503204,4.636138218846537
352,5.75461565329292,6.314071517657616,4.025687405716273,4.902155842765339,4.037536618867904,3.2701924612315807,4.0264319107602855
360,3.8835590886208693,4.970459406592337,3.336945051030789,2.6197893923225144,3.8020416255873704,1.0007299090500703,3.403821712383109
368,2.264127422803896,3.094563820121114,2.1981812873272117,0.8551894622606651,2.9939387316194117,0.27488895844874794,2.6215264543171224
376,0.8495440622441778,0.8041324490324754,0.557780792726761,-0.09162964528569816,1.2841801305762977,-0.2590073503767118,1.476310791904256
384,-0.7424670391264564,-1.1330562307097833,-0.9422904251206644,-1.0690954339245673,-0.7610783084613907,-1.5300354471426862,0.32141723490465074
392,-2.148985365029152,-2.3444041483677345,-1.947176774047408,-2.3836739880627613,-2.1450150354043958,-2.48169356990399,-0.4205534480018992
400,-3.271619405437507,-3.2702545882710834,-2.6714047909062852,-3.7676106798320963,-3.0982860787396764,-3.2397940206359777,-1.1383295006556886
408,-4.431351819976977,-4.355789949940869,-3.453699971174351,-4.667653420243633,-3.8821942539142587,-4.1382237534923405,-2.314191789234686
416,-4.832983809601585,-5.071953032812194,-3.863396853548418,-4.501516488875549,-3.9176797863089345,-4.205968904187355,-3.248107087753435
424,-4.51200083116059,-4.7445180716262945,-3.7085507432322085,-3.548245440515456,-3.3821705070079338,-3.625296208820905,-3.3577897173747417
432,-3.870034898016497,-4.183201132685427,-3.811781517808096,-2.9740245674465227,-3.2628099782948836,-3.580132739908315,-3.36908059040741
440,-3.131290146011411,-3.9106075311869337,-3.987596315693291,-2.7240127338453037,-3.504756978578027,-2.933327878703745,-3.2400421979495597
448,-2.2247954769149976,-3.8460882990912606,-3.8456540701974187,-2.403029695453126,-3.7160573213332895,-1.2058265024532888,-2.7722780123379653
456,-1.8812306914178651,-4.013838287223004,-3.7214546278052474,-2.5030344835081033,-4.056396096918154,-0.5622475494519004,-2.440004177844694
464,-2.3893193428559565,-4.168684261002993,-3.553704743461823,-3.15145240702095,-4.148335976975976,-1.4622902782543936,-2.2770932096061625
472,-2.5570693450225153,-3.9702878156426995,-3.1972361931207485,-3.4224328898986367,-3.882194272627346,-1.949410174375198,-1.9496583771593656
480,-1.9473628950286943,-3.2476728999044266,-2.653662039436841,-2.6917532092836662,-3.3886224419305075,-1.4961628706689283,-1.5044758747163527
488,-0.9828010502209715,-2.4798944816393167,-1.984275353502662,-1.4207250205116864,-2.646651727835481,-0.7138676027265874,-1.3189832080615436
496,-0.3247052402650422,-2.216978736954853,-2.0036311279482506,-0.8158576089508948,-2.3417985210318473,0.15875448105933412,-1.5141538145263842
504,-0.4843902477997888,-2.604093879501273,-2.6665658359890645,-1.6433161997397914,-2.8434352619783407,0.6249055707484005,-2.002886672459263
512,-1.3941108500501622,-3.658982592479916,-3.345630279627224,-2.7417554409578044,-3.4176560380164545,0.5039321372288821,-2.2561244889427385
520,-2.331252147911749,-4.644513301591328,-3.435957182625274,-2.9756376255963377,-3.43055992345584,0.10068711994985548,-2.2577375103594575
528,-2.8312758104359155,-4.876782442114862,-3.2004621487997222,-2.932087115030436,-3.133771620837437,-0.6541873901775886,-2.167410618797183
536,-2.41996601337903,-3.871895984721526,-2.48107313121501,-2.728851766213908,-2.933762146783113,-0.9896872084194619,-1.677064712417573
544,-0.819890023937216,-2.010517281021968,-1.4890905609937495,-1.6594460602643137,-2.462771968239642,0.12004292974238387,-0.9544497968525711
552,0.42371739107908923,-0.9056260986436889,-0.8777711812426763,-0.6690764929199587,-2.2708274208955554,1.6346309905095373,-0.5205582733097786
560,-0.08598421160164928,-1.6088853587991212,-1.2584344427532816,-1.1142588466978987,-2.512774409049844,1.584628492520459,-0.5447529085873491
568,-1.1037744698789413,-2.5573174986781706,-1.6616793543380253,-1.964299203997914,-2.6272959573750834,0.2200477300994835,-0.6754042784515135
576,-0.9279597463262823,-2.229882547195354,-1.5294150869447027,-1.7949363235350897,-2.440190321284351,-0.3299784065025978,-0.6141110815654289
584,0.1753185475328438,-1.0604722418810681,-1.1100402623348349,-1.0997419909562434,-2.1659837943603404,0.8345929910237232,-0.23506074392091872
592,1.0914908816341529,-0.149138638833021,-0.5406584429466342,-0.7416605018479131,-1.8788732802878554,2.294339632498823,0.4214220231328962
600,0.9447098948621268,-0.03139103935741586,-0.3938772404543079,-1.1626483334931472,-2.0546880367616844,2.2104647489787737,0.43916478898369515
608,0.1833833924599647,-0.30237168995980057,-0.4713002543743165,-1.765902744776074,-2.2466326709136974,1.218482168534627,-0.02859938432577491
616,-0.127921756023744,-0.01687434787507147,-0.09870195197531285,-1.5465375900148601,-1.8482267059292476,0.779751596335915,0.248833195481296
624,0.04144115701371133,0.5025053133051808,0.3158338818505861,-0.9884464549690428,-1.332073178895365,0.6023239078523325,0.5762680358984813
632,0.052731992966746855,0.20410400018602456,-0.26967779927502156,-1.1658741777599497,-1.4062702163440814,0.19262702391884395,-0.07860176449171777
640,-0.5069719931720513,-0.4733475285960436,-1.0664899340482537,-1.6336383328761421,-1.3772366448623767,-0.08964439818039162,-1.0221949582902825
648,-0.7715006305341324,-0.5330278040418043,-0.8309947974739966,-1.6368643121197417,-0.9046334826748998,-0.3428823369920041,-1.2205914724384952
656,-0.7231112322795056,-0.07171556253605943,0.06743496466488011,-1.4304028828703332,-0.7675302478889661,-0.350947151077188,-0.2576425014220325
664,-0.5069720305982243,0.38475776043902127,0.8481172051260742,-1.0803863095562767,-1.0417368481058977,-0.007382440085860766,0.744017979500012
672,-0.07308044502501633,1.139632306606484,1.5755711085294675,-0.7577903351691522,-1.0385108399263219,0.26843706788311933,1.2150080457649632
680,0.2543544929427946,1.9574130099126825,2.14333997719483,-1.0110280646714307,-0.42880449008216626,0.4458648306992381,1.4053397002581614
688,0.45275104711621966,1.8283746988914098,2.3481884520827445,-1.4029822309229902,0.32768306242758527,1.1862226242202873,1.7666471460850812
696,0.7301835435807488,1.509004666494982,2.296573056217969,-1.065869553791016,0.5341444620479409,2.204012840739676,2.2102165999080925
704,1.0608443654940354,1.7138531292540455,2.1401140566895283,-0.3158338533811043,0.319618134504461,1.9427101445019452,2.3844184326890967
712,1.1511712596553487,2.004189448781005,1.8142921579851772,-0.014206593939518123,0.15186826575527457,1.1620278558718815,2.1150507969191974
720,1.2737577291462094,1.9767687956207765,1.4013692793871193,0.1261225383068991,-0.133629176132581,0.9813740997773486,1.4488901754771226
728,1.4221519241192793,1.9945116034027504,1.2061986883432476,0.6422761395000496,-0.12395127513487535,1.3120350062460617,1.1956523231268992
736,1.2995654478709153,2.17516530976899,1.477179350727947,0.5342064372102243,0.0970269351771136,1.318486877578796,1.4666329721698608
744,1.0027771426534715,2.3493671448024953,1.7836454793184409,-0.8610210168726862,0.2825196108419268,1.1104125106017475,1.939236007350929
752,0.9124502533436991,2.3025907168501396,2.3110899180240514,-1.6191215478283663,0.7583486548956475,0.7523309495866516,2.602170741035602
760,0.3801669406376394,1.868699142885977,2.5788445561151274,-0.7803720729175637,1.2390166564656278,-0.2219087532479882,2.8279878875517253
768,-0.7376280757190395,0.8734905646584117,1.7965493554012826,-0.6126221511479668,1.0938484779890616,-1.473581173118997,1.9924642958933216
776,-1.0360293436149044,0.13635889610045734,0.5206822607472996,-1.2852346461752766,0.46317331772797365,-1.6139104176439307,0.7907944015612114
784,-0.3795465448528047,-0.06848960443131623,-0.43904073293152546,-1.2465232106022304,-0.33041270906255593,-0.7654829878486651,-0.2931280672576863
792,0.5301741105912516,0.2024909630017971,-0.8680933178444136,-0.23357194397525163,-1.0981911098274648,0.21520871765685,-0.715728786902266
800,1.8544304934738463,1.3912571801642397,-0.3793604254309411,1.0777807081974573,-1.3127173850436118,1.750765483319919,-0.03989026151690821
808,3.1657831163640417,2.8090663778867193,0.8319873584630988,2.031051703883678,-1.0256070114925422,3.2282549495573867,1.237589754230861
816,3.293208489311136,3.2171503199341056,1.6239605393587266,2.055246480549011,-0.44009531130731,3.315355885787225,2.0166590039440044
824,2.704470879883107,2.9993980290878017,1.980429047595357,1.4826386264710292,0.4163969689596957,2.378214748892833,2.4570025821384682
832,2.230254722269309,2.6655111184247064,2.08688571391384,1.111653299399107,1.0712667773202837,1.9701307472408016,2.5876539031406853
840,1.4624764441790754,1.6122353457727463,0.9158623071324106,0.46807438313081323,0.5115627218737585,1.7491525591072856,1.4198564762959327
848,0.5543687229972722,0.19442615394142324,-0.8277688135521248,0.1003149309943636,-0.6884942246810912,1.0491192851262254,0.11979477304785303
856,0.34468134361350905,-0.12816987797111423,-1.0810066986502496,0.4842041686297206,-0.9659267214921587,0.5668383924380508,0.11172985274857802
864,0.6205009118802114,0.06538771799297392,-0.46323538051121743,0.1293485669322541,-0.6142971342119634,0.47167257246876254,0.3681936722135499
872,-0.12792172292930484,-0.6523882620609721,-0.9697110736026212,-1.2320063342415264,-0.899794602090216,-0.14287280489245752,-0.3786160000908141
880,-1.2908801577772027,-1.6927603100674737,-2.019760884164643,-1.8530036234805005,-1.6272484472751187,-0.9913001428549856,-1.4286658284995766
888,-1.3957238290159022,-1.7959909410030983,-2.147186275131746,-1.3594317418424837,-1.7627387878240113,-0.8090334341316512,-1.5173796658972292
896,-0.3118013971033695,-0.8685275611196092,-1.6019991289670974,-0.9368310648221557,-1.517565835673821,0.10230011260386854,-0.7399234492098493
904,0.40436167554506686,0.010546365929417982,-1.1213311883879156,-0.9481219187952004,-1.406270265032759,0.49748024059882767,-0.2560295295603376
912,0.17854456749473166,0.3299164433758674,-0.8422856372389574,-1.327172186265638,-1.4369168778571546,0.29424469806720444,0.07463133688316338
920,0.1156382523343796,0.407339440315482,-0.3454878763337358,-1.2820087975767407,-1.0885131941018678,0.7184584590544746,0.856926541755472
928,0.7963157073396366,0.6218657491458764,0.18356951361452173,-0.3497064338400559,-0.5046145343929794,1.352359491998533,1.3085609110262182
936,1.131815449862819,0.5783153941758206,-0.10999277112122476,0.20838459100647597,-0.4175136120246858,1.3152610055889025,0.6343353136654191
944,0.7914768024972488,0.46056777702674456,-0.7422809141599748,-0.06098303696630458,-0.6465567485271073,1.165253839967023,-0.4124885528266751
