-240,-1.3112380874271579,-1.6102167530980913,-1.2294994462906017,-2.332252720021872,-1.0965972343860175,-1.2165033350784984,-0.81984868446545
-232,-0.9911235908094127,-1.2829886813091447,-1.0409875756801934,-2.138405566972623,-1.0201254066528063,-1.0653381973901794,-0.777166777997621
-224,-0.5305144579555743,-0.8721751024986981,-0.7920096746004776,-1.6635691773668075,-0.6786700083820895,-0.5673823660015471,-0.6437857375651068
-216,-0.32066166047484485,-0.7085610252439508,-0.5946057691170856,-1.3754661543482152,-0.28741900677952553,-0.1885802330893757,-0.40547831883356406
-208,-0.3544514799156252,-0.4115659581824285,-0.44344062779899657,-1.0286754211025124,-0.13269702037263675,-0.2348190071887869,-0.24008585065162372
-200,-0.03433701634789122,-0.1999347348140896,-0.36519036902008206,-0.44713421852219487,-0.2571859716766567,-0.32018284515075407,-0.5015126341766505
-192,0.4582835366137516,-0.22305409827028982,-0.37586090485960305,0.020588483771628845,-0.2571859642260761,0.0052668420153374074,-0.5477514361679786
-184,0.5240848443638055,-0.18215058960711217,-0.2993890994781338,-0.02387182737831064,-0.18249260020649868,0.28625616740574966,-0.31300080196538854
-176,0.23776021857674295,-0.26395761247364247,-0.29049704053404307,-0.3653271450299248,-0.13625384139032998,0.1759945662725254,-0.17072769628444598
-168,-0.002325588598465439,-0.3155316317589913,-0.29049701092276115,-0.3671055957528026,-0.2678564481025735,-0.008960466317582667,-0.1849549985040692
-160,0.011901674075768521,-0.3777761060737176,-0.1588944126163009,-0.1910426788458222,-0.17893577670527874,-0.007182055904256237,-0.12448893593995294
-152,0.02435053168581071,-0.42935008925240664,-0.17667852228973988,-0.2052699287203407,0.0060192602787615315,0.21867646318832804,-0.03912510695689049
-144,0.020793744482291165,-0.2692928696951335,-0.2691560544411576,-0.18570738857431995,-0.06689572828790606,0.38584733796278403,0.1422730879949983
-136,0.033242665899869656,0.1486343866842386,-0.013064485726624584,0.06860574794826658,-0.05978206638430467,0.490773767078593,0.3254496893483625
-128,0.05814043843211265,0.23221975099846467,0.1629984504754492,0.25533915656440603,-0.008208068877576132,0.5174499402810953,0.567313968069866
-120,-0.018331328359169837,0.13618543202560796,0.19678829398733624,0.09350353843831928,-0.04021953196949978,0.23823906370315556,0.4695011978010103
-112,-0.029001869165744598,0.13262859897236154,0.4048627349281686,-0.013201343883894335,0.16074123904402918,0.028386247309413387,0.36457478626092993
-104,0.23598180052179557,0.4420726184000276,0.7231987424238902,0.40294753857089205,0.5964525829361387,0.14042628808516486,0.6491209959034503
-96,0.458283517127618,0.678601597489043,0.8352387883577359,0.7230619496024807,0.7493961507149584,0.20978438208353575,0.9016557090219544
-88,0.37469805194399297,0.6465901571309424,0.7036361822186138,0.696385695589835,0.5715547702853849,0.11019325871351206,0.8020645617718646
-80,0.2395386125605839,0.598572955997679,0.5827040588097461,0.5523341888565518,0.5466569956516962,0.0034884212858224705,0.5441945813067217
-72,-0.11080885802706089,0.2837937945459604,0.27859532067467707,0.24644709494574768,0.23899141892320536,-0.34508063736017164,-0.07647177435207875
-64,-0.22996260139804628,0.09350348830487595,-0.21402523572569535,0.08638988131073096,-0.09712871792312908,-0.4375581825023454,-0.508626315948467
-56,0.01901534304786958,0.21977090332252971,-0.21936048167579508,0.15396952649662948,-0.18960624338812848,-0.04275034039595423,-0.36813161399443217
-48,-0.029001784916871658,0.08816830062213728,-0.23358778332229668,0.18775947718225275,-0.20561198467715727,0.014158935919844873,-0.30055191990215857
-40,-0.2744228947812168,-0.2639576164854936,-0.20157635175206018,0.06860568089304118,-0.2660780313849097,-0.48201853262455263,-0.6331152672524869
-32,-0.4309233082219576,-0.3991170728715097,-0.164229668500508,-0.13769030302057608,-0.2073903994844158,-0.6171779131674788,-0.5175183930414081
-24,-0.30109912663316135,-0.14658230702581962,-0.04685434490383486,-0.1999347679743166,-0.15225958707329101,-0.11566529151867837,-0.01600572325039414
-16,-0.29754225575389015,-0.046991179643944656,-0.023734980874513062,-0.17325849810530677,-0.08645824761050926,0.1386478692660553,0.12271054956834226
-8,-0.583866867212913,-0.1714801183392897,-0.10198519743347063,-0.2177188432604604,-0.07756618809329689,-0.3521942784403554,-0.3467906586590719
0,-1.0604817144190655,-0.6498733858928758,-0.35451993978117574,-0.6018562047380429,-0.34610665625574816,-0.9319571579128683,-0.5850980880888841
8,-1.3592552213141553,-1.0678005687216447,-0.5163555533222898,-0.8170442733862223,-0.5719651793601832,-0.764786284475696,-0.5939901605968522
16,-0.6052078500581093,-0.5147139495661157,-0.3723040653109786,0.017031708985743268,-0.42613525514507444,-0.07476178094509543,-0.2454210457849431
24,1.6551558815707,1.3632908445623144,0.20212355159090814,2.4587936602106697,0.2834517803168038,1.6485210225735545,0.24364264623153614
32,4.504174530219573,3.9099791509703654,1.2851774491795893,5.700841728899135,1.4465343031584046,4.419289515032276,0.8269623566558492
40,6.191889142474303,5.766643001416908,2.3255494546284807,7.527272540230959,2.643406693774039,6.375544491905488,1.6201348498507717
48,6.134979814004441,5.754194111329975,2.78260174678745,7.384999420413017,2.7661172436436376,6.36665241576775,2.1376532173735727
56,4.267645586090974,3.961553140453392,2.311322130057116,5.487432165420384,1.939154898148963,4.525994315971224,1.828209229276553
64,0.7428297048004774,1.2743701775589515,1.2353818758411046,2.1280086592750913,1.0766242567001594,1.2039176552708917,1.2982419714757798
72,-3.456004918481295,-1.9979109206922068,0.02072537154018048,-1.914325456191919,0.07182054663227627,-2.6036659303016556,0.3201144567710997
80,-6.802979439592513,-5.296868257672771,-1.6438698050450289,-5.238180670585976,-1.2477623776145115,-5.587844076410262,-0.988797981879826
88,-8.590285133379393,-7.539447817539967,-3.320913894259954,-7.052162535473911,-2.611805636318183,-7.001682888393161,-2.432869862397689
96,-9.013547496631357,-8.040960470519416,-3.9042335500466767,-7.791982563436621,-3.19868214999342,-7.423166942483284,-3.3345255673269665
104,-9.082905665708656,-7.560788790642097,-3.525431430698384,-7.831107709828686,-2.8590051439871793,-7.497860300198524,-3.3932132254000122
112,-8.319966215640306,-6.749832204585303,-2.517070927886804,-6.963241856817076,-2.20988414663623,-6.804278958456582,-2.889922168311576
120,-6.257006426747791,-5.318209218739348,-1.512267229281351,-5.257743129539772,-1.3882570686792357,-4.9707345324081675,-2.043397262420587
128,-4.40034254707205,-3.5913695546576148,-0.411429144838858,-3.3423917071794618,-0.2447370741391442,-3.34882130412866,-1.2306622210559408
136,-3.1714587195370436,-2.090388449213855,1.03975638115312,-1.8645299541115519,1.092629972771839,-2.089704426398585,-0.3912510148945763
144,-1.9656943014990065,-0.9735446762095191,2.2490776444709977,-0.6747711264405264,1.9355980521049605,-0.7754567794325441,0.3716884464451666
152,-0.9697826251578638,0.0010260073523197044,2.5425158775240706,0.19487315608846117,2.227257882195288,0.18844346457420022,0.6811324467687803
160,-0.6194351249589369,0.6145787076028966,2.4731577705349435,0.8279883569396694,2.47979263791583,0.4783248894092954,0.7504905795483785
168,-0.17661015011179135,1.178335852663839,2.887528125850641,1.4628820486322662,2.739441058405582,0.5050010752204727,1.0528208858735815
176,0.4422777930322366,2.0515369130353607,3.454842071870022,1.9981845029036447,3.2569594224896545,0.9780591019820536,1.767743150282951
184,0.678806781100157,2.9763120110321215,4.084400512454425,2.398327554089313,3.7335742538394427,1.2714973579599893,2.4524324294510316
192,0.9597961322810403,3.9633315703528527,4.88646511903999,3.0563406464910132,4.299109817146373,1.476014941203347,3.1620194861184094
200,1.7529686526037176,5.044607093634866,5.612057844783076,4.160735542590215,4.836190718510859,2.3705569970287406,3.72755501274556
208,2.796897463978101,5.743523678079219,5.974854260668364,5.113965263557151,5.03181621530029,3.254428539748434,3.900061147607115
216,3.600740398065402,5.917808230422598,5.937507573213921,5.565682283020348,5.065606098357566,3.586991900280559,3.8093620348479282
224,3.620302971261434,5.416295559867423,5.841473271816794,5.537227696538912,4.916219336313198,3.3451276721847947,3.635077514408316
232,3.5936267665372443,5.0499423199077915,5.371972020223178,5.590580087647399,4.743713237749343,3.5656509287067535,3.583503476400995
240,3.9350822062637563,4.632015107467741,4.62503828030425,5.759529388309464,4.38803047096794,3.8235209410756648,3.261610615219649
248,3.993769862999519,4.091377395974873,4.073730078630545,5.6546030056165035,3.648210387030357,3.7025888258815396,2.664063661607235
256,3.8603887887528296,3.8210585447178906,3.6291266679616823,5.370056755664432,3.0328792633756976,3.6652421187499216,2.2550284912997083
264,3.8301557886103788,3.511614549361331,3.0564774782846893,5.030379790731906,2.6540771342843366,3.78261747310412,1.9847096404248072
272,3.920854886468405,3.260858231754992,2.786158600855155,4.834754315912134,2.6487419217663293,3.752384402658754,2.030948370584897
280,3.7305645905435094,3.3213242666182308,3.11694353912944,4.859652091883108,2.874600435509779,3.6936967443946673,2.2301307092154388
288,3.8675024594442973,3.625432998640003,3.5882231159323057,4.848981668184377,3.1271351895109567,3.839526694018167,2.6249385396683595
296,4.276537633572635,4.1376161752323775,3.8638772374015344,4.911226049462367,3.3583289486313848,4.058271548914662,2.998405413639675
304,4.552191725812662,4.722714188323159,4.240900966586798,5.021487710391276,3.3938972413378248,4.508210210309636,3.2562754185580056
312,4.911431278651342,5.442971761534963,4.545009688674463,5.384284087304296,3.532613501929968,5.397417001080875,3.5959523687804142
320,5.496529376946201,5.940927586428218,4.868680902765935,5.894688845650684,3.8331654093042755,6.153242868909524,3.9640840174340064
328,5.736615149352032,6.036961884577657,5.016289267769815,6.028069884936954,3.943427071952551,6.023418615680532,3.9125099647165653
336,5.859325763411247,6.00850728376818,4.717515769089467,6.223695352115103,3.8118244484287405,5.918492198409235,3.684873133978608
344,6.375065713834306,6.333956985644393,4.409850215094799,6.671855617424792,3.692670754537253,6.295515910973973,3.4519009313948428
352,6.979726311583551,6.518912017279298,4.249792954272772,7.0079758264844445,3.6428751580828638,6.677874831471747,3.3042925853039744
360,6.910368159317819,6.022734585605724,3.8194169218576635,6.981299626345229,3.253402577973976,6.373766054937531,2.850797104228589
368,6.755646225256035,5.442971790000001,3.1631822857190164,6.936839129694937,2.625622550477467,5.99496394036525,2.457767619235216
376,6.732526872689145,4.927231771948598,2.483828237408834,6.808793479257081,2.2237010653804865,5.938054748107284,2.0060505829604525
384,6.337719057137387,4.2016389841173405,1.6693147990036998,6.3410706524048335,1.706182688687739,5.68552002104282,1.4173956512302688
392,5.669035483724797,3.4404780422750663,1.0361995280406184,5.6083641231971155,0.8614362119320469,5.12709812594383,0.9194398653092821
400,5.069710061431696,2.8393742353591107,0.6022666016303342,5.167317711404677,0.4577363225350369,4.742960811653258,0.6153311338606322
408,4.436594809763708,2.04264488293839,0.10964602020365234,4.78673712490402,0.10561041326006723,4.230777662379679,0.20451758924643917
416,3.63453031761142,1.096528822155687,-0.3047243471475985,3.95621789267371,-0.3087599642163315,3.766611707935025,-0.24186423852216798
424,3.0138638694890028,0.5576694866888503,-0.6017194239521872,3.339108354211793,-0.5328400618152386,3.4518324702581364,-0.5050694544301818
432,2.8626987285529952,0.3567087525461433,-0.6301740610593639,3.19683526973635,-0.5275048548374067,3.1085986575622413,-0.7540473709841803
440,2.530135401452963,0.30513474357698317,-0.5376965369316483,3.0759031940876143,-0.45992512712200007,2.863177525155114,-0.8625306320069928
448,1.7191788142499247,-0.0807810285049664,-0.5821568711974919,2.3929923335476033,-0.5114991238645665,2.6408758992935435,-0.8714226812080167
456,0.9242278999434069,-0.7530213652410099,-0.7279867871978579,1.754541867833283,-0.6840052528038651,2.039772055124684,-0.7913940720025016
464,0.575658809011563,-1.0268970585301433,-0.8524757264663247,1.5660299721965663,-0.8031589482236777,1.6147311815451937,-0.8678658557963909
472,0.41738004055924877,-1.0980336101288513,-0.9680726310528477,1.4095295635318381,-0.7089030367985397,1.2946167174043377,-1.0706050112417347
480,-0.2690876664068452,-1.304329591367901,-1.067663813263354,1.0307275521214432,-0.6021982205763488,0.7361948618507359,-1.095502795809531
488,-0.8701914790540172,-1.4519379577090639,-0.9182770506458638,0.7248403485533759,-0.39768066350554343,0.2987050586389249,-0.9567865189789433
496,-0.9929020153597381,-1.5728700795896071,-0.6621854731434667,0.4829760963865051,-0.13803226574961486,0.05861926865736397,-1.0136957628178525
504,-1.1031636789632155,-1.7400409627698463,-0.4523326752806558,0.31047003679491825,-0.130918601171446,0.008823641254410316,-1.0688265947151112
512,-1.1458455422558846,-1.6955806084447476,-0.5252476497103242,0.37271441692666474,-0.24118024146797873,0.04083507912898433,-0.8002861603668336
520,-0.77060030754178,-1.1656133153014754,-0.26559921470149295,0.6181355071138357,-0.1896062559968035,0.2880346041826688,-0.2916598395615286
528,-0.09658151759933198,-0.46847518692913626,0.36395918576439923,1.2085688316816179,0.14295711848128,0.48188167795009856,0.03912511743472892
536,0.22175451167500937,-0.15013915383398405,0.7409828971828935,1.4913366158186103,0.4417306020694252,0.8784679381114372,0.21340965506798915
544,-0.24418985318296968,-0.47558887634257374,0.39952746509800297,1.1303186611634273,0.24254826229264045,0.7877688318476289,-0.01778411494174887
552,-0.7688218638874018,-0.9806583262686078,0.05985045699031636,0.548777413688586,-0.25007230786264995,0.3556143177610765,-0.4090351423347842
560,-0.39179821264667414,-0.7459077375336631,0.13454383763041944,0.7355107965142538,-0.30342473374051454,0.2809209203094069,-0.40369987861791534
568,0.275106919212983,-0.5378333424425573,0.027839015103891224,1.1605516584402709,-0.2571859716766567,0.6757287444579888,-0.3592395554324225
576,0.3515786751149555,-0.7476861307533419,-0.41854280960806717,1.1996768541207912,-0.5808572558800028,1.0296330954769304,-0.5726491832918316
584,0.2413170011952902,-1.0678005780826305,-0.6604070879474898,1.1196481961999416,-0.7889316624335397,0.9691670002448842,-1.054599284089705
592,0.27688532867110704,-0.9895503876962252,-0.599940968071215,1.2281314033493256,-0.7106814655517566,0.9478260643956574,-1.1417415792699281
600,0.37825492416054757,-0.7761407766483825,-0.5537022358096795,1.2619212212617816,-0.7818179839094124,1.0171842239209297,-0.9585649586214705
608,0.4227152731365118,-0.6783280210896474,-0.6781911964746856,1.375739744664179,-1.0503584545553901,1.043860372479204,-1.1168437626073229
616,0.5614314764164962,-0.3546567055556548,-0.7297652041065622,1.6282745108919505,-1.1054892786199872,1.1968039668126573,-1.2164349331643574
624,1.0380463761587937,0.07927624053180347,-0.5412533333051135,1.9074854449730891,-0.9703298407649026,1.5844981999336731,-1.1239574336808698
632,1.6267012501947393,0.4918681661390812,-0.2086900205331206,2.396549176534958,-0.6484369740433825,1.88860687215976,-0.9265535004966008
640,1.7316276901998584,0.536328509956951,-0.029070246883868264,2.8269253203266946,-0.30520313192724724,2.0949028753684704,-0.6757971725740727
648,1.5555647379503803,0.29624269151035143,0.013611664168933495,2.7522318934547836,-0.13447543116804436,1.9828628208378012,-0.5353025061535762
656,1.3030299784090273,0.07749777815545324,-0.08420103942677787,2.318299045180076,-0.322987274459657,1.598725481520919,-0.7113654431198122
664,1.20166036610802,0.07927618302860437,-0.11621248628025661,1.8452409259548794,-0.4652603524397226,1.429776167486017,-0.713143886201069
672,1.2870242671133612,0.2073219824780726,0.18256100896136065,1.6620643435145273,-0.2714132618607268,1.2448211450210573,-0.4463818322727545
680,1.3563823966452706,0.3673792031815891,0.5346868970308316,1.7065247114035036,-0.05444681852379948,1.3035087918227122,-0.15827883332526874
688,1.208774061825795,0.19487307023043954,0.7409828599299905,1.7171951184817085,0.17674696734230225,1.0794286905940351,-0.12448895332464097
696,0.8939948657957405,-0.13591187339298139,0.5008970563845524,1.5642515507028893,0.18208219991956495,0.6526093932283816,-0.3396770019135647
704,0.6734715439379215,-0.45958313008649126,0.3728512403145584,1.313495336258435,-0.05266840257029777,0.5387909219800484,-0.29877350070096753
712,0.39248223268450827,-0.7281236137232251,0.394192212079404,1.213904108962364,-0.11313445137949607,0.4427566104577726,-0.3147792104683093
720,-0.08768943783182367,-1.0180050227019564,0.12387332299639738,0.8920112290590472,-0.20027673643457097,-0.012517304337882921,-0.6224447764985305
728,-0.5785316371191771,-1.4661652306994857,-0.43810540114398994,0.4900897130135011,-0.4937149895468994,-0.6242915842410265,-1.106173321905985
736,-0.5340712837492805,-1.658233957861125,-0.6070546519444778,0.5292148966584684,-0.4688171950449957,-0.6314052486281546,-1.1719746099788646
744,-0.29042859002947835,-1.5141823928604818,-0.3740824738139001,0.6074650383295391,-0.25362915639017947,-0.26860888050299664,-1.0652697956670794
752,-0.2726445080569158,-1.3327842154843212,-0.36341198019433585,0.602129762959198,-0.31409520768290455,-0.3361885919799583,-1.1097301180884098
760,-0.15882601445684055,-1.3132216604371385,-0.5910489272759747,0.6697095218142107,-0.7000109860691912,-0.3824273473573977,-1.2128780987738275
768,0.2555443643568417,-0.7672486747201734,-0.24425830502481866,1.0129434397734365,-0.6182039419971622,0.20800598771761414,-0.6829108440297
776,0.867318642922701,-0.039877542384571335,0.37996489935255134,1.6442801685052273,-0.1522595662498734,1.0118489611592636,-0.09959115824961544
784,1.6213660227755706,0.40116909273424345,0.5453573812894097,2.072877872272356,0.09316152260001358,1.4831285467499928,0.1831766044908376
792,2.110429773250451,0.6448117528309131,0.6894089075088267,2.2702818440468113,-0.033105850770805016,1.6022822729273307,0.2062959851406854
800,2.023287521818509,0.683936900560261,0.8050057673918664,2.2115941924691436,-0.09179350444991916,1.5880549689883428,0.36635320832772866
808,1.8632303129595056,0.6750447818204849,0.9668414021384791,2.151128080998652,0.178525354066603,1.518696850536784,0.4054783035209312
816,2.151333297769992,0.8955680822817643,0.9312731470670229,2.4605720425410396,0.2745597093371599,1.639628990375137,0.4659443756370739
824,2.128213925334887,0.7212835200042771,0.6218291807486227,2.4712426060814368,0.0896046763649709,1.6254016709618664,0.12982421510171394
832,1.5911330054394701,0.16997527859414377,0.15410638178829192,2.0426448423275816,-0.16293004955324866,1.0652013547512784,-0.3681316178152427
840,1.1162965898521438,-0.42935009421946047,-0.1909058602339418,1.386410188804247,-0.3763397041583321,0.49077374931182377,-0.8073997735551003
848,0.8530913525475904,-0.8437204917551145,-0.7244299560550166,0.8920113058573392,-0.5026070416135314,0.28803462920897815,-1.0670481804809744
856,1.0398247210452187,-1.0375675546332341,-1.0641069691297567,0.8208747385933081,-0.7569202253231284,0.38584740463592837,-1.3195829128945722
864,1.2034388359349506,-1.0197834203155673,-0.9876351608826796,0.8422156910630607,-1.0023412895287869,0.3360517739852858,-1.3213613397373836
872,0.8939948908220497,-1.2100737057332343,-0.9983056554574463,0.5754536035116135,-1.053915281877421,-0.06053446783616207,-1.2182133559953177
880,0.4084879365295937,-1.5853189461785546,-1.1619197212497627,0.31402678158744074,-1.0877051402904692,-0.3290749487983287,-1.3764921578797247
888,0.10615760498704048,-1.9321096444638397,-1.450022712364587,0.0028043651192851083,-1.397149115396733,-0.5478198187870271,-1.8139819396949974
896,-0.11080884350798065,-2.2219910345295593,-1.7381257342369367,-0.03454226311259491,-1.5625415812861867,-0.979974334210863,-2.039840460124865
904,0.23420336871193015,-1.965899494280065,-1.5229376804899182,0.4918681914372557,-1.375808159488251,-0.9301787196076248,-1.8531070457775105
912,0.8441992647563805,-1.4234833156348332,-1.0783342658092048,1.1943416217345697,-1.1446143738131906,-0.3966546213030226,-1.607685931710273
920,1.098512423821749,-1.3132216505030319,-0.9716294600942428,1.5429106480947146,-1.2530976180244362,-0.23481899935612532,-1.6485894348332755
928,1.009591746693238,-1.379022984234598,-1.028538695527369,1.4611035262691905,-1.3615808578417494,-0.41443879287359253,-1.6468110320615703
936,0.9953644389334395,-1.0678005935569137,-0.8222427408429522,1.3828534314030492,-1.189074719541465,-0.4055467385144742,-1.2573384502333182
944,0.8957732666570405,-0.9593173770465443,-0.6266172251405094,1.3117168841982736,-0.8511761245216726,-0.4766832205744302,-0.8696442688842847
