-240,1.2433039856327142,0.7499548875907152,0.6732688551083331,1.0646055534523426,-0.14398724494624512,1.5686894211714415,0.9379739416236674
-232,0.9474873915936132,0.5995396763928739,0.5729919996482005,0.9041626327589108,-0.382980314080808,1.8544783247453513,0.8276694027000936
-224,0.5363524054989317,0.6045535052880521,0.5445802552389034,0.8289550005892449,-0.19746817853491652,1.2895855704275847,0.5769773688964872
-216,0.3642105362943414,0.6413216946838187,0.3256425327441001,0.6902387605236014,-0.19245433527717343,0.5976755699769453,0.15915732314953468
-208,0.12856000856573216,0.31709330076001324,-0.18075541169335158,0.32757092975045493,-0.43144744103627697,0.34364092187736744,-0.11493266925588606
-200,-0.05360951932687459,-0.07900013706963627,-0.4063782383643774,0.02841179592118872,-0.35289726943551,0.26843335667316087,-0.17509873377105745
-192,-0.03856800984076821,-0.5269032513396511,-0.5384093932841971,0.2289653842210548,-0.342869567300734,0.13305962731348786,-0.22857971224274432
-184,-0.010156240117450546,-0.7558686747125059,-0.7723886098253495,0.2824463777734352,-0.43311870644305794,-0.06916527019898239,-0.5060122562874456
-176,0.03663961676340399,-0.5486299158095538,-0.5567934650019766,0.2038961812177116,-0.2125096889186833,-0.31484346990098105,-0.6196593183047024
-168,0.15864307996130741,-0.1725918456249154,0.18024114774845623,0.13035985951737414,0.08832074101734631,-0.14604418662629598,0.09899119113030766
-160,0.18538358284158782,-0.04891710122140934,0.4727151957137702,0.1186609005933565,0.10503352901607449,0.3837516681188451,0.7307351936721717
-152,0.15195792605470357,-0.23442918542113092,0.16519962084773956,0.035096891120808084,-0.2125097124373836,0.5943329598102116,0.4182057527478256
-144,0.44610325432795966,0.021276697385244916,-0.135630831170734,0.359325271938773,-0.29941631681644004,0.6845820508379427,-0.16674234408046282
-136,1.1848091743161437,0.6179237667819877,-0.0637657545900542,1.1214290654305727,-0.3478834213304012,1.017166921345861,-0.1266316324886733
-128,1.5675323693231924,1.0875535173353714,0.10001973354148036,1.3219827084877178,-0.3913367096959607,1.4934817802047047,-0.014655857960641205
-120,1.2767295743769471,1.1861590472454822,0.4509885599689972,1.0077820240595032,0.11840377381352836,1.846121875629644,0.033811294847445196
-112,0.6483281764363228,1.0875535232599296,0.5980612091146983,0.5047266357496338,0.7050231701596893,1.3932050064316608,-0.04473889560418842
-104,-0.06029464756039366,0.6931313619680489,0.33399894343994635,0.04011071714347339,0.6214591579941603,0.5425232603897422,-0.16507108890700928
-96,-0.3343846302710826,0.47085109070647746,0.2838605839320639,-0.08189271786789634,0.48775671235353885,0.047824340585042834,0.11236143808214606
-88,-0.5132115781583424,0.25358463379798724,0.3106010033299352,-0.25737716600064103,0.4209055540750048,-0.6691549081110203,0.3196002233763112
-80,-0.5432946504515778,-0.23108666071165918,-0.010284808075074578,-0.6434428955914248,-0.005270983695818219,-1.244075307113302,0.08394973352896719
-72,-0.5449659339910973,-0.6004395671154309,-0.3061014209650423,-0.7972006932577677,-0.5066550495077108,-0.9850268924161721,-0.1550433774365664
-64,-0.4597306332591512,-0.3932008450165515,-0.16237127947326718,-0.5431660823213269,-0.3595823409368972,-0.32821377412354785,-0.16339978202832192
-56,-0.24079292728129761,-0.0305329817481015,0.19194011582860898,-0.34762629185759214,0.1651996324897032,-0.13267390358851283,0.16249988609933544
-48,-0.2341077615255775,-0.08067141971149512,0.24207852668266153,-0.3626678377887073,0.34068405082012565,-0.6123314043912653,0.088963495458686
-40,-0.546637242306041,-0.37147418306009783,-0.30777268708995137,-0.479657450547585,-0.17239899025320246,-0.9800130654958464,-0.38902260834028385
-32,-0.7772739181593681,-0.6338651804555557,-0.6102744673514278,-0.6066747561055714,-0.34788343030700447,-0.9315458586486098,-0.5678496126006111
-24,-0.7421769936317861,-0.7826091169109494,-0.3294993481487449,-0.8022145436967933,0.03985357833499717,-0.8880926313239517,-0.22857974725149652
-16,-0.5215680281717098,-0.5770416742223518,0.30057333422905885,-0.6467854874458878,0.4844141511990584,-0.9549438646468879,0.5786486926511883
-8,-0.16391404891478104,0.3321348009104526,0.7501477406561319,-0.14205882044386484,0.8387255768418537,-0.4919992326322919,1.0382507349657062
0,0.15362922970181392,0.8936849763000643,0.7802307860195583,0.26239100025416057,0.8972204014437966,0.28848870385151654,0.9463303268259601
8,0.2338506862783567,0.9304531840081014,1.0225664023051007,0.3944221329120046,0.865466063564248,0.6411288441594716,0.932960112189893
16,0.7987434321581159,0.96722133265009,1.2314764522879182,0.9843840963372041,1.0008397692256887,0.940287937953088,0.7992576577522006
24,2.0789440952593576,1.5137299789846002,0.8069712691513116,1.9604118010227727,0.8337117375338156,2.1051703337735335,0.06389435062373099
32,3.6666603949856595,2.713709218902263,0.4994557021846917,3.344231847525196,0.803628742977963,3.7714368070754545,-0.3171576075221345
40,5.458272823520122,4.231231760057562,0.6832965073331956,5.226093484321825,1.1195006560088865,5.467786355363593,-0.08317829187928363
48,7.0977988056113475,5.07355703238788,0.8387255704063193,6.935813224086394,1.447071608394191,6.615955859954374,0.15915736156939583
56,6.200321341287327,4.707546657156736,1.4821685033266028,6.106858252926599,2.1573657609929744,5.133530290902655,0.8544099125821244
64,2.047189828115442,3.48751200507011,2.1857775242807578,2.0306055452312113,2.5267186835546305,0.24670668125180217,1.5964583565616517
72,-2.5839278881366448,0.5310171607871426,1.249860541779372,-2.588813178703892,1.1094729964232088,-4.7754906243657596,1.4076036666834988
80,-6.484696116460708,-3.5218375141596865,-0.3061013958305535,-6.342508737954196,-1.029765790202365,-8.184902342694077,0.33798429419643045
88,-10.06624976844562,-5.960235466750767,-0.8225270048805804,-9.730193878706132,-1.7651291034349255,-10.773715542928008,-0.15671465630825174
96,-11.079045617284875,-5.6460348193061565,-0.6670979518612522,-10.951899723309522,-1.7333747939214428,-11.221618669047137,0.017098487100190143
104,-9.218910621798514,-4.295640308945073,-0.5267104241268521,-9.252207752824717,-1.7450737566156336,-9.334743213409125,-0.1366592793275738
112,-7.383844833265201,-3.045522634654657,0.10503354591970901,-7.505719792066738,-0.9729422819943092,-7.7035736624804,-0.11326137907368038
120,-7.3487480019147595,-1.7870485844976163,1.4754833657574167,-7.5291177048878755,0.86713734907862,-7.902456043362342,0.5017697701197845
128,-7.490806863457657,-0.42328389486827944,2.632009383736384,-7.574242298336801,2.4531823803460964,-7.725300331259072,0.8727939808887945
136,-6.294170109650071,0.4959202752180182,3.176846673102762,-6.650024278350071,3.1534488072914035,-5.925331390952213,1.056634801656588
144,-5.025668386262915,0.7466123239227859,3.1634764450017894,-5.704079634647218,2.996348480068223,-3.9866463400223284,1.2237628636893796
152,-4.460775667851561,0.05135973646504881,2.1790923604998906,-5.34308310393054,1.640940121242964,-3.403369505010179,0.6939670310266823
160,-3.553270498699785,-0.9029413482745676,0.7752169294764422,-4.654515626932647,0.31227229402311674,-2.8451618735399706,-0.4792717133715153
168,-2.1376960820020408,-1.5163011956162429,-0.535066827282351,-2.914712830314599,-0.6503851233158983,-1.374435213681887,-1.5539049862075225
176,-0.06865104802291183,-1.3224326867171743,-1.7266896983351392,-0.4863425592121093,-1.5528765299993597,0.40046444606377757,-2.4965071030465187
184,2.9463385749017887,-0.09571293637888421,-2.283226029210282,2.3999584983133193,-1.8637346620701656,2.3023814636112583,-2.8625174621197784
192,5.804227874732548,1.5438130279386673,-1.9740391338211276,5.393221496983301,-1.0130530000492526,4.1357759359302175,-2.7873098396448435
200,7.654335131459592,2.9142628852985775,-1.4993955348035715,7.691231927764536,-0.10220519092841991,5.345782881214234,-2.7522129671815603
208,8.90946666085687,4.067446246612006,-1.3857484733249106,8.829373820704697,-0.028668885206435804,6.102872804518483,-2.9861922045484315
216,9.86209644230844,5.0150622068882775,-1.2704301383605259,9.327415274195472,-0.04538168595194051,6.883360760032688,-3.0380018700373412
224,10.146214103814737,5.548200613093168,-0.9161187308504699,9.800387661845399,0.37076711270050183,7.3412915705129205,-2.700403239933621
232,9.611404353747554,5.616723048448066,-0.5116688399554072,9.641616020382719,0.4326044535739102,6.823194657277188,-2.326036470344047
240,8.469919954589718,5.347646952621411,-0.30108758614530606,8.470048501894247,0.27049029458303836,5.77697317086098,-2.200690458917972
248,7.385259005471553,4.949882328199557,-0.17741284066460777,7.278425669620389,0.5546079171308781,5.3207136141179445,-2.0536177840991856
256,6.6682798461824575,4.86297567947608,0.16352831594390502,6.421058888522092,0.9089193637789239,5.613187701041716,-1.5806454711345963
264,6.064947652322369,4.807823439188254,0.5696494564469264,5.704079652393275,1.3200543448467081,5.594803638480072,-1.2012648388978173
272,5.277774615252979,4.6808061408115496,0.9172757811450759,4.993785451320834,1.754587191698229,4.670585629265269,-1.1461125898129196
280,4.390324767965536,4.369948022564713,1.1195007079212722,4.261764732456187,2.0270058648372493,3.7029143688480417,-1.002382479021127
288,3.342432003036707,3.7916850110617815,0.9105906514753002,3.282394473438357,1.7128051692780464,2.883986952427197,-0.8001575612215337
296,2.4900790560400172,3.2100794475605046,0.5078120945682671,2.4166712974430347,1.126185803272804,1.9397135870574347,-0.8168703790225841
304,1.7730998299649956,2.4479757009265715,0.1635284114549624,1.8049827192783146,0.6381719289373425,1.234433281307037,-0.8636661989198336
312,1.056120584320978,1.493674592668254,-0.15234365507587438,1.225048456910697,0.06993667486506115,0.611045794666808,-1.1544689988929768
320,0.32577108436430674,0.529345891969253,-0.8258695816543502,0.559878931871932,-0.5885477824424898,-0.2078815538909171,-1.7511160379488004
328,-0.17059916835122912,-0.22774408070631239,-1.4776689021108436,-0.023397889675311766,-1.2102640559197684,-0.8329403746987071,-2.3711610815666475
336,-0.3460836039167293,-0.8427752282839884,-2.0993851378863884,-0.16378545259799626,-1.6397830693878102,-0.9699853899318163,-2.8458046470117093
344,-0.12881713318427024,-1.056699105725728,-2.515533965263961,0.12534600261519427,-1.848693098903972,-0.924860819283462,-3.4374379244968774
352,0.10349084829101977,-0.9697925645419578,-2.555644709351053,0.518096883419601,-1.7718142174854108,-0.7042517631596942,-3.7382683436609847
360,0.33078494952496196,-0.8377613916689317,-2.4252848297122775,0.5598788693947739,-1.608028776211745,-0.30982964351925124,-3.4508081446984384
368,0.6015323450490211,-0.7174291820286932,-2.3952018200757323,0.6367577685870097,-1.4776688904688795,-0.3298849847730493,-3.3789430532165987
376,0.5079406445726848,-0.804335776533486,-2.4887934862614447,0.7587612517129724,-1.4342155748144465,-0.9449161854922165,-3.604565908074158
384,0.309058316832234,-0.643892867330106,-2.2698557544309743,0.678539816321213,-1.5194508997832212,-1.2758296819764554,-3.0730987879222362
392,0.22716555804483757,-0.27119738217771217,-1.8252952067014019,0.44456055471751277,-1.31054088606588,-1.125414447080382,-2.4246420040243315
400,0.44108946780234837,0.12823862219237975,-1.1584543487518002,0.4629446670095383,-0.7205789300014955,-0.9131618592822517,-1.924929243834402
408,0.4945703827196853,0.5727992174979492,-0.3712813723642483,0.534809714865088,0.06325153406429765,-0.9516012948748684,-1.567275205690956
416,0.12688876829343995,0.6112386577583996,0.04152487195593222,0.07687890995034899,0.5328812467364166,-1.1187293026889773,-0.9472302654835776
424,-0.5148828821645166,0.1282386370935409,-0.3662674901480474,-0.9392595621614789,0.31060106290695966,-1.4780546089321847,-0.7700744919803428
432,-1.0864607560982626,-0.6054534399959641,-1.151769247448091,-1.703034636499817,-0.5200252851490292,-2.0529749993169273,-1.2781437748941258
440,-1.2435610888869368,-1.3374742093091214,-1.689921531739944,-1.9253148885514577,-1.0865893230063148,-2.3905736475533854,-1.7126766221047112
448,-1.2936995166170029,-1.6617025698399635,-1.8135962416732943,-1.910273392709788,-1.2988419415044277,-2.171635912850402,-1.5188081072810846
456,-1.5159797839288693,-1.6617025332154227,-1.8837900083232406,-1.9787958575079454,-1.6130425846402676,-2.0479612032761163,-1.2447181129008118
464,-1.6262842621706057,-1.6215918770990405,-1.6882502096010314,-2.080743953778966,-1.9372709735371763,-2.3604905734648303,-1.119372112067128
472,-1.4624988264624337,-1.3207613837881924,-1.1601256331889798,-1.9370138508865846,-1.586302117127804,-2.1632795319568796,-0.8653375156727845
480,-1.0964884181973886,-0.7475122694026219,-0.525039124788511,-1.4239307945530317,-0.8409111274335537,-1.3293106710405345,-0.30211601114250985
488,-1.0196095382150836,-0.3614464888247325,-0.0370253156231883,-1.189951585193162,-0.3010875666039313,-1.0786185647059743,0.23770745220120243
496,-1.0998309818653178,-0.31799322433693744,0.08664945445340254,-1.0044394702934576,-0.28103220703786325,-1.2056358900124877,0.013755935281377162
504,-0.9928690403617012,-0.2678547745244277,-0.001928435260493671,-0.4846712774679105,-0.21919486544632721,-1.1939369425785218,-0.2603340330667468
512,-1.0262946870947902,-0.39487207918475353,-0.02866890726125899,-0.5214394266484952,0.008099297187580332,-1.364407528782189,-0.26869046781988914
520,-1.265287750304795,-0.4867925271806175,0.31728613479503115,-0.9927404716928543,0.3540542762281169,-1.5114801687717547,-0.09153471568097002
528,-1.375592205925492,-0.37314547019025834,0.5562792349886406,-1.1297855063154258,0.4810716369024463,-1.9643971650784389,0.08060712102831685
536,-1.4190455133214503,-0.34306245229523746,0.4927705752078972,-1.183266442956142,0.3975075920620817,-2.5175908922500043,-0.006299431825037723
544,-1.1633396574448833,-0.32969216674400564,0.33567023074963903,-1.3955190260864387,0.07160793147477089,-2.1348677370990727,0.06222308916665534
552,-0.5048551841589783,-0.2812250315300617,0.2955594854058215,-1.2701730125059782,-0.24092146546421955,-1.0284801737799814,-0.02468350892877888
560,0.22215170491283104,-0.04724580403745328,0.6398432458974459,-0.5281245724761565,0.07160796217475389,-0.2396358957201713,0.15080089791159154
568,0.6667122856763031,0.3421624815013814,1.0091961790514943,0.1921972398878358,0.4844141635867707,-0.24464971438202168,0.4131919208006022
576,0.5764631316328179,0.2786538624744158,0.5796771388331756,0.1119757987510507,0.054895117623426165,-0.4819715592226461,-0.019669660105541747
584,0.22549429802401835,-0.1592215922099225,-0.23256503983959234,-0.44957438184499093,-0.7723885913611673,-0.3850372983099577,-0.9489015168868575
592,-0.036896717504177765,-0.30462298115527203,-0.31278654399213157,-0.6133598504075306,-0.6587415600438932,-0.2530061816304672,-1.1461125819135087
600,-0.1388448520155281,-0.06730113954622545,0.4593449550455536,-0.5164256036778752,0.2270370107057807,-0.5003556232205465,-0.43414721812662754
608,-0.39956455420188286,0.0831140352066078,0.9891407932737452,-0.7336920826688088,0.5813484054690606,-1.1354421321596115,-0.05309531455850905
616,-1.0329797636230742,0.10985452785356059,1.1529262955883122,-1.4490000097645546,0.6348293878904527,-1.8474075347254189,0.1858978050245633
624,-1.711519576726522,0.06305871729197841,1.3852342020192003,-2.1592941372288483,0.631486811834811,-2.1950338384183175,0.8727940040484305
632,-2.4385264927281405,0.061387397486981896,1.6777083077938382,-2.692432559053027,0.6181165928899742,-2.4423833480510484,0.9597005719824786
640,-2.3817029726709675,0.25525590530885833,1.9100162637755755,-2.433384100011479,0.8270266119932779,-2.693075352949993,0.9045483211022599
648,-1.4541424387466926,0.761653825689014,2.062102800164375,-1.7665432609127436,0.9991685054346965,-2.325393756656486,0.9296175063319287
656,-1.0028967112578986,1.047442784738331,2.179092384198123,-1.540920393128875,1.109473023532551,-1.5616185541322547,0.7892299970893308
664,-1.1332566092089444,0.8970275345820318,2.210846719025627,-1.5910588151139153,1.1880231832842019,-1.5449058190954859,0.41319191649183323
672,-1.2903569687478964,0.6229376010631278,1.7128051949787513,-1.5693321957065614,1.4855110701984895,-1.7304179232232657,-0.18512642890408257
680,-0.7956579649221902,0.826833803479433,1.3568224910028672,-1.2267197365281315,1.7596010320834587,-0.6641410508497766,-0.3823375598190004
688,-0.13550224005347364,1.2563528205381151,1.7178190109476208,-0.7938581234857478,1.8916321968775427,0.5124402417765932,-0.06980812535780909
696,-0.21238114965856864,1.2212559645917813,1.5874591612907003,-1.0094533079857069,1.5824453144146964,0.06787965706341575,-0.06479429179479727
704,-1.123228916050772,0.5577576825182894,0.8537670976660999,-1.7782422184005056,0.8153276177014435,-1.3811202981095834,-0.5945901248165587
712,-1.7867272198476434,-0.1174395827160492,0.5529366494177996,-2.2027474399569735,0.27383286040535226,-2.042947367558721,-0.5110260442493137
720,-1.7566441441432985,0.009577730382284374,0.6799539582073632,-2.165979271566458,0.384137344751179,-2.0329196191046734,-0.3472405943581083
728,-1.6613811324795063,0.2903528025475667,0.8688086608322932,-1.9136159167011308,0.8320404552510211,-2.052975032889424,-0.35559704652586066
736,-1.8034400100007564,0.40065733213547317,1.305012758009902,-1.8300519495981498,1.2699159086786342,-2.1833348710562928,-0.2553202158411527
744,-1.7349175171955973,0.4624946652890025,1.6827221397410617,-1.7180761384455765,1.3969332474500522,-1.8206670794211355,0.12238915924732065
752,-1.2736441724906928,0.8117922668839849,1.8481788808916653,-1.4356298015916418,1.1880231874134395,-0.9733279153594164,0.44160367813620777
760,-0.6719832402672115,1.4101105733214425,2.1406529337043447,-1.0796470724812697,1.2598882365257131,-0.644085699183119,0.7892299848811509
768,-0.486471132369258,1.9248649539482932,2.279369173590456,-0.981041518872927,1.552362284850091,-0.7009092179835672,0.6839393258398612
776,-0.6519279108625299,1.8931106187617257,1.9618259014370152,-0.9275605570977218,1.5456771918048566,-0.5688781084853594,0.34466940609253155
784,-0.6803396588624683,1.3950691009984735,1.4721408063982566,-0.8941349776891562,1.328410702401063,-0.36665318278635495,0.0471815712425419
792,-0.5048551798502086,0.8318476259114571,1.097774010776534,-0.925889273199138,1.1947082871013606,-0.6474282967826083,-0.20518179744675386
800,-0.2892600772168698,0.6112386073098899,0.9624003072694784,-0.9760276727426704,1.219777478973716,-0.6875390063995459,-0.35058322732541375
808,-0.14552991059060627,0.44578189488441666,0.7234072483682435,-1.1013737033786766,1.0877463504451095,-0.2998019692119465,-0.46423022237721123
816,-0.22909396063740065,0.128238621115187,0.31227229835950615,-1.1949654429930021,0.5512653746477312,-0.11930370941910118,-0.831911949729124
824,-0.3627963969423547,-0.4299690204088165,-0.2325650712577033,-1.2066643884521147,-0.05540933422709761,-0.37500955524187163,-1.319925784926596
832,-0.4580593619278124,-0.7174291604848445,-0.665426673707695,-1.0378650540107923,-0.1824266627651877,-0.6724975014017405,-1.4770261351298803
840,-0.13048843162495094,-0.6706333739805593,-0.6336723361872101,-0.8607093467548884,-0.1790841055604122,-0.6741687702196303,-1.431901507031266
848,0.0600375588482677,-0.41158491278462545,-0.37796646558901487,-0.8339688578781094,-0.026997618542930753,-0.5204109756053318,-1.406832338139014
856,-0.28424621133808753,-0.13749489111547866,0.024812072646684356,-0.9609861433285046,0.2821892323222727,-0.49199921647440603,-1.02745169854142
864,-0.7756026353379769,-0.24947076025690815,0.44263217620296097,-1.357079570745295,0.7635179540078546,-0.8145563257814997,-0.649742357923103
872,-0.9945403298257783,-0.39821467552751827,0.22202312995345638,-1.5893875550930967,0.8821788923167542,-1.1304282883632728,-0.9672856298970115
880,-0.7588897915047772,-0.1525364840839945,-0.11056163678492975,-1.273515573121862,0.6498709201771313,-1.0635770794566966,-1.1110157254285782
888,-0.6719832558865009,0.061387421903342815,-0.2442640109717902,-0.9860553702096123,0.4593449683033059,-0.8747223994528064,-0.9789845952841839
896,-0.7956579597157608,-0.3113081172882018,-0.38799416521034147,-0.8022145275389077,0.14347297484201887,-0.9866981899591925,-0.8703513262556919
904,-1.012924415906123,-0.772581477612395,-0.743976840640628,-0.9075051723971642,-0.31445781624875113,-1.0435217362280464,-1.1494551872328769
912,-0.8357687203198038,-0.8594880161031846,-1.0230806531441554,-1.0077820054157893,-0.5935616127739247,-0.7393486993568597,-1.316583201510139
920,-0.43299012858354996,-0.8110209092553062,-1.231990713539833,-0.8607093817636409,-0.7974577975960878,-0.36331058805937866,-1.5054378601497138
928,-0.4446891056403062,-0.9463946048629512,-1.3456377664009547,-0.7704601905570191,-1.0097104292000414,-0.7627466380306145,-1.802925743832425
936,-0.6218448337219287,-1.1369205854619064,-1.2436896554083048,-0.7637750845854759,-0.6687692268108526,-1.4579992003538635,-1.8029257553224771
944,-0.2508206003318793,-0.7157579008230901,-0.8526100825597782,-0.4077923845592971,0.1936113776171288,-1.5198366148354179,-1.5672752137698984
