-240,0.8534251654663916,1.624527525236973,0.03916076158101783,0.19537648410751365,0.07704080932988608,1.231213509239829,-0.05073813775410952
-232,1.355578008494698,1.5773639806417312,0.19452282865460038,1.0706761622543517,0.02571588837756586,1.3713170216461785,0.6442304216898403
-224,1.6704638991275658,1.7646308771578163,1.3611267042618531,1.5728290483470144,0.8774336324001744,1.4822900776049264,1.8247056849873977
-216,1.7800497426608433,2.5428292001096104,2.813485976950481,1.9626217188055697,1.9719050202633326,1.225664944299138,3.1092184024132217
-208,1.123921854994618,2.078129736265311,2.660898022697522,1.3703032821531478,2.080103699650902,0.5112761634072429,3.2160298562622978
-200,-0.4671536853393687,0.033451950183281946,0.8492636856895228,-0.3622628715519712,0.6693592631186429,-0.8384331737974517,1.985616574195715
-192,-1.9749994278928404,-1.933544659385314,-1.3882296187717182,-1.979694498765925,-0.9050702341531331,-2.360150542161785,-0.006348981054929377
-184,-2.4549577395102147,-2.7131301132532264,-2.6533220596152995,-2.2793216207508844,-1.6915914945934827,-2.8692391646424165,-1.6931386891924416
-176,-1.941707531460203,-2.45234349913322,-3.054212007625744,-1.710585000056487,-1.5861671361957606,-2.371247845045649,-2.530984971913008
-168,-1.1329918501755367,-1.943254858920207,-2.8336531620759224,-1.066941522646409,-1.1936001344655573,-1.7165070671358933,-2.8611296139084383
-160,-0.6474848718425402,-1.391164093235364,-2.2649164083141544,-0.5439811067168528,-0.7150289746259268,-0.8786608957270016,-2.48104708889356
-152,-0.035746162184155425,-0.3410819659324794,-1.2023498805898885,0.24670153678609882,-0.20732756099448743,0.31152474249211565,-1.6432009045206586
-144,0.7854542170980807,0.636867674073348,-0.32982457469289195,0.8612146514768801,-0.10467744073615684,1.0370107505699755,-1.091110156717209
-136,1.1724725756564967,0.865749528041253,-0.30208136106912925,0.9208625620718192,-0.28223421803460674,1.163242592760003,-0.8955202000760117
-128,1.3125759923973908,0.944817835619817,-0.06071504960839583,0.7946307490880673,-0.3044287968312321,1.4434494612595206,-0.20471318254104007
-120,1.909055893025719,1.7035958244708869,0.9935285796683566,0.8945064911360927,-0.07693419179664218,2.221647639968074,0.9077912521935424
-112,2.2613952033737537,2.3111730513779016,1.5678139406901144,1.2593302674706166,-0.28500857925758966,2.533759265490451,1.333650208768936
-104,1.635784772686087,1.591235614052186,1.1655366729658387,1.2468457439656435,-0.9120060872171937,1.8928902488431105,0.9660520618236983
-96,0.31936753904017157,0.3067229678539129,0.610671726809098,0.32576987401797175,-1.1103703073297553,0.8552924650391706,0.5665492855585537
-88,-0.8083956360301139,-0.2481420824619442,0.614833181546284,-0.768701466012458,-0.7885485843454418,-0.15178762455972408,0.40841270556816667
-80,-1.178768136598744,-0.15104061044179468,0.8853298698824181,-1.3679558047537614,-0.10051585382567005,-0.8287230232873796,0.3876052536643466
-72,-1.2009627361079829,-0.23843189916931715,0.6980629323881402,-1.3582456591610725,0.4293802008892481,-1.3336502336481437,0.45141478588947803
-64,-0.8971741395672922,-0.7156159090193427,0.1321004207890769,-0.7381838831190873,0.27679230638994684,-1.0700893252113701,0.17953090628752336
-56,-0.2812738832315576,-0.9750153175684128,-0.636387522770808,-0.12644526122854252,-0.4819857325290253,-0.060234869323097795,-0.3364936415278003
-48,-0.03297180423942892,-0.8973341555091048,-1.2439648685890894,0.13989000530197068,-0.8898114269112165,0.44746661493984496,-1.0383979516648323
-40,-0.20775432685819945,-0.5158643791767269,-1.0761180570263127,0.2633474803085506,-0.4708883834515625,0.07015847841707584,-1.3407994277202169
-32,-0.31317863891331066,-0.07335960693084267,-0.27711238379661884,0.33686714829160586,0.5680964405204241,-0.22530721401365844,-0.5958930076085607
-24,-0.07597383941022239,0.33446628176248944,1.0295947991770042,0.5421672076101482,2.0162942216659956,-0.2364044940987458,0.708039838281962
-16,0.8908785234907478,1.398420035770306,2.562409421102359,1.1830363337810237,3.0608277463282536,0.5681498711785443,2.2796950696981866
-8,2.2405878375986443,2.384692650666603,3.55284370114024,1.916845361303825,3.0053412587310264,1.8845671782871853,3.3283900191462963
0,2.624831894538724,2.3347548279968597,3.444644945905759,1.443822905134698,1.9067083569730705,2.3451052826127183,3.0551190588451367
8,1.552555032424056,1.279123977055917,2.326591844306542,0.17179473103239054,0.7040382845069348,1.3421865902325283,1.8718691726602037
16,0.3734668869295939,0.030677629342445983,1.0087873194080144,-0.738183972526055,-0.11438764250622398,0.35730115468112333,0.5290958168185669
24,0.6065102364638676,-0.13439462653719467,0.1556824098985927,-0.29706615506456435,-0.6539938112233695,0.6111518530031809,-0.12564490267863632
32,1.408290231130444,0.5161845027712678,0.059968176231934435,0.3132853388900936,-0.9314263211821134,1.7930144661149148,0.24472758403191164
40,1.0934041862705575,0.27343107365644803,-0.6807767231303913,-0.19996475456998916,-1.7789827262495579,1.716720479377188,-0.14783945927253161
48,-0.5212530435105915,-1.2760295972915794,-2.325951733096289,-1.5427383443598544,-3.3964143974219376,-0.06994497140439689,-1.582165757807403
56,-2.485475276060976,-3.274930990109076,-4.058517851336643,-2.9715158489231914,-4.596310149941307,-2.453090372584187,-2.827837818654684
64,-4.114004342653431,-4.773066578278175,-4.6092212709326,-4.228285234857066,-4.6434737034772455,-4.328534333608468,-3.2661811334811715
72,-5.449841962554133,-5.493003985652555,-4.320691512926266,-5.300561849761469,-4.046993639681204,-5.5103968111196355,-3.2703426993810205
80,-6.11429287502972,-5.520747231015793,-3.8781865842181906,-6.092631672609312,-3.0315906723474084,-5.656048921547255,-2.909680354239848
88,-6.024127229400554,-5.240540441343418,-3.181830997719213,-6.4657785013203455,-1.6582995300625367,-5.507622586689317,-2.2535523950480494
96,-5.831311624445595,-4.761969329485527,-2.1678151131707883,-6.56704133449839,-0.3613025177155552,-5.686566509805049,-1.7347535389088677
104,-6.100421308972517,-4.788325377771488,-1.6018527414936283,-6.562879821050626,-0.033932139787536446,-6.3107897408822415,-1.6584597022258323
112,-6.591476772524991,-4.920105955222478,-1.6379190013844231,-6.590623123038274,-0.6539939152334749,-6.987725128136003,-1.7971759326182877
120,-5.427647293754495,-3.448326317438712,-0.9304659722286928,-5.55857407270716,-0.8343250068162498,-5.6713077426472545,-1.2700540956281694
128,-2.0762623746177327,-0.020647486219037888,0.7549365440469521,-2.5165264126543803,0.22824166053189693,-2.0882666515329698,0.08104229649672078
136,1.9090559441367032,3.634526124825843,2.4042731059056073,1.1247755172963334,1.5959839422370374,1.7583354420444135,1.4376873268760162
144,4.579343990586124,6.01628446855224,3.0798211935621054,3.3872378465647843,1.953871931966682,4.049928018399155,1.9759065080262146
152,5.927666112981168,7.152370617022883,3.518164617763116,4.752205826502576,1.548820464100976,5.018167542912639,2.4031524754143687
160,6.384042646787489,7.4103829725889065,3.932926230029418,5.551211544584768,1.1021540903414675,5.462059643217003,3.174415021149011
168,5.786175539396131,6.990072526862986,3.780338345662906,5.165580273431079,0.5944525487090536,5.216531814732228,3.414394152966829
176,4.33242906039151,6.160549340179333,3.07704687376435,3.8269683507199455,0.329504484024185,4.4078160309275765,2.6944567125118692
184,2.7469021788755286,5.2713781318870865,2.4070473243754655,2.2691846920664496,0.6277444460357612,3.6212948075911187,2.025844290164801
192,1.2404434000471465,3.6581079586652607,1.4901327643256923,0.6559144947047417,0.18940107831015013,2.4893700502297054,1.5361759473956544
200,0.10297019471915644,1.5260389801172116,0.05164516930396676,-0.6688258099441335,-1.3031859645877903,1.2173419950386652,0.8120770513094386
208,-0.3547936167797219,0.1152945040968752,-1.2411905180949423,-1.2444982524101533,-2.8401621831093835,0.47382275993434303,0.3210215043104613
216,-0.18694691384640955,-0.1898812461587099,-1.711438473119185,-1.2736287139241498,-3.7418178348873674,0.2740713142832885,0.4652863367475
224,-0.06903805071917868,-0.041454809376826954,-1.6989540598828048,-1.2458854807798678,-4.15796664199577,0.360075444378532,0.21837130954632397
232,0.3318519314149259,0.3941141685155722,-1.2078985504347544,-0.722925138015014,-3.802853043738466,1.0286877431949737,-0.06322264859309593
240,1.1322448686281061,1.2874469649103983,-0.2313360312122563,0.28138062522961427,-2.5627296309803542,1.9206334043523419,0.3307315235413042
248,2.4334034571567416,2.8729738984314275,1.3111888242226377,1.3744648046906176,-0.967492609236103,2.997071566381132,1.7497990127480947
256,3.8053071490445958,4.704028646579157,2.781581236020877,2.5091637915487444,0.26708216884388364,4.145642251320755,3.314518434462641
264,4.755513669005952,5.741626281073462,3.885762764857368,3.2332626319046165,1.0938310491408294,5.063943972983043,4.058037664053533
272,4.415658794544063,5.485001148512732,4.375431146667555,2.9266997663791336,1.5724022133017952,4.865579685517227,4.055263329354617
280,2.9591379780093074,4.361399314781793,4.2616837881964,1.8877149555201713,1.6750523271526276,3.585228547998346,3.3949738230384323
288,2.000608646921242,3.681689707866081,4.174292397842956,1.1455829295630635,1.6611805503930037,2.6891214853009364,2.959404887763353
296,2.050546476892553,3.9397019674686287,4.19509992678578,1.0027051955576127,1.840124585863489,2.873614166327394,2.6750364812291583
304,2.7663224074760313,4.489018387427696,3.8594065772455473,1.1871978150422755,1.8262529815102995,3.4895143195470957,2.6986181484735927
312,3.856632335982643,4.748417801788219,3.558392320172145,2.0292055314893904,1.6126298885907118,4.1081888009092,2.8706263307310063
320,4.375431076190793,4.495954120388397,3.523713183150842,2.6867205715294067,1.6653421750034283,3.9070503521939894,3.0773135993457768
328,3.8663424449184767,3.819018893173107,3.3905456971090575,2.0999507638926698,1.74718475469603,3.316118891336598,3.2673549210108264
336,3.0853698201993343,3.264153765073189,3.171373899326876,0.9305727341885742,1.7624435024823129,2.890260026403346,3.478203608898017
344,2.5096973601499433,3.0116902404335826,3.1450178027611524,0.16208460630132612,1.916418495264191,2.4505294072112203,3.87354500761399
352,1.8313748157540197,2.9229117810038407,3.57365115960057,-0.4399440571551139,2.30204971292271,1.8138218527516483,4.4464431332624885
360,1.5151017575481769,3.280799760451683,4.308847319976639,-0.9393225836639221,2.6224843169118346,1.5835528146704791,5.269030599800441
368,1.9478964858272882,3.8564722033647376,4.891455590472771,-0.6230493247394387,2.7903309252227717,2.1730969804009557,5.9348685899949984
376,2.824583255700194,4.326720360299714,5.160565115557265,0.4561631596203046,2.8069769363964974,2.951295332410013,6.147104577032418
384,3.5098416410902376,4.765063782861598,5.25489223440106,1.234361264270087,2.5309316023553787,3.1926615319630254,5.728181500939222
392,3.401642909250581,4.777548212042222,4.833194682196931,1.2260383199269969,2.0162942976619185,2.99152301067916,4.98743647700319
400,3.2559908479967934,4.436306156745324,3.9995100407760873,1.0110281320030876,1.2963568034137665,2.8985830936810157,4.2314328915453885
408,3.00630149593147,3.7621451690105294,2.910587248102978,0.9791233512873825,0.4585106397534794,2.6960573094567426,3.059280553517434
416,2.6248319459477294,3.1032430323270654,1.762016659275844,1.1233883817608534,0.06733073302759593,2.155063835032857,1.774767856059166
424,2.720546058318936,3.308543058267007,1.4263233729165337,1.4063694711144155,0.5528376235927521,2.1786456836244237,1.3877495246208633
432,3.157502292744242,3.8828283291367387,1.7023686627012034,1.2607173769290627,1.1923197697962709,2.6891214483460555,1.8385773702538932
440,2.6955770026663175,3.454194970509181,1.5705881716769476,0.2591860339160145,1.138220399257082,2.2285835116585866,1.7900266804374183
448,1.7703396706798902,2.596928532352814,1.676012646452739,-0.5953061830882839,1.086895302620072,1.074464212306417,2.066072040108534
456,0.9477522288778654,2.208523016801247,2.2308777532439974,-1.0086806777005,1.5751764642561863,-0.02139431481751128,2.5612890519774867
464,0.5759926023105014,2.0240303023961874,2.4125959918361444,-1.4719929581765931,1.9510976702834553,-0.4680606562414995,2.5585148135400733
472,0.2874628206113208,1.5662666424421168,2.004770220265939,-1.939466749716262,1.7527333704496806,-0.4236714612463345,2.4017653014338927
480,0.0391606885710587,0.8740726342109539,1.3722239004534023,-2.1586385363225737,1.1368331480885927,-0.4167356972912179,1.9786807789481597
488,0.040547831706129855,0.5369919105676505,0.4469864863615768,-2.0809573462490842,0.2518233854438251,-0.5055140944341051,1.3766522043026412
496,0.6925142293194176,0.7270332970527508,-0.19804422299449279,-1.5066720311229047,-0.366851150307518,-0.06162205984386162,1.2407102691210234
504,1.1918928455332156,1.227798996498951,-0.30346843238060317,-1.1709786634032542,-0.6803498863314207,0.3378808935960892,1.6207928413725818
512,1.0698225157478667,1.2402835869101383,-0.052392055942462365,-1.3388253453259287,-1.2074717057381685,0.47937134201136916,1.917645666507575
520,0.600961665860734,0.9836583865491244,0.4192432521742125,-1.5566100001220522,-1.3184447195266302,0.754029568680204,2.367086324600075
528,0.4899885143855448,1.3470950370339252,1.2376692548852706,-1.0988462477807817,-0.4181762256358678,1.1465966796359195,3.1841251169718223
536,1.123921918771589,2.186328475108514,1.8396977852743404,0.04140146375848644,0.6971026335026207,1.258956913300431,3.5142698504603835
544,2.0061574060240615,2.667673926880726,1.9562194176476737,1.0831606204922384,1.106315609302658,1.4822900223216182,3.4546218242324325
552,2.730256140581691,2.7259346026984543,2.031126256481959,1.6574459630365563,1.195093925681252,2.0551882278403415,3.5780793715096455
560,3.333671907089078,2.688481144240269,2.3404634133439797,1.8696818477029982,1.3892967505122604,2.859742511757292,3.892965179292056
568,3.4668395290294525,2.7370318769720887,2.6900284170072823,1.7198682491595927,1.5238514981533473,3.3910257832190176,4.03584300598273
576,2.4764054449418413,2.5636366143134923,2.4320162408512376,0.8417943701262661,1.5016569838787495,2.5753741555890213,3.160543420968148
584,0.8437150905052054,1.623140484919915,1.4845841540854716,-0.5717244477455415,1.325487343754906,1.0786256981870304,1.2809379639304597
592,-0.4962841440221438,0.1846527098921623,0.36375665594752055,-1.725843682575683,1.0064399149383494,0.0008002583166728527,-0.537632202597765
600,-1.2758695083340772,-1.0832139495702884,-0.929078838779377,-2.118410747933844,0.5223200143243258,-0.6414559510866037,-1.602973060997634
608,-2.2746265795311107,-2.181846792766681,-2.2094298973221043,-2.734311124819974,-0.5957330936823905,-1.6221799228111138,-2.0857057065688647
616,-3.425971711673415,-3.1611835996004247,-3.0777938676912053,-4.239382390964493,-1.9842828629051263,-2.7443945254901276,-2.063511131795555
624,-4.274915104009784,-4.129423184761634,-3.384356730385468,-5.759712771165831,-3.2785056140159203,-3.278452149234139,-1.5474866161667382
632,-4.2277515665671,-4.609381345132221,-3.740857610358641,-5.866524360466462,-4.397945847574335,-3.38248936270865,-1.3186047888719128
640,-3.8213130150219565,-4.319464485714069,-4.183362428947135,-4.763729965973361,-5.149787924352747,-3.243773139170728,-1.1687911934577506
648,-3.1402159857234127,-3.4247446338030003,-3.8351846369642466,-3.6942275464420136,-4.782189888123136,-2.741620312831722,-0.611151868196634
656,-1.6060142732640872,-2.0667123088928374,-2.37588950942342,-2.4027790962045,-3.152273723397119,-1.3544575024166932,0.6345202127672157
664,0.5773798458793997,-0.2828210995288993,-0.0024542444485887317,-0.11812216996000352,-1.0410122916732845,0.5986674147328499,2.0813309027827707
672,2.5096973787763948,1.3651280645338384,1.9243146442335393,1.929329822968979,0.7095869378115119,2.0662855039021144,2.855367599037977
680,3.838599084220253,2.55670088105477,2.966073810355023,2.9350226616974067,1.7513462043668218,3.128851960249819,3.4462989040292236
688,4.564085221193157,3.1393091108707285,3.3364463083904523,3.5148567718382058,1.9788408107425153,4.004151679821886,3.564207693395708
696,4.227004686943613,3.1573422566858635,3.2948313831251412,3.3969478695209214,2.0801037538911284,3.748913735248722,3.173027880845161
704,2.3834654735544563,1.7854384722617958,2.3890142165582926,1.8724562338109203,1.824865842547554,1.9358922109982144,2.0008753802455383
712,-0.23272321487275419,-0.667065169582,0.3193674816649689,-0.4815588576977071,0.4349287905658668,-0.48609378477128645,0.08520381620297098
720,-2.3301131651779783,-2.735324629464975,-1.8293474126893734,-2.667727104115944,-1.4557738163207592,-2.177045049122892,-1.3921244130455528
728,-3.181831084587253,-3.365096501478781,-2.9376903832990386,-3.931432318974002,-2.7805141597126544,-2.9233385336914868,-1.5793914402448217
736,-3.774149471022761,-4.078098001846899,-4.208331335588142,-4.722115059185489,-4.063639626566035,-3.47681654398831,-2.035767849477438
744,-4.634190253712812,-5.400064073869816,-5.800794109209225,-5.124392182666525,-5.0804298262928524,-4.027519969395721,-3.194048593732027
752,-5.524748765923656,-6.715094224581353,-6.41391996393983,-5.604350492942793,-5.040202140275102,-4.832074388615214,-3.918147603812125
760,-6.211394167937912,-7.217247216323248,-6.029675893141673,-6.2299608982984855,-4.292521400961737,-5.664371849052037,-3.4021231091939477
768,-6.026901627131379,-6.5569577535184544,-5.408227078421757,-5.858201295871002,-3.5642609687779956,-5.721245574853745,-2.745995065661577
776,-4.521830158629098,-5.1975383511873385,-4.591188312574074,-4.125635092545017,-2.9428121039901787,-4.2203356040039885,-2.1966787738524953
784,-2.2233017019411694,-3.3068356790336293,-3.04588907118027,-2.1558641824011615,-1.90105302682863,-2.0064239949503775,-1.332476468773989
792,0.39288718571456566,-0.7516821583303127,-0.9193687663513883,0.41454825193836164,-0.4334350014363348,0.3087504177769794,0.006135588047595881
800,3.0881441487887726,2.0129330351260992,1.5872341688435823,3.0418342267091454,1.3407460058595126,2.894421435542977,2.0965896131671387
808,4.933070521555266,4.1685839686600055,4.111870209620549,4.666201755713956,3.163477647986549,5.349699431606211,4.400666704980227
816,6.119094595662677,5.625104624858268,5.8763410944205035,5.49295070232107,4.613062628891606,6.857545213051717,5.972322071848009
824,6.2883283694604275,5.9899284710792395,6.028928842441392,5.513758055579202,4.864139134969849,6.95880817363469,5.977870697883459
832,5.59197276880535,5.007817186197408,4.7097372782688876,4.969990352999701,3.8806407783295085,6.021086173304003,4.839010312167499
840,4.142387641272865,3.036658998360999,2.2475236078065173,3.9518130321915317,2.168882151630063,4.790672989436066,2.963566215244623
848,2.151809428683839,0.37191965543306726,-0.9457247922856078,1.9501372516269877,-0.2836214011047893,2.9429722977658885,0.5124498266554797
856,-0.8167186000427372,-2.7519706576260234,-4.133424550100015,-1.0502956119065099,-2.738899331602914,0.20748743648139367,-1.9442152200066132
864,-3.767213716455379,-5.286316724041334,-5.943671781821892,-3.697001881587967,-3.7598510046933704,-2.490543940267884,-3.3022474349462074
872,-5.864603529073868,-6.784452377626528,-6.283526583566116,-5.22426784156607,-3.4005758853887125,-4.725262899450384,-3.674006988944916
880,-7.348867517807162,-7.484969446429838,-5.904831259949849,-6.100954625446064,-2.7291891654466203,-6.198429505280576,-3.9556009800159018
888,-7.3447061290821205,-7.0993383447023515,-5.411001312835859,-6.014950647640689,-2.3934958162044104,-6.2664005081871395,-3.9139860487901252
896,-5.438744576074757,-5.488842495748629,-4.384500994934485,-4.3600656410937155,-2.0591896276806416,-4.518575676731194,-3.101108867021708
904,-2.9307545886417996,-3.6050756458135735,-2.8988497580129367,-1.8076863674704848,-1.9107631830011416,-1.7747678423443662,-2.03576787093511
912,-0.45744357670155833,-1.8073129153939393,-1.363260723455594,0.41038672627164735,-1.4724197850261747,1.0134290390690948,-0.7457066174768482
920,2.119904598496281,0.7367434329596853,0.4317277136903544,2.631234056812067,-0.6595424824093402,3.482578616537725,0.7843337239898169
928,4.437853396288477,3.49719704233683,2.2641696915488985,5.114255248617663,0.32950453230394766,5.299761639036811,2.3962167682326756
936,5.447707836083494,4.670736713042626,3.143630653367591,6.390444892656342,1.1479303760196153,5.9378564477941165,2.865077680406662
944,5.339509159825169,4.446016307106384,2.7524508062463555,6.082494689088598,1.7957353354360048,5.917048981138146,2.4752850539065316
