-240,1.790614853735502,0.30849848242209965,0.6595438450444289,1.1555861627652213,0.4749715342508318,2.6247359614859183,1.2804578346324524
-232,0.6264518950109121,-0.5097519094459969,-0.3834619990385844,0.21793449912383472,-0.7927898520199329,1.481643670221324,0.16897183069787003
-224,0.0013507383838364609,-1.2068450425650852,-1.1402557907733037,-0.4282375137741519,-1.3160486150435018,0.7933300932272613,-0.5579716450269058
-216,0.46842064453105736,-0.678318468380462,-0.323761326276281,0.04761196075854312,-0.3116725899039713,0.8547866788367219,0.07766488305462589
-208,0.6141605275268679,-0.35523252370526975,0.24866274522278292,0.7868467562459224,0.20105083429679896,0.6581256097906285,0.31471166955606367
-200,-0.20408978794919938,-1.1313412117081698,-0.49232790199813065,0.29695006381600586,-0.4433652576432719,-0.1197390323677105,-0.5316331169868169
-192,-0.5710733634834163,-1.3455612456903019,-0.7785399620799385,-0.42648159168450256,-0.5978846650755626,-0.09866817402195452,-0.6633257654866438
-184,0.15235828843326907,-0.49043696602224274,-0.06213193156093576,0.030052970735738316,0.08340534786199487,0.7055350199428833,0.05132638972103891
-176,0.5298771701586289,0.08725483930273428,0.10292287411017667,0.6744689987328524,0.15715324078498755,0.7055349963650964,0.17599541437109337
-168,0.4912473938437844,0.15749085390579398,-0.1429033985374152,0.5989651703280271,-0.021948768825296512,0.3227483366762069,-0.018909675244173026
-160,1.0127502632596712,0.6825056584169243,0.25393046961758137,0.6165242439105081,0.4100031184201228,0.6844641661240619,0.36914467149230046
-152,1.0215298418307492,0.7913715676010058,0.4751741131141914,0.6130124546202966,0.4380975726995518,0.8126449949654886,0.41304219747732995
-144,0.4245230627138289,0.06969584645059573,-0.26581656315455526,0.3355799106755879,-0.278310491960086,0.24197682669384452,-0.3174130858340189
-136,0.34199569892308723,-0.33416161480873957,-0.9049649231549364,0.44444586814697673,-0.7629394369832845,-0.037211659900343565,-0.6352313579855434
-128,0.7124909973524682,-0.29904371002342617,-1.017342639925591,0.40932778398186237,-0.8542463523721162,0.336795518546571,-0.621184157064328
-120,0.6879084134708362,-0.43073630816110053,-0.7838076395077856,0.09502129168943413,-0.8156165051352898,0.3209924128889573,-0.6492785777689887
-112,0.36833420866681416,-0.13574474099606404,-0.3623911559712341,0.026541184463484434,-0.30816082966159347,0.3034334236206426,-0.340239776673835
-104,0.10319302975405993,0.21719156722189006,-0.05335243107948706,0.20564314050503793,0.2818223288121333,0.31396877564700254,0.11453884611488425
-96,-0.04254687436744764,0.4191203110551182,0.399670331487695,-0.17363170971105532,0.6804120292725673,0.1348667835785909,0.42884532973068706
-88,-0.1759953883702357,0.20314437252521034,0.8368899584063192,-0.4861822836862803,0.871805359022701,-0.09340049772584093,0.7168132360759824
-80,-0.7975847738148405,-0.3060672246608902,0.7280239613242483,-0.6073395424352884,0.6365144923474448,-0.416486485972783,0.47976650899056666
-72,-1.5947642858342388,-0.6045705967717886,0.38386718489904376,-0.9269136838622195,0.16593274258679272,-1.0047136623749717,0.12331836093162722
-64,-1.0416551166392694,0.0012156130363319847,0.9194173431341347,-0.8338509239075016,0.5294044558339713,-0.6429978051996394,0.7396399708647922
-56,-0.1619482151764974,0.7597652910224648,1.3829754714971048,-0.3421983190076723,1.068466443347199,0.06814251676883767,1.289237344545016
-48,-0.7045219731177069,0.13642009100291813,0.29080439401026925,-0.8953074538733852,0.2660191990108661,-0.14256574791704663,0.2936408630814382
-40,-1.2664105880936602,-0.5431139960725444,-0.8171698070532971,-1.4536843397296388,-0.8928762031927664,-0.8642415452708635,-0.9231992996032073
-32,-0.4604515893622407,0.28567179648646346,-0.36765890337795215,-0.2456236763947084,-0.4363416975478352,-0.4340454933488378,-0.508806419922465
-24,0.15587008753183867,1.116213487557334,0.37157592040277126,0.5936974800738641,0.15715323814427587,-0.13203034194471086,0.19179849230123022
-16,0.2278621013710654,0.8580958159257749,0.18545026185594954,0.47956387780628507,-0.0781376843631791,-0.628950641625638,0.014452433262560809
-8,0.17694087137178874,0.19085302710997434,-0.5309577716810099,0.1845723285603664,-0.457412509681129,-0.994178293938472,-0.5070504959465932
0,-0.31646759752202286,-0.5624289857087607,-1.229806818024499,-0.44579654020105874,-0.8279078318769186,-1.3699412967686877,-1.1655137348619031
8,-1.1751037243873368,-1.2999077996904689,-1.6231288719911423,-1.251755613626907,-1.0105216219121667,-2.107420212229189,-1.718622941026843
16,-1.3278671665354729,-1.4632067402358648,-1.2403422400297301,-1.2394642953732808,-0.7313332179345433,-2.2812545198907292,-1.5553239816192177
24,-0.9117184343667083,-1.1102703746767333,-0.6117292482772264,-0.7583470664548432,-0.25723968246750384,-1.7843341717338725,-0.9600731958911738
32,-0.4674751485145661,-0.6537358492264614,-0.2991786556283944,-0.717961357110257,-0.05179912670938977,-1.259319516422976,-0.38238144187146067
40,-0.4499161305756626,-0.3763032969823719,-0.45720988686877545,-0.830339080105448,-0.3081608400358199,-1.3225319313199166,-0.284050886034095
48,-0.8625531583342484,-0.2586578599666089,-0.39750918883108466,-0.8672130052526249,-0.2765545832626195,-1.8071609368908719,-0.5052945859287709
56,-1.1241825121185565,-0.0005402430355145225,0.06429308308279383,-1.0708976858880412,0.2976253974997774,-1.731657094905242,-0.10670481699844414
64,-1.8353228793563832,-0.6203737263844334,-0.5151546498018789,-2.0032816917182994,-0.3696173964088246,-2.086349391796514,-0.34901930790071717
72,-3.902019650128533,-2.8749519619789656,-2.564292398485434,-4.085781574183975,-2.776959112630441,-4.051203785563919,-2.317385547545021
80,-5.029308785184738,-4.297232629305084,-3.595006914317841,-4.912811404099542,-3.7901146448532006,-4.848383292113273,-3.2919112210249946
88,-3.57366595201071,-3.0663453311511573,-2.176238054955539,-3.4115151130424737,-2.0377243699573024,-3.1153079657339315,-2.0978977859615124
96,-1.7914253341318795,-1.8389698149311755,-1.1051377731918597,-1.9786990216362783,-0.7646953460579956,-1.2206896241054217,-0.886325351255488
104,-1.8493700959332495,-2.5343069446644044,-1.5774754459852713,-1.9225101679665078,-1.7128825001745047,-0.911650876767621,-1.1813168765463753
112,-1.986330423935768,-3.2366678340554578,-2.2412063968463096,-1.8276914317875437,-2.513573847696576,-1.0275403507626972,-1.831000654402297
120,-1.2822137097841693,-2.8328102867843583,-2.2166237616594135,-1.2640468901950048,-2.2115586919541377,-0.7167456954819204,-1.8573392233734243
128,-1.0521905839138512,-2.332378267414846,-2.120049162618199,-1.1551809806336797,-2.048259802525383,-0.7360606468278104,-1.7783235719149975
136,-0.8643090477922412,-1.5281751141924245,-1.4405150664888664,-0.7056700141471104,-1.486371156803995,-0.051258867234717315,-1.1655137699456501
144,0.9073962118356926,1.063536422423286,0.9914093071770766,1.4084360415320907,0.9262383232344782,2.3824214984997467,1.3419143715773614
152,1.818709314050845,3.321626434104469,3.226672690263799,2.570843246606736,3.0877537764282397,3.005766684183998,3.0556749112780746
160,0.42627894330657373,3.0670205704367266,2.9158780525248966,0.9009803209776661,2.783982755748706,0.5826218498556954,2.349802206944177
168,-0.21989295585217,2.9581546340910347,2.520800065151266,-0.12446648951079373,2.1711729266177486,-0.2988409978403787,1.9213621165338608
176,1.2515529918447212,4.422577013393108,3.707789857879993,1.2679639240507368,3.2159346228115404,1.3481951303772826,3.463044143531257
184,2.921415880881069,6.166187834020018,4.893023773599797,2.8921733167250983,4.288790843640877,2.9004125822092437,4.887080713330305
192,4.182153564646564,7.2021701155555045,5.159920872527356,3.490935951536621,4.366050500955937,4.025945766505211,5.255820142295656
200,4.366523274885238,7.066965662675682,4.410150695588538,3.3381724180952945,3.449469627190415,4.436826868213081,4.66583708266001
208,3.8555557165646737,6.232912077251985,3.142389402308565,3.4804005363217936,2.1465902876584066,3.9416624855290006,3.3963198186258374
216,4.291019436483432,6.064345451922473,2.5541621463077684,4.660366728778532,1.8006775638681656,4.25596901328242,2.7255652595706783
224,4.751065900046905,6.081904589636533,2.5576739987864476,5.329365427800777,2.251944438674956,4.549204651190161,2.688691314618161
232,4.2611691214166,5.549866168631899,2.454075749676962,4.695484697318181,2.6259515116820085,3.760804525912967,2.4920303017815106
240,3.924035914329324,5.093331626394243,2.673563549550797,4.217879410474012,3.073706544384345,3.488639773512593,2.60616391970474
248,3.3393205121275638,4.361120525301374,2.6489808402353408,3.3662669082129586,2.966596612179001,3.188380494779073,2.2918574349572043
256,1.9749846637553696,3.3163587166886943,2.1924463415694335,2.072167052752262,2.689164038243347,2.008414307792382,1.849370065724664
264,0.8406718535441278,2.622777372482573,2.278485548030495,1.2978142413810376,2.9437698564531156,0.9144872833177546,1.7984489387131595
272,0.22610614382042524,2.087227251406073,2.394375097285866,0.5919415853344481,3.0368326281024163,0.09799285409310075,2.0109130919139244
280,-0.07942082196067816,1.6552753747235014,2.3873515505826117,-0.1121751540925393,2.662825544155271,-0.35854171285407577,2.1671883606994857
288,0.23137389745167902,1.9344638490572401,2.5032410685266817,0.07921817848692798,2.7032112157753985,0.008441814958700618,2.6114316139199722
296,0.09968120198490088,1.8870544206086237,2.0572418968003707,0.2530524484240093,2.206290922130384,-0.0934004588696486,2.2848338363828193
304,-0.9538600292082191,0.7018205709066224,0.6595438967269374,-0.6231426143295116,0.5592548337120274,-1.3119965336469614,0.8906475316656947
312,-1.7369923612434772,-0.3763032843446781,-0.4765248270859507,-1.3026767504467702,-0.892876212058014,-1.8124286856179461,-0.20503534888077848
320,-1.0434110204325564,-0.0022961656910304652,-0.4203359783203601,-0.6003159074568007,-0.689191548775849,-0.7097221023775819,0.06712955781263205
328,0.1225079418665132,0.8229777913653049,0.29958391901261633,0.2670996970666649,0.19402714876753674,0.37366945029552917,0.8362145895227255
336,0.6633257422570825,1.3198980182380262,0.8983465172314129,0.7657758779062036,0.8595140952809177,0.6054485729499248,1.0943321989089279
344,1.2462852308571977,2.0538650848036726,1.7394236039003934,1.6911363377876962,1.907787595854704,0.9373140628100485,1.5719375791211323
352,2.2928029155356864,2.7983676120421204,2.557673991430178,2.4725126790747907,2.7857386602964818,1.4623287467915331,2.349802171483186
360,2.5351173734290575,2.5507854593676496,2.462855300897807,2.2354659584025334,2.8313921242154327,1.3095653146403792,2.397211510147591
368,1.9486461019518893,1.8150624697692435,1.7657621636290275,1.7894667608349673,2.409975565229965,0.8705897509195673,1.684315299852855
376,1.7291583660210121,1.4867087427922097,1.284644997899059,1.6525064466018755,1.7602918498080218,0.9425817988994292,1.3278671610364086
384,2.2366140535665355,1.806282992299715,1.346101557101398,1.7613724046391313,1.5355364136259997,1.4114075824328154,1.5649139692294103
392,2.7177311930780066,2.0837154734332,1.7745416829727063,2.10201738724719,2.050015611847919,1.7906824162387691,1.9354093193412998
400,1.8626068641795281,1.3778427951291794,1.4286289940775891,1.6964039333534677,1.7567800286406436,0.923266810017702,1.4981897282609107
408,0.34023980078846977,0.10832569821435677,0.5032685238218703,0.40757191149987626,0.5662784204032079,-0.6412419789301157,0.5974119030004467
416,0.1014371042692094,-0.0005402641612114948,0.7596302412979904,0.030052890005397757,0.787522078235112,-0.8238557774533665,1.071505495054174
424,0.42101129341758103,0.49111235375355616,1.3355661445272815,0.60423291811199,1.54431588298477,-0.351518138234722,1.7211892800777429
432,-0.3849477732178647,-0.2744609969355235,0.49624493354686616,-0.01911232774277395,0.8384432903152707,-1.208398238513637,0.8590413077127739
440,-1.048678733132772,-0.6765625785452251,0.2153006086113273,-0.9198900651052494,0.669876634428947,-1.5946967970822894,0.6694039117468717
448,-0.8959152532601771,-0.15857144334183942,0.875519791307851,-0.9321813948648351,1.191379494602341,-0.9098949288367182,1.4718511342030192
456,-1.6843153342111314,-0.4974605825157453,0.5173158126410745,-1.4238339580791368,0.6979711090795834,-1.6315707344899157,1.1259384694515557
464,-1.9793068825139384,-0.4921928622706378,0.3364578488753508,-1.3816923226838336,0.5346721947526858,-2.46386828880028,0.8432382101659183
472,-0.534199365716656,1.10041032267232,1.6691875391238038,0.3742097471609435,2.086889657901985,-1.1012882889550406,2.118023142008203
480,-0.20233394017673373,1.2900477154316432,1.9501318891461077,0.5603353728874866,2.5732745186016768,-0.5393995941918573,2.230400835012449
488,-1.7299688181240453,-0.2112485071555324,0.9299528243667659,-1.279849960391628,1.3722374591225541,-2.1969711479985725,0.938056930877856
496,-1.8054725531608353,-0.31660266420799454,1.0844721769099692,-1.6538571203535588,1.3915523506751775,-2.4217266641564463,1.152276982590483
504,-0.2743259398692886,0.9335996354653516,2.10465130242569,-0.3000566547531582,2.4187551392741065,-1.0767056503729442,2.407746935548023
512,0.29634225065978603,1.1548432561386641,1.8676044661279665,0.11258033150852381,2.181708350509201,-0.7887376697104652,2.249715757121884
520,0.1962557815980192,0.9704735772112911,1.0774485449494386,-0.00506512399222364,1.2124503840707757,-0.9818869141939782,1.7668427066494794
528,0.7932625073348304,1.5516771273116166,1.289912657785033,0.6990516376921938,1.2317652907131824,-0.20402225524825549,2.1566529705714235
536,1.3902692606104963,2.194337324700893,1.8026361387611134,1.2135309688928295,1.7743390473340357,0.573842272416352,2.7378566000817344
544,1.0197739137051864,1.8185742750923488,1.6533844085680474,0.6569100296471229,1.6531818132945486,0.23144140789519263,2.476227137839609
552,0.09090170659625432,0.8756548617807776,0.9159055468648988,0.09150950937824777,1.0807577072776047,-0.8045408400655256,1.3278671725423687
560,-0.4235776040445516,0.2435301224235896,0.3241665291127464,0.02478522446075453,0.9350178757756801,-0.9555484285939058,0.625506327288931
568,-0.6483331181275807,0.041601357841909214,0.31714296298139566,-0.2754740101351478,0.8630258485442702,-0.8379029463087924,0.6026796072126597
576,-0.9872221473346899,-0.33064986494058785,0.19422982892106794,-0.7179614040772082,0.4802392128104123,-0.9748633565506316,0.4938136801094595
584,-0.6974982956992036,0.01877461682856374,0.42952066107844417,-0.3404424112533177,0.5768138241120759,-0.7255252202956448,0.6799393088539596
592,-0.2989085603436454,0.5508129425789385,0.7877246735086109,0.391768780755498,1.0983167542643413,-0.38312433049909783,1.196174517440761
600,-0.6255063684376098,0.23475062816667697,0.3961585514399765,-0.09461614256679367,0.7576717778808185,-0.7272810995680329,0.8449941115071157
608,-1.1803714219977692,-0.5922792494703294,-0.5608080558137862,-0.9655435597696351,-0.12203523222839453,-1.0240285626042203,0.07064127297428122
616,-1.3594733697399422,-0.5905233722727865,-0.7451778233936377,-0.9497404258186773,-0.3064049596316976,-0.9871546346277092,-0.35253111096035555
624,-1.2576310410225062,0.05389267892486888,-0.3975092118430044,-0.7794179300820233,0.0026338331640749276,-1.0749497305467626,-0.14533462839703482
632,-0.999513462570359,0.40858496808262823,0.07658434682457674,-0.7811738189741488,0.14661776521102593,-0.9959342137646542,0.3322707152224445
640,-0.7975847685334164,0.18734125309816874,-0.02701385399760181,-0.6617724898596816,-0.03775188976131691,-0.6939189433398598,0.30768808079003823
648,-1.403370938164988,-0.6677830686326616,-0.7539572950158755,-1.028756001262319,-0.7559158729267796,-1.2558076965759535,-0.5685070360980802
656,-1.9266297685267155,-1.022475304976179,-1.1543030367752476,-1.4343693919675724,-0.9771594753037298,-1.7070745272451275,-0.9109079421161446
664,-1.38932383740221,-0.36225610775573824,-0.7644927443713387,-1.120062927968488,-0.49955414243572094,-1.348870479731214,-0.3419956844281896
672,-0.8274350783188247,0.03633367249192589,-0.19031280925553648,-0.6354339535202121,-0.011413328146458658,-0.8414147678534148,0.21638116502396204
680,-0.5429789308955514,0.24353008903744391,0.21881241714101213,-0.37204869198154933,0.4609242867399091,-0.5552027464391774,0.48152239995753743
688,-0.6184827066747561,0.2751363526010464,0.15911175211222256,-0.4879381161803397,0.6171995834415701,-0.713233911095889,0.23394022313941384
696,-1.659732689027255,-0.6783185083683883,-0.6521150121336554,-1.4694874534980116,-0.12905880816810436,-1.9300740681218658,-0.672105289168634
704,-2.5798254203642577,-1.4175533351670675,-1.3931057031149412,-2.1788718673348892,-0.9912067164014934,-2.792222013702469,-1.235749842644377
712,-2.4762271471111195,-1.3438054226273564,-1.3931057044352972,-1.8101325011807616,-1.029836591177175,-2.6324349160160154,-1.1216162084996293
720,-2.1232908464380573,-1.2612779464177284,-1.4106646720120481,-1.6011800452225282,-0.9894508714583621,-2.3216401383193697,-0.9161757132892713
728,-2.319951894547075,-1.3543408614199721,-1.516018811899882,-1.9365574639533598,-1.3845288205416666,-2.3040811975269837,-1.1181044065717247
736,-2.4920302767237645,-1.5229073596180596,-2.028742233837185,-2.1753601595295087,-1.8954962873804189,-2.219797877317336,-1.5096705656103286
744,-1.6562209035094893,-1.3508289629174537,-2.1376081877247497,-1.7820380350181282,-2.011385872285403,-1.3453586691266841,-1.6080011342740101
752,-0.3937272520077489,-0.2586579071221829,-1.3421845342292873,-0.46686731517576036,-1.2370330582734677,-0.07232962617652446,-0.9021284833202228
760,0.4649088569384471,0.8633635510720431,-0.2833755820365706,0.521705530177595,-0.29762539218933437,0.6282752864244158,-0.13831104642141193
768,0.8828135687266607,1.0547567983942348,0.1678913025785791,0.6797366974750187,0.37664100331160894,0.8003536333287354,0.23569611354051784
776,1.1040572167502058,1.2321029817349953,0.7104650182683953,0.8939567639001855,1.1106080340390192,0.9074636572045153,0.730860496224598
784,1.0812305279852348,1.358527909989714,1.3057158271969815,0.9694605177992045,1.742732794144659,0.43863781727306306,1.2190012880678074
792,0.38589327376129134,0.7738125328747179,1.1055429518846713,0.058147345982426386,1.4916388238866347,-0.2812820061199739,0.8397263667411097
800,-0.6132150407528687,0.018774747921057607,0.33821378944998465,-1.0726535727053208,0.748892201007341,-0.5622263421842284,0.21813705674542183
808,-0.9099625177471057,-0.29377592809882835,0.03444268445628544,-1.0673858986726756,0.43634167965773585,-0.5622263259627104,0.07590903490491588
816,-0.8695767967079374,-0.27972872925245784,-0.03228158650315831,-0.7056700092429312,0.42931807372708153,-0.8519501632629022,0.23042839876545662
824,-0.9995134540823553,-0.3446971331999619,-0.09549401234019227,-1.021732390616107,0.0798935557424499,-1.3313114914060102,-0.010130224370387646
832,-1.313819983156131,-0.6361768173295085,-0.3518557601845019,-1.5028495669089248,-0.6856798072070786,-1.3681853616641002,-0.11899612846166736
840,-1.782645823276205,-0.8662000310978154,-0.6082175033132545,-1.8101324355402029,-1.0807577089461868,-1.3752090213521082,-0.17518498250868225
848,-1.6491972528753513,-0.3148467687140889,-0.1920687034290859,-1.7381404671589495,-0.5820815166006884,-1.4630041042562238,0.12858603119182718
856,-0.6325299819131559,0.7070882117417447,0.6121344711076545,-0.8461421825564824,0.3520583502055953,-0.785225881363366,0.8976711947489038
864,-0.15141279656646792,0.9160406503467271,0.7087090816548289,-0.32112750744024543,0.32045208513301415,-0.01965265365602195,0.7554431121720191
872,-0.6483331136006458,-0.042681989152104326,-0.32551723063543453,-0.823315465120923,-0.38190867693799163,-0.1811955945880062,-0.2664918720562595
880,-0.7238368499577912,-0.5097518296587663,-1.078799225912296,-0.9128664723781552,-0.6066641919641329,-0.6131474901328071,-0.988167688460928
888,-0.1812631633158087,-0.18842174463924474,-0.9945159202265647,-0.21401744206756107,-0.3766410036598352,-0.5446673197183896,-1.0039707488491914
896,0.3876491720845312,0.2821599100557713,-0.569587610807078,0.6463745963245542,0.11325566783300738,0.35962224239528806,-0.36833418681564684
904,0.8915929937591921,0.9406232136685284,0.21705654013209125,1.1310035336142388,0.7682071517873645,1.237573227992947,0.37968008651850627
912,1.053135988637152,1.0881189508499627,0.5348747756908908,1.0993972787272617,0.9508209567237731,1.0057942343561996,0.5780970008849746
920,0.9530496112458201,0.9072610770570728,-0.035793373341279903,1.0116021362185017,0.6031523640353701,0.5071179814629453,-0.008374267762858833
928,1.5711272285259112,1.0407096202963162,-0.27986379350084895,1.5155460765365847,0.32571983914151265,1.3798013745127893,-0.3542869906099885
936,2.001323168783539,1.1407960333372624,-0.25352524716439706,1.9913956059583668,0.1167674999404788,1.9188632590382442,-0.15762598343200782
944,1.6536546015591451,0.8668753533771927,-0.2816196731504819,1.694648092937272,-0.20631846359694248,1.4184311615791023,-0.05929545909456535
