-240,-0.9223690101666147,-0.8001605769155791,-0.674437230845652,-0.7709109037777416,-1.6561843180615978,-2.2548611117029616,-0.5096096601488902
-232,-0.7640692530646582,-0.7871049841402342,-0.46554685938277396,-0.8443489475824715,-1.4783011267425246,-1.8827751352776227,-0.40026862182363665
-224,-0.5976097517490927,-0.650020653258891,-0.24033692165602394,-0.596291666312725,-1.1551738066843193,-1.5498560691850762,-0.2517606146127929
-216,-0.6808394861909061,-0.42481071798644987,0.0517832238682254,-0.5522288185371533,-0.861421781704167,-1.6575652040372602,-0.05918980327801471
-208,-0.5666025709040564,-0.2583512061524174,0.3536950761578741,-0.3792415090882942,-0.5986768278263812,-1.7799619110461276,-0.010231112199940759
-200,-0.1488218681237817,-0.10657929259592594,0.3455353061740216,-0.07732959877177063,-0.716177615273862,-1.4535706942842017,0.03709560440541399
-192,-0.4654213130811222,-0.20123277156196573,0.3112642259956484,-0.2454210833254442,-0.7765600372021555,-1.5678076072920506,0.0077203996108667515
-184,-1.307510646510178,-0.3399490029361454,0.2949446528947731,-0.8557726072577326,-0.7129137334713032,-2.0133316201591924,0.05667909419509617
-176,-1.010494633140337,-0.13595448880039185,0.3390074764778711,-0.85414068835758,-0.4469048630800183,-1.486209799989856,0.25577772751248273
-168,-0.23205156557565357,0.11699870799866206,0.3520631528750266,-0.42820021103545014,-0.2673897249868553,-0.9313447556344632,0.32595183674701195
-160,-0.5339634595885535,-0.0053980335458372174,0.19865924836688437,-0.6142431867136134,-0.36367512039873967,-1.2724235571752307,0.07626257451815847
-152,-1.0839326352218155,-0.34647681562744137,0.04362346720776401,-0.7170564028809512,-0.614996408640799,-1.701628022887049,-0.2860316790134658
-144,-0.0982311910026754,-0.10821124655763485,0.10726971711912836,0.1952070369777097,-0.5807253025168747,-0.8334273868017067,-0.2011699636125457
-136,1.1600069250793483,0.3617921244707044,0.20518710208020052,1.149901339971372,-0.44037702198886214,0.530887885803011,-0.008599168932006365
-128,0.8727826516080774,0.35200035126365703,-0.08203716665776065,0.5999321375160194,-0.8043032559536701,0.6630763185105171,0.0011926044503489037
-120,0.16614568720980524,-0.04130103683175,-0.5879435534188651,-0.39719296743022897,-1.1698614401987233,0.18491317521932385,-0.09346086837991874
-112,0.5333357268935967,-0.2779346782360142,-0.6320063684118818,-0.31559518081435267,-1.1437500972216486,0.5765826382788055,-0.3039831846885012
-104,0.8009765749131394,-0.3187335590094463,-0.5618322556711969,0.40899333291059164,-0.933227790554994,0.7691534236680327,-0.3056151630179915
-96,0.11881892800465968,-0.3595324683580462,-0.5145055511620789,0.4269448022969167,-0.6721147994043062,0.015189725308936086,-0.3725253487267106
-88,-0.4637893803316543,-0.42154679340879303,-0.3774212288708169,0.01895582766959015,-0.28044538525569496,-0.4548135852382194,-0.4573870742954818
-80,-0.1439259489130112,-0.2730387940867993,-0.1603710635822284,-0.07732960210261837,0.1177518904950823,0.2534553878177884,-0.29092755685160054
-72,0.17267350568625722,-0.01682168340386295,-0.12609999129270547,-0.07569765077052633,0.3282742458972996,0.6891875473622284,-0.10651651234513515
-64,-0.16677338273951314,-0.10657929873169814,-0.08040520708620284,-0.02184309605424735,0.4735183329131808,0.1147390237356202,-0.07714131298512894
-56,-0.2712185099181545,-0.12779467551551782,0.13501298758643787,0.27190896889607835,0.822756913729113,0.05435661337764028,-0.04123827411173695
-48,0.40277929442905186,0.35526426199199923,0.15786038687730802,0.7533360651647882,1.1883150529200674,1.1983578560713726,0.18397166817301538
-40,0.5806625393923052,0.19533258493804298,-0.2093297451936821,0.5199662903113063,1.0495987975287224,1.6161386105674422,-0.05429391965472308
-32,0.06496440379193455,0.012553515605527654,-0.26644818714706064,-0.010419374845955781,1.0218556157671483,1.214677427945094,-0.06408563045220125
-24,0.41420300827441714,0.4956125085103027,0.06320690598288274,0.1544081220192607,1.3841498163558241,1.6650973584452362,0.373278553177059
-16,0.8842063584411305,0.9280808623357596,0.3390074905024934,0.4693756415900601,1.8737366061741954,2.255865399424846,0.7192532346596544
-8,0.32118150132678747,0.6278009282450331,0.35206312219616515,0.10055359412507264,2.262142152194253,1.6928405489721992,0.6360234718179811
0,-0.5649706211497341,0.2638747056752309,0.3520631262282439,-0.4885825295321541,2.570581865910761,0.9617242220300354,0.5870648028286872
8,-0.6318808235126923,0.3813755783222918,0.5870648103399511,-0.5310133486649029,2.9361400182497985,1.0302664113125652,0.6490791534743696
16,-0.5274356402355619,0.44338991739766065,0.5854328344647699,-0.282956054247073,3.0862799506718757,1.15755898879664,0.495675271756239
24,-0.10149510576309656,0.7550934992427201,0.31779203781040544,0.3127078973532261,3.0748562249055813,1.497005877047103,0.35695899112057355
32,1.044138027606237,1.9170462158807802,0.6915099981750835,1.6329603235848351,3.5709708857927374,2.5512494526972054,1.0048455473322138
40,2.2632092237135417,3.4298694816717177,1.50259215181095,2.995643630306916,4.662749483729647,3.847022592819115,1.7359618513090582
48,2.7283166984964295,3.7285173879961624,2.054193256161601,3.3350904887550548,5.21598260182196,4.150566369618766,1.8909976738408147
56,1.2334448964819655,2.2793404632766308,1.5907177590069734,1.6231685924516546,4.612158821509702,2.8972241129675615,1.3100213345426783
64,-2.112064951516653,-0.2452955539477356,0.7616840932096833,-1.7729319400309973,3.631353265822471,0.22408009712242982,0.6556069747557467
72,-5.663201361753013,-2.7389243817369877,0.05015124623996632,-5.188615966160102,2.9377719641473496,-3.1589648073480148,0.23129839897830012
80,-7.867973988931371,-4.338241329162099,-0.5650961895401664,-7.2546722739597795,2.2703018727413116,-5.546516467745487,-0.4084283818149457
88,-8.541971756288639,-4.819668321473298,-1.1623920807269363,-7.745891062443347,1.6224153990996362,-6.1274928719075,-0.9192306390512581
96,-8.073600440900519,-4.594458408990867,-1.376178320035406,-7.610438799824383,1.4477960380426358,-6.03610326843294,-1.0840582062148938
104,-7.9773150379504,-4.547131725168067,-1.1689199032354678,-7.896031013272738,1.3776219293340295,-6.067110455939673,-1.0497871186735943
112,-7.920196558305848,-4.179941595551387,-0.9910367068324692,-7.925406234546215,1.268280927998718,-5.554676253156425,-0.8621121562511672
120,-6.586888386430513,-3.179552495027831,-0.697284604015663,-6.6377928878993995,1.4526918885327575,-4.1250827472269265,-0.3464140928776014
128,-4.331525219572347,-1.6226664475523505,-0.06898154074924565,-4.300831860094857,1.85741710407297,-2.07534595695556,0.33737552955544375
136,-1.8607437802048827,0.24429127513957785,0.8808168637199637,-2.0895314249585115,2.585269415978662,0.15227404654835155,1.1827287570586031
144,0.36850823300861146,2.1487840274812395,1.8909976874878502,-0.06264200470161638,3.585658541395922,2.3782620829424714,1.8501987772896822
152,2.0739023348527263,3.602856832493214,2.3707927644050493,1.6770231682048664,4.070349392719666,3.905772993116897,2.032977824533418
160,2.9225194318869008,4.1919929712269095,2.4719740201242906,2.6415091581541494,4.277607885427873,4.3464011269187495,1.9628037294988179
168,2.964950313604526,4.395987464150421,2.675968551440206,2.830816075940748,4.721499927328452,4.217476615282744,2.171694139003484
176,2.8996720562625797,4.882310297134505,3.3711818338991284,2.8324480546208535,5.393865789284262,4.130982893853705,2.9240258756873296
184,3.092242883375058,5.523669084481794,4.162680504757625,2.9842199180393205,5.932411321545885,4.225636398589988,3.7220523850073644
192,3.4708566880940848,5.858220074909036,4.64737146179196,3.4020007277573385,6.369775486066598,4.39372791802991,3.9211510104359
200,3.438217614294447,5.799469659359477,4.748552709797659,3.6549538537320507,6.580297843046587,3.946571900887728,3.772643019002757
208,3.0938748134949097,5.367001237514602,4.70938578579086,3.5195015188862833,6.435053743057929,3.4798324486518895,3.767747138359698
216,3.1444654609890015,5.048769871728721,4.531502558358385,3.619050874287995,6.242482976076018,3.6267085341576557,3.5392732823663713
224,3.6503718623006502,4.8105042802195195,4.18389597024718,3.9944007672268347,5.849181581143608,3.9759470615047143,3.2634727116960742
232,3.6536357391945913,4.593454129656784,3.686149350489697,3.8785318662475676,4.972821186118804,3.9090368633491432,3.020311265489365
240,3.5230793060288166,4.436786367363249,3.206354245873867,3.638634362149293,4.362469578214089,3.7588969698453925,2.899546544172915
248,3.976763047331867,4.639148893527586,3.1214925325766405,4.040095514268088,4.44080346865217,4.060808866663218,2.8195806578745675
256,4.228084205670863,4.936164878848181,3.255312942035868,4.35179909436007,4.635006270237367,4.240323981265137,2.8424280717159833
264,3.345196085082729,4.828455823059804,3.14597185111828,3.2730761486278404,4.569727980112867,3.6528198063103865,2.759198332365552
272,2.2142505445563962,4.6179334673069725,3.0349988767127103,2.0262617570849577,4.4734426053873,2.6687502527668485,2.6988159626789767
280,2.3545987314700545,4.955748402647574,3.3630220341129538,2.057268926534989,4.6676453221235334,2.7389244054777078,3.145971861839025
288,2.953526639729334,5.37352912664009,3.576808304275593,2.6202937370174624,4.914070761803856,3.1452814738270405,3.490314652470712
296,2.5536973388418893,5.226653102667354,3.627398913201973,2.0768523965148917,5.01035612723811,2.6246874726600797,3.5294815398381845
304,1.8796995088997472,5.032450305289543,3.8852479785478495,1.3930627893336225,5.367754520812992,2.081246075182481,3.6241350128437597
312,1.8486923629409588,5.262556139962975,3.9929570874544833,1.5432027289433186,5.499942959656271,2.306456008877152,3.8330253892152553
320,2.0135199618353026,5.1940139678606085,3.7416358654787647,1.8810176851455458,5.258413446724951,2.4647558050727434,3.607815447105811
328,2.0037281779344815,4.931269028708675,3.705732790842585,1.753725101175082,5.225774356446383,2.2950323465722744,3.4462518157395308
336,2.2093546192098534,5.0650894772615365,3.988061209090426,1.4648688637495584,5.155600218811992,2.6752781049023953,3.735108018629422
344,2.899672058892197,5.5775236151809064,4.172472279016519,1.6280644643293247,5.198031094393846,3.492888092792412,4.303028725182039
352,2.9747420408809355,5.551412387205734,4.174104186872283,1.8663300193745092,5.113169356378221,3.421082029420867,4.312820487520004
360,2.4198770251007105,5.169534606017948,4.072922899247025,1.570946052528885,5.0772663443269215,2.831945857203386,4.118617693473041
368,2.023311665795778,4.857831049767824,4.037019899116652,1.0878870256143998,5.013620033934372,2.4565960445555106,4.017436422502024
376,1.3362581734811019,4.413938942126829,3.8836160414156873,0.8022946955863703,4.827577015130495,1.4203038995487118,3.7693790784720926
384,0.8107683079747053,4.258903157110937,3.9847972939793883,0.5738208849977586,4.980980910522634,0.32689336009694464,3.795490369733372
392,0.7797611620159168,4.405779195984834,4.476016047576703,0.5003828348819488,5.366122606470841,0.2126564548026385,3.935838656397157
400,0.5692388204630144,4.345396860483274,4.391154334630093,0.28986047755134603,5.268205172774207,0.20776055873249458,3.78243475311617
408,-0.2124681183857617,3.682822649194373,3.8738243334231335,-0.22746956608009544,4.736187535598535,-0.5755783626531584,3.3989250777466262
416,-1.000702881320838,3.0479917255529445,3.6551421976939054,-0.5816039872182975,4.59583928750246,-1.2691597241082337,3.2096181992289705
424,-0.6302488960224574,3.0806308314339064,3.7351080003704418,-0.47552687136700794,4.822681183398306,-0.6865513565178909,3.2553129431146837
432,0.2999660949159532,3.4070220737907677,3.7351080424443093,0.1087133378127584,4.721499882624966,0.23550383235534386,3.219409905468446
440,0.46316168883402425,3.478828175379409,3.6029195974652586,0.3061800576645324,4.491394125086956,0.2159202955831773,3.0709019049192983
448,0.04864482297751721,3.203027579289484,3.250417094525977,-0.14913568843948363,4.106252522227178,-0.10883891830616892,2.9893041135701117
456,-0.28264220167473947,2.861948761094478,3.0855895066760235,-0.2845880530875732,3.681943906654868,-0.27366648792411374,2.759198306945924
464,-0.4360460942619528,2.4768071310619946,2.8359002484792497,-0.15076762189018217,3.438782483764093,-0.6473843441559721,2.2696114845203055
472,-0.5747623670087675,2.249965234640227,2.6727046508797154,-0.03489874685646738,3.3016981444679767,-1.1794021065013975,1.9105811382108684
480,0.06986022973896693,2.4490639117845574,2.568259471634664,0.4971189292375318,3.234787933514938,-0.7730450279842138,2.0492974351501574
488,0.6916355062596395,2.7362881735102076,2.5552038008473574,0.8757327281714025,3.180933411581214,-0.1398460851265837,2.1700621694393827
496,-0.057432270609684886,2.3935773510401597,2.556835767080611,0.31270790646923063,2.8806534918657256,-0.5788422682975755,2.0378737446207276
504,-0.8032361979330818,2.0280192155306684,2.5927387579196717,-0.3678178331094091,2.9132926030059205,-1.2071453299862223,1.8828379198099694
512,-0.4180945859573006,2.0263872677047323,2.3658968946310726,-0.34333842551141835,2.671763118299154,-0.8709623526394099,1.7702329278059679
520,0.1530900143188053,2.0214913958270615,1.9040533281222185,-0.03653068276147426,2.169120644896009,-0.20186041824148743,1.5548147362888671
528,0.8662548070107657,2.328299131214078,1.868150282762439,0.6178836328478968,1.7807150797674012,0.5096724702761726,1.515647785810594
536,1.7197678339494848,2.5290297328684113,1.8681502945080604,1.376743220440133,1.483699093394959,0.8850223393731534,1.7555453358395068
544,2.140812505484977,2.387049596375738,1.7049547014665285,1.6688633475570662,1.2111624066309148,1.1412394437450095,1.892629633762987
552,1.830740896184251,2.1047211511305006,1.5727662450924718,1.45997297434111,1.025119477759929,1.1575589731942477,1.6151971308691462
560,2.0755342965279793,2.0884015859184757,1.5303354221029521,1.4371256062550246,0.9973762232456275,1.2440526746382004,1.5107519262044677
568,3.095506806374946,2.6269471053826305,1.9448521943451051,2.357548820129617,1.300920052637612,1.8119733312281014,1.7702329537515187
576,3.6911707357111556,2.9712897920568055,2.201069317650201,3.015227121148445,1.4706434888739934,2.2982962409969936,1.8518307359847008
584,3.745025274649734,2.8635807417029704,2.0395056904913074,3.139255799474491,1.3286632954062922,2.407637350672512,1.7963442460646457
592,3.9571795801568883,3.043095873134437,2.0884643896335384,3.2730761977140186,1.3808858702153106,2.5267701394148023,1.8534626945044117
600,3.9849228471180416,3.3205284375613084,2.377320614086287,3.258388572088464,1.6322071190131202,2.714445071158368,1.9676996257442694
608,3.836414832368964,3.2878892820682455,2.4801337983476093,2.9466849278338367,1.5620330010132022,2.786251125764525,2.0036026875829807
616,3.5883575049932723,2.852157032415607,2.179853937360226,2.6969957003159237,1.0871337423294918,2.6181596880180282,1.9024213883874102
624,3.069395536325906,2.297291996650295,1.5646064694987705,2.3836601567956133,0.6416097976570757,2.167739816947222,1.5890858112080062
632,2.259945319120971,1.778329923499493,1.1223463848907484,1.8075796278421168,0.3772329318914479,1.2717959011032576,1.3606119622269905
640,1.5320929199120048,1.502529364224203,0.9966857520770697,1.1254220165211142,0.4816780757243277,0.6581804336600718,1.1354020387001704
648,1.9694571422842841,1.6461415048166101,1.2708543957830551,1.1286859360148471,0.8831392927070009,1.31422679649489,0.9803662168696458
656,2.9829018992199083,2.169999406719369,1.5760301905317546,2.1094915060773167,1.3156076602064646,2.5349298625914773,1.2316874346379783
664,3.3500919087507595,2.483334973555614,1.742489686588087,2.923837542567589,1.3825178524015722,2.7976748176964175,1.4748488783903797
672,3.0220687509999014,2.3805217470451168,1.6902670868853638,2.688835906139597,1.1915789340213956,2.3227756421085943,1.4389458475811452
680,2.731580543309046,2.391945449144861,1.5335992930364284,2.1829295311241133,0.9859525239508072,2.406005306427296,1.535231246148569
688,2.4982108682056907,2.1161448770721023,1.3247089580375686,1.933240255045946,0.785221884605302,2.4402764832002553,1.2822780761716055
696,1.9580333798786647,1.38666049374849,0.8269622963815253,1.6003212234890303,0.4082400766230814,1.8756196305762587,0.6360234753241367
704,1.3574736298546537,0.9346086548666611,0.4891474558824327,1.228235231636606,0.18629403577535922,1.2750597999106703,0.2198746954760941
712,1.4994537703794066,1.2104092236085715,0.6507110707697824,1.0585117924199927,0.4147678551293608,1.5263811069106619,0.2835209746638575
720,1.9531376114325827,1.3621811752068516,0.8987683842961602,1.3734793037513262,0.6922004137710749,2.012703942349055,0.5952246003358616
728,1.8894912265342283,1.3050627209819283,0.7486284778196343,1.580737754736282,0.4882058835070061,1.9229463589272346,0.5903287158360309
736,1.758934797751149,1.1973535885840523,0.5217865139043709,1.2314991560389557,0.28584333735758377,1.6944725897112576,0.5952245654496128
744,2.109805385647047,1.5890230644410017,0.7828995295981473,1.1809085176608685,0.45556678130750744,2.4272208483510433,0.8775529858011468
752,2.310535967666909,1.673884721815045,0.9966857661016926,1.7439333362075,0.543692406384923,2.685069870746514,0.9428312257876226
760,1.4945579084942793,0.893809772340151,0.565849352563938,1.4485493211522358,0.2907392458745796,1.7254796460877722,0.29004879349092555
768,0.5447594656326649,0.03866480493842202,0.04851931261395971,0.5167024291950653,-0.025860252025710066,0.6614443061713178,-0.300719292192168
776,0.47784929500041506,-0.01192582204465964,0.05504712968794986,0.25722134677667985,0.10306428625707716,0.7397782348264937,-0.047766120637434156
784,1.0963606248546511,0.7045028705065607,0.46466810561008576,0.7696555705968612,0.6057067999810113,1.4072482555834955,0.5070989384438118
792,1.6642813634885931,1.3001668264895547,0.7127254038846871,1.3098330261413331,0.8080693151009566,1.8544042304765038,0.6784543570417626
800,1.5157733035101075,1.2773194643639332,0.5642174217428555,1.1972280760358904,0.6269221978017647,1.6226664711177614,0.5870647868756793
808,0.9152135299948546,1.024366250560025,0.39286201962383616,0.5917724025937228,0.5959150262480409,1.084120968132537,0.5119948097955587
816,0.5578150834770226,0.926448866300184,0.41570941961593744,0.3975696292330777,0.9174103564064426,0.9241892777551893,0.2639375116962652
824,0.7781292166442891,0.822003706338988,0.3031044449674056,0.865940993882682,1.1589398819599215,1.2587402900959037,0.143172752688643
832,1.0979925767126664,0.895441715958701,0.34879919937158593,1.1531652080999237,1.3302952518223097,1.6194025532017997,0.36185486703032277
840,0.41909888435947396,0.89544174050179,0.5805369510167865,0.6488908391125603,1.607727766812387,1.4023523796737465,0.5087309181757642
848,-0.6106654016747725,0.46786925417130887,0.6311276330465105,-0.36455386558134656,1.7056450883120433,0.6696041441745887,0.3063683718510342
856,-0.8864659672611434,0.08109567561165786,0.46303615427799344,-1.040183687351678,1.3384550514331772,0.5667909115283196,0.24598600479407526
864,-0.5551788610907703,-0.03640516495407979,0.13338100417302196,-0.8117098154053433,1.0871337879095144,1.3109628452704503,0.24924992919642455
872,-0.0084736354547928,0.06477610812063121,0.03383169750687198,-0.16871912440967785,1.1132450469141633,1.780966215772866,0.16928405534492874
880,0.5431275351621985,0.4417579508137918,0.14806864890712426,0.40736137649457393,1.4069971006447919,1.7956538219392575,0.21171492181077822
888,0.3130217066245382,0.5527309618586868,0.14806865171204867,0.28986052190421413,1.6991172800034422,1.4007204986400734,0.025671924745065588
896,-0.5731303658892666,0.04192872075069022,0.010984332751634367,-0.4249362396506167,1.6746379900369708,0.8115842678697939,-0.1832184553078934
904,-1.2095933171216713,-0.3823798851796943,-0.07061347875794677,-1.0891423682619006,1.6615822889214185,0.2534553893955585,-0.2795038517716245
912,-1.563727724410559,-0.4982487263790081,-0.03144656614615399,-1.3828944488146184,1.9063756876873754,0.039669127472385546,-0.16689890096495028
920,-1.9145982931979086,-0.5733187113479791,0.08605428721705155,-1.6684867853290353,2.2099194988473503,-0.17248515033614045,-0.002071333626007246
928,-1.8884869993070124,-0.7495699702681997,-0.12936394672453147,-1.9508151374858431,2.0809950625936904,-0.09578324857070995,-0.037974357598237855
936,-1.4021640546518748,-0.6614443739412599,-0.33988624147025714,-1.5934168063205294,1.8590489884374901,0.33342117226231704,-0.1473154181875795
944,-1.033342028399128,-0.2730387977682627,-0.13589174679366706,-1.0042806057031872,2.004293100522384,0.49824874135433805,-0.029814596555081972
