-240,1.14384931129919,-0.11632141466663788,-0.6355523556711443,0.5363563914966379,-0.1505064809834628,0.937092253228991,-0.8183995604883005
-232,1.4435449175161625,0.5909602625927015,0.013502756436156397,0.6065707793078987,0.13891389965303477,0.6185585962712823,-0.22414597500989458
-224,1.0256836074638798,0.27413919406738735,-0.4163463788508578,0.2640614693052184,-0.2327087394687979,-0.299366285997918,-0.6745456865540256
-216,0.2892886295999558,-0.5478831402256955,-1.3000203475412706,-0.3884187203257962,-0.9091645915269969,-0.5048718646041347,-1.3236008038123446
-208,0.21564909619794823,-0.8133278330478458,-1.121915516428515,-0.2976537803568278,-0.7601730371033819,-0.1195489784874241,-0.7858612314786434
-200,0.5102071280733584,-0.5615834920805969,-0.330719065285533,0.3856523111887129,-0.058028986983546,0.4490165351293026,0.1594644001236668
-192,0.49136912277196526,-0.4434178101371157,-0.34441945264567003,0.4113404658346206,-0.018640365136711377,0.6665099255408086,0.16973971492714335
-184,0.26188787088463206,-0.2875760581701681,-0.5259494058016587,0.19555962651062347,-0.376562586912119,0.4455913897225207,-0.12653084779963086
-176,0.5564459178451684,0.19878713901226353,-0.2485168426733637,0.49525524818065175,-0.30977327607267807,0.3651017496558676,0.0515739947189519
-168,1.1044607586231778,0.8855183031144647,0.3166235404377423,0.8155014622967126,0.00019755517287354691,0.8223516164313919,0.3872331025791759
-160,1.321954134501453,1.5688242541107804,0.8440878336571673,0.6682224624559412,0.2622171730468188,1.163148379577757,0.9506608803331119
-152,1.253452280301031,2.0500498614985943,1.4862927095884948,0.687060444393785,0.769130953477036,1.2813141025454229,1.4284613268610877
-144,0.9606068142303263,1.8668073716043632,1.7209116182336894,0.9953188279401316,1.1647292195208165,1.154585626715722,1.4096233638716336
-136,0.7071499701904208,1.383869310630466,1.532531475444861,1.1066343373595142,1.4421617116386394,1.0501203003064408,1.087664601243573
-128,0.8064776102234832,1.019096881745548,1.4914303838230263,0.9096915066482791,1.7452824674935878,1.0192945529224755,0.9095597511824266
-120,0.5530207095223715,0.5481465869536318,1.1249454150724612,0.48498002738326623,1.3017329393274877,0.3753769750523768,0.6287021866919082
-112,0.1471472946115027,0.21933765051371765,0.5101412658465548,-0.16236258790618652,0.5636253428609167,-0.2736780653085917,0.2776301665070617
-104,-0.49848275229773525,0.0018442363707313317,0.1453688537024477,-0.8764945359269097,0.03616108551465754,-0.5476855089691628,0.2827677620045934
-96,-1.334205420417154,-0.43828014878013083,-0.16460204524220676,-1.5854886816734948,-0.5375419888302245,-1.037473829666547,-0.08542972821512322
-88,-1.8034432121364141,-1.0907604199076193,-0.7074793102069347,-1.8697714169579582,-0.9982169977011613,-1.3816956320719163,-0.5101412486882855
-80,-1.3804441921603987,-0.8424410779110498,-0.4625851553771908,-1.160777164327736,-0.5580925345491593,-0.9227331665619599,-0.4656150845097906
-72,-0.7228263788852143,-0.5033569353909462,-0.10295039208045151,-0.3387548716107326,-0.12139317357217487,-0.6281752174707781,-0.3748500709548408
-64,-0.859830051780823,-0.9246433299576116,-0.6338398163573923,-0.35074268249619706,-0.4347892122206978,-1.1282387970462935,-0.78586122614366
-56,-1.1954891820847715,-1.1986507791371313,-0.998612193180229,-0.6247501009535698,-0.7019464430688452,-1.2977808725375395,-1.155771277936888
-48,-0.6115107614784047,-0.8629916600550454,-0.7023417136056136,-0.23428953177200978,-0.47931542625369505,-0.659001082592314,-1.171184169657436
-40,0.17454802775569783,-0.5924093371499521,-0.801669368907767,0.2794744414184506,-0.5717929329471937,0.017454788414275012,-1.0290428116733639
-32,0.20708639392627481,-0.5324702221981592,-0.9883369298869393,0.2092600153424801,-0.8252497911524002,0.28118696547018723,-0.7892863296064325
-24,-0.06007086028542166,-0.3714908760214351,-0.6749408608841987,0.010604694068205548,-0.590630930154129,0.13904556296659673,-0.35087438534807275
-16,-0.35462885812731565,-0.19852364794877403,-0.19542788074538456,-0.06645998823591762,-0.09570500641665014,-0.4808962316113432,0.02417327390040883
-8,-0.45053146000516375,-0.0803579676609773,-0.16802714649740005,-0.08701052880383371,0.15261424102193388,-0.7531910881272752,-0.13680611293257014
0,-0.35462883237222226,-0.20194870100514956,-0.5362246858357594,-0.1195489244088033,0.025885810447610968,-0.5014467821133668,-0.47760283266320597
8,-0.572122221679939,-0.9674569912474151,-0.9369605269569619,-0.3986940077184953,-0.14536884979673045,-0.5048718642362052,-0.7670232589230123
16,-0.7176886903014166,-1.2962660036648552,-1.1116402768667046,-0.30792905211250543,-0.29778548597525367,-0.29594121270539764,-0.7259220626251196
24,0.6660488820639203,-0.1659853055096757,-0.6578154802562962,1.1306099863572565,-0.1111179058637262,0.9850435350355597,-0.16420685969017154
32,2.078899673721334,1.5482737093116712,0.33546149146947407,2.2163644892438654,0.3666825654995181,2.019421574283757,0.6355523511215495
40,2.2587170509545453,2.6357407713802457,0.8851889022833819,1.8995433636894152,0.7554306067731532,2.20437665849726,1.2366561376386216
48,2.0240981651210044,2.6374533162129463,0.4125260659701346,1.5587466402794787,0.46943532978339325,2.545173378043932,0.904422102151094
56,0.8955300270676158,0.9437448031429096,-0.8239324537564888,0.3428386307665537,-0.6283069219924898,1.4679815827639808,-0.11625558524220038
64,-2.2572680253036674,-1.9555962870829693,-1.9199622112900327,-2.4691627066571824,-1.9127168296734602,-2.1078153063542255,-1.213997861301457
72,-5.310738318800531,-4.41823815964056,-2.702595959425481,-4.349538731771715,-2.4812822314394958,-5.3411030999728855,-2.109659623400664
80,-6.417043368141932,-6.243812640281596,-3.4304281875547726,-4.6749225695319465,-2.8957184693030484,-6.493646937614379,-3.1217745827671926
88,-6.319428184270464,-7.187425786103958,-4.177098422641144,-4.810213727029247,-3.471134110556424,-6.467958659344022,-4.123614283071626
96,-5.687498600514923,-6.9750700585211565,-4.211349380739452,-4.662934718542122,-3.8889954270474814,-5.979882946763283,-4.2811685467575815
104,-5.5453572793238415,-6.901430603488219,-4.279851272100794,-4.6766350801471654,-4.044837130631646,-5.897680725990763,-4.3239822060237705
112,-5.7234620508319525,-7.021308826033206,-4.444255719716676,-4.943792339325915,-4.17670323985566,-5.532908291218966,-4.22294199374723
120,-4.514404225248954,-5.127232410799063,-3.6718972278838464,-3.6645201515027823,-3.709178098564984,-3.7604226792356803,-3.339268034071099
128,-2.0517624310604297,-2.2570045577098616,-2.2042449073899606,-1.2994934561939206,-2.5720471706726045,-1.6522780723466488,-2.102809421258209
136,-0.1611110806564209,-0.13002178197459494,-1.0996524313958285,0.23494817900267073,-1.2636617477364116,-0.4894589552229509,-1.4811551131216096
144,0.916080647108391,1.3667437979157269,-0.09610017466890414,1.3035772054156345,0.22111613863808452,0.6459593270239324,-0.5923434884091957
152,1.8425682618195174,2.279531131966388,0.9399903818172488,2.3208297604636607,1.3993480794152986,1.9269441408083086,0.4814231688225714
160,2.2296038186009564,2.4045469906651626,1.2191354837074009,2.7095778320915125,1.60656621039678,2.514347568663777,0.6458276320754743
168,2.3066683800401058,2.1048514028446856,0.7498977223423584,2.831168639205631,0.9712114827061763,2.665051627815733,0.3786703870620258
176,2.858108265596068,2.3617332892709983,0.11625556891884876,3.742243334601465,0.2913305054773404,2.899670494700881,-0.20530797596330996
184,3.71266903265504,3.094703217573882,-0.1937153727056747,4.601941691639019,-0.14365628123255086,3.7456684132360443,-0.3577245854669145
192,4.8223991523455245,4.036603795567923,0.17790720423600384,5.149956602875606,-0.06659172347270076,4.612216982902059,0.30331835132322227
200,5.271086308570953,4.603456634656657,0.83895014212993,5.435951833322232,0.6184268608434585,4.476925811791353,1.0106000123936456
208,4.4370761735104765,4.605169201381187,1.1437834275484875,4.9444509948349955,1.1493162829128203,3.855271429148949,1.0568387883680839
216,2.9831242350417435,4.005777950498568,1.1198077929000108,3.464810847082766,1.1167778959542032,3.177103038328891,0.731454946192694
224,1.8990823645551538,3.0484644905341214,0.7704483359443605,2.373918798001235,0.6835036498458184,2.2215020749983285,0.6903538343347152
232,1.3510674411768813,1.7846051530394234,0.2241459583186126,2.034834556140056,0.2639297532007903,1.6032728427297602,0.7365925968797121
240,0.7379757459049888,0.7074134291378746,-0.4745730030556465,1.3892045530144763,-0.24298401306412523,1.2830266194154514,0.27763015620502424
248,0.047819600308778396,0.17994911237093575,-1.0465635086523843,0.5688947620823729,-0.5375419787121521,0.3411260535630973,-0.4621899655939619
256,-0.6474742717680092,-0.35950297812054754,-1.3359838743877206,0.2161101591680465,-0.5169914226911801,-1.1470768032675116,-0.9297151243613089
264,-1.692127658749408,-1.1558371062575352,-1.558614891570801,-0.31820432294835854,-0.47075266198583254,-2.102677725389926,-1.1009697886528786
272,-2.8737847103479934,-2.0737620532823993,-1.6408171318436051,-1.590626336591706,-0.6522826134861365,-2.315033517360461,-1.4229285063934909
280,-3.319046788865742,-2.4145587829471427,-1.5586149202693336,-2.515401436456418,-0.5238415896963303,-2.5171139573666,-1.5924705859319659
288,-2.699104994839696,-1.8545560889717296,-1.157879028557769,-1.9262854313904172,-0.03405334516043689,-2.333871528364768,-1.270511886587849
296,-1.8102933355418702,-1.289415710643712,-0.8975719579080688,-0.8114176913671343,0.29646813464045885,-1.607751801468482,-0.844087802149631
304,-1.6613018011704355,-1.5617106449768188,-1.2229558282300959,-0.9244457949218245,-0.12310573404189622,-1.3268941898829352,-1.0444557407387978
312,-1.9216088517679555,-2.1491141213990343,-1.8617356282933937,-1.2789428311860913,-0.7927113909483069,-1.3251816551683069,-1.303050246871548
320,-1.8702324573003666,-2.3118060357720087,-2.1237552226198244,-0.6864017824459278,-1.2842122443367048,-0.9432838140135139,-1.2859247911859437
328,-1.3753065889363385,-2.563550342153846,-2.3326858962264265,-0.24627735498312647,-1.66782264375364,-0.6110497520350324,-1.159196327497929
336,-1.1972017046577113,-2.8735212206783904,-2.3686493783693923,-0.38156857502851055,-1.7688629207858446,-0.7394907710417503,-1.2311232956471263
344,-1.269128656985923,-2.9163349353180306,-2.3343984305731245,-0.9124579568095468,-1.6900856807714741,-0.7429158246500202,-1.1848845904991943
352,-1.5825246310627477,-2.9266101947480565,-2.3566615200209697,-1.07172474104483,-1.614733708132649,-0.6041996067377465,-1.118095250041396
360,-1.6304759623558887,-2.721104583028149,-2.0227150040884743,-0.5596733549990098,-1.2174229252188407,-0.9552716418237542,-1.0393180906036752
368,-1.3273552136755735,-2.467647706978342,-1.872010888091348,-0.04077177177778501,-0.9125896868953108,-1.1830402914813223,-1.0547310014565785
376,-0.9368945880167739,-2.6252019583386463,-2.3155604348379075,-0.0013831598650576552,-1.128370537993065,-0.7771667507384244,-1.539381652886484
384,-0.9745707303384665,-2.777618591021835,-2.6255313551224972,-0.15208730750415608,-1.359564307486286,-0.6247501320365718,-1.977793574333192
392,-1.1338374893705507,-2.7176795095516626,-2.5690173145670143,0.017454750326453727,-1.2824997236034132,-1.0802874933478954,-2.0856840032854214
400,-1.2280275773218106,-2.7296673244843563,-2.4217383329387725,0.1099322932610486,-1.2294107513733965,-1.467322993284164,-2.0993843689376934
408,-1.4780593460455804,-2.9625736781787775,-2.295009879184866,-0.5048718732575634,-1.2705118634153403,-1.6950916541635932,-1.8116765358933704
416,-1.8376940769644885,-3.0105249485795196,-2.2984349695861273,-1.1933155222198901,-1.301337708300731,-2.02561320755047,-1.705498676057215
424,-1.9113335255586525,-2.787893924037842,-2.098067062454968,-0.8148428248161949,-0.9793789734513787,-1.967386618850917,-1.695223427849051
432,-1.5071725971635939,-2.4659351691363085,-1.6014286023471769,-0.3524552471971128,-0.467327566801483,-1.3234691107035363,-1.1746092532519938
440,-1.075610909685281,-2.048073876376731,-1.3513967922312926,-0.3730057901565729,-0.388550476350619,-0.8011424207081705,-0.7070840933808571
448,-0.6988506627402646,-1.3955936733162755,-1.4027731900102505,0.12534520668946117,-0.4861656004334788,-0.261690269508253,-0.5683678127365349
456,0.09063320972046594,-0.7088624841948407,-1.0140251388025079,0.9216793675722107,-0.3868378919654536,0.7076110243372767,-0.18304483647699696
464,0.852716435868459,-0.1762605527980151,-0.5893136146500467,1.0809461466564751,-0.2892227864630545,1.6118355556714004,0.08925001102465184
472,0.868129315631285,-0.15570998813069006,-0.6321272259013834,1.0107317593971095,-0.36799988629613073,1.567309306501097,0.07897474681153727
480,0.6900244918771277,-0.397179011718953,-0.8359202767836403,0.8651653338234311,-0.6351571452909163,1.2196623769014758,-0.33374895173826324
488,0.6180975099305596,-0.7962023324747937,-1.0808144558967578,0.6408217169860942,-0.7156468442263542,0.9867560874108234,-0.7344848399544939
496,0.3783410129624663,-1.1113109372959515,-1.0020372962750717,0.39078994789439403,-0.35772463201712357,0.9507926370937938,-1.0547310452402368
504,0.515344775449007,-0.6249476827164546,-0.6817911117773676,0.7504247225969607,0.17658987180714564,0.9970313507041133,-1.092407043701336
512,1.4041563865480147,0.19536204677135294,-0.33071908791322213,1.4337307609766294,0.3118810657295065,1.3378280656516606,-0.8509379969334895
520,1.8066048643004298,0.5275960287250802,-0.49512351786846864,1.6683495936442982,-0.08029208250223514,1.6358112265609728,-0.717359364768605
528,1.56342319984976,0.1439856837617708,-0.6852162019946638,1.5518964550617989,-0.37313754176623676,1.704313071931078,-0.5666552644084997
536,1.3390795666395423,0.25530115510040763,-0.3375692681638489,1.4559939225387382,-0.13338098850486863,1.5347709408824155,-0.35429949800909316
544,0.8030525715163742,0.2912646170072298,-0.03444855535669967,0.8360520363462508,0.05328657118654878,0.5860202061852615,-0.397113142742051
552,-0.13884801218058,-0.43656760376346515,-0.40778370104652295,-0.42266964751798985,-0.04261607263530863,-0.6453007123409168,-0.7105091773433448
560,-0.36147901354267414,-1.0154083313708746,-0.669803297396569,-0.6949645570158278,-0.07172933295156894,-0.7001021602328118,-0.8646383690245351
568,0.03925683622488134,-0.48794399988673903,-0.46772282905982787,-0.0287839250191551,0.1868651593838096,0.13904560067941177,-0.7875737965474888
576,0.05638232392038684,0.16453618937634573,-0.3307190663893227,-0.07502260717146766,0.06184927217046762,0.5192309372898294,-0.5906309242601745
584,0.046107021626527,0.13028527579755866,-0.2759175710344701,-0.037346638512690475,-0.088854810896932,0.6219836995500893,-0.2960729166681383
592,0.23277461645525016,0.07205874063180726,0.15735667838528394,0.6219836679010423,0.2947555923832674,0.9730557567118923,0.34270688505084435
600,0.5667211406661689,0.39915507796936023,0.6848209530242488,0.902841358039623,0.6817911033574331,1.2128122167030297,0.9763491322964803
608,0.5290451225208193,0.5515716935438085,0.8971767328530973,0.11335738807746855,0.6081516227533671,0.9216793839521671,1.026012885349769
616,0.18482329491225172,0.551571699798617,0.6402947400950411,-0.6281752023927278,0.5362246579155396,0.39592753585643825,0.466010237917488
624,0.12830924644627573,0.6628872025952609,0.2994980411524446,-0.482608812692215,0.7160419873178628,0.24693607286340513,-0.229283630112071
632,-0.17994908742953367,0.2775642741666108,-0.09267508592332771,-0.4329449505477095,0.4094961971709641,0.019167284680227985,-0.7276346885863643
640,-0.7844780143863344,-0.3629281238952593,-0.37867039363523514,-0.782304388738935,-0.03747843684945222,-0.6915394592488935,-0.8629258383571361
648,-0.9026437125187315,-0.5341827582005425,-0.5721881199638728,-0.6658512525479792,-0.10598027118165905,-0.8439560468606688,-0.8886140148948735
656,-0.5001952840689242,-0.4862314399689125,-0.5636253930408959,-0.09386075265415504,-0.15221901073103733,-0.28224085312396835,-0.9930793495825779
664,-0.22790038248157943,-0.4639683587994896,-0.43004680300398523,-0.027071427649412675,-0.27209728589000176,0.026017496940756765,-0.7019464397504005
672,-0.12343508201135645,-0.2533251368648533,-0.1868652051486294,-0.3233419600219696,0.07383708710316152,0.00032933971933922653,-0.39540062623995315
680,0.26017533819361816,0.36661668825126914,0.051178771638066445,0.15274600845258357,0.4146338577920893,0.17329648574363138,-0.42622647719618717
688,0.9486190246847959,1.217752307143986,0.16763195492405059,1.2282251693089008,0.48484827062258334,1.074095936242672,-0.3851253550361704
696,2.0566366092927204,1.7452166016511652,0.3012105628055613,2.2180770526570264,0.5499250036995978,2.235202419678596,-0.10255517212697
704,2.7245297209985013,2.091151004630616,0.5169914028654184,2.726703302862243,0.7451553464233027,2.745541336869242,0.13720130791634716
712,2.2193284568864167,2.0962886198123973,0.7105091372885141,2.1478625658726207,0.8530457753755312,2.0896359963124973,0.16802716126412534
720,1.0821976345899202,1.88393285341299,0.7344848265745813,0.9764808294454419,0.8581833705051336,1.240213002645165,0.31530613939703256
728,0.4554056305109263,1.4283955005640545,0.7961365671196894,0.531218638341141,0.8924343046879949,0.7058985348780269,0.26564234016854105
736,0.16256023968188726,0.7759152982394585,0.7242095759748728,0.4199031736252423,0.7913940495476197,0.38907735707753055,0.329006549200894
744,-0.3631915291249471,0.2912646302527061,0.5598050934056494,-0.03392158821578971,0.6372648801261882,0.10479467017584931,0.4557349751760929
752,-0.7194012630967902,0.10459709521259254,0.23784636849040422,-0.597349383446396,0.4283342124064648,-0.10584861136343161,0.20056553258572096
760,-0.5738347994423666,-0.23277456226342103,-0.476285527836167,-1.0117855685120067,-0.3542995169645588,-0.12639912728004443,-0.33374894033243635
768,-0.6474743613589413,-0.6609111931900238,-1.418186080994939,-1.4159466455507483,-1.4777299885099426,-0.08358546286283676,-1.0290428412917219
776,-0.6543244476034772,-0.6489233754978558,-1.7384322522471665,-1.2446919463058363,-1.5547945953884357,0.06369348877911735,-1.4246410552734208
784,-0.17652403455712296,0.10117196341921673,-1.1904173846102741,-0.5271349362144561,-0.7361973761479174,0.41819062861565287,-1.0838442884477568
792,0.22763693578194577,0.2210502512717634,-0.5242367963972594,0.08253158127282274,-0.13509355633318856,0.6630847359824379,-0.43650175704632277
800,0.6232351744149487,0.034382644669282966,-0.3512696454059139,0.868590381360858,0.25194195169753825,1.0638206814117692,-0.23099616574652385
808,1.0222585632378218,0.1953620303984722,-0.33071908717736204,1.6358111919684855,0.7691309667225124,1.479969458221144,-0.3902629871427279
816,0.7927773054636098,0.20563732165443463,-0.39065817214286774,1.3926296095661859,0.8838715825481066,0.8720154778400373,-0.8560756283041872
824,0.22592436997724044,-0.48109380399909096,-1.2195307069227233,0.6665098948115862,0.18515257886190797,0.2623489123379064,-1.4349163393547506
832,0.4622558341251025,-0.6574861016849732,-1.9096869284964584,0.7093236298713362,-0.4758903270221166,0.7127486803592779,-1.7585876479193017
840,1.3339419648872028,0.20563733857921035,-1.541489409026314,1.2110996784859913,-0.48959070408021627,1.596422605817927,-1.5958957030081455
848,1.9932723410236528,1.424970354237448,-0.6475401739152077,1.5364835410814905,-0.29264784890164225,2.0314094151555078,-0.8697760226549922
856,2.1268510432791845,2.336045152469691,0.02206547287313137,1.7300012804716396,-0.1299559378400372,2.091348541881058,-0.12139317669250353
864,2.125138422652923,2.6306031201413327,0.2875102102148001,1.745414176055452,0.03616108882602682,2.072510497211165,0.4762855413151378
872,2.169664655082416,2.3360451222994385,0.31662348984738026,1.7026005857761197,-0.025490581444468724,2.187251110645215,0.7451553260102686
880,1.820305168324443,1.503747564265531,0.03234079981829491,1.5039451388537821,-0.14194377264094596,1.899543389083654,0.39065817200843206
888,1.2671526558874109,0.6200735744191485,-0.1509016919155858,1.2453506393437712,-0.023778063838581512,1.3549536103763014,0.21769097980893698
896,1.1095983570641488,0.4299809338926479,0.05289135271186277,1.060395578861746,0.3255814013954921,1.4594189520546734,0.6800785274417314
904,0.7670890777836161,0.42484320814792936,0.16934450306812013,0.7264490539149683,0.5927386925841444,1.187124014594163,0.7348800428487641
912,0.369778338101571,0.43854362494245885,0.13509358047505066,0.4473039216705991,0.877021386476494,0.39421496361295943,0.27420503213817693
920,0.7345506979996321,0.736526755497553,0.1727695671623927,0.6973357168853234,1.0140251046274804,0.7110361471163698,0.06698691256252319
928,1.1335740446945315,0.7776278649639882,-0.20741571002734455,0.9525051905657721,0.5036862726126077,1.1254723318140507,0.05157398496880948
936,0.9195057413729166,0.6971381811136761,-0.8222198885036784,0.781250457103379,-0.046041166899834084,1.0364198820401913,-0.22757107019424413
944,0.5033569866393366,0.5549967594777303,-1.175004455728805,0.3633892333306592,-0.23442124438110357,0.9079789623745481,-0.6334445842622239
