-240,0.24248375834425465,0.7393804111984027,1.4711477368645043,-0.2894817375438729,1.0518817079085263,0.7773865419878672,1.903661913261809
-232,1.0295816237878057,0.5523473596781515,0.6622292257671534,0.20615608196193702,0.994213164309901,1.1841837065994691,0.9778477481035911
-224,0.7100666510126359,-0.20825422716197448,-0.5067279703251838,-0.02919394722531943,-0.03758648611676018,1.0672879267995894,-0.2768330632506928
-216,0.24715949543458,-0.4342526289712488,-0.8122154538976077,-0.04789722408188139,-0.9182009355856506,1.2356178377503042,-0.22539896441361199
-208,0.1583187785917248,-0.06953799843710874,-0.47399722100875463,-0.1788204788530603,-0.8932632072703931,1.4662921057374907,0.27179752040393607
-200,-0.19392694450444775,0.04268192857915984,-0.5908929326651213,-0.716540873623811,-0.4849074701025966,0.7103663306609248,-0.2674814181252606
-192,0.07103667984569262,0.4027207580651819,-0.49114184293416224,-0.10244856396804289,-0.0905792333552728,0.0043161623984860585,-0.42801823440614006
-184,0.8519000789293882,0.7643181812034253,-0.11707554835513861,0.5739879739714685,0.04346121926836251,0.604380846564483,0.43545155613558384
-176,0.8191693163860848,0.49312013067633464,0.10268839546571884,0.2856452387331786,-0.0968136518304991,1.2917277599035313,0.8079593131510264
-168,0.300152239491946,0.09099884647409112,0.4097344973023944,-0.08842107744415721,-0.04382093355716468,1.1327496097715342,0.7331460518577331
-160,-0.22821643531270983,-0.2518953056675974,0.5936504671657612,-0.3892327608056076,-0.39606670219396456,0.44851995907987907,0.7674354828939213
-152,-0.7519092508040323,-0.5792033528537202,0.09801261132790705,-0.4967768948103398,-1.1753715444597685,-0.5676935991158029,0.28426641695903315
-144,-0.3404363174580662,-0.06642074918401762,0.18997058412100384,0.12199116499519819,-0.49737635560739424,-0.6970581947701084,0.22036346426119352
-136,0.5775847608994696,0.8749795164091895,0.9801856720290413,0.6036015795149365,1.1282535866289274,0.15705984684034152,0.9934338446877182
-128,0.10844328629888113,0.4245413431097643,0.83523495367172,-0.19908243274137438,1.1422811235488752,-0.03932489417396736,0.6770360389581089
-120,-0.8532189134260453,-0.4669834616672098,0.021640715027484006,-0.5637971140064344,0.3847967904824168,-0.8420089281960198,-0.501272843949426
-112,-0.34199495380462586,-0.4108734968196451,0.2819285102014717,0.5287883053296276,1.014475088395893,-0.3666329482246701,-0.3781426813366503
-104,-0.12534821336137475,-0.6633682463804293,0.21958412068381641,0.4913817037318741,0.9692754071968942,-0.07984877767342367,-0.21604727056640555
-96,-1.015314333237444,-1.73880897028985,-1.1208202344403246,-0.9908561255193622,-0.7779260603010706,-1.5542935762126178,-1.213557490459164
-88,-0.5165592147521965,-0.591672246729957,-0.6142720447252717,-0.36429506112067145,-0.8028638370032447,-1.7865264351731662,-0.8192292197237994
-80,1.7106940116646374,2.297990155502085,1.5755745579932103,1.6806008717948338,1.1921565656130855,0.5061885231048149,1.4843959245917708
-72,1.7293973806070269,2.0236748942305227,1.260735424439919,1.3719961737945041,0.998888974566602,1.2075628481270846,1.453223718029214
-64,-0.6786546030869853,-1.160564798002059,-1.2190125773217313,-0.5076871869977734,-1.1660198996691944,-0.9324082890871587,-0.8145534129831025
-56,-1.291188266183038,-2.246915733733101,-1.6897127569146775,-0.7087478188020255,-1.5135898706064514,-1.1926961368337823,-1.2213505531501025
-48,0.354703621905017,-0.8846908749347631,-0.3337223308230126,0.2170663835253821,-0.23397127970370488,0.8147932120639912,-0.1614959393865401
-40,0.650839409118803,0.2577700459027245,-0.10148949764649587,-0.05257308707864689,0.27101822494301364,0.5919120215014745,-0.5402381533858276
-32,-0.19860288301159204,0.7627596612198664,0.07463337051502683,-0.5513282378776482,0.21179106241042162,-0.2746749704087103,-0.8363739519847706
-24,-0.21574756487650182,0.9451169664412097,0.5094855160435519,-0.1242691399714713,0.4019415125302333,0.302010585791403,-0.13811682146638257
-16,-0.1284654120509748,0.18451543602458087,0.22893579561157085,0.18433558331060337,0.4050586989975327,0.02613662739663487,-0.05083463230881088
-8,-0.4526562578686371,-0.43425262913867774,-0.6298582047649056,-0.024518125081175374,0.009171791078463243,-0.9308496890726432,-0.5417967086968594
0,-0.30302968589056156,-0.6633682991204946,-1.3935769166259688,-0.7679749982449237,-0.7841605202986334,-0.48664593441587334,-0.4778937179926866
8,-0.4246012491585367,-1.458259294226495,-1.8471323380064832,-1.531693736057448,-1.624251185051047,-0.07673156676152253,-0.38593571003954685
16,-1.2413127399021524,-2.412128329798643,-1.9827314214515286,-1.7623679508022834,-1.8736287399405225,-1.3781706461024472,-0.566734452750421
24,-1.166499467725989,-1.5907410194223144,-1.4559212686395788,-0.9144843365407855,-1.100558310624795,-1.6914512101132595,-0.7272712758958805
32,0.18169797001311594,0.3169972156347545,-0.3602186879505344,0.932468243458453,0.06060591302071555,-0.06270408375364168,-0.7335057050865484
40,1.7216043388446862,1.4750441997380432,0.723015090278386,2.364830528681353,0.8336763145432663,1.3649824548354925,-0.2815088802045449
48,1.2711661169909145,1.1243570431706296,0.8274419112396633,1.7024214570068452,0.6404087308636492,0.9067511639284902,0.01774416748006057
56,-2.3697461834243376,-1.1839438379004066,-0.5893343147357273,-2.353081020984602,-0.7966294268994567,-2.132537725562666,-0.7568849057165215
64,-7.16402965065417,-4.859145639839365,-2.2679569601767917,-7.41232819661382,-2.1370337547327063,-6.839539101580762,-2.0614412132145112
72,-9.994464933550246,-7.638146720929662,-3.2155916629972503,-9.758035756634705,-2.4300523976712456,-9.66685714577176,-3.0371308648055657
80,-10.938982364682154,-9.329238283352135,-4.446893318090186,-10.03235110915495,-2.974007145285141,-10.843607435027073,-4.207646757183965
88,-11.690232198572714,-10.744455892402703,-6.406065771361055,-10.677615493774256,-4.6791262498178545,-11.79591802210775,-5.456093159271605
96,-10.16435335728508,-9.44925117461122,-5.784180496625327,-10.037026939837963,-4.348700927594609,-10.126646964029188,-4.352597433851521
104,-6.42680723949713,-5.315818212359706,-2.1526198803464074,-7.3328390822020575,-1.8019326830294076,-6.523141362990093,-1.213557505192897
112,-3.8083429122367813,-2.451093653466491,0.4533755923834668,-4.932580129889806,-0.38983235102510655,-4.486038435672314,0.49467877258024245
120,-2.427414683324052,-1.5471000124087797,1.0534402959712028,-2.959380210186504,-0.43347333141746697,-3.2235645164213222,0.0551508658516481
128,-0.5118833877526174,0.26556311897424756,2.189666779246585,-0.4281980908357487,0.8414694222725456,-0.9791665125377441,0.1455501565901287
136,1.4239098489825435,2.9791026078389966,3.9945368353815143,1.6463114635289589,3.067164068598891,1.0594949151744288,1.1976117235684864
144,1.7543350697439501,3.8036070974831864,3.9618060008438367,2.2915758814665916,3.428761520702312,1.0236469273203492,0.9825235608717235
152,0.7163010889095995,2.3244865613513808,1.8857378896612396,1.2644521715562205,1.7423458040314401,-0.3339021294252976,-0.7677951151941391
160,0.08038822819729129,1.672987722427092,0.4720789273378142,0.10172924409035253,0.624822659728696,-0.6066588489475592,-1.5922996389938
168,1.193235599579951,2.9946887166454252,0.6559948121473616,0.7906347884182386,1.086171126554985,0.4906024186515358,-0.7023335038817127
176,2.9747265255724247,4.508098760160939,1.3168453434119995,2.8589098109584374,2.043157474500874,1.9260819524578123,0.31855580044544857
184,4.714134924854302,5.649001109279376,1.8171590744689212,4.6840418363851315,2.3190313885270166,3.525215512284864,0.8827725789648965
192,5.647742217330967,6.4610367028707545,2.1397912229959486,5.287223738829895,2.044716069994812,4.648973131821188,1.4173757281659896
200,5.7022935272473765,7.053308447740821,2.7164769488014135,5.245141256990211,2.205252942866618,4.89523344901016,1.947302993106863
208,6.0218084903116775,8.074197760271993,3.9010202794842086,5.589593994077825,3.0889845809793837,5.055770218578408,2.7546628239913136
216,7.204793270873737,9.414602130799581,5.3146792468304955,6.5387874064112195,4.357692870318683,6.047045936951267,3.9734956397897943
224,8.66676913886979,10.089480204174457,6.084632467243471,7.804378485340909,5.267921014235725,7.445118848063765,4.548622602170257
232,9.53959060517641,9.47538791645186,5.462747225658638,8.747337327843459,5.21492827419665,8.428601640869854,3.80672439398339
240,9.092269620855719,8.145893869420885,4.317169060423493,8.469904753695868,4.734876434074823,8.112203884866592,2.7406353629166023
248,7.419881386690442,6.4875330151273625,3.7217801192078266,6.203686258695254,4.007005704542689,6.068866497718676,2.6159465711567043
256,4.759334603876727,3.989081731151431,2.4406030436489954,3.067763558695979,1.8841792912179784,3.2633690315402575,2.1920047233407622
264,2.4494750184830445,1.5903813726588285,0.31465933335399277,1.2738037475335673,-0.3493084116044392,1.7359315701466551,0.6879463587712912
272,2.0816431557735497,0.8671864567319687,-0.4381491683597386,1.9097165253686308,-0.17006831361156333,2.053887954292466,0.09567463817839568
280,2.770548717848887,1.2131978005312487,-0.028234824480274798,3.4106576726639064,0.8617313083522057,2.4450989556832883,0.18763263206751837
288,1.9850094010192147,0.43701015913161917,-0.6812923164940026,2.782537993014683,0.04190256567663895,1.4366785060540292,-0.6586924776138682
296,0.10688462215914363,-1.360066766671147,-1.7302366213272538,0.2622661137810123,-1.395135553242991,0.3846169472796823,-1.4520248280018697
304,-0.8142537144926362,-2.410569698642376,-1.4917693780469496,-0.8084988989895446,-0.9587248040165176,-0.04244215313792748,-1.1091306182646816
312,-0.8111364280703569,-2.9436142739478437,-1.0787377192823144,-0.01828369706250935,0.07463335952912298,-0.7126442690862078,-0.9080700179370395
320,-0.8158123116608625,-3.225722645962403,-1.7863466343943053,0.4570922122538965,-0.16850969986788836,-1.4623355464937369,-2.010007056614502
328,-0.6973579732013757,-2.458886664421937,-2.1541784346528665,0.19368721721830714,-0.8044224510817763,-1.3282951065946877,-2.3217289794233205
336,-0.5414969445743121,-1.0218484592764872,-1.122378849858287,-0.012049220322068692,-0.5877757064528062,-0.6877066214716216,-0.6197271663357496
344,-1.0340176713729377,-0.7288298714220164,-0.06252424161987441,-0.7274511391900693,0.03255095889239637,-0.8030436720019699,0.7144426865987767
352,-2.1125755524496226,-2.5087621732902297,-0.7031128166521948,-1.8714706139991588,-0.5285485362184901,-1.660278989319257,-0.20513702894246266
360,-2.9183767464852273,-4.527161752594217,-2.4331695831983677,-2.5681691515350398,-2.01390359513365,-2.2338474169824285,-1.8759666453457744
368,-3.0867066654725233,-5.133460865281168,-3.546016933819861,-2.5292039753719457,-2.924131692338061,-2.4489355245951243,-2.6957953228915477
376,-3.3532288928508978,-4.902786690049523,-3.751753401999703,-2.7832573470478446,-3.1018131849587003,-3.2391507107838544,-2.8204841020942863
384,-3.3532289151189247,-3.967620833220674,-2.8274978601285983,-3.152647867869641,-2.534479230687395,-3.39968744803835,-1.9305179596153335
392,-2.1967404846523793,-1.9726003904214369,-0.9104079548317805,-2.449714887413931,-0.9119665330161589,-1.7039201304432432,0.08632296107406746
400,-1.0745415337763677,-0.9719729631327818,0.48766498290189114,-1.3851844098164585,0.17126722863731272,-0.3292263457897723,1.5062164391488377
408,-1.260016073349641,-1.989745166046463,-0.04693813398544823,-1.3618052677865569,-0.3524256076151784,-0.6347138429239279,1.0012268718837554
416,-1.4891317083388438,-2.9981656188568673,-1.01951057215317,-1.319722759325698,-1.1909576909376716,-0.870063889523776,-0.3906115688505932
424,-1.158706472006561,-3.1493507555219873,-1.660099218510149,-0.8007057758568168,-1.6943886051133157,-0.8482433233986459,-1.584506607946901
432,-1.5436830197621136,-3.055834206321832,-2.166647370888583,-1.1872409830641004,-2.2211987172400733,-1.4966250217311226,-2.168985239562539
440,-2.1764785573852405,-2.5103207619195875,-2.093392669761757,-1.7608093814272352,-2.152619896522604,-2.0577245166745803,-1.7216642703104352
448,-1.69642683011041,-1.480079785008675,-1.4590385150463796,-0.9518908957790589,-1.1005583236842396,-1.7802919378389856,-0.8737805766876958
456,-1.175851188696657,-1.8276497304967583,-1.7769948861327471,-0.42196365360849947,-0.929111255063976,-1.767823093521667,-0.7225954281351333
464,-1.8257913829029482,-3.535885995545312,-2.8508770137110853,-1.489611311310978,-2.3038049811173735,-2.5580381718862646,-1.4224112197795407
472,-2.3962425432307204,-3.978531086732059,-3.109606194304254,-2.533879752645177,-3.29975657303501,-2.43179085562223,-1.6842576600063857
480,-1.7463023394809887,-3.0355722512615166,-2.578120281966523,-2.2361853459951373,-3.242088055220417,-1.11164834388341,-1.2494055302161646
488,-1.1244169872257355,-2.6053959509823064,-2.253929519863249,-1.4677907450184184,-2.839966743894713,-0.4710597750459546,-1.1667992092456505
496,-1.052720933495767,-2.6022787673612964,-2.0980685349350967,-0.7009547375264928,-2.349004714051865,-1.032159305651742,-1.3943562820592417
504,-0.8703636729779072,-2.1300199852424035,-1.6429545070103448,0.06743989291769119,-1.4559213414067014,-1.3999911825926834,-1.1699164352261415
512,-1.1992302945619426,-2.0037725869382674,-1.2299229478658331,-0.8583743070657127,-0.7467539022928593,-1.6914512397481538,-0.7833812317022911
520,-2.3900081557298183,-2.8516562981410285,-1.2579778457380821,-2.5447901097949766,-0.6937611590726376,-2.47854915106719,-0.7896156553678093
528,-2.6954956285868006,-3.3847008431418866,-1.8596012764187748,-2.3858118384445444,-1.5478792872437648,-2.4193219125219327,-0.9454766297479492
536,-1.9535974277667996,-3.4189902046951324,-2.6217613800613124,-1.3025780881762299,-2.604616678877698,-1.7148303235128401,-1.3631840592560942
544,-1.4797799835173138,-2.9046490314829514,-2.5672100467048735,-1.2729645502739868,-2.489279568742706,-1.4171359379588264,-1.4037078779606134
552,-1.0542795730234737,-1.8697321900684152,-1.6226925527871725,-1.1669790691912634,-1.2813570896677142,-1.0461867898316242,-0.3719082343985322
560,-0.21886474883236995,-0.7553263221422248,-0.9228768346440002,-0.31909533756219227,-0.7592227789239314,-0.3011713829551571,0.2359494672526338
568,-0.21730618129903723,-0.4919211657052937,-1.0662688486786775,-0.07439364399519446,-0.9618420522650349,-0.2964955413892748,0.03021302468939504
576,-1.4236701360373216,-1.573596348775134,-1.8689528947556018,-1.2558198397787563,-1.3483772269911356,-1.6727479721001746,-0.6244030348576655
584,-2.207650761603794,-2.2515915972321525,-2.2508122769724523,-2.4481562296364876,-1.3655219552338174,-2.3834739126129825,-1.0499034738143973
592,-1.6605787317533378,-1.1745922182241488,-1.3437014280165587,-2.1379929391559376,-0.7296092358313969,-1.3688190341279123,-0.6244030258165112
600,-0.6272205755745632,0.22036345183926626,0.1603569911346936,-1.0080007893019636,0.4315550236438714,-0.14375177658160537,0.6006641930537476
608,0.12247080011365764,0.7752284317010933,1.3417831068872996,0.3074657253296396,1.3916586293817192,0.3643549706210535,1.6418155458664836
616,0.250276802115741,0.9794063901105319,1.6020709298544649,0.9231165368866588,1.4056861083713093,0.5607398762178503,1.9940612724786597
624,-0.46824230472641754,0.6832705250423634,0.9568065078985414,0.08302595183034361,0.3645348442958262,0.29110037514178394,1.3799690544064334
632,-0.8968600280962845,-0.3329429522852187,-0.08746197110713302,-0.46092887179621794,-0.5612793613801563,0.007433397420130323,0.6178089629861951
640,-0.7550264587022157,-0.9080699809674774,-0.7841604694646808,-0.0853039336711965,-0.5067280077648348,-0.12816560783567527,-0.187992276087751
648,-1.503159229687916,-1.1293925939509348,-1.4637143378602382,-0.9113670427516398,-0.5986859867527962,-0.7484923244140838,-1.3616254925599056
656,-2.683026749946583,-1.3834459609388274,-2.0139036194752165,-2.4450389981308462,-0.7514297102055568,-1.8566638068485182,-1.944545457356947
664,-2.7734261022988536,-0.8691047684723379,-1.1909576469682988,-2.3655499264134234,-0.22773687294849357,-2.0982483301888077,-1.4083837386133755
672,-1.860080778444236,-0.34697057643555934,0.024757942849691194,-1.4568804911721744,0.4798719917674364,-1.3329709257251148,-0.443604322116542
680,-1.3036570828746081,-0.9111872739194787,-0.04382085744146662,-1.213737361622506,0.32868682077941835,-0.7703128620763227,-0.5994652640154986
688,-0.9763491550652034,-1.7076368032404856,-0.5301070931007764,-1.1046346656095911,-0.4178872244527554,-0.873181092064238,-0.9033941316676737
696,-0.29835378723146555,-1.3538323681199458,-0.28228821909391577,-0.386115624399513,-0.6033617700534641,-0.24350269988836087,-0.0056350140630321635
704,0.21287003861435916,-0.008752269375756662,0.44402396617748685,0.38539617777823787,-0.14668913591933216,0.7555660545542632,1.3316521974555768
712,-0.20327868188313697,0.854717565702022,1.1718946679164444,-0.2255787753025931,0.46116857175926934,0.6745183814828944,2.294872952324105
720,-1.0402521099396178,0.8204281755184549,1.8156004183657646,-1.154510234919672,1.1095502926946303,-0.3120816043202178,2.592567405017059
728,-0.8875083337467908,0.6427467207367191,1.7719594279276787,-0.6884858531936964,1.335548733682239,-0.368191534342597,2.1312189202758907
736,0.06791940246456749,0.47441682870545643,1.0316197966501546,0.3433137366237476,0.9786270436160301,0.6090566685411987,1.4360790724963493
744,0.6648668862666773,0.5585817831762411,0.45337563775666534,0.44306473209230496,0.43467228963984017,1.2013284246289953,1.129032918589323
752,0.666425557270994,0.68794638117455,0.0980125652849932,0.03159181214064111,-0.4023011382492121,1.357189481216665,0.5476715250090469
760,0.5978467231592233,0.9404411530033617,-0.06875869458542874,0.04873657035307343,-0.7327263986912391,1.570718938586212,0.2515356170791124
768,0.6274603400878483,1.0308404973190513,0.12139173946122014,0.11263953092006578,-0.5004935107655123,1.4974642542022627,0.9575858243524563
776,-0.20795447522953026,-0.1911095804571075,-0.21682660074948026,-0.9970905741317678,-0.8387118255270379,0.1025085263759183,0.9342066448185091
784,-2.01438314460585,-3.074537492721835,-1.898566423951548,-2.5853138807822957,-2.2118470540323334,-2.0748692040646395,-1.0935445621983186
792,-3.064886118434275,-4.466375962086505,-3.2015641480104735,-2.8814497512081827,-2.762036297306122,-3.0006833233473746,-2.9108834564557022
800,-2.2014163016062316,-2.811132476255362,-2.2851016520874285,-1.9712216498180521,-1.4746246638038905,-1.9236840213566064,-2.292115373042708
808,-0.5352625532225481,-0.30800529311804686,-0.2885226226679807,-1.1763307744236269,0.2086738067950374,-0.5209353341428805,-0.32826726622847313
816,0.18793234077114035,0.9092688931984542,1.1453982958877615,-0.5466523834197502,0.6934014886501753,-0.0845246354798972,0.8360142709627788
824,-0.024038610511435875,0.8360142523459866,1.435299751187,-0.1710275030576574,0.4564928142426337,-0.22012364123799028,1.2194322444878472
832,-0.6895649222304515,-0.20669558177426078,0.8477038421902349,-1.0656694100852553,0.06839895377848412,-0.6113346854905783,1.425168753018025
840,-1.35041547258197,-1.3444807271802328,-0.5550449027864194,-2.593107002073305,-0.8745598852080627,-0.9916354017259746,0.948234182408171
848,-1.817998347502901,-1.8853182682353768,-2.0372827286890782,-3.1510892239887864,-2.264839790722833,-1.6649548985263656,-0.42957682136121067
856,-2.3557186609032654,-1.9024630097049315,-3.016089576625731,-3.0980964816057073,-3.232736434707016,-2.565831309752724,-1.8027119552692468
864,-2.4694971999889215,-1.8557047383697156,-2.8773733956180667,-2.7193542816704372,-2.991151880224974,-2.9243115275042166,-1.9944210219790224
872,-2.5817170878268563,-1.95701429099102,-2.0746894171823675,-2.6554513293074553,-2.186909263768429,-3.006917825704417,-1.5580102020976045
880,-2.985396966853324,-2.458886657557357,-1.7130919120040233,-3.2336955091295416,-1.7832293688362282,-3.380984085458255,-1.4411144755400764
888,-2.4741730400479454,-2.062999781114899,-0.9119664800056323,-3.056014006798033,-1.1223788579979017,-2.5892103303967633,-0.5745275526105484
896,-1.456400849189136,-1.0202898967660181,0.702753162006675,-2.7131198568329187,-0.11707555163931835,-0.9495529438286069,0.9108275404600823
904,-1.445490620792067,-0.6820715830090647,1.354252024538423,-3.0731587388915766,-0.014207359155448351,-0.48820442727597096,1.9176893900748253
912,-1.5842068605672317,-0.40775631571006643,1.2591768242579755,-2.6990924032925014,0.21179109221274398,-0.7516095761786066,1.8693725212365253
920,-1.2070233053499595,0.16425348548484275,1.0861711762169368,-1.6065070271530641,1.0877297540278201,-0.9448772124308599,1.3706174037558505
928,-1.2537816342806756,-0.454514573818409,-0.023559003173274796,-1.2464681097669335,0.5889746472625872,-1.2830954680900266,0.3777829735260547
936,-1.775915810746578,-2.030269007688724,-1.6133408510708147,-1.843415730525783,-1.3203223145525833,-1.7865263452639124,-0.5527069901688507
944,-1.922425149879584,-2.578899570414756,-1.9203870198790012,-2.286060841636557,-1.7910224127751437,-1.728857795302993,-0.4264596194904632
