-240,2.5982002723022406,2.3752368114728735,1.004266082853985,1.0426674198512522,-0.03542353227494684,3.32540599148794,1.7610637743779076
-232,1.9772030743761952,1.728431990466784,0.5348889482522483,0.9910520553482238,-0.35801944896338894,2.9044183086810476,0.9626387581895631
-224,1.1900689993153644,1.1267904458710776,0.5961821927873953,0.7523309688128813,-0.04832728620292019,2.0205054611953943,0.878763819743141
-216,0.749725424066479,1.3622855200683814,1.7639795253736394,0.2958577447745797,1.3646430037315929,1.6043565775366075,1.9384915267978666
-208,0.6029442581339791,1.4316436641104848,2.5575655558028245,-0.09932232950689106,2.2388779630414715,1.4027341307542407,2.475613821451161
-200,-0.009988039765300384,0.44933898778289055,2.05754184441671,-0.36062511289908744,1.9340248381942258,0.4607538545840754,1.7304171485583126
-192,-0.280968725194818,-0.0990742157698212,1.4752561376831614,-0.22352178576060808,1.663044284102849,0.01234550978022114,0.9594128321396428
-184,0.09324255374415169,0.097709403275004,1.1574991241044132,0.27488900019998874,1.7436931649879401,0.2736481867850574,0.6352038683906222
-176,0.6255259837535389,0.3348173368822166,0.741350366758959,0.36844181174775587,1.2468953910875193,0.5752754727368489,0.22711999097269225
-168,0.702949034060103,0.49450236399639685,0.36068707405987743,0.4168311623533212,0.4904079756337969,0.6494725685773254,-0.03740878257907138
-160,0.7658552201348146,0.6590263198641311,0.17358141475105537,0.5958720240375439,0.02748272847884005,0.6220518714066909,-0.07612028087560936
-152,1.2594270905103255,0.9348458924625659,-0.20869473354601037,0.9313718024274746,-0.36931036600646494,0.8623858915112101,-0.3003244116929008
-144,2.172373563537711,1.6010066043512232,-0.2135337193051689,1.4249435504748482,-0.6628726249250833,1.7753324161728505,0.038401322029464294
-136,2.8707938892217033,2.2220037898018767,0.29616793362367155,2.0475537765751146,-0.6112573361407455,2.5769834507636604,0.9932853646029938
-128,2.930474136944373,2.286522970956372,0.5558576692622125,2.5782241765043175,-0.7338437794679391,2.6689232233945073,1.3674967267112355
-120,2.4885176709238337,2.097804301839875,0.1284180297008142,2.5427386607434967,-0.8903028004817756,2.3640700115660653,0.993285301186424
-112,2.1401140571693498,1.8026290098954931,-0.018363155637849328,1.9991643535429768,-0.8580432381474269,1.907596759977942,0.7787590159206567
-104,1.5513764352659303,1.0590453197803082,-0.06513959121405544,1.14105912549871,-0.7741682605421398,1.328537039245497,0.514230399870702
-96,0.6432687166831683,0.14771170650937038,-0.35870188392019,0.48941531734731025,-0.6031924104701216,0.6139869370726013,-0.17612498368208235
-88,-0.030956832682031036,-0.2910188154412404,-0.3490239780709439,0.12488187668255288,-0.21123825877318464,0.002667694897365924,-0.38742533839292714
-80,-0.3729084628252632,-0.4652206062910703,0.018735337009477358,-0.08319255059221765,0.07748507035226423,-0.32476729331854665,0.07227393021150669
-72,-0.9019658927987327,-0.7200713797350792,0.09938436950521977,-0.7929036451740212,0.17103789818734697,-0.778014607074435,0.04646623331873516
-64,-1.5310280131032838,-1.0249245929496769,-0.08610833318960691,-1.5687469872037918,0.4162108035548213,-1.2715864174987637,-0.40678098375287586
-56,-2.011696025242693,-1.5104315494368774,-0.24095435253942607,-1.8445665135393206,0.5968645499462731,-2.0409777696795883,-0.7535717406964901
-48,-2.2536430081989027,-1.7088279996487135,-0.5683892341947083,-1.6461699746135952,0.3145931101735672,-2.6313284507724384,-1.0810066620304464
-40,-2.495589990808574,-1.8104457895409767,-1.263583584273757,-1.626814220440516,-0.6031923907174198,-2.8184340820116307,-1.7245856588689712
-32,-2.911738771718656,-2.316921459587561,-2.0378139244662408,-2.11716008540876,-1.3612929107571332,-3.03296042497608,-2.226222295334066
-24,-3.0214213692851377,-2.660486097805775,-2.2378233865649837,-2.4300780667921726,-1.6661461069913373,-2.908760951048892,-2.1810589225859465
-16,-2.2359002085605866,-2.154010453056511,-1.473270927270964,-1.6784295766266168,-1.1612834841786008,-1.8522591729896654,-1.2826291633926477
-8,-0.7890572698990113,-0.8571747122449078,-0.5006440524844873,-0.4638557895778115,-0.4144738101415435,-0.4376758498561192,-0.19870673148011495
0,0.6577855412363471,0.4057884799892976,-0.12481981901075384,0.8055593665149433,-0.1483320513863471,0.6349556958552762,0.06420896711471018
8,2.0143016704653056,1.5106796578625763,-0.1780481217612301,2.068522521842784,-0.34188964457812615,1.7495247502952866,-0.43420181087549725
16,3.2208104595901825,2.1607105388557653,-0.6571031209741174,3.2911612387206777,-0.7580384812809271,2.615694909901333,-1.4342492208257982
24,3.6982525198625433,2.3978184920424104,-1.3619753238820014,4.158944432392105,-1.074182454556599,2.647954501171658,-2.408489061236275
32,3.5950217494451193,2.494597404988646,-1.565210751362798,4.4154081598510695,-0.6177092381421485,2.4495579963799883,-2.70689034160753
40,2.71756076549508,2.1365157997898745,-1.3103599988843762,3.7137619394789025,-0.12091145748422504,1.831786660220947,-2.823024875309471
48,0.602944183108365,0.052545903693744574,-2.2313715100341702,1.6588256252606357,-0.8886898034960292,-0.044108740852109564,-3.7327454446386783
56,-2.8310897969215953,-3.5718196996409373,-4.386312503147747,-1.7606914685322692,-2.7758762435937596,-3.1071575050490483,-5.342499406811698
64,-6.657077865231924,-7.184894554523586,-6.158977199818988,-5.810883859988827,-4.427567506572216,-6.468607418972181,-6.45384247334464
72,-9.905619201478624,-9.452744171749767,-6.8106211134914005,-9.417506704230211,-5.277607872362428,-9.168735621147166,-6.824827844946777
80,-11.299233768081995,-10.386659417421368,-6.802556189033664,-11.245012843758133,-5.553427462114525,-10.35427580361983,-6.649012988323283
88,-11.094385479458596,-10.596346842201696,-6.736424068765373,-11.188558618423123,-5.467939556138141,-10.188138815939215,-6.308674307343467
96,-9.855616800173824,-9.976962499007287,-6.233174356650263,-9.720746913355022,-5.137278654867508,-9.273579334490309,-5.616705883487608
104,-8.58620173799304,-8.709160485966311,-5.244417764113183,-8.040021956913266,-4.5791876374715565,-8.486445223216187,-5.011838513857992
112,-7.190974229503563,-7.065534013508416,-4.4330888933273895,-6.557693582368024,-3.8404428906645465,-7.33639064452516,-4.627949276222632
120,-4.045663539266917,-4.3186294116239745,-3.3265847456716457,-3.8543393598846114,-2.591996503057548,-4.41367119935896,-4.00372605816143
128,0.22873293431825562,-0.24585526214649356,-1.1909995098500006,0.6168407706913662,-0.6660985591186607,-0.30541150241237247,-2.202027642036487
136,3.3288801878704057,3.2978612653751167,1.3494437918706743,3.6895671744226135,1.4259362409894285,2.8850625233194913,0.023884535942073234
144,4.236987801105426,4.9769733182232905,2.80112564750349,4.286369817641319,2.6872864372775047,3.9351124468531067,1.5029870239427996
152,4.319249743778988,5.480222937812585,3.4688991966235836,4.513799949014336,3.430870185784448,3.9560812021703953,2.1868904379191476
160,4.722494718433761,5.956052066075194,4.112478177001524,5.060600122313594,4.272845601819601,4.517398101259321,2.783692950492789
168,4.669266363702491,6.089929412410649,4.4866895905707525,4.8089752792512375,4.651895846591758,4.636758684725474,3.43211087261948
176,3.5305026396775823,5.143110267784653,4.338295353666508,3.4976226606927763,4.395432055196415,3.7238120595676314,3.546632490598985
184,2.2707653946321527,3.797885058197811,3.909242725956099,2.112072984413086,4.021220713533953,2.389877758880208,3.2159716380170287
192,1.235232293745752,2.917198099162636,3.4092189852874686,1.2394509803310492,3.771208872308884,1.3027293721550484,2.7707892026292407
200,0.7094009987849991,2.5091140725598247,2.9350029498285393,0.8668526507287636,3.3615119752069265,0.6914100197805275,2.1788255678679733
208,0.9868334730710555,2.4526599028442653,2.299488847298891,1.0023429067222296,2.656639814750027,0.7510902316364493,1.4352418566139313
216,1.6529940830773555,2.512340114180379,1.352669666632877,1.3749411753337162,1.795308573674644,1.378539372975263,0.40616069082337347
224,2.3481885061027854,2.2881359455903763,0.14938678172598635,1.7636693633812908,0.5242805302756203,1.9817938587639965,-0.8971269601332907
232,2.412707638915142,1.7364968433642962,-1.368427245116298,2.1136859729086352,-1.1048290968367795,1.8253348367105442,-2.185897826042179
240,2.236892806029543,1.4703551974074252,-2.187820972784794,2.2169166641419817,-2.0032589246447268,1.3624096165856008,-2.432683753172912
248,2.303024985555939,1.647782876534464,-1.7329606908058652,2.023359070083856,-1.6677590216741578,1.2607918339706494,-1.8858836810629354
256,1.9901069875386728,1.3300259625855735,-1.502304558184044,1.3684893582342772,-1.2612881154248454,0.8236743672242743,-1.853624005410454
264,0.8965065865335926,0.36385098460241977,-1.9313572073798482,0.4797374631323199,-1.3193554581677764,-0.15217840796826387,-2.037503672480477
272,0.030336453957560055,-0.0974612286604267,-1.8716769518600591,-0.044481009671428505,-1.3532280176611404,-0.8602765639560803,-1.4245714350521888
280,-0.7713145267464927,-0.7813646279088817,-1.4716579623400423,-0.6025720579093177,-1.3080645709270229,-1.5780526205950642,-0.8826100829062397
288,-2.1923497974512727,-2.250789230159602,-1.8797418735454883,-2.1123211814327183,-1.7274393179122358,-2.9265037354395087,-1.6374846422421698
296,-3.321435598993078,-3.220190088969383,-2.273308929009279,-3.4317386092248228,-1.8742204873101223,-4.08623622361844,-2.3084843359047906
304,-3.4391831731713634,-2.89920714327629,-1.645859755269103,-3.7220750295945266,-1.138701674696691,-4.4894811478518415,-1.7891047847505543
312,-3.4601518444530326,-2.3959574521267677,-0.6006488426186956,-3.5140005709580113,-0.1192984573796312,-4.352377931605726,-1.0374562673817167
320,-3.742423355439426,-2.7346831946858683,-0.4796754193220666,-3.5736808526414667,0.15329513060385525,-4.279793798616939,-0.9277735679328764
328,-3.6859691359955735,-3.1169594330829775,-0.9635692821392424,-3.694654440890484,-0.30640408220785936,-4.203983737672271,-1.3294055702061474
336,-2.8568974078727862,-2.512092015804302,-0.9426005694462053,-3.152693076442413,-0.49028376348596603,-3.5410490445326195,-1.2810161781892158
344,-1.2955329905402364,-1.1781576201652904,-0.5780671272220248,-1.670364668629465,-0.4870578310250813,-1.9958143556933705,-0.939064439579391
352,0.23357187329469892,0.05899785247786309,-0.3570889203754225,0.14423762842986224,-0.5322213013238258,-0.3844475639127655,-0.6084035232343266
360,1.4916961371218904,0.9138770796198642,-0.3006345997422875,1.3088090072430951,-0.39027912565548617,0.8591599470947423,-0.34226191141151113
368,2.1223711568615626,1.4606772955433733,-0.1038510118859393,1.7846380819654848,-0.3418896549742853,1.549515266884418,-0.2470961047839606
376,2.2143111327373175,1.4074489721738481,-0.2893437488880906,1.768508259733482,-0.5354472334381725,1.69952236094607,-0.49226900391373923
384,2.078820730331279,1.1106606877487224,-0.6893627508834985,1.6894722917985188,-0.8096538230856762,1.2801477052737853,-0.8132520040133979
392,2.285282291438638,1.2509899012584484,-0.6264565178528023,1.9298063363340119,-0.8741730792657849,1.433380735781516,-0.6503410962458587
400,2.3127028745980627,1.4413215207512453,-0.6603291263813831,1.678181429681816,-1.0048243697726018,1.633390268920679,-0.5116247284577659
408,1.778806544807015,1.0380765214922278,-1.1184153276527287,0.9104030242386357,-1.3290333248581567,1.1720779312504637,-0.8584154469355914
416,1.1207107083408798,0.24126455115157724,-1.3797180559452835,0.5474826096688697,-1.3274203235406778,0.38010494285704627,-1.266499350343919
424,0.6335908517254804,-0.21359574850082225,-1.100672596802332,0.40554027182045027,-0.8757859741959033,-0.11024092367062209,-0.9051918218675369
432,0.13518015153319532,-0.39586249482359814,-0.8667905389969384,-0.021899295487643432,-0.7580384530380291,-0.6102646932752266,-0.4971079992027104
440,-0.5938867556134475,-0.9942779820312427,-0.9393745553754738,-0.6574133056647438,-1.0161151982750571,-1.3683652289091797,-0.6616319091540754
448,-1.2890810375976542,-1.7685082912085208,-1.09099470030963,-1.230021137217715,-0.9564348843635081,-1.9909754134248103,-1.0245524016950343
456,-1.2406916786751618,-1.9346451965862084,-0.603874795352091,-1.2816365542213475,-0.2918873373585657,-1.9200043086102476,-0.9680980441555357
464,-0.6535670211828568,-1.5055925851631138,-0.19256488220476298,-0.8800045995971383,0.35491762434220675,-1.5135333836478497,-0.7374419815345185
472,-0.7874443377159892,-1.336229626555829,0.0784156698073811,-0.9138771433229944,0.38395118802679207,-1.4941776755644087,-0.6696968150719966
480,-0.6826006515761283,-0.9684702967475156,0.5768264032673751,-0.9816222408243275,0.3339488964014699,-1.2844902667248612,0.0916296133441662
488,0.40132182157450164,-0.07649251146238707,1.2123404966137488,-0.19610110938229167,0.6210592883190875,-0.22798848953198061,0.8836027507491956
496,1.193294879102376,0.48805048642596716,1.1058838131416033,0.6442614125890899,0.6404150416258197,0.5672105654327725,1.1352276201484879
504,1.423951017788623,0.49450234216446315,1.0865280009233034,0.9539534379469903,0.5420232846906448,1.044652609417818,1.2932996272321036
512,1.9191357782427116,0.6783821047058792,1.6510709575735611,1.1410591300037132,0.9775278615317103,1.3253110965617219,1.7271912263203177
520,2.2949600649101254,1.146146197098579,1.815594912574948,1.3652632918362113,0.9791407826254962,1.4704792627361685,1.95462135145564
528,2.4691619496719253,1.3284129408223146,1.4155758896139523,1.473332984942763,0.31943210615561535,1.7366209071336156,1.7433210275867337
536,2.7256256714130025,1.394545053466755,1.1333044813762625,1.7072151394324349,-0.06607008670758276,2.252774401073059,1.652994115405411
544,3.101450052512192,1.3542206259327731,0.7703840196772422,1.8443183660747111,-0.13220232375939125,2.794735686163783,1.5820230440318264
552,2.822404470521297,1.059045225868338,0.27681221895599667,1.7620563823363222,-0.30317809430079307,2.491495518796879,1.0239319542093017
560,2.022366496159534,0.5428917944791171,-0.5038700558125224,1.6604385912311739,-0.7822331739106406,1.5575801741884943,-0.12128369954009809
568,1.348140972264924,-0.12810780994980614,-1.279713361455738,1.4039748249598816,-1.2177376817905197,0.8817416389267857,-1.1600426751887007
576,1.0061892582593424,-0.4716725464117236,-1.5861795444527986,1.244289893317095,-1.2467713917144074,0.7607682036745742,-1.5471578284778202
584,1.2949126170138443,-0.08294434952741316,-1.1006726155154185,1.5539820167454286,-0.5773847267458172,0.831739233983331,-1.2423046372684257
592,1.827195958136073,0.5493436916289787,-0.33289417524510456,1.9862605010247618,0.36136955025477596,1.0430396167638052,-0.5664661111899906
600,1.7852584897792079,0.7267714934306941,0.4752086809501452,1.7604433269588164,1.0517248965546568,1.1156236809646727,0.025497469164711226
608,1.2191025900299626,0.34772125957450317,1.1994366440955342,1.1604149630143308,1.5485226782521964,0.7220566114660665,0.7174658124503384
616,0.7271436793872942,-0.06842754559328264,1.5913906947764598,0.8184631299727296,1.7953085717686812,0.15590070599893324,1.1013550797147487
624,0.38357901292618196,-0.42328318246442065,1.249439042454755,0.38295863578112754,1.6323976222432364,-0.2489572431165759,0.7706942118850933
632,0.3255116450591993,-0.6861987511072587,1.0026531229478723,0.06358863925144792,1.3694819032026313,-0.2667000176308407,0.39809578837083764
640,0.5932664188201506,-0.8120112320698131,1.1333044441233595,0.24101638023563204,1.2243137595531974,0.018797434133365834,0.5142303683356861
648,1.609443720829988,-0.07165354736189317,1.6026815511752752,1.0991216451862629,1.3130275875943078,0.8559339205486195,1.3529798843113168
656,2.5852964594627,1.1284034596639472,2.0672197364044105,1.9185154180780504,1.3936766615014173,2.0317962922968893,2.256248630130121
664,2.772402040973599,1.7010112593353646,2.217226887125128,2.0362630492619407,1.4081933502114523,2.241483537570202,2.5433589719729053
672,1.9272007042598747,1.18001882832544,1.694621404029816,1.5475300258568667,1.2033449810178203,1.25434004996565,2.2110851733463823
680,0.9110234043292683,0.08319251842410255,0.7671579993688147,1.055571202541933,0.4646001853488631,0.138157916930046,1.0819992818778021
688,0.5497158684023052,-0.773299716273073,-0.16675728216953928,0.8684655862039019,-0.4128608069181013,-0.09733710182107612,0.112598432597832
696,1.4562105458156471,-0.8700785774117835,-0.6248435442584152,1.5926934677394424,-0.780620163583158,0.6639893352585523,-0.23096632205736214
704,2.282056179297472,-0.6329705041495012,-0.8942111687658091,2.6572601534492843,-0.812879753120789,1.3704745344591054,-0.5390454521386059
712,1.7062224738486447,-1.045893321583491,-1.5377901309504702,2.378214616681681,-1.290321789828523,0.917227178772042,-1.3439223640906586
720,0.7239177238815909,-1.9749696901357991,-2.1216888182091798,1.34429462072781,-1.540333672984768,-0.02797903193823967,-1.9810493821694732
728,0.6852062519219876,-2.2185295947056014,-2.120075844094983,1.1313812556894824,-1.3951654302252854,-0.14411346081224416,-2.282676592575844
736,0.9368310378054697,-2.152397488645397,-2.0749123878310534,1.5862415529161102,-1.3612929095442474,0.16557855692180679,-2.6697918326728884
744,0.9965113016421866,-2.174979217037266,-2.187821008824811,1.8185106485628915,-1.2193507077122412,0.26235739917416095,-2.7762484899813673
752,1.041674737806877,-1.7491525105252363,-1.9361961924459294,1.636243985755926,-0.7370696803938086,0.38655681661555075,-2.418166960501287
760,0.8336003711763673,-1.2217081548156283,-1.5490810426221981,1.128155373476699,-0.5177044109283064,0.1865473590218105,-2.01653493691589
768,0.670689360833392,-1.195900456363433,-1.355523411830977,0.5249008282565896,-0.7241658533461828,0.11073723535364977,-1.8810446506002931
776,0.9594128341189117,-0.9297587786982765,-1.2329369802860968,0.6700690921549293,-0.6951322160221375,0.6172128960436911,-1.6374847098172034
784,1.6094436335022522,-0.5281267911528972,-0.8958241936479152,1.2555806890716499,-0.2854353501086584,1.2220803828033648,-1.0148745525048541
792,2.4933566369302906,0.63160565959986,0.03647820924763605,2.208851806739468,0.5307323894795023,1.8301737720483315,0.01743255596947807
800,3.7305120778651606,2.186518235401998,1.1220136083435925,3.2653535201692425,1.4049675036921487,2.796348656985863,1.0190930266686329
808,3.6369592304506435,2.3865276829461184,1.2123404893364373,3.095990681117784,1.3823858014639467,2.9189351172934503,1.1336146288806297
816,2.270765502752206,1.071949130887156,0.2558434352225394,1.812058794383819,0.5113766451827746,1.981793774728379,0.3545453840190266
824,1.3626577567928915,-0.3023097350833557,-0.9264707998880771,1.2830013430982241,-0.43544247033397676,1.0817510960007182,-0.5471103282542052
832,0.7045619884215969,-1.4378474391463711,-2.1458835335371735,1.1023476356923683,-1.7355042584840215,0.49301354721694995,-1.0826196867392823
840,-0.39871618657477864,-2.2620801078705437,-2.826560973121463,-0.01544744390761042,-2.8113617732161273,-0.2521831871865051,-1.5197371313071848
848,-1.0261653218491669,-2.67338995032399,-3.034635429158939,-0.768708892246585,-3.1178279565597253,-1.0377043699162591,-1.8116865654697576
856,-1.2326267235487538,-2.9072720140205406,-3.6120821400837104,-0.7283844889703079,-3.2694480153790306,-1.582891506377827,-2.231061316959973
864,-1.6003861956111765,-3.297613168038652,-3.9991973143384163,-0.9880741750538241,-3.4259071152304075,-1.9812975283678815,-2.747214860281172
872,-1.6116770625794195,-3.2088993221508026,-3.74757249380107,-1.1106607731105178,-2.8726549902014527,-1.8667760120974666,-2.9343204190937904
880,-1.090684519464247,-2.5879020774420454,-3.2927122073171393,-0.35901209200217554,-1.9435786552633922,-1.2844902329373442,-2.900447940517197
888,-0.5148507784952094,-1.9378712425384939,-2.9281787023694656,0.36198996467272604,-1.4758144954689285,-0.7941444021031554,-2.842380635200438
896,0.27067045119052846,-1.2588066869683574,-2.4217030728679005,0.40070139937942534,-1.4080693742296981,-0.19734190650990718,-2.618176401461173
904,1.128775716141159,-0.3781197301856842,-1.5168213962522306,0.8668525743169938,-0.862882097593254,0.7865758402696238,-1.8536239740487073
912,1.9417175679719194,0.47030762752954486,-0.46031957418259634,1.6959241927603057,0.2387831077939282,1.7108132350183562,-0.8422857407940307
920,1.9497823377001586,0.7090286970844948,0.1816463950015138,1.8507701795354923,1.1226959810967094,1.622099418239752,-0.34387487790185767
928,1.37072261280925,0.44450003511817077,0.39294672666753966,1.4362345188056411,1.2614122747255356,1.3656356100372848,-0.09547599017193592
936,1.0497396749132755,0.2090049867379965,0.3171366863419204,0.937823648289618,0.9597850255068381,1.3849914212159697,0.18195650404009267
944,0.7819850092723778,-0.055523727382391974,-0.3635408490602993,0.5716772851449222,0.2549128879214863,0.9140011771766996,-0.2422571399903892
