-240,0.29264106514520294,0.26964433010993577,1.2894112371191526,-1.0995502175876866,0.22328289555407108,1.0663122985541666,0.5346279434075827
-232,0.6529844950367453,0.8468315272429785,1.5875714941297767,-0.14288627898450548,0.44012671486399646,1.144439888273215,1.3270646236395538
-224,0.3771462648461398,0.10382252828169461,0.803107096137566,-0.275224793771533,-0.2853434073856509,0.3296811334347428,0.9029435029304416
-216,-0.3738348885817296,-1.1510015404153253,-0.5170890740938251,-1.4327882579951865,-1.6469950645134364,-0.7146770213882967,-0.2705642137047363
-208,0.05347503831727066,-0.5196034130759729,-0.2858953834581331,-0.8093621451885269,-1.2451961775278224,-0.3160670950850694,-0.30564191471703006
-200,1.3991821972500107,1.4973630045271362,1.0295175022118708,1.0178658091895458,0.4911487705406103,1.3293948571216636,0.7833605420987338
-192,2.201185521795675,2.7218926983937344,1.5142272295649342,1.6269418045443633,1.7029230303462897,2.158503600611137,1.3254701351626688
-184,2.0497136810427206,2.361549364760267,1.0470563186337523,1.6476696664311004,1.9420890845786574,1.6658216615847319,0.8168438243441728
-176,1.2764104187528085,1.4830129881291445,0.6627963636824776,1.213981946625613,1.8990391491130858,0.339247776549491,0.3337285034259687
-168,-0.1569909992192194,0.47851590725908655,0.4284137769360969,-0.5574406445632454,1.634362147286021,-1.5661078228703331,0.09137366098787371
-160,-1.4947259766234953,-0.5913531780308795,0.1318479655829286,-2.000408706163853,1.0236916701341499,-3.0186425121706972,-0.39971374931138387
-152,-1.7673752334571642,-0.8337081043950555,-0.11210137440977011,-1.7437039047058012,0.6840759885722195,-2.892681792174211,-0.8334014639785395
-144,-1.0514718072470786,-0.530764529423889,-0.18863443368889407,-1.024611566970034,0.4863655252018196,-1.543785698079462,-0.5543744231448247
-136,-0.6735895143461164,-0.916618962746664,-0.6286998785748937,-0.7822566865082866,-0.5165371482057132,-0.9602206958792144,-0.5432133761643835
-128,-1.652575526870688,-2.0805599614187327,-1.6810301491557549,-1.514104557988603,-2.0264716826636207,-2.122567325968799,-1.415371978215735
-120,-2.8850775608689143,-2.7837078925930325,-2.125878915941683,-2.69717888690854,-2.734402990204164,-3.272158409981839,-1.5301716567126653
-112,-2.5693784442744247,-2.2017374199763218,-1.1516761710220058,-2.5616515517155745,-2.177943513139911,-2.3665166087547407,-0.32318068009815176
-104,-0.6815617167704618,-1.0090964434884169,0.184464401831467,-0.5494685481598063,-1.0458912008452688,-0.07211777667336296,0.6972607975705446
-96,0.9065002959047036,-0.10186018855380952,0.563941131997277,0.8616108095930489,-0.16576039380040658,1.350122549272185,0.8582992276570419
-88,0.9288225327112001,0.11976693021866432,0.409280486082103,0.6814389696145459,0.12442762139199819,1.12690105420973,0.370400628000893
-80,0.4106296099504993,0.033667205558689586,0.3215862311534815,0.5730171232466987,0.06702783669548476,0.9180293580225671,-0.12068685423500453
-72,-0.22874077667739925,-0.4350980955359686,-0.09615697058874559,0.42154531486523455,-0.392170869756019,0.8112018701318193,-0.42681925988877156
-64,-0.9207275800281766,-1.278556756938748,-0.8678658153107478,-0.09345873473599106,-0.8896360590882685,0.13197047240986026,-1.048650819818126
-56,-0.7612836947689319,-1.2530457103455304,-0.930048986136334,0.014963232896477625,-0.5276982727749593,0.1463205054217901,-1.0486508124531841
-48,0.2065412565591477,-0.24217093916433652,-0.31459527049678077,0.9429271029066346,-0.16416598736554716,1.1763287258888642,-0.2354864750113455
-40,0.35801304370217574,0.01612841191674439,-0.6000000156864037,0.8281274745940744,-0.9821136324912657,1.1779230413752568,0.1439901741401061
-32,0.9160670436701347,0.6826042274225612,0.09198690961410666,0.8153719766465681,-0.1960548010023161,1.3469337343471333,0.74349955224311
-24,1.9970972958349422,2.213266487430145,1.2766556665498952,1.913941113059232,1.1432746600830694,2.1106703689372934,1.494480758595793
-16,1.8057644265176027,2.213266497021697,1.20171693954238,1.6476696063126224,1.3027186705463232,1.7981601753440926,1.0655763898074468
-8,0.3340964691431835,0.9568478730494846,0.11909244108737621,0.12657398308250956,0.5628985743755581,0.5433359864101166,0.06107926971479184
0,-0.8489778371680947,-0.0779436210172039,-0.8104660672676662,-0.5893295392143736,-0.32998772873275567,-0.5903106578135789,-0.5639411010289491
8,-1.515453707140225,-1.4571340810359321,-2.058912363954079,-1.1346279150031489,-1.6198895075197874,-1.719174038371767,-1.5524937696853742
16,-2.708094687053685,-3.254067700833846,-3.285036589116992,-2.2347913537138213,-2.5813367068767543,-2.903842871183583,-2.7196236990662297
24,-2.982338348095602,-3.2620399123359083,-3.0506539708555125,-2.507440590165443,-2.015310576421091,-2.873548452506067,-2.686140494067042
32,-1.6493867239350781,-1.72181108937155,-2.6966883333566227,-1.3355272588979659,-1.4046401467131473,-1.3444807597631172,-2.5617741984895743
40,-0.6385118105933789,-1.1015740410415722,-3.240392297914765,-0.06954214390561557,-2.358115112130668,-0.12473430335653454,-3.0066229130358013
48,-0.19844644603662792,-0.4048038116540135,-2.197628679012535,0.7244889143291143,-2.061549375112029,0.031520738374280835,-1.904864967350249
56,1.71488129140712,2.495482308419535,1.243172474567813,2.178618044148601,1.1544357760884292,1.2496728010205536,1.3430089524409388
64,2.70183963293027,3.1890635947663104,2.8551510957149553,3.0061323911373226,2.9832581696154064,1.8922321260647363,2.7907602977465484
72,-1.14713819077935,-2.354803717348503,0.08401473442291796,-0.5399018057039835,0.5804374343019794,-1.763818392775471,0.2476287702021084
80,-7.595052621244175,-9.560077181841873,-4.106173149193945,-7.477309532061707,-3.03096877021351,-7.803556433321363,-3.4737937294216845
88,-11.627391096260515,-13.098139140119235,-6.6269824801821535,-12.054946221865771,-5.256806710499456,-11.615862050927863,-5.908503363668182
96,-13.800612610403306,-14.44384636910457,-7.915289792587124,-13.46602550237238,-6.3984256689918455,-13.997955106080205,-7.627309469280518
104,-16.244888737553996,-16.2758577781228,-8.789042895961188,-14.760710588500736,-7.136651276685725,-17.274529015505394,-8.603106684350365
112,-18.196483199380065,-17.635914799817417,-9.34550242937581,-16.741004836140327,-7.949815650438442,-19.682133071348524,-8.875755895452883
120,-18.7529427180648,-17.765064551405263,-9.64366262369879,-17.56533019487095,-8.7518188374481,-19.35367851230051,-8.831111541734293
128,-17.373752230641642,-16.69519530117486,-9.737734528859562,-16.324856103520602,-8.814001978300086,-17.304823256396645,-8.633401046334958
136,-14.881642689406345,-14.702145659382062,-9.34071900248264,-13.66851931213542,-8.241597995504566,-15.145951866042969,-7.753270229184711
144,-12.344888934557623,-12.605457162726625,-7.763818114719279,-10.645461453301097,-6.787469005790247,-13.124202213720286,-5.988225368214697
152,-9.71565777244529,-10.036814667376717,-5.2302531679444995,-7.8950527457933735,-4.8310913404171485,-9.895461416417103,-3.5646768903951016
160,-7.14542073089791,-8.147403575229657,-4.067906675048363,-6.150735519938402,-3.7628166754355363,-6.084750346378297,-2.454946717278657
168,-6.081929422756884,-8.439186010045304,-4.584505090320352,-5.9625916767315355,-4.316087242515607,-4.131561581911662,-3.057645006050956
176,-6.573016843675358,-9.472382990286006,-4.715249122796492,-6.52383448837027,-4.824713558814991,-4.533360417513961,-3.6762876212267517
184,-6.686222148108916,-9.10406736242334,-3.646974469461766,-6.460056838659352,-4.053004632907351,-5.389574521884099,-3.3892884540159973
192,-5.726369287874667,-7.332644766438706,-2.033401354870682,-5.32481570304705,-2.4410259834993844,-5.6367127367490495,-2.3847913901024325
200,-5.1507765423938,-6.014043028162549,-0.8598936488547232,-4.457440457322449,-1.0953188110357046,-5.6781681374927535,-1.4887161883142648
208,-5.740719195853865,-6.088981708239973,-0.42142269398710747,-4.299590958801126,-0.5850980285255393,-6.00502830757624,-1.1825837177462437
216,-6.1520846860465195,-6.151164869302728,-0.1567457128846467,-3.6378984937986165,-0.06531067038404514,-6.03691709706285,-0.89877347268039
224,-5.2671706132808165,-4.90271846402624,0.20997548199511543,-2.2124692006621283,0.2121217968477601,-5.129680867477344,-0.2035977141281126
232,-3.9214635144665535,-2.914451989298316,0.4060915689042561,-1.5571544682763512,-0.12749383076169027,-4.15707255091607,0.48201144584162237
240,-2.629967138441288,-1.1525960410529272,0.3742027636600952,-1.51729342429697,-0.19605476469144087,-3.176492056423167,0.5601389310812654
248,-0.39296811828957867,0.8213204943519787,1.008789798928298,0.045257551890364754,0.6808870643719852,-1.0208093581884226,0.9156990841189176
256,2.266557446571445,3.088613877515947,2.2955026663609255,3.133687430217032,2.2179271720949267,1.9002043168421978,1.896279570219213
264,3.966230343885649,5.025858217950791,3.5455435414450243,4.7281273125311,3.5413121752355297,4.178658755207937,3.0410873569963153
272,5.0616105502746365,6.749447763302122,5.144766635870005,4.5718722089690305,4.773814159220663,5.345788759094597,4.15878959482982
280,6.313245866391692,8.120665929605481,6.8619783574848645,5.329231166607716,5.830927712307578,6.211569482600602,5.123425726094517
288,6.9956660279979435,8.563920168863207,7.345093658877409,6.494766617617074,6.181704442220174,6.685118194317044,5.431152629302887
296,5.863613824978483,7.809750249495714,6.764717578993339,5.525347221487924,5.660322657433049,5.78425969375144,4.900204110623827
304,3.9455026931843333,6.489554016062847,6.036058544019067,3.548241945663773,4.781786391276053,3.94427612529957,4.106173117988463
312,3.0159442475169365,5.481868083614308,5.253188632790964,2.8004495633138595,3.6895950457145434,2.5666801054574138,3.257931215186282
320,3.0829107102688518,4.818581090055929,4.2534748407642375,2.7558052411103655,2.584648263522949,2.058053917958871,2.092395650105968
328,3.401798734449635,4.557092927817905,3.1501224732288318,2.561283649871773,1.5514512778013603,1.9432541289878151,0.9475878816555815
336,3.8466473597601714,4.659137031463635,2.2476695025130575,3.023671187690989,0.8100367926660625,2.316353091767518,0.24443986312964652
344,4.498773372280029,5.4388182533132525,1.8889206198466562,3.9627962134429344,0.9391864072317366,3.0800897818516577,0.18385115937123173
352,5.646769967302351,6.464042999957065,2.072281210863622,4.088756974546072,1.6327676892965697,4.180253266978591,0.552166773702959
360,6.745338989644055,6.889758379459642,2.5298853365195524,3.7618968399170747,1.956439055074221,5.54509373714737,1.1755927063254628
368,7.453270258818391,7.251696206708325,3.2697054374860937,4.327922995893118,2.200388280653407,6.340719195993516,1.8436630005453356
376,8.078290662790009,8.321565371813708,4.639329317248996,6.231684048430357,3.3738958868144584,6.26578054177903,2.840187962917128
384,9.001471334048912,9.707133500391302,6.2162302127198545,7.755968461750249,4.906152672466191,6.799917875554418,3.8159851176972195
392,9.860874244266384,10.094582409345133,6.734423275071893,7.770318417002098,5.236201683680217,7.750204030842665,4.244889387658326
400,10.0538016205586,8.946585761055442,5.616720885828888,6.934831951515113,3.731050506748002,7.882542448172675,3.806418463106865
408,9.82898561149888,7.187918744717784,3.9919867006210397,6.722771622128556,1.8799058779560294,7.756581775620115,2.846565635244105
416,9.999590668086189,6.29343790123544,3.274488856329209,7.457808368309846,1.0651471272282218,8.501185195574864,2.3204005146835573
424,10.666066396069095,6.401859857049744,3.3207275794866753,8.610588285574652,0.9232419631604493,9.706581671037945,2.420850237414807
432,11.810874287839436,7.079496746426605,3.333483124706832,9.627840738331821,0.8642477271543151,10.975755733010462,2.565944240900345
440,12.726082716766287,7.205457448096373,2.914145421984445,10.415494134516235,0.5597097301620176,12.015330460255226,2.1210955517032217
448,13.209197987157566,6.653781291047997,2.6191739442731095,11.174447571040254,0.7287203460589221,12.391618336787221,1.41475873657895
456,13.639696651050254,6.272710184249651,2.7419458873681957,11.817006746901548,1.2485076985482508,12.748772845732807,1.3956254297961288
464,13.598241270517324,5.762489506047613,2.842395584750343,11.860056586280319,1.5865289539783851,13.056499649600104,1.551880568812686
472,13.143825953963002,5.247485449081444,2.614390645324393,11.9684785530564,1.5211569093082136,12.759933743359081,1.456214118824661
480,13.386180764200883,5.164574529583692,2.5888796951605313,13.226491559313317,1.9389001783625839,12.633973110885508,1.2218315130664539
488,14.518233136785282,5.328801847388269,2.751512535107442,14.49407122358614,2.563920594837475,13.57788156472957,1.097465179465336
496,15.584913403382089,5.261835352436144,3.0847505126560177,14.91819217507287,2.6388592245592473,14.914022103670057,1.4609974669300805
504,16.112672973196926,5.265024159653698,3.271299925620422,15.327963259344498,2.363021120429039,15.508748158674189,1.799018660015126
512,16.235444775673006,5.327207395050982,3.10388372660632,16.064594311591907,2.227493790374406,16.176818475673997,2.1258788557902677
520,16.66434891974499,5.561590051507392,3.3398607882986444,16.536548616702213,2.5400039685526115,17.66443054672499,2.808299161098522
528,16.908298421081298,5.736978442840457,4.197669407693714,16.43450429227951,2.798303261913102,18.608339085694073,3.7968517340107044
536,16.449099708463795,5.539267904621697,4.299713615990128,15.82064503137513,2.292865742212054,17.914757768688585,4.531888514618816
544,15.975551021068785,5.261835302765608,3.6523709515756893,15.04893620977562,1.4494071352755886,17.30408735627969,4.737571290716409
552,15.886262414342898,5.3240184657124185,3.4482826946136917,14.500448974529586,1.2501021406088753,17.407725933329868,4.812509960688446
560,15.706090817750031,5.416496005716261,3.703393160888414,14.532337897784094,2.050510919299619,16.8401053668083,4.522321978895195
568,14.607521786844435,4.6400038346411066,3.579026792517918,14.175183132607046,2.7488755902339674,15.049549577597972,3.559280243274862
576,12.77710487401059,3.6147790763504095,3.4052327932323854,13.132419578276517,2.8445420116186146,13.227104698822474,2.624938567854944
584,11.32775895664457,3.318213258317409,3.925020262533115,11.785117946966997,3.090085689192532,11.879803075563006,2.778004716729348
592,10.583155585675248,3.8172728833730103,4.473507541626244,10.389983024550267,3.5110178305499855,10.781234215078738,3.8446850271732482
600,9.326737082453823,3.609995759417536,4.1673750433112335,8.803515412315244,3.1570521700998846,9.42436581682068,4.209811718503686
608,6.531684001530566,1.4750407728589712,2.3831969862038007,6.134423194576637,1.4621627193757856,6.9258786039435165,2.9087488992447668
616,3.2439490668772057,-1.152596080789357,0.30085854790940064,2.478372693891867,-0.23591573210968378,3.827882090209595,1.137326239030989
624,1.0213000425701637,-2.1124488017748257,-0.5059280230027192,0.1138184996936097,-0.9263082037026855,1.4123056389121331,0.0754292890245046
632,-0.20482419560985327,-1.9641658763156653,-0.6797219851209886,-0.0456254775417679,-1.259546082252744,-0.4707277170213639,-0.4762469007379182
640,-0.9829108465980048,-1.8238551527670168,-0.5888389277705882,0.16643497208174593,-1.1862019214821957,-1.9710955369417162,-0.659607502031548
648,-0.974938630128888,-0.9501020791952743,0.6325019443198494,-0.2608749292968746,0.027166779356441583,-2.6088714719174395,0.28748975474812305
656,-0.04538016270921899,0.7144930590434901,2.7658624648389103,-0.24493047357870323,1.7778617093960452,-2.0141454246208057,2.2279230164714763
664,0.9878167543300053,2.1303556455211967,4.363491235727446,0.5746114824089099,2.941802844233897,-0.811937846296083,3.4955026514558103
672,1.0643498538593927,2.3025550074895116,4.247097124590167,0.7882665049492208,3.144296675920489,0.029926445667823903,3.6549466269784108
680,-0.039002428893543585,1.3857521227998193,3.2521666520654797,-0.48409641939227577,2.4347709352257616,-0.4786999343468704,2.945420966612934
688,-1.6206869134575672,0.009750571395052093,2.239697313105817,-2.6031069070706847,1.3409852311871509,-2.0221176506814773,2.1115289490100135
696,-3.0508993029212332,-1.3630620200124386,1.1060506498702956,-4.75878963527903,0.0080335200175472,-3.7473015778036785,1.215453705601361
704,-4.316884522221711,-2.4998976961700503,-0.09934587183776478,-5.862141974382332,-1.2196851124366133,-4.68802102540548,0.48679473811050744
712,-4.962632707236986,-3.150429190581977,-0.46925597464637814,-5.519337400649102,-1.3456458170181036,-4.8777593711340055,0.4852002501474559
720,-5.204987401006024,-3.04360163383759,-0.11847917331097708,-5.310465765094252,-0.8641250883710798,-5.34652467907977,1.0081765109081902
728,-6.306745380604563,-3.2971175645340565,-0.19979558891685092,-6.308585179632055,-0.8178862583363191,-7.081275180463083,1.148487245932445
736,-8.3332783515729,-4.655580286842389,-1.0719541080697879,-8.00985245375007,-1.2930293095180359,-9.17477462308977,0.2858953354674354
744,-9.855968426626465,-6.32814766929726,-2.183278690532812,-9.516598098605845,-1.8941332134364666,-10.585853943504086,-0.9434177710762811
752,-9.940473704943873,-6.938818150731073,-2.830621327542816,-9.59950885145038,-1.833544485870449,-10.88879746674938,-1.4950939748834757
760,-8.41140592690462,-5.9406987740456465,-2.28532291047611,-7.807358487439198,-0.6855477341290176,-9.799795131369516,-1.0151675156491402
768,-6.255723344796164,-3.9651878137078875,-1.2250203706725948,-5.624570483303936,0.6474039479233751,-7.548446073410102,-0.4252248659571856
776,-5.517497731792672,-2.9702574177443406,-0.9762877199130183,-5.131888553526527,0.7462591760117429,-6.36856062758375,-0.2641864458047956
784,-6.1568680718330375,-3.285956476275685,-1.4546196266126048,-5.876491941966177,0.14834421718942656,-7.058953014908115,-0.3423139512552085
792,-6.199917852634832,-3.159995713459771,-1.390842119404745,-6.405845952300138,0.003250239738102742,-7.331602249989513,0.1599345733366321
800,-5.211365187746514,-2.860241071252724,-1.3302534452773738,-6.453679077096686,-0.030233023495509707,-6.202739001315166,1.129353978886054
808,-4.78724414651026,-3.1217291651509376,-1.6858134451927496,-6.774161563548864,-0.37463201702326243,-5.391169034853697,1.5789859934086612
816,-4.59431693532976,-2.9925795605193706,-1.4801307653532318,-6.273507391610681,-0.2231602396430641,-5.083442159392317,1.834096377641358
824,-3.6615696899810275,-2.260731713189213,-0.4341782289306005,-4.637612261161353,0.3572158731263258,-4.2878166018902055,2.4176613759022185
832,-2.7176614349903945,-1.7297833094374995,0.44754703764521253,-3.934464198959601,0.6043539833405929,-3.528863243297548,3.1574814088715066
840,-2.6459116248181727,-1.5926614215385066,0.41884702488872205,-4.1337690542062555,0.5628985918458852,-3.5894520840781348,3.0570317340980164
848,-2.741577882632601,-1.296095551779638,0.3614472153569407,-3.631520635121488,0.8451144570249247,-3.524080018340805,2.784382533785993
856,-2.2807849531846696,-0.7539860643940522,0.946606693873355,-2.663695644913364,1.4270850123687724,-2.747587683010324,2.8401879526404668
864,-2.2600570931819877,-1.162162664642015,0.9258790142261067,-2.7673343053757877,1.1177636568231142,-2.731643236198593,2.3985281393432607
872,-3.1880211310443047,-2.3404536862206298,-0.5362223938937528,-4.025347205269242,0.1674775205466939,-3.914717720809973,1.2361814282393155
880,-3.6791086077993156,-3.3529229772225304,-1.9457071280316054,-5.332788033929681,-0.5771258946122791,-4.206500136271239,0.3576450764434616
888,-3.2613653836197063,-3.898221349757028,-2.546811002832825,-5.127105256804423,-0.9581970462853888,-2.975592590921175,-0.06647589422637232
896,-2.7941944853630756,-4.366986665239014,-2.9693375461719183,-3.5549875563167057,-1.0442967178492715,-2.513205006171865,-0.7297628047150602
904,-2.4226900420615256,-4.022587732001016,-2.648855114871163,-2.3448076705743937,-0.5611815169967452,-2.926164986382904,-0.7393295052078424
912,-1.1232215946393667,-1.9482214899649684,-0.6255110107250281,-1.2478332024802157,0.7637979980857894,-1.755846217070451,0.9826654615745302
920,0.9814391253362919,0.6283932153455037,1.3340555139340524,0.5889617084508241,2.138205125927926,0.5991414768586744,2.701471611719075
928,2.303229742252806,1.9836672061410345,1.5508993580792465,1.8182745973005645,2.1573383991403148,2.26373658649406,3.0761649915528553
936,2.583851055582207,1.8497341292277043,0.704251834136211,2.2679067003737505,1.4350571409724224,2.931806962242125,2.9055599781275325
944,2.5408011567700663,1.146586159858474,-0.08340146716035236,2.510261449808047,0.8116312105765288,3.1630006230754937,2.237489636121178
