-240,0.5563148862454904,0.03728867784441518,0.07602718600810167,0.7370751510034733,0.05404833086258586,0.43209652929102693,0.030387688235046634
-232,-0.1779766811811703,-0.7799310147214092,-0.3763084709768909,-0.3168669033446739,-0.25353993834261124,0.03253339541247458,-0.6028822663997017
-224,-0.82783219220123,-1.1327528495927113,-0.5677971875662585,-1.0240182792176071,-0.4314585799681506,-0.4107555709530081,-0.7054116256522585
-216,-0.930361643776198,-0.8266724112340832,-0.18331190167511982,-1.069251904326388,-0.3877328360783417,-0.4574969329662547,-0.20331910563427263
-208,-0.5579386147978819,-0.4557571245052146,0.009684610127605364,-0.6832587652369387,-0.48423109303250356,-0.0684882517168957,0.20529079013021287
-200,-0.06640054416970466,-0.18586354467232902,-0.08530584610624856,-0.20378298845054912,-0.5505737094052859,0.20743647689952877,0.2776645052380685
-192,-0.23225694151601456,-0.29442407052502995,-0.04007225501098762,-0.062051153682595867,-0.14648714793665368,-0.03984035354693206,0.48875444541283486
-184,-1.0962180542420088,-0.861351455110172,-0.290364706172393,-0.6410407843286279,0.18070227148191984,-0.8796768633642521,0.11633146956039711
-176,-1.682746555836853,-1.4614500569360305,-0.8376908179335166,-1.022510523848659,-0.06808230250974152,-1.5250090245394212,-0.8139722090040058
-168,-0.9484550572470778,-1.043793524649729,-0.7472236940518865,-0.29425011735322293,-0.17815064949086282,-1.004823029016372,-1.1290993676224974
-160,0.05874566278454643,-0.21752707133175567,-0.21799099883905626,0.21990470768242193,0.13848433074195635,-0.07753495448409123,-0.6224834289227336
-152,-0.15686768926929257,-0.23712828163568406,-0.195374197946444,-0.3982873247830463,-0.012294254898028403,-0.282593816979773,-0.37972999691190723
-144,-0.7026860038734297,-0.6457381037042093,-0.6160463439830169,-0.7254768046161106,-0.5204179175447262,-0.7077893021712736,-0.4234557250907089
-136,-0.5745242766251033,-0.6005045605518149,-1.1060766224752496,-0.3952717876441802,-1.0617129483873826,-0.3489363099320677,-0.6827948531042474
-128,-0.13575870691359435,-0.39846131099655896,-1.1633724881379695,-0.2067985675394237,-1.287880752746477,0.014439938047956792,-0.81849555641936
-120,-0.06338498905226332,-0.2702995547557556,-0.7246068963986576,-0.18870516977955068,-0.5626359504451323,-0.05341039352542595,-0.43853359494395683
-112,-0.46144033111881044,-0.2748229126991038,-0.20442094023411087,-0.15553389099055911,0.18371785235245475,-0.6836647250156939,0.06808232820676911
-104,-0.6303123020470441,-0.3683055904024223,0.02777806004154229,-0.033403256808385844,0.32092631087454654,-0.7922253198672498,0.19172073589843444
-96,0.2788823028110639,0.10061567334028382,0.4303567653964194,0.4219479606390301,0.547094164310291,0.2767946585938084,0.3922561855432283
-88,1.2408494518316007,0.5951693146349394,0.6670790907356849,0.8411122980188069,0.6466080042405871,1.2598707723154075,0.39677954753580486
-80,0.9815103881198123,0.4670075611476117,0.249422526541462,0.33600420360905076,0.08872738607651423,1.0397340741419672,-0.05404832217231861
-72,0.29396014221411276,0.22877745339055128,-0.09887594180212779,-0.26560218695140014,-0.39225621442980196,0.2104520427069337,0.04998888687719658
-64,-0.12520421962300474,0.30115116849840673,0.1393541683844699,-0.27464893215451147,-0.15854944258828638,-0.4394034678272182,0.35305373075988183
-56,-0.34684865551075617,0.2649642976630092,0.3760764997165937,-0.15553390929307237,0.27870834308573633,-0.5735964054073578,0.22338420991788938
-48,0.10096362490443679,0.5016866383893432,0.5796275130631929,0.2575993418232554,0.598358887506269,0.03856450192206667,0.14497935185738411
-40,1.0568996157472248,0.9917169019804153,0.805795379456469,0.7627075107388173,0.6194678800660232,1.038226272611813,0.6591342454059765
-32,1.0553918542234493,0.934421034698004,0.8887235486512399,0.33600417153916023,0.5018605787219808,1.0502885677493534,0.6938132921975093
-24,0.7266946360281976,0.9087887063846743,0.973159540594123,0.19879575691070636,0.5244773724879508,0.7668248810447179,0.4751843864839511
-16,0.8970743542269217,1.023380424266675,0.7997642126943559,0.8923770440524337,0.48979830204892294,0.6884200600751467,0.39677955207094123
-8,1.09007090895147,0.9977479880818957,0.38059983368850875,1.439703168447151,0.3043406994197281,0.8859399712853208,0.22941539109525658
0,1.6223192203441092,1.3038285257276094,0.6942192228467368,1.634207501702236,0.5501097547370053,1.6684806366578786,0.6395330038420036
8,1.8786427435156785,1.7456096512044368,1.3666915588928117,1.5150924368907885,0.8411123248620771,2.0032089851721873,1.3496999597756267
16,1.581608984114783,1.5812610411349959,1.0726733965593644,1.3236037222450496,0.43853363635199133,1.576505690837983,1.3391454681118702
24,2.4093832072169583,1.9340828586755996,0.6504934444575003,2.805756825648473,-0.016817611221685173,2.3198439326872395,1.1144854518394909
32,4.616781147097217,3.529319900944581,1.1254458832227474,5.640393538824143,0.5486019302072331,4.513671846194412,1.4507215887644522
40,5.560654844584126,4.36312525679535,1.0741811632661524,5.952505149127897,0.6451002069216305,5.532934834314731,1.4100113946471036
48,3.3939671326727674,2.618617440782562,-0.15767956963649957,2.8796382982308746,-0.30932799000355315,3.4265584892478085,0.25353993358943966
56,-0.6936392892824866,-1.095058210430835,-1.6232470521908933,-2.0432813227313718,-1.3210520721897236,-0.8314277182853339,-0.9225327403636578
64,-5.651237959303832,-5.684757209579184,-3.039057628304563,-6.7219396445551345,-2.5378349091620946,-5.618646603700606,-2.427302681750627
72,-9.535293373743379,-9.466283222654193,-4.708176170204795,-9.749572832928504,-3.9219820161153818,-9.082029786745837,-4.201966190660829
80,-10.308787262490812,-10.29104189614588,-5.371601762019572,-10.23960325427752,-4.597469877800513,-9.703237479770658,-5.034263773326044
88,-8.430086650782854,-8.575182011668698,-4.751901910855221,-9.033374731450726,-4.279327156128092,-7.999439885571943,-4.618114959155787
96,-5.9799352268996735,-6.498961365168112,-3.767318023462161,-7.536143778926102,-3.6807363359101815,-5.760378464059682,-3.3515751746025275
104,-4.300262157216567,-4.740883465607131,-2.681712443102462,-6.685752796557384,-2.883117773149623,-3.9811915844105754,-2.0156772465797066
112,-3.053323616656821,-2.9752666779286074,-1.6443560413492957,-5.663474221573675,-2.133748397741928,-2.378415639446831,-1.2406755151619577
120,-1.343494843872246,-1.0980737990758882,-0.8015039624851878,-3.484724213390995,-1.725138575025526,-0.6881880884659932,-0.7521529965738085
128,0.8337473914488199,0.9178354156306358,0.32179618900934587,-0.7857881857138322,-0.9456134723829588,1.044257431761377,0.28369562940229737
136,2.8979057301782736,3.0287350846273853,1.808472715305744,1.5045379476565686,0.3857611158370572,3.013425274736506,1.568328893833785
144,4.915322697014366,5.373341548951174,3.3418905247364155,3.531001626492093,1.8060950294859635,5.3203370577864435,2.9057345778734285
152,7.026222394193743,7.880788749090106,4.4666984724161205,5.103621891677927,2.890192817871687,7.6287565659171,4.074268347674038
160,8.927539846314783,10.36561924163065,5.366846436055307,6.326435942545434,3.7782784434515118,9.626572429834804,5.141780458359562
168,10.666016474995375,12.328755955906415,6.740438977810848,7.80708126758029,4.996569110784543,11.327354430205451,6.305790833935737
176,11.701865154097364,13.922485079541552,8.240685580204856,9.345022460869373,6.489276734844202,12.535090672444042,7.587408543735694
184,12.562810678178305,15.344326837804404,9.143849032878075,10.480384970669414,7.493461836428448,13.447300834687153,8.510173198452414
192,13.918309842258143,17.24865990124618,9.74997885588768,11.792158303558079,8.24433901854931,14.6459902531676,9.128365185728493
200,15.787963798655863,19.629453275763872,11.100954572941145,13.50651039881476,9.381209306393975,16.257812944306266,10.343640380548349
208,17.458590056566536,21.741860717784206,12.748964187393224,14.742894503428142,10.723138330722332,17.681162422790766,11.827301250172653
216,18.17328042502711,22.99784596094919,13.716962444866983,15.080638421475145,11.58709948734196,18.263167660222397,12.442477750358332
224,18.465790797168243,23.718567514150447,14.181360419827167,15.12436414722441,11.982139200109197,18.516475647550852,12.662614413546434
232,19.14580203007819,24.571974010820387,14.650281641457898,15.323391926534054,12.194736964165859,19.08038736623166,12.979249447876951
240,19.90271035790518,24.90368686317402,15.013657941430017,15.890319234507793,12.211322623725513,19.59755777732085,13.411983849530593
248,20.008255340464185,24.568958552236555,14.945807625567642,16.534143631729645,11.792158272092452,19.48296608600179,13.67283075720845
256,19.68860487832398,24.15582529642312,14.727178773303896,16.58540838424204,11.454414386277309,18.89191417916861,13.665291719917327
264,19.512193888407136,24.047264838435492,14.945807576329022,16.32908475093145,11.740893647049775,18.84668057025674,13.683385254379157
272,19.210636802646874,23.600960252326875,14.790505675829477,15.998879724079403,11.875086562278172,18.750182420040243,13.164707023781236
280,18.497454306335,22.601298355787105,13.85115532980715,15.603840017305023,11.164919513212295,17.922408091658127,11.997681076242827
288,17.85966104591097,21.275954953603527,12.653973688399514,15.422905814569187,10.025033699404633,16.993612252524656,11.112610939049159
296,17.595798593481696,20.335096814959346,11.924205479564074,15.439491267942119,9.280187622983517,16.811170168731813,10.789944899115829
304,17.924495749804734,20.190349383123948,11.722162256895698,16.015465428342544,9.225907373176668,17.18057763902937,10.780898126377963
312,18.586413560983377,20.591420510628055,12.028242628199099,17.019650625650552,9.31939009525953,17.780676263692875,11.145782253957268
320,18.863846076552733,20.59142038121471,12.071968497453025,17.530789900265862,9.278679883001638,17.93748595859593,11.25132727360721
328,18.853291637205007,20.235582888699497,12.002610274294648,17.479525120542654,9.489769836457873,17.752028256679647,11.10808765075254
336,18.996531174863907,20.31700349364891,12.497163936483325,17.731325306826864,10.005432397102231,17.94954831949294,11.537806490809976
344,19.073428334082696,20.29287890337383,12.696191599337157,18.06756148456805,10.408011252116596,18.242058518813,11.803176750600294
352,18.75227005194785,19.388207589403848,12.228778137448543,17.9303530615172,10.13359424469363,17.80781640179679,11.442815951971859
360,18.31350439363922,18.548371119592904,11.998087029243791,17.847424960511436,9.95265998170527,17.26652154264142,11.189508036071793
368,17.983299442264794,18.343312203809372,12.026735021841763,18.031374622155045,10.221045808922682,16.960441037713476,11.094517493670356
376,17.30630378941553,17.782416006394456,11.785489235384805,17.64387377272407,10.299450607216574,16.33169442271956,10.687415431181977
384,16.253869511168386,16.472150391297895,10.859708921404485,16.715077802395598,9.815451471515022,15.34409492190017,9.850594516002568
392,15.469821050096566,15.478519800813702,9.869093935600288,16.22655539297465,8.915303543509049,14.84049462513331,9.283667150853722
400,14.98280631408818,14.943255943049955,9.01870286819777,16.083315755866696,7.751293187045232,14.526875198560209,8.761973394292806
408,14.25153039847454,14.154684144118958,8.26028672329159,15.659628040945304,6.925026755431125,13.763935836785809,8.259880841395084
416,12.994037275710285,12.924331158972702,7.893894871441413,14.824314911261107,6.760678152164388,12.45367011867688,7.56026836854085
424,11.725989671486326,11.626127908822385,7.6963749723789245,13.856316631273634,6.929550104142232,11.16300573866553,6.776219922208216
432,11.139461115955758,10.85564953016497,7.557658746340201,13.215507731508202,7.119531062609174,10.593062827145578,6.225878238646827
440,10.871075315787191,10.627973910022437,6.898756423871649,12.794835626287853,6.534510312981931,10.312614767958591,5.815760595935788
448,10.032746641189608,9.937408139611465,5.605076554502331,11.961030334090959,5.087036285524485,9.539120863986058,5.364932713270132
456,9.485420431113212,8.90306732682729,4.762224482602896,11.152857250026285,4.043648679594334,9.106386401108079,5.235263172991843
464,9.369321028156872,8.530644297201098,4.617477097090668,10.625132305647268,4.061742128860393,9.19233013886373,5.03321992278871
472,8.944125481579064,8.581908992052476,4.780317850560446,9.890840715544927,4.247199754003299,8.711346622257432,4.386379945668135
480,8.131429096584185,8.672376215545128,4.941650931751447,8.909272418902521,4.431149550567205,7.778027369463229,3.7214465429289967
488,7.198109902260842,8.103941046274626,4.551134520238358,8.152364212066482,4.162763786355789,6.871848328792835,3.1741203778800253
496,6.39747582811451,6.8208155670144075,3.632893183944516,7.8070813658955585,3.475213568956658,6.0455818485879815,2.605685270805672
504,6.260267305128701,6.2463492999806425,3.0750124941900814,7.793511162652168,2.8283735759631052,5.832984101214142,2.441336646159009
512,6.202971494049582,6.125726438012209,2.8307512267975503,7.339667780748426,2.157409057806069,5.873694283345776,2.4971247480303855
520,5.349564861811474,5.7035465387122875,2.3904778733724945,6.133439369194433,1.629684135616822,5.166542912331914,2.284526970044377
528,4.826363358627945,5.322076817008862,2.404047915942494,5.561988645292393,1.9794903839486693,4.703652755422737,2.1171627679285305
536,5.427969704322942,5.659820751900656,2.931772890609742,5.964567350971209,2.8630526729650727,5.187651905863482,2.2679413248999762
544,5.51391345212068,6.178498968893167,3.390139663174599,5.860530240074996,3.1435007368491656,5.189159741731094,2.4971247533753664
552,4.906275903220511,6.480056120574871,3.488145708539414,5.153378844603794,2.6368848158040374,4.460899279032364,2.780588398129994
560,4.3755354678638305,6.5192584533954525,3.6117841314561785,4.695012052926579,2.2539073531469174,3.928651056236846,3.229908442822438
568,3.7090942794675104,5.732194418903675,3.016208852750302,4.1657793034540855,1.6960267001594789,3.446159684164668,2.742893753785105
576,2.7380804744888603,4.343524019280605,1.819027219603094,3.353082888494916,0.9481651207749858,2.4721302871396107,1.3677934015911064
584,2.563177375671107,4.3374929158484266,1.6968965689000686,3.3983165332019634,1.1818718425680366,2.110261746909607,0.9953703867041048
592,3.5115743716586882,5.78496693763695,2.930265123740985,4.399486087443287,2.2674773770904664,2.9998552193709433,1.8744093057914424
600,4.107149655709546,6.210162418131344,3.5921829488489747,4.670887477876598,2.688149575767011,3.6979599025187686,2.3915797332395177
608,3.7543278323380536,5.205977403362559,2.9739908728138067,3.915486902827055,2.048848486440038,3.49440881320864,2.0478046715919893
616,3.588471501075154,5.061229920182938,2.9438351399100138,3.6109142711815934,1.8799765394832377,3.4672687253151646,2.2377856371855755
624,4.181031141573419,6.14231215280334,3.970637038337645,4.113006816466766,2.588635712999065,4.0688750191800365,3.499802036746637
632,3.930738783382302,6.17548340567727,3.963098156374931,3.3892697943156485,2.5524488429735133,3.690420994155084,3.45607629642015
640,2.0716393175145553,4.458115703796963,2.655848127007983,1.4879523007305069,1.5211235888701018,1.8267981327671472,1.927181831165451
648,0.6105950913488563,2.8975577740789866,1.683326495231992,0.7943710318912922,0.8953926626181723,0.6069996750798314,1.4175503085177381
656,0.18690745060933237,1.9174971960385303,1.3621681936608512,0.9737975048493075,0.7823086903869706,0.2029131090760633,1.158211236383554
664,-0.22773355960123415,1.0791684744698946,0.6821569706310197,0.6330379040531785,0.18974898963618428,-0.2690236914815717,0.22639979872491278
672,-0.5519074940350052,0.687144255109854,0.145385345512609,0.005799156024951938,-0.3500381954587424,-0.46654359394541134,-0.11285191712695397
680,-0.6770537032568246,0.5906459594450665,0.05491818583579779,-0.6350096697205769,-0.5807293771974811,-0.2856093154080145,0.23695426091028488
688,-0.5760320156351689,0.7052376667990731,0.4122633702280529,-0.8264983579653454,-0.2927423557110854,-0.08959722646004317,0.6651653451128648
696,-0.06941612779371607,1.462146006935716,1.1299692406801873,-0.12839376390055018,0.7008882896806486,0.3310749098583812,1.1235321395435558
704,0.07382355175015201,1.6114167622150384,1.398355050566902,0.16260889368785886,0.9361027917858948,0.2285454561778128,1.2893885500093665
712,-0.96956409386244,0.3870949388098561,0.5931975927241272,-0.6561187000191423,-0.11180811021539272,-0.8676145758392614,0.788803759769203
720,-2.1275433002469635,-0.8357191208039833,-0.05213457492980651,-1.6286402917887526,-0.7646792161973023,-2.037656064241826,0.09673025407345599
728,-2.6854239313685664,-1.3106715315485677,-0.017455540609897523,-2.3478539232787563,-0.488754469440334,-2.3769078043890604,-0.07515730080272576
736,-2.8271557233766655,-1.307655959100428,0.17101767236821677,-2.611716450699745,-0.06657452640874316,-2.245730498375798,0.17664284239769246
744,-2.8362024369957943,-1.3031326043964626,-0.11093818235606553,-2.527280430412262,-0.3289292140748589,-2.289456311750369,-0.15808554093998173
752,-2.9658720046468683,-1.7057113416592606,-0.8361830489591605,-2.4654612749952034,-1.1763046332276774,-2.5457798030140193,-1.2286132001022134
760,-2.9734109687279378,-2.338981192795728,-1.4106493213379059,-2.4986324634054125,-1.8005278455747598,-2.6694182120014376,-1.4969990146860326
768,-2.8045390165881257,-2.174632596331695,-0.9613292402024051,-2.2694491058725075,-1.426597020249302,-2.4070635329196852,-0.4581348131843721
776,-2.916115097396299,-1.6273064824649712,0.12729186417665797,-2.4503833351712845,-0.5671593088743875,-2.4945151193385104,0.34702262101090664
784,-3.311154931478425,-1.3001169919419446,0.4288489876757304,-2.972077209807709,-0.24750879085482572,-2.904632772091636,0.23996987417464896
792,-3.250843522360043,-1.408677622588682,-0.3054425297024644,-2.9871549980285086,-0.6274707432599567,-2.821704542482375,-0.4837671808562044
800,-2.926669619510254,-1.8082407637558444,-1.1859892527494929,-2.7293236885518826,-1.420565914711526,-2.414602435776419,-1.1245759712924621
808,-3.3624195879431165,-2.7249743309133616,-1.6322937513947677,-3.041435271644821,-2.183505322161227,-2.791548789980317,-1.340189339867154
816,-4.214318415249719,-3.575365324295982,-1.9112340385299855,-3.8058825334266175,-2.6644889270407095,-3.78819502304529,-1.3628060954084058
824,-4.395252641956989,-3.4170478644678024,-1.8720316187319737,-3.8903184963770228,-2.567990649516466,-4.043010831826106,-1.287416845591221
832,-3.6564377633960627,-2.1550313599507347,-1.143771268115892,-3.2449863233781078,-1.6045157093318005,-3.2122210265576423,-0.6978726985001537
840,-2.9070684323679132,-1.1900486877206766,-0.3898785354127252,-2.4518911499829095,-0.7963426929702327,-2.505069569700136,-0.31640299218379725
848,-2.519567524304107,-1.3559050599617692,-0.3974174636986145,-2.2573867989112193,-0.9169655463543024,-2.247238281441469,-0.42647134726337493
856,-2.043107337458525,-1.4252632079664678,-0.10339928873157446,-2.0402657444523427,-0.9064110328247115,-1.7949026087454698,-0.0811884575227529
864,-1.6375129629599308,-0.9382484735777743,0.37758428990890736,-1.8035433928740734,-0.6907977040944286,-1.359152641284425,0.23846207232055652
872,-1.9420856919488474,-0.9261862038693893,0.04587145116068012,-2.0040788209769715,-1.105438712037427,-1.6953887957020541,-0.06460282954708192
880,-2.4441782801558425,-1.355905092679537,-0.55422715228487,-2.569498399658795,-1.811082374653389,-2.271362859730833,-0.3435431400058561
888,-2.7291497666089723,-1.373998469707359,-0.46526781373647924,-2.828837512285265,-1.73116965464824,-2.404047994485066,0.14648716553522392
896,-3.3277405882846045,-1.7795928260654106,-0.37329287731079336,-3.1319023793295377,-1.3240676174270465,-2.9574052134036592,0.028879873585391805
904,-4.111789049842335,-2.8832917688757074,-1.0744131448924739,-3.6973220532492155,-1.4492138431697188,-3.690189007158859,-0.9918908624532924
912,-4.327402319615849,-3.634168944193866,-1.790611261595351,-3.905396398462131,-1.869885973495284,-3.753515958437151,-1.8392663199927985
920,-4.095203305410849,-3.664324601943975,-1.9459131650103374,-3.7666800575872825,-2.0282033986620673,-3.444419907300067,-1.9448113007701457
928,-3.771029496179226,-3.068749395800274,-1.2523318294398356,-3.637010547111315,-1.6437181464605113,-3.1880963761920085,-1.0672801514670098
936,-3.326232801817581,-2.1912182678770664,-0.11998494391806135,-3.285696515227889,-0.8385606793854947,-2.8141656180837455,0.24449321446336003
944,-2.8558036771020467,-1.8670443548232216,0.3217962244805885,-2.7142458183746974,-0.5731904906996318,-2.4869761860315798,0.5023245070951938
