-240,1.1178155326233508,1.5542601486468577,1.6403390291271733,0.7829053236096267,2.1351414004445646,-0.35146592218284073,-0.032341486329034656
-232,1.0777736192393357,1.565700698575975,1.61888807666363,0.0006600372629166672,2.00643563988448,-0.9506629471808168,-0.19965898153991787
-224,0.7274079273538303,0.9150213738704002,1.1669876476384926,-0.032231395078925196,1.558825342730575,-0.7347231995695451,-0.6887410947555216
-216,0.28980809786932343,0.26291192512040473,0.8037512857735769,-0.737253271882303,1.2956935025568423,-0.5788461562780793,-0.893240266014998
-208,-0.27792751483034267,-0.09317422223341612,0.5863815360923404,-1.3750621456709013,1.056872681970874,-0.9234916500091361,-0.3483856914182393
-200,-0.3251196722205333,-0.043121926285604,0.7365382014937013,-0.9603433444576067,0.8294924567856082,-0.5974369641928133,0.6026072820839092
-192,0.14108135895678092,0.5489247554675345,1.168417736964742,-1.2120347551404735,0.7694297343386155,0.004620242683685568,1.4148838728146353
-184,0.38276224359456423,1.0322865709827873,1.5745561252703375,-2.1344264066651832,1.052582546873616,0.1719377770677247,1.966888808168937
-176,0.026676232348256123,0.9093011004420426,1.6088776510861729,-2.048622537359986,0.9453277022154628,-0.06259282162556198,1.9640286955731339
-168,-0.6540345568136018,0.13420607515335256,1.2156098531847148,-1.606732462018044,0.29607837543210586,-0.21417968941765306,1.5464498468990084
-160,-1.08162381985091,-0.6294483831543755,0.8109016002914338,-1.828392547731784,-0.46614602611686035,-0.0053902179191833025,1.422034269980171
-152,-0.8599638011155856,-0.7009516664375206,0.6450141272747641,-1.8670043106487022,-0.872284474180721,0.0475221293299663,1.3433806956830618
-144,-0.2621968207403746,-0.12320554797064223,0.5806612370094072,-1.270667358151653,-0.6549146306375301,-0.11693524714030425,1.137451401608128
-136,-0.3279797711441387,-0.33771526739651153,0.13591111267043152,-1.0475772829648056,-0.39750293700185485,-0.4487101881041774,0.5454046587141426
-128,-1.2017493618328743,-1.5103681974177978,-0.41037345401097797,-1.9056160139609768,-0.37605189344152185,-0.5073429184665196,-0.07953365693056409
-120,-1.4791817087606258,-2.1152855480750055,-0.8236622612961785,-1.978549415297351,-0.4732963914830088,-0.21846977919694643,-0.5028326738031966
-112,-0.5525000172295709,-1.4946375896623916,-1.205489414177604,-0.7115121145779233,-0.702106661751901,0.5766460013876444,-0.81315676323201
-104,0.30696891277768484,-0.7467137062353428,-1.5458447904777286,-0.17809804689662026,-1.039602010561823,1.5877016388074834,-1.164952658429967
-96,0.43996489999267746,-0.6780706555253923,-1.9062210575667855,-0.8244872090069194,-1.3384854216350157,1.6892363284784693,-1.458115794384981
-88,0.6744954986859651,-0.4149387517528908,-1.6244983609343309,-0.5456246667549686,-1.1868985818018045,1.6592048329909015,-1.2121447835599122
-80,0.9390574128239234,0.12276557960579275,-1.0052804007511782,0.8758596039061789,-0.5190584444921706,1.975249277881268,-0.8503384002610672
-72,0.9118862156590055,0.7119520808629911,-0.24305596340870145,2.024201350734169,0.0844287884190478,1.799351243179625,-0.6529895046535318
-64,0.9590782811843055,1.3440406984286968,0.5992521246530345,1.952698081430463,0.7179474449235705,1.2130247010516326,-0.13244602123155763
-56,1.122105606118902,1.65293471235708,0.8509434342537952,1.293438421088159,1.1240857965139335,0.7024917246258326,0.11638522631445133
-48,0.8446730785337735,1.3583413800025244,0.18596338618969183,1.9269569955594847,0.6779056436823155,0.09185410023302823,-0.3498157930341062
-40,0.7588692952558976,1.0580277577822501,-0.28166770789119394,3.3341405766585543,0.21170455781620298,-0.20559930078194877,-0.6343986856781422
-32,0.8861449374555125,0.9679337241919527,-0.43897492561450946,3.2268857447508794,-0.04856722644758486,-0.39293774838347345,-0.8446181408121507
-24,0.5400694264460892,0.4316595491379336,-0.6620648863542942,2.990925128471984,-0.13580114237261035,-1.117980509370116,-1.156372256736543
-16,-0.3494308614050184,-0.3934877478265745,-0.41895391377284374,2.6162480653620346,0.17023269167431343,-2.638139148951048,-1.0963094517954934
-8,-1.5621254938897589,-0.9912547744414714,-0.1329409901782409,1.253396649341986,0.2746274212787404,-4.069633814158372,-0.763104481878118
0,-2.756229415394124,-1.803531478543919,-0.5948518841076146,-0.488422064123931,-0.4132336015967415,-4.903361450446494,-0.9804743301835347
8,-3.527034257348807,-2.9146916202958586,-1.3913977887366242,-1.340740620162305,-1.1439967031437759,-5.5769219207891325,-1.6854961075946329
16,-3.771575269329936,-3.6225736020140284,-1.9205218059654097,-1.0490073828908484,-1.1683077522266205,-6.299104525244589,-2.4420002785752835
24,-2.917826783576719,-3.0519777885405537,-1.820417202087408,0.00924046153851141,-0.6806557381689601,-5.343821292366424,-2.649359660133023
32,-0.9843794291899565,-1.3287500596526212,-0.9008856855870525,1.7167375948070354,0.2703371900152248,-2.7697050056695747,-1.8928554747120718
40,0.5257687107685736,0.5003026090650966,0.2603267341391329,2.523293953126004,1.3957980303928366,-1.4440352440376678,-0.7673946524616465
48,1.5654257316139384,2.1205657408421326,1.1455367842746766,2.038502055658271,2.1294211669574645,-1.1823333676824674,0.007700323361333367
56,2.526429071857001,3.107310291081312,2.1079701740563523,2.2573019527341995,2.7443489895854376,-0.4272593636062767,0.9758540397239622
64,1.9772842583157169,2.6425393252654916,3.3750074389822697,3.042407335700212,3.742534050119718,-0.23277055355738666,2.088444272184731
72,0.10103961301880372,1.9575383778097228,4.807932065550198,1.639514077575928,4.92090720441089,-1.2266654468877838,3.1595627031777247
80,-1.3662067565839504,1.710137218361001,5.4714820017058825,-1.3607614685520586,5.046752928263559,-2.4279196443513302,3.6300539640823506
88,-2.483087108319095,0.5603652757479496,4.740719026741907,-3.92629735816409,4.2130252246897815,-3.579121611002038,2.8878504186041503
96,-3.8559491322638024,-1.3158794581878293,3.612398090973956,-5.357791936268747,3.5952373527575365,-4.804686977064961,1.6780157137564682
104,-4.500908298602567,-2.2840331561160316,2.767229957602073,-4.711402808722997,3.5108635546514027,-4.906221515880892,0.7027117773524164
112,-3.938892851797103,-2.0680933885341313,1.9435127425900425,-3.0868494106570377,3.137616772432115,-3.7535895502326238,0.1492766890730959
120,-3.0579731608907164,-1.7134373429497967,1.0997746506149004,-2.6521097209591127,2.266707349796081,-3.049997726654743,-0.5185634198167981
128,-2.5088283788415766,-1.8049614677097854,0.31037897140402076,-2.4247295644420834,1.3400255233864762,-3.214455210812787,-1.3522910382849742
136,-2.1169906544434838,-2.028051579765485,-0.4604258069518916,-1.6410541030490426,0.4262143061226749,-2.7053522444452014,-1.5782412225343607
144,-2.016886075912819,-2.2325508336726396,-1.1268358538599357,-1.6424841783958515,-0.1415213016611438,-1.5527201131943382,-1.316539477217206
152,-2.232825814153257,-2.5943571986906777,-1.6445192676997673,-1.9499481295742846,-0.7235576361831365,-1.3067490376951578,-1.4852870563776317
160,-2.9592986283653966,-3.243606477851767,-2.4596560733373636,-2.254551817916339,-1.6216382203441972,-2.2334308688669893,-2.220340227118851
168,-3.4541009916590846,-3.5710912983123033,-2.659865179089542,-2.9538534285115117,-1.7060120643827774,-2.7811455870908373,-2.486332329360859
176,-2.707607266994623,-2.877509998321581,-1.8347178615399247,-2.180188462593129,-0.7164073775830392,-2.017491094218559,-2.0372920138532447
184,-1.5492549978084367,-1.7620595696956083,-1.2612619075117657,-0.21241959099326196,0.03723665053862413,-0.5802762434536458,-1.8685443157907715
192,-0.6311535727850132,-1.0699083362953417,-1.0553326615199605,0.19657883970369752,0.32181951184413643,0.31208406282407153,-1.8957156241767292
200,0.214014632788374,-0.3462956767709457,-0.3803421502414436,-0.2639018963848096,0.657884741986346,0.957043240991592,-1.2664872311959663
208,0.9247568162020756,0.37302684642723116,0.41620376698442335,0.7085419589155829,1.1584073553581162,1.4461252876896418,-0.3183543372612735
216,1.4453003031573153,0.7763050666801236,0.839502921039911,2.0013204465880934,1.5059130136086105,1.5276389649044801,-0.008030346610261434
224,1.6111877517483704,1.2596668293500213,1.134096163373018,2.377427376735835,1.680380839928335,1.31169926092135,-0.04235200039173797
232,1.7255929093881788,1.7358783984011739,1.4801718447472638,2.4789620229322975,1.9077611723405141,1.3874926172391848,0.027721240265704633
240,1.807106607034507,1.7516090921839016,1.7161324834547091,2.536164532776723,2.198064178955119,1.5176284989249034,0.23365048257062393
248,1.3623565453725803,1.4555856642046678,1.6775207411229003,2.0656732893848027,2.4011333854743464,0.8626589517121649,0.3938178105854402
256,0.5429294944920294,1.1795832623537807,2.012155816343027,1.0903692302381964,2.880205047918775,0.03751166043160625,0.5153732942646215
264,-0.31081905163393175,1.007975545864697,2.569881043713731,0.11077504244638194,3.2463015918158327,-0.6560696990101411,0.8028162683195581
272,-1.5621255716215887,0.4516803703369079,2.7386286614328315,-1.1705628823929133,3.5237341040389394,-1.6928664599379115,1.0344867493475742
280,-2.8563339968435737,-0.4635609411689897,2.5956222048586173,-2.506243168533698,3.78829606948605,-2.994225245763822,1.2733075731595664
288,-3.5155937384509737,-1.1671527208114885,2.259557041694824,-3.1740833917170357,3.726803306103178,-3.6935267337700584,1.5021178234578296
296,-3.67147084564845,-1.6076126111217857,1.740443570942608,-3.135471691169925,3.1890990590819954,-3.520489047624876,1.3505309585845238
304,-3.3482762140522495,-1.809251669017358,1.181288334435408,-2.733623429973337,2.535559531451928,-2.683901264022778,0.8471482863840278
312,-3.196689449339326,-2.0795339544397518,0.7093670388933311,-3.1268912106693314,1.8362579356042958,-2.36499681330266,0.43671978525610583
320,-3.404048771906902,-2.325504985235448,0.21170456530814294,-4.355316675194995,1.288543222910776,-2.8412083663773107,0.1335460545877722
328,-3.2124200798305225,-1.8578739204960235,0.1888234921798264,-3.6617354093079624,1.2713823483977684,-2.6853312877531947,0.3537760492854413
336,-2.547440116411159,-1.1785931711947037,0.3275397468319871,-1.1391014656396161,1.5202136461775893,-1.8844951378812294,0.525383757325414
344,-2.1756232000007025,-1.204334408535218,0.08585883776858892,0.1136350846841262,1.5059130289706335,-1.5541502200332917,0.18359829707574907
352,-2.1713330790365055,-1.5489799362163426,-0.20015402360982534,-0.7129421997564257,1.4015182514366986,-1.8415931804160286,-0.1438864745335576
360,-2.238546148722461,-1.5446897485809699,-0.13008083026740974,-1.8770147392985652,1.357186333532612,-2.1075851511591286,0.12782579590695703
368,-2.0397671101752204,-1.1070900422998777,0.34613061680928964,-1.6467744271720708,1.7447337876476532,-2.3435458785054415,0.3923877344705304
376,-1.8352679049656753,-0.9311920979269238,0.8967054699038722,-0.5527749892610767,2.4812170326603398,-2.5308842178047115,0.3266046875932682
384,-2.5703211334680955,-1.6676753277312097,0.7894506939139566,-1.1062099798379386,2.3854026720282295,-3.5490903975611934,-0.08811392912214341
392,-4.091909797086685,-2.783125673555883,0.3060888104985672,-3.199824431041088,1.8419781268458348,-5.353831761879265,-0.6701502545805414
400,-5.13299681708323,-3.3480010744210844,0.29178817823682884,-3.890545588480065,1.8291076390600032,-6.372037831950905,-0.9633135194229189
408,-5.579176881275982,-3.3251201518405815,0.5248887654893182,-3.444365605245168,2.119410771028708,-6.650900344861394,-0.827457402099417
416,-5.787966397477938,-3.1149006618347834,0.959628374843868,-4.115065838866863,2.3682419259417262,-6.932623133973219,-0.2740223688161352
424,-5.463341628472357,-2.591497005137021,1.6903913167794946,-4.49832308998451,2.780100578458464,-6.640889957381748,0.5425445353649219
432,-4.942798125386994,-2.288323377240613,1.886310165767202,-3.860514290855338,2.938837711456321,-5.685606833573941,0.9258018364091415
440,-4.299269248541623,-2.1252959209607303,2.0064356466083177,-3.5716412663400683,2.8001214832268375,-4.585887016851124,1.3176394434413858
448,-3.276773015260222,-1.4746165265115743,2.538419703156064,-3.388593148779859,3.000330527838168,-3.1429519345961725,2.3801774785785232
456,-2.3615317323276868,-0.9926848186033759,2.840163289502109,-3.0296467476532545,2.9016560200457056,-2.0732636161260816,3.0751888768054694
464,-2.3715421078249537,-1.2629670199955103,2.2552668199557617,-2.9896049997182153,2.2152250265845894,-1.8272925403196594,2.7577145146434967
472,-2.4115839138284354,-1.4831969506335492,1.6760907064854482,-2.7035921509366583,1.6632201194964065,-1.30245884683376,2.2042795778337103
480,-1.8638692138853945,-1.2272154122271963,1.467301300121951,-1.865574238067058,1.6903912831721177,-0.26852217853116556,2.087014256903427
488,-1.3919478361564992,-1.1771631407049987,0.9067160037835844,-1.3807823187852548,1.4487104261859742,0.1905285639364886,1.7151975166953624
496,-0.7040868224982322,-1.1728730074511828,0.06583802163908155,-0.46125087755880606,0.7265277658127587,0.45938072254929974,1.2432762583293773
504,-0.17210278131250895,-1.241516080896927,-0.8379628293446656,0.7943459372911355,0.07870863573618309,0.6638800403624655,0.652659484323389
512,-0.30080864433728,-1.7162974693714204,-1.6216382414256179,0.4797316113757205,-0.3874924991347785,0.1676475246046196,-0.16819757630813675
520,-0.6783457120480186,-2.3555363532182345,-2.2394260823265797,-0.5198834711991538,-0.4990375282022805,-0.5573951360680203,-1.1435015810731857
528,-0.3165393090857861,-2.369836999766654,-2.775700315141802,0.0006600768969330018,-0.4561355824122159,-0.5130631622461741,-1.9228867876988203
536,0.31268909434115155,-2.2225403200707956,-2.9630387810241325,1.0117157106298864,-0.4732963480084874,-0.25994180203145795,-2.336175494516399
544,0.6215830813859978,-2.171058047553975,-2.51828879309991,1.5394094826079,-0.0900390772274523,-0.5087729523358693,-2.015841015303636
552,0.39992306464773497,-1.7820804975070152,-1.6259284236842833,1.8640341556008417,0.7436885942396995,-0.9034708480126893,-1.1363513504319676
560,0.050987270831305206,-1.4145538922425875,-0.6234532225224163,1.6194931741901366,1.3629065510432081,-1.1165505469341674,-0.30977395369503596
568,-0.22215504868696104,-1.275837575066998,0.13305107365871172,1.2333756653055792,1.767614869225082,-1.3367804119763727,0.09779449812861132
576,-0.3422804909694017,-1.348770870098181,0.2746273911337259,0.9087510912440587,1.839118076466219,-1.9645786660115556,-0.2168197907643316
584,-0.7598593047717374,-1.905066047776653,-0.22589523560300354,-0.11374514280544408,1.657499882322422,-3.118640915315651,-1.2464663039990398
592,-1.2889832654682813,-2.451350666228076,-0.8065014451588555,-0.7386834311057517,1.593146947199961,-4.289863763538079,-2.2761127669999386
600,-1.226060394785595,-2.3912880152144846,-0.836532787026204,0.47258142267282216,1.956383334258594,-4.0724939264469375,-2.3147245477368035
608,-0.4366647498320248,-2.0609431262471483,-0.876574587806599,2.137176609536799,2.2123648901776516,-3.0557179927093294,-2.263242153552769
616,-0.05769762060029657,-1.9536882192191862,-1.5701558891799035,1.9398275913403296,1.760464545336392,-2.573786190017455,-2.840988292911996
624,0.26549696844310444,-1.7348883785218787,-2.2508666013780325,0.9773940619178754,0.8952754174819256,-1.8744847339642239,-3.088389408425336
632,1.237940860305108,-1.1442716655031169,-2.3009189334265967,1.0374568522650043,0.09300921914669179,-0.20702928088422193,-2.4648812587633673
640,1.8314177258609303,-0.652329491308102,-2.4224744333895214,0.9645235242054733,-0.6549145158832269,1.2459162673503044,-1.7341182695127129
648,1.4495903738877012,-0.7467137071570644,-2.669875566876427,0.2509213484805979,-1.269842359864409,1.5891317018646747,-1.0433971007058402
656,1.0520324694623457,-0.9512129664409266,-2.8557840005792303,0.26665206423101667,-1.8618891364012233,1.6363237732275435,-0.5872065511773636
664,0.8732743966707062,-0.6980915788818121,-2.7828506852701778,0.4611407871772429,-2.2465764994272917,1.726418001147417,-0.19250867838995667
672,0.49859754786096233,-0.14894670143451705,-2.4525057056669124,0.032121473065120684,-2.087839304827727,1.5047578550609304,0.245091054467433
680,0.17397280450995986,0.13563614358725193,-1.8418681583914567,-0.7057918813980634,-1.7918158642516357,0.959903383389718,0.8514384076554657
688,0.09531925110520084,0.42879940136309996,-0.9309170228457946,-0.9031408126454891,-1.3055939409028052,0.44794020779921334,1.5450197884504233
696,0.12249051601663641,1.0394369200651945,0.13162089922686188,-0.07227331829463368,-0.005665303393311169,0.0003299980552114737,2.124195921584124
704,0.1782630110406191,1.1037898313765213,0.8123317092810711,1.1590123400919308,1.0826138644689702,-0.41295863610000305,2.1270560731994625
712,-0.3265498262208947,0.31153407582420783,0.7980310796308763,1.466476225981771,1.5674058037214003,-1.1780432514804968,1.2046644473293295
720,-0.5668005654610492,0.056982653013162216,1.1112151354090456,1.0031353107799061,2.3439308261642076,-1.7686599041265123,0.6698202268766273
728,-0.02909631736452469,0.7062318824013016,1.9792643541988622,0.5498048521867833,3.363566920273509,-1.8244324616739238,1.0259063539525797
736,0.5529399661555541,1.2396459244280276,2.19234402454698,1.2205051483319078,3.5823668763396013,-1.6785658802142884,0.940102491713912
744,0.8289424655552805,0.9078710184895645,1.3843574696748526,2.6376992242911528,2.6942966871855742,-1.4726365584877152,-0.16247735572513644
752,1.3237447756963718,0.5346241941783376,0.5005775211551755,3.231175917945949,1.9192016638939484,-0.8762995806433298,-1.2679173409537041
760,1.8814698973763655,0.7763050093797822,0.18739339670876892,2.6620102151519336,1.4887522321894568,-0.2413509300570939,-1.4824269268836037
768,2.3176395820777245,1.0322865958692629,-0.11864038864054573,2.147186962605515,0.8194819649978354,0.08184368187571989,-0.9861945473868914
776,2.9339975181503197,1.459875951539562,-0.27594740481413527,2.932292503493113,0.228865299908582,0.8555086233684887,-0.4985425135122224
784,4.315439814440227,2.1920690577681063,0.0744183059666572,4.851439126533096,0.4848469177365868,2.448600553371999,0.0019800668312011153
792,5.71976328816658,3.1001599847053267,0.6550245835762666,6.114186086150553,0.972498907368633,3.7127775966317573,0.9115011898607227
800,5.766955451855197,3.1216109940083503,0.836642759592877,5.763820297330689,0.8709643364460764,3.4853974000198513,1.4935374494160478
808,4.712997862961346,2.1863486826431644,0.5406193849198595,4.355206708324087,0.3489907693818007,2.3241849675431876,1.2761676525734045
816,3.6275788267437745,1.4913373162156056,0.41477372497320153,3.39849350271742,0.3504208084742382,1.4246743330754141,1.2804578107136946
824,3.2400313337628184,1.5342392890428285,0.8337826222642184,3.560090781800288,0.7679996654438557,1.2530666016851684,1.9840496132456047
832,3.052692814420652,1.6600849829395548,1.2184700240025814,3.695946945056236,0.6121226292189201,1.1930038417548436,2.597547277725469
840,2.3233599158788283,1.4470053751148655,1.2713824402272085,2.6806009871195364,0.04867721383270063,0.8841098574751618,2.5732361742610665
848,1.7713549694638713,1.431274669503381,1.7075521158649751,1.8654642492284572,0.47769657326278775,0.7153623110358438,2.3830376656801313
856,1.937242494250555,1.8531436297708712,2.654254822002858,2.049942603283085,1.8233873642490654,0.8083164854880652,2.6518897848125476
864,1.7770751966525415,1.987569738265118,3.3178048186849085,2.1786483850427594,2.735768590349936,0.3006436188929053,2.6347289803503604
872,1.6726804976185394,2.036191900797678,3.373577364403564,2.571916097838617,2.993180228067852,-0.28997310534013204,2.3201147568996308
880,2.121720774106617,2.4094388218896428,3.4836923301066314,3.314119643931301,3.4836923514952933,0.2863429806399785,1.8167320833165514
888,2.198944257080414,2.3179146558058155,3.2262806839396054,2.6663004120045204,3.9484632902739545,0.40503827952185323,1.0616579899870153
896,1.7384635212991473,1.6686653691173354,2.5598706325765734,1.6109127674272472,3.5795066778700946,-0.10406466887216528,0.27655246538315986
904,1.6169080311679158,1.32830997822329,2.1809034483488063,1.5007977965010901,3.181948672823497,0.1776579956536633,0.11066505212475589
912,1.8986306529873234,1.4570157841013405,2.2309557383054304,1.9498380428796052,3.060393241067949,1.132941154947742,0.6040373294718391
920,2.191794046563444,1.411253685006114,1.9992852861580153,2.7392337319221784,2.451185681729399,1.8608439928902987,1.2132448444141457
928,2.602222503755984,1.3082890517944668,1.6217482170646955,3.092459587712643,1.2828228983268855,2.1211156974251937,1.6293935317141393
936,2.530719287144013,1.1552721681065923,1.4215392056353313,2.2287006651676897,0.812331686887969,2.0110008553863996,2.018371124006659
944,1.8357078935256754,0.8764095605660489,1.2556516513535656,1.008855564544874,0.780870207918484,1.2216051635786622,2.201419431287839
