-240,0.7280063848847,0.3652099284510583,-0.3967132887055916,0.1630424201734118,-0.925918360701302,0.3045533726831059,0.33154711003104853
-232,0.8551629501166366,0.640991075455651,-0.2150610411546496,0.29680450039577994,-0.5180265009130315,0.550609572998661,0.6354017841319244
-224,0.7825020308377761,0.7252116436172864,0.14989487460435738,0.2935017827256913,0.12105914616049862,1.0774010740793667,0.9062287360429767
-216,0.8700253846116985,0.9795248546183872,0.9309995455305768,0.6155216694833376,0.8460167706995216,1.2210714323753185,1.429717551029864
-208,0.7329604630750828,0.8920014501095582,1.0862296495668513,0.41075001524645316,0.9896872019047261,0.659600905705612,1.6757737696170807
-200,0.15002190975315396,0.2743837927901376,0.5297131932821573,-0.4710890419180793,0.3869319867083442,0.051891571872836974,1.0746699477590267
-192,-0.15218138342702786,-0.28543538045506556,-0.03671153876998702,-0.8079714465463338,-0.3149062476424506,-0.1446231330570939,0.4223732382413888
-184,-0.29254903398699816,-0.534794397781784,-0.26790534095640806,-0.1094359804231389,-0.6385775472518509,-0.3345323382525437,0.13998657163409964
-176,-0.45273331023288743,-0.7742450699796934,-0.21836376964581958,0.0292803266464353,-0.4668335772423081,-0.6466439199726004,-0.03506014655743341
-168,-0.6806243417081818,-0.8997502656442015,-0.02515182904080368,-0.8591643358024705,-0.12499708129645717,-0.9818749101525478,-0.04827124323873297
-160,-0.5666787787835241,-0.6685565106447908,0.1878766838543037,-1.2191660502591195,0.11115085602407049,-0.9950859206199865,0.182922554335424
-152,0.09552621590348818,-0.16158156429209333,0.006224436658151412,-0.18209684932188225,-0.020959871838162652,-0.5029734916057124,0.21264747530221964
-144,0.5281888780221616,0.4362194304432953,-0.2579969965371784,0.7691003993399195,-0.21582321074856073,0.1906078195151609,-0.1721250194878804
-136,0.4274543700910314,0.39163207781975296,-0.4280895840294744,0.8516695661804612,-0.48004463879944204,0.5423526458660544,-0.408272955211855
-128,0.268921531886954,0.11750231138106441,-0.22496931514815305,0.6914853323319238,-0.3875671459887272,0.6596009198971939,-0.15726259137902932
-120,0.3498393596719691,-0.019562539020246354,0.35466646834962307,0.6336868755765016,0.1309674540364044,0.7950143624138049,0.3464095551697981
-112,0.3960781285177657,0.0597039176007877,0.6750350366295368,0.39919030214676937,0.5058316641893141,0.5935456028869954,0.6898974561620326
-104,0.0773610161965365,0.2050256678159093,0.6007227227705849,-0.08301378918927672,0.4117027477057643,0.1972133957067907,0.784026329716047
-96,0.05919579094473696,0.4378708665337645,0.7427417526546961,-0.15072053679070635,0.28950033712136014,0.43501269532156084,0.9607244733543628
-88,-0.09603432887967242,0.5617246757783404,0.8897149462334732,-0.10283044201659643,0.36711537929408716,0.5539122984741198,1.1390739565803893
-80,-0.18190632639077567,0.3569530460219354,0.6684294909498084,-0.18209683903298557,0.2548212721507192,0.26987425857411174,0.7493472776952244
-72,-0.37676962183945345,-0.257361866663391,-0.09781275222234871,-0.3918226205986065,-0.22242869593667014,-0.39233072174392336,-0.1589139652039324
-64,-0.6839270911319352,-0.7428687668504405,-0.6592833629771795,-0.565217932679387,-0.4172920497482294,-0.9422416245435186,-0.9945143042575744
-56,-0.5187886641411991,-0.6355288218051853,-0.6345125787410435,-0.37200602311845676,0.10949945115508178,-0.689579882628315,-1.3363508229099568
-48,0.08561791193026777,-0.07570958576223144,-0.5073559989627356,-0.11439009356029281,0.41005137600959884,0.15923155754149598,-1.040753082150504
-40,0.311857551308997,0.11419955681286233,-0.6444208800533423,0.25717132619066985,-0.03251953420294086,0.2418007823901298,-0.8491925182087078
-32,0.12029698807677962,-0.0872693409044772,-0.7435039139315212,0.7889169679047204,-0.4139892905677633,-0.2420548381686429,-1.075432126011167
-24,-0.0844746854961355,0.08777743245683098,-0.700567955710676,0.7096505934174682,-0.3561908485361073,-0.34278927443228374,-1.0539641477877184
-16,0.1120400557997244,0.5088803397880478,-0.33561206496433255,0.11184951246821842,-0.07710694554415379,0.2533604243545088,-0.7005679500954489
-8,0.3713073948391409,0.6987895444513131,0.040903500741818526,-0.041729236192209994,0.20197695904435248,0.6117108146567923,-0.34717173306714905
0,0.5447027033720261,0.7648449258558147,0.34806095460095454,0.493319206922264,0.45959288540941,0.6860230586222025,0.2654917591384479
8,0.5529596294402642,0.849065540140092,0.7972374285874894,0.4668970884202602,0.7981266539284592,0.7008855145820334,1.0845782817119647
16,0.4208488877412382,0.8391572296032647,0.9260454063163902,0.07717044182094458,0.9797788699031307,0.6562981607167273,1.165496092821871
24,0.8914933317910622,1.1611770860264041,0.4686120277263851,0.9656150930939793,0.902163841921986,0.828042164431278,0.6387045310721511
32,1.5834233075816992,1.8134737946570676,0.10365610966124579,1.8804818807858905,0.7617961977482276,1.1781354631559975,0.33154711091802225
40,1.443055634669987,2.246136450034739,0.44053845574922396,0.9507526188624861,0.9500539657888393,1.2953837833097788,0.5297131957042785
48,1.023604149415052,2.5054037363879083,0.8880635752468865,-0.18209684098432777,1.268771102235758,0.9601528546858185,0.7344848084307852
56,0.21277454510440327,1.9604469928481085,0.4520981672523549,-0.5866859263361816,0.9484025619842191,-0.3031559687776441,-0.21506101709036582
64,-1.8960429989074394,-0.4357113557434452,-0.8557980198331259,-1.8615544978460985,-0.20921765034506629,-2.549038412861335,-1.688095628150872
72,-3.813299930548711,-3.393340277482136,-2.1224096860299944,-2.868898780832251,-1.57160956161472,-4.2284959363222345,-2.728467620199635
80,-4.0874296842149755,-5.09261447505773,-3.146267780884009,-1.9540319546456735,-2.671431357634592,-3.956017662740343,-3.200763463973999
88,-4.118806018743105,-6.36913439396073,-4.099116437962695,-1.7244896210129663,-3.523545580755768,-3.303720941692045,-3.433608620649293
96,-5.748722065090041,-8.149326509970066,-4.533430443216974,-3.815141883893654,-4.045382957878239,-4.462992579468115,-3.973611223200957
104,-7.74854822832095,-9.313552243675998,-3.975262600689745,-6.421025998617484,-3.6688673781578998,-6.646122355737313,-3.914161375945523
112,-8.541212650309333,-9.014651733269787,-2.594705507452617,-7.489471477848708,-2.431980652086464,-7.927596446849925,-2.824247902347928
120,-8.329835401609158,-7.800884414239084,-0.9449727857492236,-7.132772527716973,-1.3833517605786798,-7.987046156624406,-1.3941492782462208
128,-7.619740331838854,-6.417024526874715,-0.14570291795436952,-6.315337370276014,-1.1158275398197197,-7.121720942371821,-0.44625479710243987
136,-6.8898285042235266,-5.59958946203383,-0.27616220387210544,-5.791848659065071,-1.5831692537818203,-5.99547704097716,-0.34386900120547825
144,-6.351477298380691,-4.94398989505902,-0.5172643162405641,-5.639921270924937,-1.811060243746736,-4.948499549016521,-0.393410511847053
152,-5.550556018088872,-3.4709553200096535,0.136683777036084,-5.076799310648288,-0.6088526372835316,-3.8618887943307776,0.1465920905272165
160,-3.9470620077553695,-1.0285582476305766,1.6295350073962969,-3.6285354744219944,1.0772105583395715,-2.48958851061352,1.357056667762144
168,-1.5872341320191545,1.8630153134588028,2.9787158395467324,-1.4189835040806198,2.5139147039953165,-0.5161845575977156,2.6599986766065866
176,1.0863566719432238,4.746331963558502,3.8985367655658587,1.0498356408552152,3.5708005190878147,2.020341427717017,3.6078931588147363
184,3.487469132252775,7.043407202169515,4.403860290906643,2.9819550593230106,4.416309215155714,4.317416641492764,4.134684735110827
192,5.3783039281847485,8.59735966638249,4.763862053792065,4.068565851971234,5.101633619366986,5.912653690988655,4.324593881588606
200,6.763815221305074,9.77809935458168,5.348452008967271,5.103983642185456,5.758884470759732,6.7185291594556205,4.58551255932876
208,7.601066901542982,10.597185789522177,6.051941702115066,6.302888475099216,6.302189822557755,7.109907149190541,5.11725822144321
216,8.070060082462241,10.592231604717535,6.056895798931901,6.690963738649099,6.224574762468155,7.542569815389292,5.128817927801893
224,8.15758340554687,10.076999848844967,5.419461515749167,6.581972449758661,5.7935635444227165,7.516147614753508,4.3972547895142
232,7.700149992719678,9.406537818814533,4.849733954268226,6.362338329095654,5.332827378801266,6.949722968737829,3.7631233423238704
240,7.013174192863943,8.486716939095448,4.2469787846623,5.99407970542327,4.673925076949073,6.261095755143368,3.2825705079095697
248,6.524364496243524,7.7188233421439945,3.6656916284039887,5.173341732390306,4.03153669606253,5.879626135372526,2.7673386729189327
256,6.677943180509648,7.604877864546226,3.498901805059214,4.681229314197115,3.7970401464036985,5.93577315461832,2.729356819852477
264,6.72748478463827,7.609832017242414,3.5500947328100163,4.8298538741502135,3.7673152575453566,5.8928371121349565,2.8614675340553126
272,6.223812646072208,7.163958287535185,3.3899104514196785,5.062699100186864,3.8994259572018204,5.4799910705577535,2.77394418028139
280,5.839040175585192,6.9955171645165235,3.5533974779762953,5.0098547643739675,4.365116297871204,5.309898529010705,2.762384520222744
288,5.6722503919768466,7.248178926654728,3.6739485150905873,4.573889395761076,4.642548835375808,5.2190724057674185,2.99853243040187
296,5.626011577363197,7.40175756550779,3.6425722199440984,4.085079690270918,4.533557506216754,5.004392465296791,3.3899104820475694
304,5.667296151647638,7.339005000404872,3.609544553988419,4.010767341465195,4.517043657273383,4.8920983239162315,4.027344712544054
312,5.746562639135362,7.238270533984121,3.7234900388593752,4.073519997394238,4.510438108400549,5.281824989142,4.349364649327027
320,5.858856722330434,6.808910697746351,3.6425722298782057,4.009116001167905,4.120711437498151,5.773937436427934,4.139638847538403
328,5.556653402363643,5.8692731233347795,3.0150462645054845,3.7960874378926825,3.636855861642861,5.354485920838492,3.5269753381255127
336,4.861420690631255,5.183948805514764,2.767338654176492,3.5615908987001412,3.260340319707609,4.366958197724797,3.3271579238630484
344,4.164536623700416,5.013856225295655,3.2033040662511034,3.0182855291626396,3.205844648564474,3.8104417212170993,3.632663942163898
352,3.877195836150603,4.94284670964402,3.6194528741045633,2.636815780957977,3.3775886246054396,3.868240222321216,3.7234900632784473
360,3.657561738548917,4.447431422995179,3.550094718618433,2.597182577837519,3.2586889391417038,3.7526433980399436,3.4130298552058993
368,3.239761521036809,3.483023138498486,3.0464225646190246,2.319750085391186,2.6955669511914686,3.2341087220898483,3.2247720633943877
376,3.0614120869491344,2.6821018404671886,2.7574303583634316,1.9102067283112487,2.2232711290592677,3.042548146617391,2.9506423022775428
384,3.3256335141130426,2.701918429432389,2.8994494042130725,2.270208518515468,2.2810695757031874,3.255576724084197,3.2792677371984436
392,3.5882035784505226,3.1329296911169444,2.9506423385274827,2.7160822679135173,2.538685508986641,3.33649454956308,3.4741310714965774
400,3.385083352321344,3.1742142799477557,2.5658698249335363,2.375897077672975,2.3240055181358974,3.0524564527193485,3.2066068209352947
408,2.9078333608178433,2.7250378091543257,2.060546288594276,2.0291064533340193,1.8797832152946086,2.628050754276605,2.57742948209246
416,2.4008584279471488,2.223017054169878,1.5750393048542868,2.1248866906014334,1.5858368481826646,1.8948362563555934,2.3495384944336757
424,1.8724155145468728,1.8035654704608424,1.4511855759695445,1.5039663039038682,1.3827165924285576,1.270613014506988,2.4783464560196515
432,1.3720461511268067,1.4402609746493804,1.40164402559154,0.5758884770065654,1.2291378913099296,1.1219884469259136,2.110087764050279
440,1.1953480388873663,1.2338379529738053,1.2546708295292361,0.4784568098574986,1.070604998468261,1.40932927172863,1.7665998997787635
448,1.1226871611188838,1.05713986840795,1.272836046620876,0.641943807143977,0.7898697218287994,1.1649244775238268,1.8359580196085428
456,0.7428687689996465,0.657504932026996,1.25467084194687,0.15313413784235386,0.4529873778695587,0.3293240895092267,1.718709753737563
464,0.24580218480565616,0.2215395101956724,1.2695332830055397,0.057353843276426265,0.6726214375087629,0.03702910225360794,1.6427461350602766
472,-0.04649283242967959,0.17530074933264084,1.5007270864337248,0.2274463654874443,1.3017988066861044,0.12455243882023756,1.6955903686937834
480,-0.3453933268703602,-0.01625975021485199,1.3702677150117064,-0.22007873502897707,1.4173956513677761,-0.3609544322740684,1.5205436425194863
488,-0.5897981318962443,-0.3234172399077329,0.876503850793937,-0.5189792243252092,0.9054666090852176,-0.820039215378272,1.1093490187610897
496,-0.49401785932726905,-0.2672701635408204,0.458703706013687,-0.03347226754922601,0.4480332008702848,-0.5326983976713466,0.9656785691068288
504,-0.1637410922692371,-0.34983936515073843,0.18457396015279232,0.2852447981171769,0.24161021006140052,-0.037283163886148864,0.815402660518885
512,-0.2942003922011608,-0.7676395503769972,-0.3405662071942301,-0.266317413403438,-0.1349053696589376,-0.36590859738789194,0.2638403791047278
520,-0.6244772341197885,-1.2448895668931608,-0.8244217770180969,-0.6147594887340243,-0.5262834260942955,-0.9240764640408118,-0.030106006456272878
528,-1.0406260267172973,-1.5025054450068391,-0.989560179350959,-0.27952854964377255,-0.6534400037438661,-1.407931983484562,-0.24313456192612626
536,-1.788703044105471,-1.8724154902233208,-0.9069909449230076,-0.8178797058160708,-0.6864676469930145,-2.000778900029568,-0.5420350677200725
544,-2.5764132470520202,-2.45205132250466,-0.7055221100034187,-1.7723797503790575,-0.7079356672590252,-2.56390083405179,-0.35212588913383935
552,-2.819166676656448,-2.584162038658838,-0.4132271152972193,-2.091096889309503,-0.524632008985067,-2.902434581815651,-0.12753764149688543
560,-2.7696252286352285,-2.5395746908249555,-0.3570800596854952,-2.1670605255488726,-0.5015126558723468,-3.1848212439880705,0.08218809501046226
568,-2.9066900391227155,-2.6105841968972725,-0.7682747024251316,-2.1356842048575366,-0.8334408570695057,-3.4606023697052897,-0.27616222291475245
576,-3.0404521691930158,-2.8632459641799284,-1.263689929114538,-1.7988018832500385,-1.173625998526484,-3.2029865387786223,-0.6741457957597006
584,-2.880267880884281,-2.8847139748666204,-1.3429563662221464,-1.417332140899404,-1.2446355150650927,-2.696011508163407,-0.890477137196632
592,-2.949626042047044,-2.963980398847016,-1.4701129381950842,-1.755865861876652,-1.1158275389327452,-2.722433714830614,-1.1992859164518967
600,-3.440087114088919,-3.064714820209495,-1.8301146686172636,-2.3090795501111403,-1.1703232210743562,-3.2541793599151654,-1.5031406107757765
608,-3.8347679149809784,-3.3173765882017303,-2.2429607116136254,-2.5931176379077376,-1.505554165486452,-3.6422546977934602,-1.6600221207454093
616,-3.729079354404311,-3.5039830053013636,-2.5203932326205156,-2.566695495280045,-1.9728958735945248,-3.485373189952565,-1.9325004910074526
624,-3.5854089263922124,-3.723617066359726,-3.0257167600900368,-2.6905493206675453,-2.595467690173742,-3.183169873001483,-2.4906683211170493
632,-3.620088001296961,-3.954810840162983,-3.5657193321297997,-3.128166072507262,-3.0479469380645092,-3.1072062012831596,-3.0620472078167262
640,-3.6316476840621386,-4.00104960457391,-3.6598482464846116,-3.3114697298942466,-3.0479469183736887,-3.1749129873792543,-3.1594788556297626
648,-3.3509123765559856,-3.62948821835056,-3.435260004169502,-2.890366774134255,-2.620238442478818,-2.928856680981624,-2.7780091508868194
656,-3.0388008152363275,-3.4362762458144838,-3.080212443118622,-2.5567872117072232,-2.1149149162510597,-2.585368890861124,-2.553420919924975
664,-3.0850395794698606,-3.452790116045227,-3.062047190902816,-2.8441280084815648,-2.251979820048198,-2.591974390595605,-2.7317704031510015
672,-3.2832055920564436,-3.6674700045391853,-3.7027842676806024,-3.1611938065825362,-3.0066623382352216,-2.8793152102538735,-3.1016804231774247
680,-3.08669094389284,-3.761598917297444,-4.201502218958494,-2.4923832034180444,-3.6985922624039764,-2.7752780249212683,-3.420397573993321
688,-2.7316433432829244,-3.8904068824313165,-4.3897599917887655,-1.6006357915453862,-3.8967583299829394,-2.340963981881901,-3.6681051743882045
696,-2.7332947692618914,-4.2949959713310655,-4.432696031965996,-1.8318295722670388,-3.591252297135717,-2.088302231096959,-3.7754451625403904
704,-3.0932964652694843,-4.555914666633303,-4.573063662657751,-2.934954137756274,-3.259324115451984,-2.573809185389416,-4.080951195565008
712,-3.357517927025374,-4.707842026745061,-4.931413984663046,-3.4551401084132025,-3.442627722636246,-3.080784062380755,-4.391411408604613
720,-3.241921035866271,-4.848209667016134,-5.139488404289215,-3.1479826811632825,-3.7894183769549192,-2.859498606032722,-4.1618690256561575
728,-2.987607900967528,-4.549309116873494,-4.870312801013007,-2.685595175954121,-3.878593152095545,-2.7174795717137417,-3.889390649185295
736,-3.2452238307030865,-4.314812589921193,-4.738202105436623,-2.5584385477470386,-3.8521709807298974,-3.122068663629201,-3.8117756167692805
744,-3.6101797065482684,-4.369308260354749,-4.67379808951947,-2.807797550527385,-3.9165749932765515,-3.5563827354065243,-3.6400316774490333
752,-3.791831921103782,-4.643438057482733,-4.63416489118867,-3.474956713166537,-3.7993266912170376,-3.548125843930267,-3.4748932215429487
760,-4.203026594887502,-5.259404272148079,-4.909946017615469,-4.3799152323641835,-3.9809789410741105,-3.7479432503873618,-3.767188233811232
768,-4.94449799084838,-5.962893912432231,-5.225360380512944,-4.875330418430188,-4.466485906897228,-4.061706262876045,-3.8117755990298035
776,-5.340830239361567,-5.954637003571288,-5.037102600941672,-4.9446886251834075,-4.509421858731861,-4.046843782258339,-3.6383802590980423
784,-5.142664082553033,-5.467478699402222,-4.37985171406997,-4.901752581635675,-4.114741039922931,-4.279688910727864,-3.3345255773691904
792,-4.990736813090004,-5.206559965960109,-4.112327531983071,-4.883587377493854,-3.974373412246887,-4.425010769685984,-3.245350872476896
800,-5.1013795139452265,-5.426194071012376,-4.356732308271002,-5.141203262880718,-4.114741058194593,-4.390331671897309,-3.4666363156977162
808,-5.373857895737931,-5.8918844052955475,-4.794349154839529,-5.466525978889766,-4.2468518394526535,-4.801526313395182,-3.7226008166159907
816,-5.753676223462863,-6.3162901071087925,-5.198938245868016,-5.587076995426263,-4.316209908192738,-5.272170749817031,-4.031409693438383
824,-6.064136491140056,-6.349317792577898,-5.314535111304877,-5.436801085773952,-4.47969694947312,-5.4472174559457205,-4.229575768290531
832,-5.836245491773217,-6.185830808773422,-5.200589634416685,-5.345974911086179,-4.514376046374821,-5.364648217615083,-4.199850832599969
840,-5.250004099620569,-5.877021958560243,-5.030497056503707,-5.157717113775429,-4.189053361764647,-4.96171051123258,-3.993427845871165
848,-5.017158925915376,-5.574818683829117,-4.989212447272497,-4.654044966162234,-4.018960785625619,-4.439873204890626,-4.184988406087673
856,-5.324316360261085,-5.830783200358133,-4.842239250145824,-4.252758649570166,-3.8620792949920157,-4.525745163907063,-4.310493587205809
864,-5.700831972444668,-6.337758086928793,-4.667192539937056,-4.87037635833407,-3.726665812206792,-5.082261579568353,-3.9769140002982963
872,-6.3151468349272735,-6.656475238099479,-4.738202095679911,-6.047813217104466,-4.042080166234528,-5.7907053863854845,-3.862968509395918
880,-6.9327644805386415,-6.838127510663084,-4.992515192261381,-6.500292379845741,-4.748872565699147,-6.259698411729529,-4.039666634762573
888,-6.5248725891741,-6.415373175224163,-4.843890673641265,-5.672948965263781,-4.656395032619817,-5.945935512241317,-4.077648430175726
896,-5.301197082541146,-5.467478694080379,-4.302236670123296,-4.531842562496227,-4.048685714397783,-4.700791895935388,-3.5673707457525397
904,-4.604312914317891,-4.894448397544659,-4.066088729609662,-4.150372875670156,-3.5730870729482858,-3.752897390843312,-3.334525577369191
912,-4.657157177576325,-4.993531419005204,-4.312144974806095,-4.6309256334499125,-3.6094175332085974,-4.0385868198241734,-3.28498406317972
920,-5.058443519003662,-5.358487328910183,-4.640770400502468,-5.30303892412738,-3.779510073691278,-4.92703152981488,-3.6136095209845482
928,-5.624868299129789,-5.697021102573681,-4.746458990171878,-5.818270817303504,-4.048685709608124,-5.31840956141497,-3.930675260900032
936,-5.922117376993425,-5.806012439360712,-4.706825757603887,-5.709279429604173,-4.124649344960521,-5.308501201917183,-3.7044356483079137
944,-5.497711802372236,-5.318854143351807,-4.264254840118162,-4.74652254589639,-3.622628601506733,-5.0376741831283,-2.9662669460688327
