-240,-0.7413262610953874,-0.6894437628659296,-0.04121202450929861,-0.7437217442122883,-0.3626875076706127,-0.7050684421810098,-0.37444679504567463
-232,-0.41718318010424493,-0.7418162516103343,-0.5168106778695876,-0.4054238221241131,-0.9033978741727124,-0.7121457825977727,-0.6490484473516279
-224,-0.3846273448207128,-0.7545555120442221,-0.809813342456307,-0.31058722792933097,-1.1468590153454328,-0.8749251198871544,-0.6476328990756993
-216,-0.5304209485158813,-0.6045154367092548,-0.9895783096399847,-0.34172764266117406,-1.132704298475427,-0.6994065249008321,-0.6264007981498163
-208,-0.10436384685138722,-0.09636098699091558,-0.9131428524091538,-0.24972190842430111,-0.896320474455411,0.09325787329131063,-0.4027562713604332
-200,0.22685660785605047,0.22495118051977886,-0.39791098290256127,-0.17894833182895575,-0.6613521173631468,0.3169024345966487,-0.21025203690049776
-192,-0.1807993588211772,0.24193678410896322,0.06211743982774864,-0.40259290347387544,-0.47450981903791956,-0.6187246279612628,-0.09276789644355864
-184,-0.5360828107529946,0.2433523193083621,0.3749367936077166,-0.293601595602193,-0.18575347434243938,-1.41563543423519,0.03887105561219731
-176,-0.14399703790900076,0.2065500465968808,0.4216473442407284,0.2640944237541552,0.14688244105859163,-0.8098133773991787,0.27100847565585057
-168,0.18863890562177277,-0.18412023559914478,0.026730657460129988,0.20181363595289928,0.09734094030043934,0.16827780718285024,0.061518578154138866
-160,-0.03925211515915048,-0.5549739490276319,-0.5592748094730237,-0.5328163490681859,-0.2579425262284332,0.05079370048160283,-0.5075011939582309
-152,-0.027928352215600895,-0.24640105487530256,-0.5776759658997159,-0.3841917931191403,-0.3343780579650701,-0.11481654511843567,-0.47636077223196505
-144,0.20420908653053046,0.23202854982654758,-0.12330942638978673,0.34760727081886433,-0.05694552486999233,-0.04687392032080956,-0.14655580710812685
-136,-0.06756158037406501,-0.014263615368907924,0.00408308185180835,0.3702548356314469,0.21057868438364952,-0.05395125784857107,0.011977057781193194
-128,-0.13267332803183116,-0.5210026068264965,-0.40215740162803215,0.09989966271997788,-0.1390429129136881,0.315486973751003,-0.08285957077749126
-120,-0.03642119726917611,-0.9810310648330249,-1.0603518883640672,-0.23839815521212201,-0.9812487802370284,0.4343866092654375,-0.6179079763602986
-112,-0.6139338145871743,-1.2329850142625758,-1.169343257665026,-0.9546270701724285,-1.289821744485637,-0.3625241982249112,-1.096337562207618
-104,-1.5608846514925852,-1.1678733619418302,-1.1693432489980244,-1.7529532912200436,-1.2360337877491108,-1.5699218627609302,-0.9208190116206743
-96,-1.972787007397067,-1.248555276215404,-1.3349534684450042,-1.9001623934699183,-1.4030594902414257,-2.0129646507312584,-0.7382230962885417
-88,-1.0555610465268885,-1.0362344334542377,-1.2245466709897226,-1.1995037199353313,-1.3124692597290495,-1.0178877456315458,-0.5726128944796708
-80,0.5141974190247115,-0.20535233454834345,-0.4375441982886014,0.08857588989300476,-0.3258852300934457,0.8236414090243392,-0.18194261608496184
-72,0.8977903749448723,0.6481773452877151,0.4386330183823497,0.7113836436785371,0.7597818586864218,1.4407872288039014,0.01622349414477333
-64,0.5594925647674583,0.9171170222293731,0.9977444807941817,0.5047246886993312,1.2693518153223649,0.6183979758638973,0.27525483842594095
-56,0.6911314455105142,1.3644062067254834,1.760683963113294,0.6575956103074679,1.706732664421037,0.25320619780985504,1.1811570170418806
-48,1.03933761298095,1.977305602913889,2.2546837409692158,1.1048848676368053,2.0181365527937793,0.5815957171412618,1.8860621248113112
-40,0.5141974483708756,0.8760683534482676,1.1407071466804761,0.38016315582361815,1.0060740108053488,0.3876760076947827,0.9759135799280703
-32,0.10087961504700757,-0.4714610599963871,-0.15444976631171856,-0.11100569243427354,0.04496844608213878,0.35512018670420054,-0.02907164642818305
-24,0.5198593665633695,-0.21384519541539612,-0.021395358884212994,0.7396930657104944,0.2785213490190741,0.8236414414115567,0.045948376870323736
-16,0.6118650427161242,0.4330256040993159,0.738713082382265,1.4573373857131193,0.8687732241860645,0.796747440083341,0.5045613712942583
-8,0.40379065745385934,0.8095411742910205,1.3247185473387344,1.270495067621046,1.147621212652892,0.5631946171261077,0.8074723825303127
0,0.5722318131891863,0.7543377261462634,1.41389329906325,0.7665870492485476,1.2410423697222444,0.41032353555856743,0.8725841269949731
8,0.19288527067265304,0.17965606503551174,0.6240598440018233,0.31222044085876105,0.6507905579612155,0.10458158788211283,0.269592995195411
16,0.22968754916213574,-0.021340924310768564,-0.26768755388199095,0.8769938185740859,-0.059776476211553436,0.4542031876122931,-0.5966759485717473
24,1.5021969241030169,0.9298562700428895,-0.34978489190035944,1.9145348960273507,-0.26785085006986903,2.0027296784417223,-0.6405555948474722
32,1.6621453488242681,1.360159820083125,-0.29175053681341984,1.4545064219032393,-0.03712893283839673,2.720374025053564,-0.10126071063044301
40,2.0202597467758032,2.389207988164536,0.9142316705262171,1.6583344319270967,1.248119718045745,3.7267746784997695,1.485483506609637
48,4.960195213240491,5.358868461125641,3.4946372345546064,4.916751112888335,3.6416830521726054,6.542148660745594,3.7021128071042213
56,6.361512633446994,6.237876636284626,4.7742240166633705,6.435552713237526,4.437178295421496,6.863460851824452,4.271132589708225
64,2.0004431612824716,2.292955864852461,3.098305095747417,1.9201967676917295,2.5248755967095375,2.001314193875862,2.7749785990271505
72,-3.4576172200813766,-1.9039187901704524,0.8222259423714519,-3.6327002169900635,0.27427495006044944,-2.7872279099827653,1.3184578077665858
80,-4.3352099337865075,-2.464445730761934,0.1711088270709219,-4.422533660951645,-0.2565271182971157,-2.9188667744561863,1.0707501607422172
88,-2.9480472410936933,-1.806251238704056,0.1696933426571135,-2.9603510180976556,-0.06685381784473751,-1.5996468447768712,0.8612603757594773
96,-2.950878203839204,-2.0582053341041657,-0.04828932797726309,-2.787663393763582,-0.09516329932928623,-1.8742483387959996,0.2058967428992456
104,-3.320316427075881,-2.2450476161597575,-0.1502033550368282,-2.8018181313127513,-0.1800916061752723,-2.5154572359316947,-0.2909339453960699
112,-2.5347293884591373,-1.4835236100436102,-0.30307433503318815,-1.761446120764247,-0.4419539294715857,-2.1106321620557513,-0.7000053724627857
120,-0.7498190897272746,-0.28886519529779264,-0.19832945531424195,-0.4422261684290843,-0.8481943725054175,-0.5649366732014219,-0.4183264653457205
128,0.9614866210068789,1.0176155597053391,0.6679395133895534,0.6816586747391259,-0.6486128496307312,0.9736814515159314,0.5243779715366979
136,1.9579789855837628,2.0169388517515157,1.8555205456000206,1.5847299579688867,0.3747734423767737,1.689910323141228,1.3878159326394457
144,3.064878108994554,3.7296600756374323,3.207296422169524,2.9917091224196386,2.2021478959761294,2.758591739756159,2.487637729318213
152,5.084756817428902,6.42047248091227,4.925679532012769,4.7596337511153015,4.088972208995132,4.843582161028212,3.813935095815682
160,6.1138050549983785,7.490569411439229,5.769300843303907,5.294682219039703,4.558908911623657,5.572550317871982,4.44665113178022
168,4.927639396355329,6.399240401881969,5.048825560707826,4.1821211867116315,3.5425999737176537,3.949003820317787,4.340490701808661
176,3.5518005443049754,5.954782170552053,4.687880197882042,3.2365857875398607,3.17316175245766,2.149938813534974,4.350399010748935
184,3.6806085228194814,6.695074111778798,5.490452867153344,3.5918692861518458,4.190886205948269,2.134368528622193,4.939235404087012
192,4.415238526695097,7.156517975283801,5.919340955435618,4.100023769169719,4.748582211163719,2.9737435034483535,5.157218141016351
200,4.562447669999192,6.638455173138126,5.55981102715037,3.855147134764135,4.3112013213149325,3.6390153789538977,4.9774531671423565
208,4.386929079422398,6.201074306705448,5.337581902210199,3.550820603381896,3.9290238926874315,3.592304848087732,5.065212408147952
216,4.378436225549769,6.77434047367102,6.01559302492105,3.591869271250685,4.46124139208832,3.0473481008733283,5.938558718636984
224,4.919146599350397,8.184150786219483,7.30650358061705,4.230247187546603,5.701194916540406,3.0034684330061228,7.059612576707941
232,5.246120623624305,8.652671960947139,7.862784126203277,4.625163896678942,6.315509836220153,3.1959726256515766,7.164357500674213
240,5.195163675401143,7.968998982233333,7.453712653368709,4.502017807618977,5.9021919443560105,3.493221801107682,6.193343651643261
248,5.48533538986272,7.595314298912861,7.063042403559901,4.61808660811214,5.603527317025366,4.097628366687514,5.63847859594474
256,6.078418237962751,7.910964567389697,7.346136771826718,5.146057584327374,5.965888195587808,4.5760579277502496,5.6625416109592805
264,6.130790682611883,7.823205341589366,7.714159548358646,5.230985882962518,6.360804914451517,4.645416070565324,5.894679064606574
272,5.7415358551793965,7.136701337332301,7.690096537145421,5.18285989550818,6.3622203838121125,4.601536459565818,6.424065599133213
280,5.700487241441356,6.543618542906862,7.394262850512652,5.454630544318507,5.9474870853851245,4.66664812374667,6.599584147895525
288,5.747197802870107,5.930719140484296,6.696435109465094,5.649965614712032,5.371389918269086,4.4911296408231625,5.976776428321842
296,5.500905584456219,5.27110918742872,5.9943609819272305,5.750464278847867,4.996289795238287,4.225020791452197,5.16712637149745
304,5.628298127061717,5.063034741649496,5.803272222605893,6.185014203214194,4.980719623300635,4.468482008347144,4.915172370826151
312,5.622636243081071,4.805418849242867,5.617845375394941,6.400165895137528,4.781138083243997,4.727513452678965,4.908095038772285
320,5.346619169615217,4.256215678285254,5.0304244880621525,5.955707700148197,4.355080975953553,4.5576567691948195,4.666049290021511
328,6.047277913246084,4.404840262516094,4.939834299668365,6.5813463362433815,4.604204057518457,5.160647909661383,4.654725536961384
336,7.614205485236137,5.2597853679215785,5.412601879436747,8.622457057108964,5.285046137805031,6.683695878862773,4.758054990806797
344,8.283723737956773,5.399917154235171,5.036086306508098,9.795883432814332,4.942501888070928,7.22865262394844,4.1692185770936625
352,7.762830008493859,4.648301428777503,3.8131184596948473,9.221201825226117,3.6983019137225774,6.5732889410628825,3.137339453717323
360,7.209380462145782,3.9603820065536435,3.3870614110967328,8.53752870373486,3.2411043986947132,6.086366603370272,2.742422708396448
368,7.297139634423575,3.9603819925647983,3.9801441272150493,8.769666123474408,4.203625429737464,6.583197336673174,3.1939583423326687
376,7.652423133795824,4.305757205956725,4.253330340875046,9.199969737224711,4.8901294297370566,7.002177064925476,3.410525551209084
384,7.813787016625772,4.172702800505905,3.5625799356826695,9.514204536340953,4.325356062057208,6.823827549312234,2.741007279633915
392,8.101127812589167,3.8528062116816724,2.7713310047223856,10.122857527640688,3.5199524215254425,7.020578190485479,2.016285577247992
400,8.413947132005234,3.675872147182703,2.278746711128221,10.602702579351396,3.18590101243539,7.5174089333677,1.6043831590019173
408,8.319110528383186,3.493276230482095,1.8470277317172419,10.251665483499343,2.659345432899575,7.442388861108235,1.4048015848854836
416,8.112451589065405,3.5314939681446442,1.4110623513709528,9.719447906247485,1.7322111906106559,7.2088359759614615,1.4076325813866861
424,8.156331254043605,3.709843458669199,1.5483631661199801,9.821361944711,1.1759306435039039,7.460790072577992,1.6383544776348897
432,8.27664637792522,3.6603019344949366,1.777669608669014,10.11719559713192,1.1589449625199122,7.9547898075550645,1.8039647408730377
440,8.460657801847535,3.4409037475156916,1.4733431498158949,10.408782882373224,1.1957472216987066,8.259116241623596,1.3892314170532547
448,8.35449733568744,2.874714885842716,0.5405469768661625,10.244588025089708,0.8716041484622512,7.742468972700635,0.2511918640094609
456,8.204457294108165,2.7416605520087014,0.011160473510319008,10.299791605520284,1.0216441810704195,6.995099737585244,-0.6773578290896295
464,8.755075959667117,3.8032646473655056,0.7372976210804618,11.357149132987955,1.9402856201202465,7.439557954774262,-0.43955856216618167
472,9.687872081983313,4.955458845206342,1.5554404774946835,12.762712907145504,2.5899872985994516,8.608737826148507,0.16484810893820057
480,10.552725499826284,5.63630090481375,2.1612625136515327,13.522821464428162,3.004720603412651,9.491992567828156,0.6914036454431116
488,11.397762392084676,6.278925332587266,3.228528514428407,14.137136286338047,3.8554193065143547,9.942112502652204,1.652509222482587
496,11.359544508451568,6.2109826272017274,3.6107059947538125,14.186677811424625,4.151252990106071,9.368846381454484,2.132354283012344
504,10.068634020419003,5.1168227029476,2.5986434323903245,13.00051224644602,3.1009726957059813,8.317150697217345,1.4656669094082513
512,9.212273449910397,4.44447345311755,1.6460307022290572,11.924753359105187,2.230457371074466,8.060950187957449,0.8371972713379695
520,9.69494940901944,5.11116085226649,1.9248787322062622,12.090363769986476,2.7513510584187926,8.737545788393378,1.0042230050010807
528,10.222920530444972,6.045372377040107,2.6623396798208065,12.346564091613377,3.720949478839265,9.190496924685622,1.2080509969306696
536,9.811017992685501,6.20956713092781,3.3049639888411875,11.68270768835743,4.083310291562903,8.893247852625327,1.4699133022847692
544,8.890961209566473,5.664610381584666,3.195972670173766,10.407367375151516,3.4095455672024646,8.154371354149966,1.6213688839291287
552,8.653161875587802,5.204581951859934,2.31130261240261,9.885058177696477,2.196486062629023,7.8995863343216195,1.3991397214319488
560,8.998537119694367,5.227229564265,1.7819160844142343,10.03651364940676,1.392497909095963,7.848629356752292,1.0282860212320437
568,8.610697773178478,5.009246856681828,1.7932398155787772,9.430691672094293,1.3174778736332438,7.249884739319327,0.8187961732995006
576,7.5462628251622945,4.503923267377556,1.9050621062669222,8.193569000605699,1.8228014170176092,6.117507013236428,0.5427791050034374
584,6.981489390883376,4.5831897577542815,2.07350326489125,7.824130825265612,2.6890702721380633,5.418263748089319,0.2865786378621306
592,7.1060509953758935,4.815327211705679,2.15843159591361,8.061930090364427,3.055677584023031,5.271054760183047,0.1889110999284207
600,6.542693149362758,4.23215264380797,1.7380363688024942,7.563683927994882,2.396067594474815,4.886046284420806,0.28799413702504784
608,5.386252407961214,3.027585905828927,0.9821743239097449,6.378933738560374,1.1306355558452743,4.18963405363601,0.2568537641076875
616,4.861112238029296,2.302864206940216,0.38626056658674246,5.70375361888899,0.15254440000119893,4.237760101759359,0.024716328554662454
624,5.34237265053499,2.1825491031295554,-0.039796527931276214,5.549467175614142,-0.15744404607632237,4.854905876379279,-0.5174094898219758
632,5.595742283111185,2.3495747184956928,-0.41489666419065724,5.30883695993403,-0.10224063153520482,5.156401429962794,-1.1317243850212453
640,5.231965856120762,2.5604801140959546,-0.19832937092501304,4.908258274829181,0.5460455911160915,4.6524935076875815,-1.2761025196599245
648,4.753536313152294,2.986537222602819,0.9482029417187584,4.799266931225123,1.7166409861337355,4.121691366192684,-0.5216558927339701
656,4.297754293029874,3.3871158184527523,1.9956522942045516,4.408596763524754,2.6522680722598104,3.603628597194489,0.18324915634313213
664,3.697594133098983,3.2526459348222816,2.288655063251451,3.4814625005566713,2.8660043449999306,2.5349472301487275,0.2851632118365452
672,3.595680181609593,3.289448236423769,2.539193579660995,3.188459710982662,2.754182021924568,2.482574765276591,0.6687561017658497
680,3.6324824921821883,2.8931160833236294,2.247606369077552,3.167227615226569,2.1695920719444937,2.764253679844236,0.9362803359561291
688,2.9261618990866323,1.6092828747347065,1.003406345464137,2.6251018271084114,0.9791800579819334,2.089073492509417,0.3884926567108515
696,2.524167842847212,1.1209450105096987,0.44146398523328256,2.340591978685261,0.7003320610001565,1.5257156183665368,0.12521484291862248
704,2.600603325774942,1.929179611962341,1.2525295039676885,2.4410903971039892,1.7859991614880804,1.704064993939276,0.4833292831407985
712,2.0754631499129705,2.2830475375138146,1.8017326574392467,1.889056358129675,2.2601822639875455,1.517222770728066,0.5399481364799258
720,1.1511599070142537,1.5710651013397818,1.4422027889106959,0.7637560577650835,1.7208874095728393,1.0118992136589586,0.051610273775444214
728,0.552415252784545,0.9893060745715255,1.0770109360467413,-0.42382495407032633,1.23821143130516,0.6934180250113575,0.10681369105351025
736,0.2990457138727933,0.929856257726624,1.1661857149886838,-1.3990852467633865,1.057030994608835,0.40607711318383205,0.4153866189615315
744,0.2763981394808927,1.0968820152620038,1.2284664348223986,-1.2929248917537914,0.9919192880052882,0.3253952425493736,0.2667620757849099
752,0.24525774816515994,1.0600796972388278,0.8788448509056956,-0.6191600934957604,0.9692717075312816,0.2914238524516484,-0.23997696128847845
760,-0.13691968076644606,0.659501133928166,0.5504553154567067,-1.158455071073126,0.7923377470363347,-0.09641540693806329,-0.6561257807739679
768,-1.1220882165609767,0.22636667953064363,0.5023292747839371,-2.5399558191162814,0.8277245471941154,-1.1481112391224457,-0.46220608029859617
776,-1.8439790267538239,0.1315300345502711,0.9397101173443452,-3.1231302031823205,1.1023261572294276,-2.031365810503109,0.2809168078601826
784,-1.7831137510399622,0.3764067089457056,1.4436182158485966,-2.845697812560589,1.2155638620830505,-1.97050039626927,1.2080509938896167
792,-2.1978470480984766,0.01829219923546212,1.007652827291464,-3.189657533327862,0.7626128060746136,-2.1375261550210705,1.0948132467653537
800,-3.4363850676096397,-1.2287386872248613,0.001252134615669358,-4.295141172172793,-0.042790817427251306,-3.4595770375624753,0.15069332516502182
808,-3.89499805215015,-1.6491337860035278,-0.2591947441046335,-4.758000467481381,-0.08242402612297434,-3.889880578023391,-0.38010869544800635
816,-2.887181914442188,-0.5521429855218583,0.5051602320555518,-3.8421901068891424,1.052784570409468,-2.573491553917785,0.09690541130734757
824,-1.7746209617897148,0.5236158343075863,1.1562774095456207,-2.715474267675887,1.8213859449200676,-1.4184663767576966,0.481913832330629
832,-1.577870302218096,0.6085441469315739,1.1152286893707148,-2.5229700852179624,1.3500336940156143,-1.3137214339368946,0.4267103965021379
840,-1.6217499484938211,0.3962232640285038,0.8094867140206751,-2.8853309298726604,0.558784781453701,-1.3434463116447064,0.4196330284117906
848,-1.873703993564498,-0.1614727839137454,0.5136530336220654,-3.3212963874617025,0.11432660927226995,-1.5302886815867403,0.37716886366087415
856,-2.454047522842417,-1.0093404909704038,0.042300851445417134,-3.648270444578989,-0.16735231609111464,-2.331445785856322,0.0006532875391152854
864,-2.952293670462851,-1.3264062265270455,-0.39224911230255155,-3.82945095806191,-0.10931801361439741,-3.104293607526241,-0.6476328981633838
872,-3.1447978454701944,-1.2159993880175441,-0.4092347452379004,-3.8549293712763997,0.17236095934147158,-3.308121565700139,-0.9038333546610043
880,-3.0527921531998565,-1.1268246390299763,0.023899718738940364,-3.69781193667014,0.36344967532780137,-2.9783165871956663,-0.6476329294862329
888,-3.1249813280964567,-1.0702057882757443,0.4527877840612613,-3.7374451692381307,0.5856788125842389,-2.9117894243080533,-0.19468183029483963
896,-3.599164382091122,-1.1367329511633564,0.8094867103714118,-4.416871800387112,0.9593634060415875,-3.4156975054783016,0.21297414079191576
904,-4.271513703537978,-1.4141654894282247,0.7500368792335603,-5.311450119810165,1.096664243598514,-3.939422226120576,0.323380917263929
912,-4.3748431406576,-1.709999140936829,0.23055866094572197,-5.396378481851268,0.704578449771252,-3.66765143650948,0.10539823705023467
920,-3.9756799940973093,-1.9194890683929162,-0.27476489566722717,-4.680149578294911,0.3776044113564434,-3.2302705901477546,-0.20742108905614812
928,-4.377674022359039,-2.4573684429553935,-0.7078993164611109,-4.7806481162270344,0.1284812621281038,-4.055490925498717,-0.8443835452666836
936,-5.668584654081372,-3.049035702941696,-0.9980711518045591,-5.716275140011514,-0.19707726009388915,-5.383203691564604,-1.3015809898941637
944,-5.964418244768909,-3.064605939805834,-1.0405352405291435,-6.3872088956963875,-0.587747579846923,-5.575707822172569,-1.1005839563005577
