-240,-1.2664527743911511,-1.105595326982439,-1.3280748234703563,-1.0345699015646603,-2.1945846675178755,-0.08729786953817201,-1.2811247007921338
-232,-1.486664860122479,-1.6309831185266375,-1.4130385122835059,-1.3778926053657554,-2.508430165818965,-0.6456308322672089,-1.2447117047384382
-224,-1.1554797926774387,-1.0206316472962502,-0.4038777375235581,-0.9183949946998984,-1.2409103390044318,-0.709787140478595,-0.3257164992392062
-216,-0.968212864161111,-0.22821497451514042,0.45963104016935574,-0.23348346516633298,-0.06875790881279613,-0.29363832871357987,0.5065811328589919
-208,-0.5659356744816669,0.024942287430167083,0.5185853783399441,0.3335192257896642,-0.030610963537429668,0.27163037409146257,0.7233253141865131
-200,-0.22434685042557803,-0.22648095022886977,0.09550082519507172,0.4861071009547092,-0.49010854477349397,0.6895131727035803,0.3193141590803863
-192,-0.9196621866753469,-1.0310352765023711,-0.8720451479419488,-0.45542947515988563,-1.3813605433544862,-0.04741693629811581,-0.311844862997532
-184,-1.6548583725324044,-1.2876604320481426,-1.2552487928062104,-1.5530219167112738,-1.9778405484027008,-0.6560345352340775,-0.6274243326857687
-176,-0.9612770398935447,-0.19353589657694129,-0.22528057523214956,-0.8108899617209454,-1.0016247628471597,0.35139231284220623,-0.07429321873933077
-168,0.5125832682618728,1.2231039913371202,1.047441188654361,1.2715879815057494,0.40981326212819924,1.4611224490504426,0.5724713323637844
-160,0.911392507902705,1.391297473572194,1.1133313894630052,1.8784716455624086,0.7444661576085937,0.9721476243164104,0.2759653244167567
-152,0.28890335989686156,0.6196882303804159,0.5047138225645401,0.66123641490793,0.3855378413357985,-0.0526188381661018,-0.18006439078599218
-144,-0.2434203686049353,0.17059431187808508,0.38853891886627434,-0.08609742649042836,0.32138158099439273,-0.46183180349807307,-0.08643088657408952
-136,-0.009336662091887748,0.2867692040279506,0.5758059047520732,0.44969415798640017,0.389005785041417,0.3808695164795678,0.4337550660595297
-128,0.5299227792912952,0.6959821719676254,0.5480626123384212,0.9265312942103126,0.3976755449333439,1.0692489615928091,0.7476006466895343
-120,0.176196334711634,0.34919148888438944,-0.031077738815488698,0.42541874110555417,-0.1762630284047474,0.08436355472613964,0.10950585100799784
-112,-0.6595691855853566,-0.42761954497545984,-0.8633753545224092,-0.7536694323285842,-0.9322666637814387,-1.229973154579504,-0.8164252489805218
-104,-0.4653663936859139,-0.32531628180295225,-0.6327595974891805,-1.0605792296692154,-0.5785401858604298,-0.5866764251787504,-0.4783043822273611
-96,0.340921905464851,0.22087894398719105,0.019206831640062382,-0.3878053234531901,0.21387648841079598,-0.03354541777561491,0.07656072005629555
-88,-0.20007157361564726,-0.5177851092070342,-0.41948328219497377,-0.5247876623287222,-0.29937372265670187,-1.4692586977679571,-0.5199192320927979
-80,-1.113864901088751,-1.391697665303946,-0.8945865183710474,-1.1940936321034452,-0.8178257582924111,-1.9374260629240703,-0.844168488308787
-72,-0.4081459335839515,-0.6287581652402878,0.11804218631094505,-0.6114853022261879,0.3023080566683066,-0.08209600697199902,0.09043235369026714
-64,1.0951915765324463,0.6491654658690098,1.3890299817905405,0.5676029306263303,1.7432232677721626,1.0380378607015768,1.2695205844938755
-56,1.4870650813126791,0.8815151644870639,1.205230945012031,0.6508326754332161,1.45365307328936,0.507448107125954,1.1134647700935605
-48,0.6911804512286416,-0.12070980481803428,-0.2564917236208343,-0.05315236017251246,0.073426243268813,0.21267600947131332,-0.1471192849799988
-40,0.12070981358679436,-0.8472362626343966,-1.260450692625286,-0.3149792419388319,-0.19707050213876845,0.013271435471968329,-1.1892251823097464
-32,0.4657665806034437,-0.05308564417064179,-0.4836396433054828,-0.09129929278189182,0.36993227449890503,-0.7479340749506193,-0.30837693791836507
-24,0.7588046336689815,0.6717068076133726,0.12671201605206503,0.31791366137420896,0.46876761054333604,-0.19827086205522637,0.2482220772653815
-16,0.392940471521937,0.33358595855534046,0.0053352605909678715,0.3421890944600682,0.3577946059190883,0.644430443766312,0.05748721472919003
-8,-0.34572362171915877,-0.4675004664808511,-0.46109819464528795,-0.4138146668314361,0.2520234316372525,-0.19306900693963333,-0.45402896553277977
0,-0.5537980425959598,-0.783080030232668,-0.7159893341004278,-1.1351392017319226,0.14798622054692628,-1.294129365374549,-0.7678745470941066
8,-1.025433297813512,-1.0605125436559324,-1.0072934915884755,-1.653591233456077,0.12891277426567183,-1.3270745179329348,-0.9742149667814376
16,-1.9565661908915406,-1.7263505667448045,-1.272588359342458,-2.4460079054921287,-0.08956534641150102,-1.7397553653169713,-1.1805554557591673
24,-1.6652620358249313,-1.5390836166217927,-1.2188357747733018,-2.296887897477986,-0.3028416330209719,-1.9044809584219298,-1.0782522296532981
32,-0.007602743976391557,-0.434555330313742,-1.0731837231307653,-0.6478982561841035,-0.22481370831194997,-0.08382989863793448,-0.3031750444322828
40,1.2460455767953627,0.40467803571373173,-0.5235204858347204,0.9768158568427541,0.6126857219048987,1.5790312172200245,0.5880768951028587
48,1.1610817933598392,1.72074860241264,1.0127620667577368,1.209165715648291,2.183647436627115,0.9808173842083375,1.3856954889371995
56,1.187091152756833,3.8448413459584123,2.474484714901504,0.8641089858845448,3.293377565384771,-0.08729791312406834,1.930156810767949
64,1.8668008214006064,4.165622728504242,2.6860270906597945,1.0600457076341487,3.085303147860731,0.810889914381103,1.9648358663544059
72,1.845993371322178,1.8438593195751298,1.5225444525838472,1.1033945419252493,2.2287302197673573,1.6882703327860393,1.2105661369860177
80,0.4761701977023714,0.09083248581737251,0.41975010394906764,0.2624271318674661,1.555956319325532,0.8230276023324297,0.3609290413558484
88,-0.7202575187986859,0.05962130893021793,0.452695214784203,-1.0259001517310165,1.3860289152496714,-0.1809313750539262,0.47190202623605737
96,-1.790106662162221,-0.7900157852098348,0.36946546140914927,-2.485888778568747,1.1588810466014998,-1.2785238018904161,0.4649662792682648
104,-3.648904691435971,-3.529662059061228,-1.0541102349399947,-4.384567682595493,-0.05315235110286352,-3.1147803765435067,-0.8459024306386713
112,-5.310031885453142,-5.626011603884397,-2.456878464633169,-6.019685677589419,-1.421241476222013,-4.723889021267397,-1.8810725502669805
120,-5.173049631700495,-4.51974939573556,-1.8187836248069427,-5.5289768481268915,-0.8195596965244757,-5.036000593816144,-1.109463373944163
128,-3.4217568117981934,-1.572028821147978,0.2567584865153413,-3.5470682749166516,1.1033945398190277,-3.830903004919393,0.7406648682430391
136,-2.400458312951601,-0.3825367335230109,0.7717426028460839,-3.1708003274738217,1.4484511958220259,-2.984733849828346,1.2851261351257564
144,-2.9466535609072224,-1.2841925226151947,-0.16979401014888543,-3.749940787592473,0.6178875788831362,-2.9604584618185004,0.24475415553897634
152,-3.068030335553564,-1.0466409202665095,0.012271015568134458,-2.1460340095325727,1.3756252117240089,-2.181913491589232,0.06268910206854317
160,-2.110888045453108,0.11337394006550292,0.8948532680407743,-0.3392546098321102,2.710769218371178,-1.5316809669781772,0.9504731565713886
168,-1.6721978925025234,0.1099059669300911,0.7422654006988381,-0.8403670871272112,2.520034360864128,-1.9131506598267989,1.2435112901031966
176,-1.4675913885092504,-0.08603073544800288,0.456163118256686,-1.2391763703539393,2.0223897786596075,-0.975082018849655,1.0302350144833325
184,-0.12897940965799157,1.4675913920626038,1.4063694732621888,0.5381257074311948,3.204945906602707,1.1507447586681407,1.6249809965491295
192,2.0072510428869954,4.3095408279448755,3.3085162343815533,2.721172981558797,5.19032246542808,2.0853456232052006,3.0190794814378026
200,3.517524297363482,6.301853223145009,4.924560788309631,3.598553327320573,6.230694411114718,2.170309281284706,4.182562137953938
208,4.49374006671401,7.004104254953563,5.37018676049864,4.066720745189545,6.265373528354731,3.1950757460023924,4.761702528223397
216,4.824925143099747,6.634772233478723,4.914157075470743,4.1013998266667695,5.67582935614225,4.212906297790603,4.749564865231515
224,3.9666183136546835,5.656822561658919,4.289933861082849,2.9483208550498476,4.928495509528485,3.423957570764022,4.068121201731266
232,3.234889988429272,5.176517467387022,4.1616213487819405,2.1455004630968557,5.044670384542015,2.4043929853763135,3.6450365776196127
240,3.2886424781897894,5.063810563832522,4.184162719956097,2.4766855197385533,5.694902852528658,2.3523744258384864,3.601687748730184
248,2.8516863478490935,4.288733398541809,3.5599395286650037,2.3535748198986632,5.36371782680687,1.8807391493867793,3.258365045115352
256,2.25867422801944,3.7789511971175678,3.322387930972931,1.9443618143335553,4.770705828421678,1.4385810056056534,2.8456841465085754
264,2.166774697802388,3.8379055615514526,3.4402967643350935,1.7935079280645225,4.781109494321909,1.660527081350581,2.932381762750447
272,1.9604342963689798,3.8864562286064044,3.497517215682623,1.5455525940642334,4.755100224890677,1.6102424276347918,2.9739966992288833
280,2.1320956537643307,4.692744517326355,4.262190527877269,2.1663078766674384,5.448681463279692,1.8651335892554086,3.726532421447337
288,2.7615206515559785,5.720978911034764,5.104891927576122,3.0748994654402715,6.423163267017275,2.2535390663247266,4.695812312886121
296,2.302023087828778,5.1227649020031105,4.565632475948391,2.2998222621515976,5.795472140588727,1.925821926939086,4.055983499623837
304,1.9829756088698143,4.269659885019065,3.516590753978548,1.9131507467836713,4.67360437771019,2.4720172359894663,3.324255281873048
312,3.2591652302214724,4.826258983649315,3.665710692516027,3.614158848522662,4.690943920218315,3.8262346520375177,3.650238472409547
320,4.476400483041427,5.417537020333112,3.8130966944978213,5.185120621173141,4.86260526662406,3.862647753144401,3.546201230771841
328,4.35502382034006,5.147040312550962,3.3327916236952517,4.945834977960643,4.321611864470806,3.1812040669198782,2.977464599721135
336,3.987425683453105,5.036067290790379,3.4177553478986598,4.170757974533794,3.9800230677956008,3.406618016148703,2.9115743720904
344,4.4122442631194225,5.554519347287715,4.158153416997251,4.165555996297357,4.541823936791088,4.620385362888472,3.8201658574864283
352,4.774640487521314,5.568391038849951,4.459861310420988,4.736026750354526,4.982248060383763,4.81805606533845,4.102800261043014
360,4.6567316914120545,5.205994772352279,3.9414092436791037,5.358515971748588,4.853935558141139,3.583481254922944,3.7178626045584684
368,4.674071155689083,5.209462599642576,3.8772529812887884,5.485094494780955,4.8123206542589925,3.555738065327303,3.7664133520796916
376,5.178651575385951,5.703639312833549,4.681807347981689,5.360249924136755,5.235405277811852,5.275819630111354,4.678472767397763
384,5.341643296755275,6.102448567375541,5.097956059163866,5.259680519847629,5.450415459998813,5.664225276495115,4.92816206738353
392,5.357248859680614,6.275843920558692,4.9783132765800335,5.648086113332269,5.332506626077858,4.651596475328105,4.5727015860378755
400,5.411001391536914,6.438835555873811,5.207195163554011,6.059033004789111,5.374121513941255,4.474733286472757,4.622986261546613
408,4.495474038659952,5.629079332016409,4.829193310102878,5.0741475614145966,4.767237824180093,3.9007947094093725,4.385434695146979
416,2.801401591874085,4.075457099825146,3.5044529827669826,3.71299419276273,3.5950854280748636,2.3801176267962605,3.42655849903822
424,2.1997198114314904,3.5223260818049313,3.055359117350039,3.44076361119604,3.2240193800785804,2.326365070725576,3.100575264170767
432,2.700832290402972,3.7009232262149476,3.336259529030381,3.8655821860194792,3.5517365529918337,3.524526829766826,3.518457988090814
440,2.9366500396424753,3.470307549834253,3.0987079806984044,3.7719486674652076,3.185872431077923,3.840106381597714,3.4109529130160823
448,2.740713313049995,2.8495522091165175,2.5941275215134594,3.3714054035381054,2.409061353073384,3.3043147924642726,2.7676562245935212
456,3.1083113797152273,3.3055819114670166,2.907973045519051,4.123941203801391,2.6379431921773806,3.47597619884719,3.0156115856021652
464,3.845241543851219,4.056383659504356,3.462838074973283,4.734292727558372,3.258698521532979,4.316943510557311,3.570476591214539
472,2.907172831162238,3.4685735339298853,2.9478540243939126,3.22575334779775,2.7367785479658497,3.632031929242211,2.8422162421047696
480,1.5286798881510129,2.7264414714649314,2.44153962064391,1.8992790833473776,2.5425757497334143,2.069740017997817,2.318562312424184
488,1.7558278432259193,3.1911409728229043,3.0206800280497044,2.8113385273501854,3.49971796104398,1.939693530211941,3.171667356975377
496,1.8598649725461236,3.185939169861377,3.1593963044122435,3.076633315196691,3.5448007546150344,2.1096209693055306,3.407485019043089
504,0.6356939271235695,1.8247857309877866,1.8363899780795552,1.677333057893869,2.1767116404854905,1.2807913071762473,2.231864666193724
512,-0.4653663841864232,0.9248640021309251,0.9104588888943772,0.6629703835011099,1.2004958929279095,0.7519355410065223,1.4134387316182255
520,0.02187454385253109,1.7658313710242506,1.730618779397068,0.8328977832928871,1.5906353371002928,1.379626637819009,2.157304654456675
528,0.8905850522363414,2.672688968665897,2.7813945042327615,1.1172661582366215,2.142032518961395,1.3466815074260996,3.185539058037103
536,0.6218223245957726,2.2149252558127044,2.2612084713191365,0.9958893953249426,1.5767637757369535,0.4155485590275093,2.646279501356185
544,-0.20700736472812978,0.9647449566051364,0.7214579850793458,0.6456308322385527,0.4531620342069519,0.10690487579514193,1.177621054276824
552,-0.4150817785268792,0.6456974826753138,0.291437536513863,0.931733137218712,0.29363833514686943,0.7449997156213681,0.9331336362287402
560,-0.22434691431430717,1.1641495645046234,1.0977257831380343,1.4935340965524895,0.8086224535265221,1.0952582576598684,1.770633134804666
568,-0.7896156841745743,1.1468100793659683,1.1098635539770703,0.7982187195107912,0.8398336509027733,0.3531262309577029,1.8434591088443995
576,-1.3947653367972142,0.9872863397002213,0.7578709809467765,-0.11210676260435855,0.5537313347467433,0.13984998681654143,1.5937698172405368
584,-1.188424853221154,1.2543151356279854,1.3179379167393421,0.2953722596526719,0.9039898704522502,0.8264955737914612,2.162506525963545
592,-0.8607077760478624,1.3254071855917562,1.4878653437257388,0.5017127380133244,1.1033945075952662,0.49010858752836406,2.4572785638272774
600,-0.6456975350013145,1.1832230286672705,0.8844496183455565,0.2260141732529377,0.8190261501603974,-0.29710623907784983,1.8278535638004552
608,0.09643447475078004,1.7415559904649842,0.7526691427812559,0.8537052592620823,0.6577685704239855,-0.028343466733797264,1.4498517215251923
616,0.33051820566447876,2.306824778951704,0.7873482182980156,1.2299731737360933,0.40981320066090954,0.7987522912498282,1.4619894014671444
624,-0.4757701659431822,1.9374927381053557,0.3659975678086851,0.550263441576121,-0.08262952437910927,1.225304763140873,1.0198313336819407
632,-1.2109663117533696,1.2022965248674153,-0.15765636671477784,0.3595285455123164,-0.29590580093029606,0.6201550490509431,0.3678648987784982
640,-1.4225085878601438,0.6769086843356489,-0.2755651631965655,0.38380392402267227,-0.16239138881031182,-1.0513759248603423,0.16846028622239842
648,-1.5872341232231035,0.48790778666734697,-0.10563774850362773,-0.2022722974061395,-0.19533648995969166,-2.0293256320704063,0.3817364959046246
656,-1.9687039486920601,0.20353943444788447,-0.12817917164558418,-0.7484675896927147,-0.39300718756679165,-1.0010912635077076,0.4979114007204772
664,-2.433403449677504,-0.711987894400954,-1.041972591692152,-1.201029422284606,-1.086588479227458,-0.30577592874805537,-0.38640482742339355
672,-2.762854501404442,-1.757561771571637,-2.3632450297116665,-1.511407107637765,-2.1928507045126304,-1.4224419041250198,-1.464923789724707
680,-2.34843969138769,-1.646588765271008,-2.2592077554776706,-0.9738814839735056,-2.0957492945930705,-2.162839893316134,-1.5221441898494952
688,-1.6982072224697238,-0.8905851168557994,-1.4754608273147967,-0.49531037058824606,-1.4403149580797892,-1.5299469756607256,-1.258583337813615
696,-1.8091802123790746,-0.5351246923208236,-1.2431111164032846,-0.4918425231813819,-1.3258740356406915,-0.690713587281509,-1.5377498211339107
704,-1.6947392938515313,-0.5992809386923902,-0.8772470013811613,-0.22307970762396073,-1.077918772793447,0.1606573936816018,-1.1441424367949367
712,-1.4173067776342991,-0.7449330195784568,-0.4004098459720038,-0.13638212639981728,-0.6635039251512634,0.08783140250553315,-0.5147173117846252
720,-1.819583954834021,-1.077852036990226,-0.6622367813825034,-1.072716801764014,-0.9010554688266268,-1.4918000870097718,-0.7193238489329814
728,-1.2768564784756071,-0.4362893538549543,-0.5772730508461021,-0.7068526841341871,-0.7918163979640949,-1.5646261461723878,-0.5164513785392043
736,0.09296657798381977,0.7133217366412279,0.10763845968848232,1.1450093735367632,-0.1329141166276085,0.7328620062496226,0.1788639770820739
744,0.5455283751854523,0.8277626447379589,0.19086826894289027,1.8836734587684845,0.040481156089271275,1.6709308005224623,0.22741466220468287
752,-0.40987985747364863,-0.28023354168981324,-0.9847521002977512,0.9716140605867482,-0.6808434115937699,0.016739338013129035,-0.9672791928052898
760,-1.9964472431546216,-1.8737366231158377,-2.7048337936043176,-0.7727429814278519,-2.1390981327957266,-2.3050241888214194,-2.777526446804403
768,-3.6575744094183826,-3.026815529353917,-3.974087595345023,-2.2396674329056765,-3.266167810767029,-3.8673160335693786,-3.935807196050881
776,-4.156952972137011,-2.948787676356734,-3.632498808541837,-2.55524697095299,-2.839615269026791,-4.042445386638148,-3.283840806409716
784,-3.362802330203929,-1.9014798035845168,-1.9973808023720416,-1.9154181779935382,-1.4264433801389083,-2.8789626975257225,-1.667796324566006
792,-3.057626621969619,-1.6673961315304044,-1.1338720956459072,-1.7368210130944284,-0.9097252866468178,-2.4905571697924573,-0.8667098658159379
800,-4.023438653894342,-2.7407133074477334,-1.7667650449662826,-2.7373120622351204,-1.2374424532270765,-3.680049170618159,-1.5516214041039342
808,-4.0581176845213545,-2.834346696361901,-2.2800152228786974,-3.219351093062703,-1.3848284732765292,-3.8239672750879365,-2.205321854166686
816,-2.4559448009213587,-1.5529552636668096,-2.080610567295495,-1.9847762798532258,-1.0657810665881982,-1.7952418752659405,-1.9174855658784504
824,-1.0809199096491702,-0.5646018093451863,-1.9401603508382468,-0.7068528210386059,-1.0501754470384461,-0.2693630375612809,-1.6990074243396518
832,-0.5780733914902573,-0.30104097556322784,-1.657525927351358,0.01100390538429995,-0.6478983439720019,-0.4444922192666974,-1.4562540166079998
840,-0.8693775644382603,-0.5715376436710354,-1.2396432552128451,-0.08609740171724811,-0.0392806917643894,-1.4397814155269713,-1.284592623449862
848,-2.074475070261037,-1.6500566108152277,-1.5916357494532483,-1.461122369730415,-0.10863883553359392,-2.6084660130266393,-1.7544939830899229
856,-2.7455150080701496,-2.1147561347112065,-1.6072413034378912,-2.662752031871619,-0.2092081375635014,-2.7679897256840307,-1.692071679607033
864,-1.6860695326557527,-0.7067860143259173,-0.5339241712927241,-1.8477940300121343,0.16359182836201314,-1.3634874471176706,-0.3395880684256551
872,-0.5451281966498266,0.3578612983226782,-0.32411585148567196,-0.43635597523445124,0.021407678701843503,-0.48437321416030726,0.25342397410422607
880,-0.6456975662937529,-0.45016100164502815,-1.3037994945063611,-0.44155785698587097,-0.8906517815059761,-0.9941554548863619,-0.6742410704493518
888,-1.458921650037743,-1.89974599312991,-2.2297305702804957,-1.1698181379228254,-1.2755893826699602,-1.7813702354852397,-1.560291163250803
896,-2.358843413353539,-2.7615206757560355,-2.5921268144264245,-1.939693521486165,-1.1039280431560026,-2.4541442206774193,-2.1047525491565455
904,-2.435137317129052,-2.6401440067216746,-2.808870964834037,-2.3541083378359096,-1.0085606046235898,-2.8321458690513204,-2.6821589982137075
912,-1.611509526506639,-1.7731673510745167,-2.448208724299016,-1.7281511814906623,-0.502246173306441,-2.332767321233851,-2.765388778969644
920,-0.6595691555967692,-0.7119878804311155,-1.305533451364878,-0.5646685333564303,0.40287742426332357,-1.0999266027186356,-1.9677702270448196
928,-0.16365845518616537,-0.3738670209422705,-0.4992451578020476,-0.27683226797873106,0.8831824160897387,-0.4340885626796932,-0.897921011783183
936,-0.4792380113011362,-0.5611339228227741,-0.3986758177741785,-0.6912471918030996,0.6872457524546634,-0.9837517385084483,-0.24595459420233995
944,-1.0653142677476763,-1.1524120425805457,-0.887650661320927,-1.180221951344551,0.12371098471518845,-1.6981405063245738,-0.7765442950651049
