-240,-0.4289533582301093,0.006202283107603779,-0.6176875130631604,-0.5926785398203022,-0.6248901081414749,-0.7169897191584683,-1.2395098351371978
-232,-1.5594909875438774,-1.1763539225077975,-1.8037116346307673,-1.5584905411976466,-1.9409606740953258,-2.234198804794309,-2.5746539447886434
-224,-2.1039522704453426,-1.8369900854519368,-2.393255671987739,-1.6417203435602665,-2.660551264058226,-2.5965951195344914,-3.4711077468899587
-216,-1.4571876951278409,-1.5422180757141466,-1.8643999695204763,-0.3724665358590971,-2.2756136241512235,-1.6082416795552348,-3.129518964184592
-208,-0.5173850483046136,-0.5122498646593433,-0.922863295244483,0.8603742865917201,-1.328875125865811,-0.742998999579308,-2.1585051468072023
-200,0.6807767815171525,0.9425370236643804,0.34292261624852033,1.8192504985329627,-0.18099802705960802,0.33378604423398006,-0.8372326894161795
-192,1.431578548367207,1.8528623936482913,1.2151011244035683,1.9597006252107136,0.5923451567856739,1.2857263583331728,-0.034412263190517246
-184,0.9009888502984094,1.689870860778654,1.3243401760808549,1.3146699639108892,0.9165943660630059,0.8123571455120467,0.08523046239637419
-176,0.38947255660134983,1.395098776907588,1.386762499680313,1.0355036182400699,1.102127398815579,0.20547340396934938,0.3591950995417738
-168,0.4605646253778387,1.1280700269871602,1.2584499596259922,1.0580449862477301,0.8767134508906075,0.3008409421532773,0.4216173752712516
-160,-0.2468882367731288,-0.11517437307450643,0.0464166071839057,-0.05688703748612445,-0.16886029887514659,-0.4620985085502841,-0.819893104998538
-152,-1.399967234653349,-1.1659501735335933,-0.6853116694264687,-1.3746915537792332,-0.5971468298839262,-1.4383142730579352,-1.2499135453683827
-144,-0.7826798571990088,-0.21400984620962013,0.4538956065304001,-1.0764515485542898,0.5541981541408373,-0.6146864964053607,-0.17833043359793196
-136,0.3998762342362445,1.013629077539707,1.310468499419781,0.026342797845315923,1.2997980185641111,0.5713376467689295,0.35225937567078186
-128,0.7813460310204664,0.9997574403667105,0.7209244035757505,0.5638683158975957,0.975548774455316,0.760338551701548,-0.020540704993674063
-120,0.17619632978278865,-0.026742841697369533,-0.3090438248016516,0.18066454940260587,0.060021433871812455,0.231482784041705,-0.6135527160448527
-112,-0.8624416681722963,-1.1173995081550225,-1.179488359520642,-0.9065241129997252,-0.9838184314923224,-0.6840446493015263,-1.5030707383958193
-104,-0.6335598441557243,-0.9596097709825981,-1.3771590304919163,-0.6811101334097869,-1.2820584156693753,-0.6094845913708782,-1.5273461191413493
-96,0.7830800543754146,0.15532220637139182,-0.7841470546447316,0.7459333000776287,-0.6404956481562787,0.5210529651134632,-0.4748364380059334
-88,1.2009627242787524,0.5385258719110142,-0.45469594443073663,0.8707780646231885,-0.4185496243791511,0.947605488413515,0.2742313682603147
-80,0.06522331212002508,-0.4845065998128401,-0.7407982168146052,-0.5493296667861822,-0.7757440366925527,-0.04074796721195939,0.1459188416170386
-72,-0.9595430996985392,-1.3896301936573132,-1.2523144229673424,-1.5931695895197873,-0.9872863485621144,-0.9701468630120734,-0.39334063571519556
-64,-0.6526333474339202,-0.7896822938910469,-0.9835516271539608,-1.116332512527991,-0.35439341488795784,-0.45863062165534263,0.17539605270498068
-56,0.04961774807709916,0.15012032052215474,-0.2292819795556941,-0.5874766535985356,0.5333906839458418,0.1933358272179387,1.0614461732598448
-48,-0.01627251680653845,-0.04928432742420317,-0.1911350156538761,-0.5666692363026625,0.7154557970209188,-0.15518878478413572,0.9279317846091892
-40,-0.06308921582710267,-0.5920116963079927,-0.3870716941901127,-0.1331809814947727,0.051351703037149796,-0.12224368829136871,0.11297371588074238
-32,-0.09430029734682596,-0.3891391026071057,-0.05762065978577522,-0.4348888801339153,-0.14805290914642105,0.16906042169922803,0.5620675885620028
-24,-0.3925403439224917,-0.7550033245450599,0.31344540739575233,-0.7816795190724616,-0.18619992557483206,-0.04941770121311935,1.2088322093280461
-16,-0.5537980044977024,-1.016830289012824,0.4174826205349887,-0.5666693238469843,-0.09776828746812805,-0.2800334398061611,1.6648619805964142
-8,-0.1445850812615112,-0.28856979312661746,0.764273274002167,-0.010070257067966826,0.4727023861227707,0.29563900508129803,2.459012507976822
0,0.39814231965977376,0.28016684723731367,1.400634147284123,-0.008336225144851439,1.0345031193314251,1.0134957098975201,3.3069157216268072
8,0.8194929757370399,0.5506635429122702,1.9884443017295919,0.251756664745223,1.9396268390907114,1.4955347397937802,4.021304515519967
16,1.4853310195012732,1.330942561455931,2.8068702612645353,1.1568804051798693,3.219284395393557,2.083344827929082,4.733959264078965
24,0.810823156240468,0.3512589659326923,1.8375903642378173,0.27256413475395425,2.1268938294468587,0.9337338422998214,3.4543017418625253
32,-0.7948175561399418,-1.7346869386947503,-0.6107516880505365,-1.180488688119042,-0.6474315180586507,-0.8834491700292203,0.7632061954157857
40,-0.18619985531729016,-1.1260692756837951,-0.8725786281176486,-0.2025390440526488,-0.980350507158213,0.13784925244891835,0.2967727934511807
48,1.3500827317341013,0.5437277691223874,0.16779329167822227,1.2453119361844773,0.3374539646176767,2.0729411929487602,0.9244639085175897
56,1.0171636638446493,0.22988222574528594,-0.2778326266803421,0.8152914678749557,-0.10297016139643703,1.660260295273306,0.048817479939988154
64,-0.49484360616367606,-1.1711520955181465,-0.6090178064428843,-0.6949818715381506,-0.6370278061510851,-0.1135739172235704,-0.41588201843775235
72,-1.861198817078884,-1.7901733337185142,0.06202215148279279,-2.394256061308372,-0.18966779570596717,-1.8874082098141884,-0.058687639465699035
80,-3.4807111975522,-2.9883351722947116,-0.41481507936349304,-4.107401981942644,-0.6925142415942481,-3.825967965497135,-0.5476624468771311
88,-4.980580791716391,-4.784710675872003,-1.8713357682698053,-5.10789296570449,-1.9270890799494313,-4.989450624434709,-1.726750707483062
96,-6.411092278805488,-6.393819377592836,-2.7937989154257448,-6.196815693557552,-2.4802201216252375,-5.898042198492646,-2.6856269274336784
104,-6.076439230588192,-5.4574845750099765,-1.05290978265783,-5.433876116566649,-0.7254594673545885,-5.2564794540763495,-1.1649498889652583
112,-1.8594649153546652,-0.4099465726158373,3.95821521977106,-0.6481650696995738,3.8279019822223255,-1.0672482381001687,4.274461691038541
120,-0.1966036843852354,1.3482820836612237,5.088752819841298,0.6124189702865594,4.263124241758709,0.10490414049619631,5.5055685242208146
128,-5.022195719440396,-3.740870849437151,-0.765073549131361,-4.820056692689946,-1.8854741790475185,-4.7345594542459235,-0.38467088811672634
136,-6.822039236013706,-5.377722811347877,-3.204745812656788,-6.172540277235499,-4.391036675977878,-6.028088651447058,-2.6665534142834635
144,-2.61546849559706,-0.8191596396482336,0.4556295626438588,-1.2186357598680142,-0.7289273082421951,-1.589168163983581,0.5308564845042734
152,0.2386187033011356,1.9811750443437348,2.1965186756677353,1.9146179065179942,0.814291105311937,0.9233301447346232,1.8087800140994095
160,1.3587524001701516,2.2169926343270783,2.1479680158771,2.98099916391791,0.332252171341903,1.7400221073641795,1.848660910645357
168,3.070164331163351,3.37527343572762,3.242092491557392,4.572768354050526,1.492266834047265,3.2034787265225675,2.986134332375458
176,3.6770480205519833,4.00990032812294,3.2767716549910046,4.84153119568498,1.672597999949581,3.347396762819531,2.8595557519736197
184,3.58861649345893,4.025506057755019,2.418464713414702,4.6265208443698365,0.9235302139861657,3.304048044943751,1.8313214249479082
192,5.241073999296014,5.348512335100139,2.9403846840015975,6.251235088154386,1.540817525502867,5.468021812254133,2.1052860965522444
200,7.276735127086826,7.2385215373494916,4.282464464997442,8.363190234832182,3.0077420499963816,7.642399235406463,3.038152933450272
208,8.311905161219723,8.173122214131922,5.021128640939983,9.356745406619922,3.7377363729147377,8.290897720643823,3.7664133285673755
216,8.552924802082666,8.195663685330123,4.858137019780967,9.538810592710686,3.4603038915289703,8.091493097470645,3.6571742862033156
224,8.140243858213612,8.136709266879528,4.57550262404749,9.15387304332824,3.2435597392587128,7.593848553450348,3.1508598858060752
232,7.9321694930299005,8.134975329392521,4.818256126960309,9.068909297704412,3.420422945436664,7.45513214260483,3.287842231573394
240,7.625259721207508,7.876616284974785,4.471465450396331,8.781072957448377,3.186339253265984,7.253993613050822,3.216750079909196
248,7.339157397787162,7.680679541059703,4.190564961416216,8.38573150616856,2.9279802347390116,7.260929510147814,3.0745659242885623
256,7.4275890504224975,8.003194837064417,4.653530573343426,8.101363229758755,3.179403436076469,7.765509879925792,3.471641259597471
264,7.070394656549283,7.488210676961512,4.317143472155125,7.411249955564452,2.5465104573263004,7.659738554955963,3.166465509453645
272,6.087243067587799,6.08197455869701,3.094706444313321,6.440236121609521,1.2131004751516652,6.69045879427487,2.1087539393024946
280,5.877434773298985,5.695302962117756,2.945586535950693,6.566814654886434,0.7327953516362379,6.801431711168531,2.0810108204873705
288,6.284913759420699,6.135727157422269,3.0860367632112835,7.142487174093441,0.8437683488099038,7.531426120886151,2.174644212754301
296,6.6126311070500705,5.7715970029839525,2.382051703018637,6.930944924808756,0.37560094528329974,7.62679364994312,1.2643187358545571
304,7.389442155438549,6.213755004086461,2.6525483437455604,7.586379165768344,0.606216753539271,8.309971212746152,1.1412080481218605
312,8.525181447642932,7.564504694544643,3.9322059190473873,8.84349536691578,1.9153515144107995,9.414499410578557,2.082744703957668
320,8.894513612168916,8.098562354386717,4.346620726083907,9.313396642550542,2.517033263747222,9.693665826471095,2.4087279384525924
328,8.296299730728455,7.781248834707706,3.956481310223731,9.001285052306667,2.360977514912016,9.419701318593269,2.013386542307069
336,7.604452260698267,7.111942802720634,3.5403324809498513,8.51231025588484,2.1286276948494978,8.71745019048596,1.529613560953965
344,6.763484895716493,6.165204248928394,3.1207158171213587,7.986922357052284,1.7159468456028169,7.675344330781641,1.0926573311480186
352,6.990632752071207,6.63337173385259,3.878453351242036,8.748127830780762,2.407794260871238,8.190328409859484,2.0948823708611046
360,8.34485032812048,8.225140744798749,5.716443888714106,9.954959266081172,4.2821975993780566,10.082071464286688,4.272727735483875
368,8.839027120287607,8.452288811259836,6.1707396753705455,9.124395656592863,4.753833035644718,10.669881597125476,4.770372292542687
376,7.406781612078736,7.052988444247214,4.7419620561055265,7.2499922772941146,3.207146728490121,9.35727896314258,3.062428256640068
384,5.896508340279644,5.81321183142897,3.4969835997200924,6.7662191411552,1.719414796945281,8.172988853195253,1.6163112241344955
392,5.600002282972519,5.29822763109293,3.1727343869037345,7.239588501125292,1.4229087444810335,7.987455822119064,1.2851261693554428
400,5.700571568797414,5.0155932524957905,3.0791009067199555,7.00897270404519,1.01022784475667,8.181658605077809,1.4221084285097623
408,5.7057732972531365,4.693078022801246,2.8519530639625517,6.604961669638468,0.259426074553854,8.25621867139036,0.9886202377768667
416,6.551942609923964,5.279154221319521,3.290643243362698,7.527424753278211,0.6183544489411777,9.237636201792903,1.3076675651165155
424,8.26508857023258,6.85878567339566,4.573768606653005,9.363681400574466,2.0610035435153318,11.008002475427038,2.6861603848206306
432,8.377795445288609,7.526357609198361,5.222267180552274,9.290855213075595,2.5707858110634754,11.240352327154522,3.260098984980812
440,6.662915566864497,6.459976405070091,4.509612333273084,6.9881652131748355,1.7384882389424512,9.622573825681155,2.3601772166358743
448,5.478625568303352,5.083217548930014,3.436295318102034,5.314900305688093,0.7674743589801853,8.398402766847557,1.4845308266150261
456,5.52024046231348,4.913290097170437,2.950788388458583,5.658222971863757,0.3409219092546172,8.108832652085963,1.4775949498208667
464,5.053807014527805,4.717353344128396,2.4687493540919743,6.339666746750186,0.14498518657369086,7.488077413813711,1.1204005907791161
472,4.101866680498307,4.0046985722863315,2.0716740545458525,6.067436034798335,0.23515074316842047,6.647109953650772,0.6487653510215191
480,3.715195027853433,4.13647898042288,2.5831902694530218,5.661690991192769,0.8108232625616857,6.504925858379842,1.340612691411605
488,4.1521512597082895,4.980914241426552,3.4258915871954896,5.944325364388238,1.2945961844964098,6.900267164559606,2.67402274455302
496,4.531886968503779,4.994785937645401,3.4154878384075493,6.348336511112463,0.9998241177616787,6.88466153700048,2.56478369231694
504,4.219775414954011,4.393104040414954,2.853687056583854,6.303253648437272,0.5437944224892329,5.995143563264549,1.4550536747591996
512,4.030774569439773,4.14861664285597,2.9594581477917155,6.266840758740613,0.6825107338695001,5.580728706495405,1.403034965837231
520,4.344620088975017,4.271727383487786,3.240358597283754,6.487052700116943,1.1021273328779406,6.043694241495372,1.7862386345433503
528,4.672337254623954,4.726023118548954,3.5143232064894767,6.634438818514059,1.4142389510614934,6.523999308200122,1.9266889469268231
536,5.121431142206375,5.287824018650616,3.765746460167262,6.624035118154893,1.7332864197759104,6.995634648354293,1.703008924754193
544,5.4439464164181395,5.33290671480533,3.63049800401697,6.9240090226826165,1.6257813013015454,7.217580689454022,0.985152248063913
552,5.365918592291956,4.8664732996159445,2.9785315886713,7.300276789821399,1.0188976089326807,7.094469923490228,0.22047884832494505
560,4.434785627315824,3.772348842189575,1.9849763611904703,6.537337416603873,-0.14978687643574962,5.930987269023004,-0.8025536219087932
568,3.2452937060250684,2.690361901723707,0.982751404365095,5.202193402319858,-1.313269600379639,5.032799428479317,-1.5793646980506872
576,3.689185658398155,3.435961780303085,1.6104424918643563,5.869765441685628,-0.7011840754331875,6.1806765053063035,-0.4765704503712742
584,5.42140517097253,5.058942133166755,2.9559902515835486,7.640131714947233,0.6547674101634093,8.17472287282491,1.3648879717605618
592,5.740452389906232,4.8768770996266255,2.6144014137438867,7.737233031175745,0.34092186604124997,8.313439105974082,1.0094275950955656
600,4.460794928784553,3.5191916037135966,1.3798266875199403,6.461043453596244,-0.7341291337417295,6.875991809518577,-0.485240179529557
608,3.7724154037638358,3.103042747058833,1.4665243207118832,6.079573703191885,-0.5659356896908811,6.099180750699281,-1.0106280364526008
616,4.341152142475432,3.5573385813989886,2.007517727149221,6.629236861884306,0.09470051870179881,6.634972305932581,-0.7574708549735637
624,5.119697161692267,3.6821832651057482,2.030059191269371,7.1199456861314285,0.11724186659289107,7.359764763863329,-0.6690391898585052
632,5.735250563847905,4.237048266061509,2.371647965779099,7.697352184548691,0.3617293103454779,8.089759107084516,0.021074145430555857
640,6.0907110828189905,4.828326303490366,3.008008862344119,7.985188397958592,0.838566498164661,8.511109767445866,0.784013644749155
648,5.558387343513852,4.124341362320747,2.278014548925254,7.293340980454995,0.028810275238580353,7.5713071433469095,0.10777184437387213
656,4.849200493211931,3.311117306143904,1.194293714185747,7.133817376389812,-0.9855524142416053,6.739009476603508,-0.727993579996893
664,4.993118704038745,3.455035326980913,1.005292780195864,7.891554968438759,-0.7358631500186253,6.820505239219905,-0.7418652641085475
672,4.30127129193682,2.9036381579720625,0.4833728040210329,7.343625670864893,-1.0947914720656204,6.031556595267296,-1.3574186893609852
680,2.851686235259359,1.6638616099738737,-0.371466151195077,5.621810042679019,-1.9912453008027604,4.229979054221453,-2.3093590723780477
688,2.265610034878437,1.3864290352695834,-0.15645593939205776,4.924760822586427,-1.5282797620775028,3.5259940331443573,-2.0319265338090746
696,2.4580788347153706,1.6430541399651417,0.6897132987729628,5.0652110418376415,-0.29890689469444054,3.4826451951279664,-1.2481796369386402
704,2.1459672305016553,1.2702542725735557,0.6307588523826918,4.610915308639116,-0.3231822340892484,2.7457149663581886,-1.6331172310245716
712,1.9760398297785564,1.1055287074082742,0.29263793962219614,4.276262316114911,-1.0098277663024002,2.4266676494493518,-1.8325219262821164
720,2.4650146932556076,1.48179646821406,0.5076481585032661,4.775640873618135,-0.9994240085737637,3.375140025989655,-1.3747581646276201
728,2.862089991684144,1.6950726505154023,0.45562957996645803,5.347845385044524,-0.8294966389568383,4.129409771749321,-1.4683917006907552
736,2.817007179300373,1.7349536791228908,0.19380259612718453,5.366918952956507,-1.3080677001880336,3.7444721493511812,-2.0059172016066995
744,2.418197929787521,1.7748345915013206,-0.10270342076054013,4.782576626360128,-1.769299299004846,3.087303924152198,-2.415130187427768
752,2.497959791611019,2.142432702124979,0.11404079912373635,4.690677153885075,-1.087855624142461,3.88492240995312,-1.8689348798675023
760,3.6250294850422775,2.90363812034663,1.046907655765804,5.602736570320736,-0.2208789647700124,5.546049645507277,-0.8094894482252692
768,3.5678089578850902,2.4476085347839835,0.6411625397033414,5.307964449569296,-0.7427989292101789,5.294626440258265,-1.1874912346211763
776,1.5356156942649537,0.7327287362673532,-1.3650213507362285,2.9931369112876154,-2.6206703358473113,2.841082457417192,-2.8728938827720976
784,0.6443637575237797,0.3651306193107019,-2.2389338796385205,2.049866257801365,-3.2813065544845395,2.0365282365694073,-3.7103932876569736
792,1.6691300190268799,1.8320549633139023,-0.7477340129562297,3.2792390849512936,-1.6375188273521002,2.9780648454665566,-2.4896901051012366
800,1.819984027671699,2.199653124415243,0.29783979380646564,3.3225879985910773,-0.38040268003510713,2.6087327777981186,-1.610575871026286
808,0.31144461084443786,0.7847472702869427,-0.19807088201722292,1.6077081423324464,-0.9231301025630764,0.6649710340067168,-2.2035878809598772
816,-0.5988808261946993,0.028743601568902787,-0.5049806532808223,0.631492436498117,-1.221369992862814,-0.1638585994378307,-2.5209013088104806
824,-0.6751748122991278,0.25242363920148714,-0.17379547035178305,0.5725380657312392,-0.8000194274963668,-0.3043087309584595,-2.226129292739698
832,-0.7861477219284734,0.1795975789212834,-0.3558605713196675,0.49624405857892,-1.00982773948031,-0.5748056074962593,-2.5226353200582348
840,-0.1723282743961768,0.6425630725705275,-0.34198897139957285,1.018164054870319,-1.2664528441758687,0.025142323376180987,-2.3752492497173643
848,1.2789905478461432,1.7505592524790423,0.45042773602673636,2.058536067239654,-0.8520380455212528,1.1868910716488383,-1.3158037970272387
856,1.6396529293834021,1.8996792260342494,0.7694750806889852,1.8279202647578834,-0.6578351698027775,0.9632110936209003,-1.178821459641823
864,0.20220563348669235,0.5680030751758469,-0.6176875396989858,0.11477443781466379,-1.6097755965920026,-0.3771348066986179,-2.591993448926279
872,-1.4311783467204529,-0.9006553612864359,-2.410595239641573,-1.3868291579115277,-3.121782811652296,-1.7261505294949384,-4.435185856973896
880,-2.5114313388959717,-2.1595054988032936,-3.3902788996123334,-2.786129456006278,-4.328614324811274,-3.0231475271642783,-5.537980086585652
888,-2.93798378415119,-2.7022328462666625,-3.4977839314736996,-4.152484719820608,-4.384100869591707,-3.2867085161045786,-5.5362461412755355
896,-2.2530722635583222,-1.8820728169969079,-2.6394770431690486,-4.154218735538711,-3.3870777052970467,-1.9845095601291045,-4.39877278213031
904,-1.642720745948072,-1.1902255773759243,-1.9996482703261649,-3.4831786360520027,-2.658817345011406,-1.4296445109308331,-3.507520818380782
912,-2.813139190782719,-2.2930198591417423,-2.8007347549669994,-3.826501575291444,-3.3194535068379567,-3.004074119439778,-4.553094600556561
920,-4.843598425087446,-3.995761928728851,-4.186163426319567,-4.839130229682018,-4.592175233657831,-5.044937175920666,-6.186478653406869
928,-5.698437500444168,-4.465663306064043,-4.623119709397164,-5.338508714542079,-5.119297073143893,-5.622343580833137,-6.540205127975118
936,-5.153976194445902,-3.834504307827983,-3.9000611278586645,-4.670936721183649,-4.408376199114494,-4.76750459190315,-5.37498847883768
944,-4.677138939012701,-3.489447659275565,-3.6139588349856995,-4.298136720985463,-4.186430160995,-4.547292490525604,-4.723022078951965
