-240,2.1443222039635037,-0.19676872453355526,-0.7546825495381383,1.728681649951326,-0.2727959452558569,2.246708069726715,0.7673220128748882
-232,1.5498239556361582,-0.38998073449992876,-1.032115036662627,0.7081261860213547,-0.29756671441343685,1.6340445404456108,0.4585131482927353
-224,1.234409618993109,-0.14557583031036445,-0.6110120968681658,0.6239056215850098,0.12023343231815543,1.2773455493356827,0.8631022100510832
-216,0.8413802194221445,-0.0597038803410615,-0.2196340551565746,0.4785839109289232,0.08390302403451334,1.2211985366534948,1.0150296006747432
-208,0.43183691077098113,-0.626128622859498,-0.9264264702319335,0.6552819229403148,-1.0291298660057369,1.3962452534258694,0.2818150837724896
-200,0.6101864562625741,-0.5964037221157072,-1.0040414707168883,1.2332663182442118,-1.331333195906637,1.536612920128764,0.3330079606109923
-192,1.0329407461110378,0.6140608471364546,0.3996349318164498,1.13088053795799,-0.12582274812918454,0.9404631424012968,1.3816368785505984
-184,0.6184432987778726,1.3621378207081187,1.1658771717955017,0.108673812848799,0.7411539087774771,0.1676155000774958,1.868795215005512
-176,0.42358002479396234,1.410027975441663,1.0700968499107784,-0.13903386666415582,0.9508796715392516,0.7455998696591499,1.682188753024999
-168,0.9734909086123166,1.708928517069354,1.3227585980347991,0.8864756461860607,1.477671229386286,1.5679891941652737,1.6442069187623896
-160,0.6811960230039047,1.6626897060036006,0.995784608783685,0.9211547113340963,1.3472118017301236,0.41202035778962876,1.2346636773438464
-152,-0.17091819621458787,0.7560798599906677,0.22293686960233655,0.08720576810230933,0.49674900565228197,-0.6811959613796883,0.3709897787306774
-144,0.4301855293181027,0.4158947231459531,0.10733996939609991,0.6139972894060195,0.4191339817512167,0.7455998386150647,0.4981463478652985
-136,1.0676198969407507,0.43736274376675305,0.3583503653373803,1.064825201611761,0.7246400578827651,1.4656034312637405,0.617046048762379
-128,0.511103303175106,0.13681082068618394,0.04128457380001579,-0.11591450539127617,0.414179796946573,0.21055150176006135,0.2983288821583486
-120,-0.147798858712608,-0.3338336682445182,-0.295597766079145,-0.4907786094621097,0.29032604358135117,-0.5259658859039728,-0.1970863597870091
-112,-0.08174350551387535,-0.38337517161290713,-0.18330359773457935,0.3134454369285713,0.6404194670145983,-0.2848637463941132,-0.4464453911279148
-104,-0.5639476656790942,-0.4064945415781312,-0.20312025269063622,-0.32894302502738487,0.36959247465753764,-0.6729389771259638,-0.5141521108783644
-96,-1.123766857373354,-0.5353025420135632,-0.38146968855225777,-1.326378994106209,-0.398301151741446,-1.4639520238702879,-0.6033268319135837
-88,-0.5276172428490803,-0.29750319148649224,-0.26917559152039183,-0.049859118487535756,-0.7054585667511264,-0.7241319274059038,-0.5290145710956701
-80,0.3178913911306488,-0.28594350836652555,-0.41449739672789415,0.8121634096712311,-0.5799533984054139,0.16101000442309488,-0.6644280313517585
-72,-0.4500021827594808,-0.8771389852731654,-0.8042240513099744,-0.5915130216000607,-0.736834887797252,-0.9338577265336073,-1.1416780750093227
-64,-1.5613836519652127,-1.5459495515395432,-1.0684455338210523,-1.0918824242243728,-1.162891938422735,-1.9362478891094201,-1.4009453436230128
-56,-1.2079874757377111,-1.1842964822392326,-0.739820078854541,0.10041685396252771,-1.0489465333794286,-0.7406457951531197,-1.0475491186119479
-48,-0.46816745342434324,-0.6475966706216992,-0.2576159240111652,-0.5304118659783957,-0.6592198333842849,0.08834902252387877,-0.6941529629622404
-40,-0.5738560297891441,-0.4411735472989171,-0.31706574856006814,-1.6071143209483931,-0.6278435103868175,-0.5061491922758548,-0.6611252178884903
-32,-0.27165266529626225,-0.084474711054629,-0.15357870798926432,-0.6377518076531508,-0.38839283765672294,-0.4153230402946142,-0.5983727129224023
-24,0.09000043079065964,0.19460926342741938,0.5284429414764101,-0.5386687941753711,0.21271099910249203,0.06357826933182857,-0.3936010370433551
-16,0.0008257445248167627,0.0030487197086272906,0.7233062136863724,-0.9961021693948756,0.5661071811840215,-0.10486277066607813,-0.31433458769550715
-8,-0.04045887889797622,-0.45603608078026536,0.08256918515996392,0.5165656139193983,0.1433528487608112,-0.5111033694525231,-1.004613192676952
0,0.2914693262018684,-0.5386053356086162,-0.568076180335093,2.225748213212733,-0.27775009085625496,-0.04045893320806961,-1.622230829418579
8,0.8347746630987297,-0.1802549323565137,-0.20146886378717732,1.7815258507667997,0.04592120981751356,0.8166094530755894,-1.2159903640330056
16,1.5002824918268038,0.6487399103331485,0.6489939518040901,1.0879445868329365,0.7015206850792244,1.0461518695516574,-0.32919703957525775
24,2.1459735302466063,1.5503955999245993,1.109730079463059,2.058958380643429,1.338954866437358,0.5622962179487988,0.11007109141120555
32,2.463039325331866,2.2423255659585246,1.3012906222948775,3.8358476773354693,1.606479139527778,0.7208291602836091,0.15796121971292817
40,2.5654252232308243,2.5445288101777477,1.408630617897644,4.582273357264669,1.5800569717100257,2.0072574212997054,0.29007195396137325
48,2.29624959848985,2.232417261098329,1.005692912224721,3.5121764689069863,0.8484938774162377,2.7371691894877848,0.015942208277873578
56,0.4830298386991791,0.5513082483285293,-0.5697275397910194,0.5033546368021778,-0.627843546752746,0.762113750001395,-1.1895681442385848
64,-3.8964407672361907,-3.621739318723972,-3.089739654697616,-3.8827216381022898,-2.9282215842806596,-4.474425139860847,-3.7508649764098063
72,-9.471513475820204,-9.048187534232714,-6.129937729794845,-7.844392008431283,-5.405297725178275,-10.158489328034682,-6.867026784071776
80,-13.396853538980576,-12.583800968533254,-8.357654900375357,-10.688075515369958,-7.284572879500657,-13.733735771031009,-8.918045761343434
88,-15.025118244320643,-13.302152942552235,-8.716005291742007,-12.701112604805788,-7.804758815920394,-15.137412344218118,-9.040248123499063
96,-14.556125132940132,-12.534259330167437,-7.515449036751964,-13.323684472297305,-7.109526127249327,-14.278692601139461,-8.021344158279918
104,-12.376298096870167,-10.598837186933764,-5.687366855238658,-11.545143850209131,-5.826400641201834,-11.73060695895918,-6.361703147859254
112,-9.714266923696293,-7.976439239764277,-3.732128104413332,-8.810451743032633,-3.9471255699002037,-9.636651883856986,-4.748300853775533
120,-7.557559339193142,-5.476243772363161,-2.0097344754939233,-6.967507069903144,-2.119043366567338,-8.157011776964687,-3.174531905615067
128,-5.437182098047146,-3.1659573533405103,-0.49211251003592643,-5.268232931400012,-0.3289430272994022,-5.879753106208888,-2.0317740591290665
136,-2.4663421543103534,-0.35199892524998283,1.1956020505423395,-1.910968947330073,1.4215241421982925,-2.8263439385104427,-0.6016754023867215
144,0.41532313349510097,2.062324714229439,2.415974924654696,1.5883140001009348,2.7178606433254897,-0.17256962594613703,0.7788816661925326
152,1.4771630730780163,2.944163755605836,2.6818477861351253,2.541162555532414,2.907769825104829,0.9833992514077016,1.1273237647618348
160,0.9833992001679032,2.498290080713592,2.12202859905313,1.1094125451881693,2.4618961024933887,0.6432141088863541,0.5608989378034851
168,0.20559733631873983,1.4215876289367029,1.2302811786655206,-0.011877189673510601,1.8459298798452797,-0.3410108277280789,-0.3721330403708498
176,-0.6085350071267656,0.6520426326155006,0.19156053667076112,-0.034996637160252184,1.1193208225862885,-1.2938594346040453,-1.2159903642104009
184,-0.8628481950665461,0.7114925091410729,-0.061101211630653615,-0.6261921522067689,0.7659246729680033,-1.1584459126145734,-1.3646148909906768
192,-0.030550589648522204,1.7535158331495715,0.599452443468647,-0.7120641319783942,1.0681279106236206,-0.07348665255957643,-0.8213095498363396
200,0.9123897352511741,2.607281433820943,1.1989048120289387,0.6717958105557459,1.1573026898443264,0.4285342141835787,-0.15580171862473863
208,1.5481725919227567,2.9127874819241146,1.2996392917542994,1.9169393516462905,0.8897784637635224,1.1039502723790675,0.11172250745606536
216,2.2120290599531427,3.5271023938998627,1.7818434707233644,1.9962057442278112,1.0334488504426382,2.6545999153234043,0.6418167950360333
224,2.192212455909386,4.139765816744103,2.614141081640626,1.4611573536221911,1.7749203125717656,2.479553215935718,1.4724630021486755
232,1.883403556380462,4.904356676334644,3.5934117885695387,1.370331225057061,2.810338140571074,1.536612783889576,2.4649448440761583
240,2.398635418157712,5.931517626871883,4.495067527476739,2.014371024471991,3.6096080165260878,2.0650557813749755,3.0858652252744854
248,2.7487288018545284,5.933168994310575,4.131762986429608,1.1787707180589873,3.1521746526598493,2.715701181816803,2.5788903278827457
256,2.174047104175111,4.676465721316497,2.8123071497517733,-0.2794014512332695,1.8640950596840178,2.177349936414933,1.3618202447045198
264,2.396984016127039,4.228940572726093,2.1236799547837655,1.2877620112069033,1.4066617068162552,2.390378496142261,0.9456714570740643
272,4.081395790028649,5.289129188864222,2.7726738772699573,4.5294289863276065,2.0672153110032556,4.330754798103547,1.5649404937176266
280,5.76415622185902,6.296473553097183,3.738733598744094,5.9413624055779115,3.0398805488869822,6.289296289482889,2.507880850548383
288,5.638651013422088,5.977756362190067,3.5868062828036336,5.0628260882578155,3.2396980277211456,5.924340436521634,2.540908508166508
296,4.5933249085909615,5.259404328034256,2.9394636401231145,3.5105249769371616,2.871439338235301,4.216809272254397,1.8341161010739133
304,5.970579136920337,6.1610600493793735,3.68258655501782,4.519520700271258,3.5930941732593493,6.0762676823911566,2.5607250925194442
312,9.48637602376605,8.256666398078423,5.497457683311549,8.426695476978637,5.029798407435089,11.08326439082541,4.466422358248044
320,11.669505738301863,8.971715758025866,5.84424830073211,11.055698974262716,5.1998910275680235,13.52235880584862,4.791745030795373
328,11.752074774757247,8.208776275098543,4.88479416981858,10.908725893861808,4.555851118168333,12.349876147848404,4.068438793208466
336,11.735561056553825,8.075014180861988,4.693233639759185,10.190373681601642,4.481538836772624,12.029507470470701,3.9181628640427286
344,12.959236771093455,8.976669902029709,5.409934309314623,10.695697309831395,4.7837421617064715,14.331536759953302,4.606790047125285
352,14.808786880627494,10.058326528499745,6.072139289632657,12.964698953758719,5.115670370176815,17.003476172706083,5.174866176950627
360,15.441267031869234,10.17392336448907,6.16131407204647,14.393146280492669,5.338607239908787,16.97044885799206,5.1567009328949815
368,14.052452955087956,9.158322184350029,5.513971522852996,12.736807882724387,5.069431602395388,14.7807133506656,4.643120451151453
376,12.313545491239365,7.837214882311584,4.9607578216686905,10.345603890655624,4.8712654762761485,12.959236708977993,4.174127390860639
384,11.317760944946397,7.392992519688256,5.2877318664443695,8.804862378015022,5.239524198047843,11.961800634349279,4.223668874360814
392,10.706748760042663,7.416111918746223,5.796358224761848,7.444122061604164,5.475672102018153,11.479596507002096,4.659634260713181
400,10.255920946113628,7.1601474062972885,5.545347861106416,7.615865949302527,5.024844252255373,11.577028125899783,4.515963868002645
408,9.84637774052883,6.638309991034941,4.774151374589338,8.973303509193844,4.223922978881951,10.8933552216411,3.716693972888995
416,9.605275651753876,6.29812486217299,4.73616959727045,9.113671293686869,4.360987821300496,10.011516100791843,3.686969052809174
424,9.530963289643545,5.999224312030352,5.160575345206337,7.625774186043129,5.026495614194825,9.927295535823314,4.043667974735139
432,8.918299753621437,5.416285727132153,4.557820094708394,6.806687682628248,4.796953282158671,9.319586108148703,3.401279649905344
440,8.231324066233993,4.844906830498368,3.692494802047316,7.219533628412272,4.184289734783299,8.781234932995162,2.4880641613551333
448,8.536830102096928,5.132247725904206,3.5868063122511664,7.94779407155901,4.005940281536989,9.682890635536435,2.658156701837813
456,8.919951153878163,5.617754656425761,3.887358131733186,8.22192396323841,3.910159955040001,10.290600030215618,3.176691417701735
464,7.99517595187348,5.178486467431207,3.756898769890486,7.201368457620669,3.4378641290051157,9.096649321260092,2.9999932460350442
472,6.588196850473899,4.177747751412155,3.3671721617858372,4.998422145782099,2.9589626948475405,7.595541203503702,2.4517337488140165
480,5.982138809041825,3.583249436739162,2.9460692345864055,3.4956625569884685,2.455290604532857,6.926730530090879,2.2585218291415843
488,5.708009199597513,3.224899169548854,2.4390942949747094,3.4741945814259427,1.6890483696982532,6.609664844635592,1.7432899435934348
496,5.5577332354850055,3.0184761737729153,1.659641036190666,4.0819039810721796,1.0466599891665003,6.243057603303061,1.0331948149280668
504,5.6700273749142225,3.41150545856946,1.600191171195754,5.183377083329546,1.3306980029894755,5.582503912724802,0.9902588052627367
512,5.6667245983490675,4.055545290979819,2.391204200910179,5.829068301805047,2.1398762109460847,4.915344747069939,1.589711236798174
520,5.115162233736761,4.134811653581621,2.666985334610164,5.023192876445013,2.6501539088512738,4.642866358181443,1.8836576858665057
528,4.256442491722467,3.807837685085696,2.5877188598948626,3.1241011139987918,2.7756590757778277,4.223414851461741,1.5814543639483698
536,3.2870801093445694,3.758296148367088,2.55469122799898,2.4420794739350398,3.1224497357731344,2.6215721922466053,1.3799854873410073
544,2.339185538261637,3.7649016924502634,2.5068010406247963,3.6872231486038514,3.345386636194401,0.9256007637855884,1.1950304566613048
552,1.4127590238106442,3.082880042807194,2.3367085026256427,3.292542275334725,2.866485172589292,0.5821128537462203,0.9423686533675093
560,0.8463343893256265,2.3083809007082,2.188083893002007,0.8484938976051281,2.4519878114699885,0.7868845094022628,1.1306264888181357
568,0.7175264648151588,2.3414085858225158,2.4258832268539687,0.41252838601204767,2.587401320864429,0.2964234602443142,1.5996195249832592
576,0.9322063039933695,2.5858134536461503,2.5992785456757512,1.1622568636163795,2.668319115654016,0.08009211490469796,1.7135650616534903
584,0.7951414864100924,2.28856430393763,2.2178088655906825,0.37454665658975045,2.342996463861876,0.08339493067409756,1.3023704433943326
592,-0.3377080367666567,1.6296621049744082,1.3706487997779586,-1.006010481173466,1.566845930730685,-0.9751424262361545,0.41392575309444657
600,-1.4028507474154883,1.201953595197134,0.576333032170441,-0.878853917360688,1.0070267266187922,-2.2797357404311183,-0.4480967612275276
608,-1.7645039243944285,0.7891075339291114,0.29229499918882895,-0.1324282941978165,1.0169350398165404,-2.595150102973803,-0.6363545205757949
616,-2.861022963894756,-0.5204400009042397,-0.13376208638342524,-1.1017907963171876,0.5760155021871403,-3.3481813794950313,-0.9517688504778424
624,-4.215157899603029,-2.104117373666375,-0.9198209449526047,-2.701981876461661,0.027755961504392905,-4.690756558464505,-1.8137913710086337
632,-3.802311849333483,-2.2131087377722003,-1.080005222085468,-1.4683980007516049,0.11527933017947734,-4.558645880450205,-2.076361409978661
640,-3.112033332339845,-1.8745750150210034,-0.7596366770442697,-0.48582451654796005,0.024453223256510195,-4.320846522117761,-1.7064514037890313
648,-3.9641475826024255,-2.0496217273585096,-0.8669766840003019,-3.2799663840564497,-0.2727959810896018,-4.910390615087995,-1.7295708076366578
656,-3.9641475096931718,-1.909254089748357,-0.5961496712428412,-4.236117701329318,-0.09940056807119342,-4.1969927582862505,-1.3959912666743928
664,-2.492764272989753,-1.1149383879543004,-0.0033027389097013203,-0.4313288150703187,0.7494107981249979,-3.2061622202901288,-0.9781910122641716
672,-2.4432227658960732,-1.0835620638924635,-0.17834944858628493,0.6404194967828061,1.096201495550601,-4.0120376240079985,-1.1218614007172345
680,-3.6223109894442365,-1.5542064348556404,-0.17174393004795713,-2.535192098529947,1.362074313037125,-4.5702054583750655,-0.9963562527719215
688,-3.9245142615144406,-1.4931052536891276,0.4029376925934696,-3.9190519873134724,1.758406467708476,-4.515709754413898,-0.60332685107222
696,-3.7907522460411647,-1.7870516722455574,-0.18495501732733458,-2.6408807815090096,0.8039064171140664,-4.7980964953496015,-1.1945223650543686
704,-3.818825780233238,-2.6821017890158814,-1.4300985726094615,-1.8614274581532666,-0.45444820291830046,-4.535526482811396,-2.246454019113119
712,-3.8369909813593486,-3.0305438528158075,-1.5968884500596432,-2.483999248655451,-0.47591619639770016,-4.852592171105,-2.3504911689667685
720,-4.537177790085967,-3.111461637139102,-1.5011081654278233,-3.3674897443939797,-0.19848366456972807,-6.4891139124980635,-2.2943441351746023
728,-4.662683033647064,-2.8455888517610317,-1.6084481079895518,-2.7465692665155004,-0.2876584537245418,-6.305810172090325,-2.626272427375282
736,-3.1912998416471274,-1.8514556714876007,-1.1477119166458585,-0.8937163763362305,0.437299205761253,-3.934422596736432,-2.370307749239626
744,-2.72395802639261,-1.5608119911790554,-0.7579853072994467,-1.1265615376237879,0.8666590863477188,-3.4274476251936763,-1.8881036628706336
752,-4.028551571555573,-2.6011839445557574,-0.901655712427619,-3.666390281232013,0.8402369258031521,-5.227456399352176,-1.9607645466705386
760,-4.827821393937365,-3.093296473798079,-0.8422059198097758,-3.3823522354779763,1.2514315529320488,-6.5188386679555315,-1.9723242468204032
768,-4.6213983582476015,-2.8142125619363876,-0.6721133562657752,-0.8326151866547681,1.7336357430769846,-6.267828308912365,-1.9079202475783592
776,-5.0986484109523,-3.2237558124020644,-1.1576202413742682,-2.3221636537544352,1.177119275439026,-6.527095631276673,-2.2414998571924025
784,-6.799573954856604,-4.285595783916039,-1.8710181941465907,-6.019612618029501,-0.11591446970081144,-8.38490278733,-2.7055388000885863
792,-7.266915714409162,-4.290549952400364,-1.6051453395845585,-5.920529525611046,-0.24802521104504732,-8.87701519008985,-2.43801451706406
800,-5.30837416910181,-2.8224694986483123,-0.3616531010062158,-3.615197375655557,0.856750787341551,-6.101038624999883,-1.1532376914288536
808,-3.5595584658516954,-1.943933182392583,0.3715614247657773,-2.401430073122566,1.5486807053014904,-3.604145840322085,-0.388646913794698
816,-4.2217634699406315,-2.961185758530876,-0.27743252486181513,-2.4278521799165147,0.7741815349967263,-4.849289334048224,-1.0739713497596346
824,-5.587458054709075,-4.429266254857675,-1.5225761693735151,-4.247677445827879,-0.4808703833310813,-6.839207291582615,-2.0367282583026878
832,-4.9880057251756345,-4.505229856150272,-1.9734040391819052,-5.220342757330436,-1.0159187664861207,-5.708009183386362,-2.2910414214071997
840,-2.809830065946275,-3.022286932956387,-1.4548693712145748,-2.659045940592557,-0.5320632440266593,-3.3432270932205754,-1.6833320304533064
848,-1.647255619141808,-2.014942655824261,-0.9412889625576937,0.23087620622590976,0.14830703746814008,-3.126895789036548,-1.1747057560435583
856,-1.9246881438739896,-1.8745749692531513,-0.9330319790135482,0.8897784906934141,0.5363822396394312,-3.708182985208681,-1.3249816781135053
864,-2.228542898157304,-1.8927402532226216,-0.8884446691421473,-0.031693881350286134,0.7229886970076809,-3.3861629849183794,-1.4224133468591253
872,-2.463039325236346,-1.9554927897649805,-0.5713788955216551,-2.2412457592689834,0.7692274023461478,-3.0955194985023247,-0.9517688155310715
880,-2.8907478924895265,-2.371641674430379,-0.7200035152567941,-3.486389381428942,0.3299592335745966,-3.4489157487034467,-0.9765396536952193
888,-2.946894954842251,-3.04375499491017,-1.1493633603643043,-2.3849161558822067,-0.3537137215963869,-3.3118508954638193,-1.2688346679148441
896,-2.547260100772474,-2.8323778201836163,-0.6093608124502307,-1.0175701366198486,0.08555438969925595,-2.550562689503854,-0.74369446597584
904,-1.9841379492642564,-1.9687038690615926,0.5763329993524067,-1.138121116790416,1.2927161628728379,-1.6951457863202795,0.4073202595687831
912,-1.1650514965842818,-1.4088847108949458,1.0420234148823846,-1.6748210543582396,1.6940025034132014,-0.7406457995879888,0.9175979331708871
920,-0.5276173091947266,-1.461728961380956,0.5449566965779433,-1.3577553355527336,1.2596885150114256,-1.0956933874254806,0.387503630689758
928,-0.8644995978067975,-1.9455844733741254,-0.5168832199436517,-0.5634394545899534,-0.001968963542482544,-2.2962496237890724,-0.5537853374149339
936,-1.1369779689558153,-2.117328459171804,-1.0073443042257662,-0.14894214473773917,-0.6724309155192132,-2.0881752712181316,-0.8972731828826035
944,-0.9800965475061767,-1.8415472933633648,-0.6886271667144783,-0.7830736403568433,-0.22160305635450964,-1.422667357872749,-0.5455283591926315
