-240,-1.0103365603378016,-0.9588284055646669,-0.3093780926716179,-0.87800944123173,-0.36576039383695585,-0.39454442633409653,-0.1914758881640683
-232,-0.9692354657725278,-0.8372375561386094,-0.44980693212997747,-0.7187425466174748,-0.48563867414693923,-0.6548514309403791,-0.41581946360929045
-224,-1.0634255077325498,-0.7567479502894379,-0.3453415646965122,-0.941373629292078,-0.04893929550931906,-1.4083718714805742,-0.6316003134192901
-216,-1.000061288582124,-0.7379098877749444,-0.46179471652448906,-1.136603901741171,-0.09346552812277652,-1.1155264718212177,-0.8456686480149472
-208,-0.2979172051646317,-0.5837807490756598,-0.6518873962355248,-0.29916874379457337,-0.13285405945885434,-0.11026166143127554,-0.8508062639325885
-200,0.4538907061798846,-0.22757106275073938,-0.4617947420956176,0.9869536829640043,0.2113677707252225,0.4411783543718729,-0.6470132654803431
-192,0.7570114394071437,-0.018640372403326815,-0.04222087580480699,1.408240115979346,0.44084896429566556,0.46001629657328713,-0.28395338510742435
-184,0.5977445409296249,0.056711616976308575,0.38762832000667646,1.041755230013009,0.47852500249319474,0.8419142368851901,0.42161576240434073
-176,-0.008496858561650047,-0.28237256123299626,0.44585489049369886,-0.33170705624738445,0.14457843081931868,0.7477241581321779,0.7761128838443802
-168,-0.7671549223780859,-0.8509379666783305,0.02628097232477169,-1.4739755582973597,-0.48392608497868467,-0.4013945911316678,0.3274256948731904
-160,-0.8459320805280522,-0.8749136557804327,-0.5611224376860963,-0.768406427526406,-0.6209298500407345,-1.1292268052796242,-0.4860338435100578
-152,-0.2670914257707646,-0.5820682077382932,-1.0611860242522795,0.3601616533138812,-0.5918165337991288,-0.7969928293967404,-1.123101172142672
-144,0.09083080207548695,-0.33032386290777993,-1.1707889643716227,0.2728218791718043,-0.749370832806356,0.018179334395857703,-1.1008380446140809
-136,0.195296144673684,-0.0700167964892735,-0.78546602840041,-0.032011406430717974,-0.6175047462100319,0.7083355953380933,-0.43123237593391334
-128,-0.03761018216185411,0.08239983104289643,-0.013107551284778392,-0.1912783061959916,0.050388401736844085,0.3949395848362081,0.16644633416323482
-120,-0.2585286320685093,0.21769099185156565,0.7232874098383348,-0.5166621191209538,0.7645202460013338,-0.3825565383673166,0.5517693098708779
-112,-0.1009743888026628,0.44717223251703675,1.2267760621544752,-0.4224720898545138,1.0094144424071567,-0.40481962818309186,0.8411896577616136
-104,0.3716884933178584,0.9438106883936341,1.346654344672038,0.42523846475996496,1.0333900768716677,0.4497410987715211,1.0398450369848486
-96,0.801537640746559,1.209255383791294,1.2370513524906133,0.7557599565185826,0.9631756309274818,1.1022212902421848,1.217949901211296
-88,0.5086921608784828,0.7828313411131202,0.8757040368186104,-0.19812844431864418,0.4168733485955799,0.5353683628502734,0.7435745213531021
-80,-0.03247254453634828,0.48313574299060624,0.5931338487583914,-0.6896292967872176,0.3055577920811696,-0.1821885765985658,0.5072430660355582
-72,0.0874057707269763,0.7742685978172626,0.7746638111126275,0.1597937822398528,0.4579744427929239,0.002766403122844828,0.6836353775188118
-64,0.4864290478831234,0.7982442736738881,0.6547855433122612,0.7865857646109828,0.23020577124352692,0.7031978786076573,0.7178863146451127
-56,0.21070912175397033,0.05499910047421086,0.041693954004181674,-0.3385572387055907,-0.27670795454909886,0.36925137647253387,0.30345005672938025
-48,-0.5530866464672491,-0.5632302313193975,-0.6690128445625303,-1.614404422407025,-0.9120627471793302,-0.6839647160919076,-0.42438219825879575
-40,-0.604463029345046,-0.5752180199451031,-0.9224697551977491,-0.8540337626156301,-1.0764672028896702,-0.9631098446569782,-0.8216929521061416
-32,-0.00507179612306226,-0.3012105439067001,-0.7734782004062039,0.5553919693626682,-0.5712659671081893,-0.3226174219438044,-0.6812641672853728
-24,0.03431681468587561,-0.2121581737896655,-0.5011832585305341,0.6170437174503394,-0.18765558479999425,-0.13252472806746687,-0.47575855170220027
-16,-0.33901833799461584,-0.2943604157181545,-0.379592521507063,0.31734803157654257,-0.023251113452632893,-0.5452484234898632,-0.5065843943800115
-8,-0.4777346333561345,-0.08371718090597152,-0.34020394565146644,0.043340624341031975,-0.26300764371838187,-0.7199282059614024,-0.46548330294214196
0,-0.09412418518848682,0.40607111311649446,-0.05249609549840277,-0.614277225543178,-0.23218178393183042,-0.21815208504852043,-0.03734664810009469
8,0.31003674872552095,0.7622807913469565,0.5366198624725692,-0.7632687726081947,0.17026663476783463,0.45145357682494347,0.5791700641710423
16,0.1798831948202111,0.4523098975533203,0.4047537670459275,-0.7324429818085005,-0.21848142011920735,0.3469882572223657,0.6870604795098645
24,-0.43492095992464413,-0.41937625510060894,-0.5234464326022585,-1.4328744510385036,-1.0953051813321806,-0.27809121655715985,-0.17606296516947803
32,-0.3064799105637088,-0.4039633438797759,-0.7118265310555328,-1.2085308481825046,-1.0970177605663267,-0.3431679998566056,-0.6761265401458698
40,0.4949917472113575,0.8770213814174574,0.32768920119161965,0.7608975580869576,0.1942423089687754,0.1860088689176668,0.19213452872953748
48,1.066982353620889,1.9302375302751753,1.1719746148144756,1.8860406651597652,1.1875192473968887,0.5353683830864181,0.860027646690126
56,0.025754009945723355,0.9044221565056613,0.46298036310407853,-0.05769961111509325,0.4134482340949101,-0.2729535585115437,-0.07673526737142043
64,-3.3479625475217016,-2.219262675285793,-1.7290791484676769,-4.282551790418676,-1.7460728448949192,-3.244221719539062,-2.186592535726932
72,-7.653304341688739,-6.0913301469989865,-4.477716184508654,-8.64098258625012,-4.124799893530401,-7.313232127375414,-4.31015014692306
80,-10.874604259666269,-9.593487721449515,-6.644087564062186,-11.232065399445363,-6.066827589099393,-10.517406551402631,-5.976457857862043
88,-12.496385765586536,-11.559491079997587,-7.7212792544821145,-11.817756316501647,-7.05325434838067,-11.836067384068217,-6.586124441392739
96,-12.4261713251613,-11.516677403622657,-7.419871094602124,-10.750839790401864,-6.782672046079652,-11.541509368197758,-6.101473731829907
104,-10.833503114142703,-9.788718056446694,-6.185125049065658,-8.906427288638447,-5.633553373713156,-9.837525633042581,-5.056820397462485
112,-9.091843378502812,-7.798739024249577,-4.835638458714072,-7.947401171070785,-4.344005897761465,-7.96057464553137,-4.104644565373404
120,-7.543701371031211,-5.992002465021915,-3.681382098499639,-7.507276799717294,-3.2736642788688797,-6.635063721654197,-3.304885334141573
128,-5.459532266151928,-3.969485090017771,-2.388409520372932,-5.99852333333191,-2.136533455836523,-4.833464874189917,-2.3013331364673992
136,-3.2777481203419403,-1.8579153053441275,-1.0646110539451064,-3.499918038971857,-1.0764671765826823,-2.6414053144193432,-1.513561787131505
144,-1.4504609712437575,-0.1607817224769058,-0.040508307792522374,-1.0561141974707502,-0.14484188487755034,-1.2268419385607319,-0.9073202813084876
152,-0.25852863574780865,1.2161055956838926,0.9510561045673157,0.3002225896883103,0.6377918327197163,-0.3637185290186947,-0.015083604275557657
160,-0.13180018990439463,1.7332946394073996,1.3569296109087672,-0.5372126348536016,0.8501475781471185,0.055855415641185645,0.5688947421929328
168,-0.6370014508890738,1.551764740889002,1.1051853085741579,-1.575015792281767,0.7251316995801297,-0.010933952779285558,0.43360357273791017
176,-0.7174911075125733,1.5055259365839608,1.1959502421043533,-1.1109157583171259,1.0111269543101302,-0.20273917824284654,0.4079154020870513
184,-0.5256859468046757,1.6699304261438528,1.5949735698508627,-0.9721994324174246,1.5077654320785576,-0.6719768402668145,0.5363564060086431
192,-0.7911306101924338,1.7915211685023076,1.8073293688120673,-1.8164848234125917,1.6807326347640557,-1.0247614658088313,0.6271213549918939
200,-0.3561438061898365,2.45085157664866,2.13442566346975,-1.3951983940765498,1.988990977102253,-0.39625691818489095,0.854890036659363
208,0.6148700718568945,3.38247693218963,2.4700848235760198,0.20089492077275034,2.506180042349659,0.6192831313989325,1.0535454414537262
216,1.3307144613220148,3.7797876900842056,2.3519191024480035,1.1513581603822092,2.369176324382637,1.2238120655303664,1.0055941105285147
224,1.5002565999132393,3.5896950087174853,2.0402356584866834,1.175333822257499,1.6447691568522833,1.381366307876388,0.8463272790142387
232,1.8170776634715002,3.6170956868561595,2.2525914040980513,0.825974332188156,1.5762672789203815,1.9105431875045937,1.4251680095650872
240,2.30857852550625,4.019544205816724,2.7937561096968473,0.6615698884355384,2.1071567203060635,2.614399769027689,2.2317773695373573
248,2.413043821745279,4.07434564966139,3.1705163295990153,1.0451803047772497,2.6311959047277327,2.6298126712342387,2.5537361104575536
256,2.1287611374191076,3.5982577282818653,3.1585284992132654,1.3876895789067636,2.6020826125855354,2.0595347266591175,2.336242717470538
264,1.861603850461649,3.086206402576547,2.9290472149481004,1.42707811392214,2.4256903393669917,1.9396564798307556,2.019421644530064
272,1.933530795799192,3.0365425338093033,2.7612177107805085,1.5024302416434212,2.3777390294137852,2.294153607341638,2.0177090969378897
280,2.579160794877542,3.4698167508512263,2.822869389513392,2.0264694225697544,2.5866697407332024,2.664063627492895,2.51948520147789
288,3.1477262775881556,3.848289509699216,2.9701484182366618,2.4631687587114697,2.482204377714896,3.138438984355468,2.85343173911825
296,2.769253476060298,3.4766669362528724,2.5163235679084868,1.8689151265059663,1.822873967360964,3.186390307370189,2.396181845299877
304,1.7554260241071162,2.4285885081728185,2.100174772886582,1.1770463575240218,1.4187130205694087,2.242777150142001,1.8327540217386684
312,1.190285674845561,1.6733554977806882,2.1686766390447256,1.2592485965090718,1.894800927599668,1.1210592412739167,1.9183814024512018
320,1.234811855764866,1.3034454684311847,2.3913076372794158,1.4442036363870216,2.3023869635047287,0.7631370114040505,2.007433797771434
328,1.1628849472203142,1.4044857217319098,2.3998704589443434,1.7370490623533679,2.369176277655539,1.0645452292330013,1.6751998080911796
336,0.7501611706693737,1.3633846621199774,2.1121626641647304,1.88775312923185,2.22532239691456,0.718610884386476,1.1973993396713751
344,0.40593942805261446,1.092802266916658,1.8073293138065445,1.2147224165095916,2.1054441581806573,-0.09656130534518045,1.156298204817776
352,0.4162146692701099,0.9232601559201764,1.7371149247075297,0.7146588385897603,1.966727911017956,0.14833284948456285,1.4440060043804779
360,0.777561943549999,0.9763491185840145,1.641212343985651,0.9989415170290542,1.6584695243442054,1.254637855042306,1.4970949961107798
368,1.2416620579073234,0.984911812025371,1.3432292594217952,1.3791268462808735,1.3519237216876894,1.6262604639938862,1.2179498487812834
376,1.1046582991000824,0.8102321033237778,1.0743594289193916,1.4613290609825487,1.1498432439687358,0.7288861335144642,0.9747682571807362
384,0.7415984683977009,0.4591600904975286,0.9236553537624853,1.3191877399754321,0.9529003825353528,0.054142796486643455,0.7949508985279857
392,0.734748286675354,0.43518439587647845,1.093197439187839,1.1890342147686546,1.1772440129860962,0.8059506923781038,0.9096915218961432
400,0.7244730564957558,0.5327995727572797,1.5024960905681413,0.6495820221766228,1.4992027193208826,1.2135367792414575,0.9182542295028002
408,0.3785386071571371,0.5139615352620194,1.3723425644415397,0.04162803498881313,1.5933927165774204,0.6586716960326671,0.8908534978303245
416,0.14905744026161227,0.5756131900794602,1.0007199479473963,-0.03372400994823793,1.297122215846835,0.2099845471658373,0.6956232217019327
424,0.2072840006305618,0.7485804396760208,0.6770487046904026,0.17349412600029568,0.9186494437533682,0.24937311271939616,0.7195988469681966
432,0.4127895797886741,0.8753088950856119,0.6393726512237834,0.41153807629603856,0.653204733638512,0.48912959570615255,0.7709752552331566
440,0.7689992024617204,0.8701712318889775,0.807202187217312,0.7951485448837956,0.8484350765461818,0.6723720745624865,0.8668778652054631
448,1.142334360845125,0.9215475978419989,0.9784568632826391,1.2934995443053394,1.3245229913029688,0.8265013076357922,0.9593553665639777
456,1.327289418567676,1.0140251106063407,1.21136309997535,1.7062232463504745,1.677307535716441,1.0696828896701613,1.1288974841831982
464,1.1988483971694142,0.8239324470842213,1.3586421472790797,1.5281184023601713,1.5094779772791882,0.8744525614796872,1.048407797021517
472,0.7415984897376349,0.7177545820970483,1.0229830642541242,1.3174752462849872,1.0059893286423467,0.20827203747044243,0.6870604807976186
480,0.8135254575189018,0.9729239884463246,0.7695261674162784,1.5914825963073962,0.5487394224983226,-0.03490957160677552,0.5877327612916967
488,1.217686375427959,1.2863200368449892,0.7421253919601434,1.4921549362221564,0.245618674921797,0.2596484350654366,0.5671822198039557
496,1.1423343240521344,1.096227334506265,0.5674457406556166,1.291786975925126,0.3072703619331037,0.5524938610317811,0.4336035949976698
504,1.1457594547417203,0.8667461302658542,0.5366198115142774,2.148060160513049,0.7422571688791395,0.5542063736706148,0.2726242100043404
512,1.1029457844376338,0.7554306506487943,0.8722789817386198,2.4854318649001264,1.2183450812443823,0.2801988900896489,0.0842441330749656
520,0.5960320339937043,0.38894566313380385,0.5914213653699845,1.0845688342736772,1.0162645768505103,0.06441805131754628,-0.08701051318803957
528,0.005203494397040695,-0.35943715284239763,-0.39500544229407364,0.17349409417435913,0.08977696986591233,0.1260697359373088,-0.6093372206600757
536,0.036029297154457046,-0.7841487049575321,-0.740939787140599,0.5536794642663988,-0.36918550171488757,-0.09142361657741738,-0.8131302408201856
544,0.484716470120696,-0.030628253011509215,-0.025095373576069533,1.1239574555686174,0.14971605740692773,-0.25240301132088955,-0.06474739614545098
552,0.9453915391481722,0.9643612572921537,0.901392261187236,1.689097732164014,0.959750576583352,0.12264462143663839,0.5962954433272252
560,1.1389092450567007,1.1441786418839628,0.6496479229794608,2.1172343652981955,0.7302693773099949,0.5148178399429924,0.23152312224576976
568,1.1697350549887506,0.7228922533881407,0.25233715772628745,2.0607203181199747,0.1565662387613444,0.5953075191941807,-0.13153675352802524
576,1.5738960794135157,1.1424661200468813,0.48866853265114774,1.6753973674315654,0.42886116113672906,0.768274646454047,0.4610043277739343
584,1.9009924575912875,1.6356794820268838,0.7318501974697467,1.826101489131605,0.5367516187874906,1.1227718228996073,0.5997206185363297
592,1.9694943189663425,1.4986757695788104,0.31741393679453983,2.574484240352143,-0.11915368111299986,1.3025891695946363,0.28803716040970834
600,2.000320125403058,1.4250362808802872,0.04854410849971519,2.6549739529009884,-0.5524279535283728,1.300876621450567,0.3257131667813008
608,1.799952185894067,1.2126805144808797,0.1975356597959261,1.9939311082772941,-0.3178091164455454,1.3197147137673833,0.44045375813955584
616,1.2245365656126934,0.5704756151860025,0.18726039300730174,1.509280423917662,-0.03352634675963533,0.8196510852571903,-0.0801603572207861
624,0.8306508337316459,0.21255336084879797,-0.1329858076793175,1.4716044192017537,0.07093893439426718,0.3298628004329723,-0.5048718556181543
632,1.414629270894858,0.7965317775919002,0.16328472469323957,2.065858019949249,0.4562618828750972,0.8059506612880275,-0.378143446935661
640,1.7468632870660665,1.1664417627898147,0.27973785242180776,2.406654716868231,0.5624398212642868,0.7579994515957201,-0.4757585463672168
648,0.8905900599822357,0.6304146655660974,-0.07989689008689212,1.8380892965217377,0.07950163537818546,-0.1941763753423442,-0.8559438566706459
656,0.47272869731597617,0.5190991839254233,-0.25628919586723237,1.4801671109874253,-0.44282497348863514,-0.147937681048344,-0.6161874233544268
664,0.5018419572643068,0.6629530654022611,-0.3556168114329561,0.6821204231165757,-0.9189129469302417,0.4531661413418938,-0.20175113637223183
672,0.37511351142089283,0.4694353602295932,-0.496045670207636,0.20774505595196344,-0.8812368636612992,0.5850322047586338,-0.25826517012101163
680,0.8546265666174071,0.621851987761763,-0.014820073857719456,1.4750294400642636,-0.2304692052495785,0.874452589074431,-0.06132230445643551
688,1.7143248824468136,1.41133587089246,0.8174775112190364,3.0128961239020704,0.3946102696337363,1.302589181184429,0.3976401443127101
696,1.935243371905934,1.7846710064642106,1.2490392253722673,2.617297878646329,0.9220745540228437,1.2837511530713814,0.6630848165307854
704,1.3803783711134425,1.5397768786773152,1.3072658206945582,1.231847818477428,1.1207299637842607,1.009743800289497,0.6065707827820058
712,0.47786639601784664,0.9660737872236924,1.0418210193330857,0.7523348168147141,0.9032365249899714,0.0729808691192105,0.2469360571980816
720,-0.14207546202800167,0.22282865210476083,0.43557957752987214,1.5041426926539951,0.4682497331290619,-0.9768101961439501,-0.023646322736146475
728,-0.3972449472982433,-0.051178802961638,-0.03023305351351538,1.2575360459734573,0.005862141160713976,-1.262805463567532,-0.15722492565060375
736,-0.6130258193680019,-0.27380980689924117,-0.42925636672679296,-0.5663259299392369,-0.27842053967012426,-1.0949757932795872,-0.3079290181002157
744,-0.8185313199730793,-0.5101412581695567,-0.4343939705027474,-0.9773370716986151,-0.31267149059379673,-0.6428636769000848,-0.2890910300915285
752,-0.8425070061317423,-0.6574202464205359,-0.18607477475831544,0.00566461852133436,-0.3075338288688818,-0.5966248122545392,0.14932087443040193
760,-0.9640978629163981,-0.5717928905432722,0.1564345389236637,-0.20840372527256973,-0.2784205183301895,-1.368983339040708,0.33427588652964474
768,-1.0000612705535588,-0.42965155445102965,-0.09359728866889172,-0.5766012211952001,-0.17224265003164715,-1.971799677749078,-0.35588033099686195
776,-1.2107045042619522,-0.655707730838263,-0.6176364535902753,-0.11250112468247639,-0.1260038827035615,-2.1618923742009235,-1.2498295824808499
784,-1.9796378619098594,-1.3801148409715522,-0.795741285806821,-0.5509130488886567,-0.34520985915591795,-2.9051374933149052,-1.2806553837665464
792,-2.5756040365565194,-1.9092917222554409,-0.7546401531608019,-1.5972788747389448,-0.6003792191460262,-3.215108390971806,-0.7634663757322405
800,-2.311871881208472,-1.7928385448563349,-0.7529276561589889,-1.617829439406268,-0.8247228768235826,-2.2440945648031922,-0.42266962711910666
808,-1.5258130474548508,-0.9622534772015026,-0.5474220852792999,-1.1708548414429814,-0.8863744635739899,-1.654978641785561,-0.23942720639569795
816,-0.8630576342669762,-0.01521530499768511,-0.004544857475492651,-0.15188968324536697,-0.3811733344921813,-1.750881182035149,-0.04419688446003252
824,0.0223289822765117,0.9592236224261216,0.7010243216782439,0.8019986412464039,0.5521645193383563,-0.7130779771440279,0.38051468145247336
832,0.46245343089528257,1.4010606015283267,1.3500794512622152,-0.08338782021462747,1.2525959950071344,0.21683473348730808,0.8137889150512412
840,-0.2619538028624546,0.921547567119852,1.3928931132878783,-1.3626600308494121,1.2885594493713926,-0.4681838911171765,0.7076110198938163
848,-0.7928431905303701,-0.08200464140825493,0.7061619819314388,-0.6913418874271915,0.6377918168987308,-0.8877577322047888,0.19384712783189934
856,-0.7123533858150838,-0.6813959231969865,-0.16381167040930855,0.25569636866464435,-0.22533158675642753,-0.6188879706892421,-0.1743503629397122
864,-0.41265786017476075,-0.6043312837566974,-0.484057836510517,0.0656037364165669,-0.5198895880936557,-0.5966248240282962,-0.24627734139094645
872,0.4641659111562845,0.46601022346916393,0.2763128001012919,0.2556963846695959,0.11889021712066086,0.5524938525693934,0.4473039551309938
880,1.2536498356790966,1.466137386667422,0.8637162362351831,0.7146588102591573,0.5076383003383051,1.836903665508413,1.055258016088749
888,0.7484486460728184,0.85647084600056,0.15472197385481853,0.14095570942332114,-0.1174411798799933,1.2700508264196788,0.5791700032786429
896,-0.5839124799468122,-0.4262264577949602,-0.7769032510710354,-1.2907330788891314,-0.9754269541880685,-0.31405461573193233,-0.3387548070602607
904,-1.4573112708876392,-1.1711841760113033,-1.0320726899821087,-2.1041926792685692,-1.3162237061125712,-0.9391341161863758,-0.6178999159410806
912,-1.1901539567033679,-0.7618855993207704,-0.6947010779454381,-1.07495223423015,-0.8521236107036372,-0.5983373822904385,-0.7206527538109369
920,-0.4383461139777783,-0.13851864535471223,-0.1312732488652807,0.06389123481563001,-0.13114158269318643,-0.440783089538019,-0.4260946994918022
928,-0.2533910233255013,0.0686994561923763,0.08964519920172502,-0.6964793846874381,0.026412710795092238,-0.4442081733165418,0.12705777265690457
936,-0.3441559483933086,0.22282866001525362,-0.05592121220665207,-1.1982555824976702,-0.007838167278458624,-0.09998639261903715,0.27091164364774023
944,-0.41094531184672617,0.2091282553624112,-0.04907106323006683,-0.4344598812396935,0.2199305040869732,-0.5246978041849474,-0.01850873754065254
