-240,-0.2090444693120418,0.060627722969421954,-0.14768918774292597,-0.9540986943976965,0.43548904822396856,-0.619312335274645,0.5343728822271724
-232,-0.41238986933929495,0.12368056824157282,-0.03734668311695539,-1.0959676221677375,0.4370653668835343,-1.0244269226710283,0.6194942195515533
-224,-0.14126264554012072,0.508302970222764,0.2857991495801436,-0.3629782584567483,0.5174577363760217,-0.781673438130663,0.5249149738257374
-216,0.30641259256932696,0.7069194276484995,0.4954498928248674,0.15405505536762354,0.5237630425099206,0.08530321907434431,0.6084599670908462
-208,0.5144869751603035,0.74948010003598,0.4055995546489744,0.015338836035893194,0.5883921947577718,0.40056744949905193,0.7093445140399507
-200,0.008487887719607084,0.37589198675241103,0.16599873943137128,-0.3960810253214275,0.5789342633272696,-0.3529140708407945,0.49023587932692964
-192,-0.4076609435015833,0.07954357363856754,0.08875898693824986,-0.4433706821352763,0.552136812417709,-0.8967448623290847,0.3609775365623353
-184,0.06365912580875664,0.4058420690545045,0.23535687271896363,0.2186842675587827,0.6010027758685962,-0.22523205943561944,0.5454071069175337
-176,0.5617766091144165,0.5193371872932134,0.09348798694310498,0.3195687962200988,0.22899095381290965,0.5392837455378964,0.4271830108563801
-168,0.2291728537920471,0.014914419528070806,-0.3210844743111124,-0.21795674772294865,-0.4299112835482182,0.22717212415398025,0.029950119033976794
-160,-0.24372350302088527,-0.5147295014841572,-0.47871662948567123,-0.4953892370164914,-0.4283349625180133,-0.39547473239106723,-0.26324564744750917
-152,-0.021462212192949703,-0.08912277540804213,-0.11143377289123876,-0.09815631810106808,0.05401931234824278,-0.27567430192252984,-0.13871625117905487
-144,0.45301044905571236,0.40426575445889185,0.0887590260537979,0.39050327695359094,0.39923365657068005,0.11998229291472394,0.0409843526989013
-136,0.2260202151182648,0.07166200658710276,-0.12404434638215109,0.25021064583003727,0.03352713607694504,-0.07390518736589201,-0.11980039898592688
-128,-0.18067066536864632,-0.24675490094960983,-0.21074202048455482,0.010609845005601042,-0.27858444534476623,-0.30247180227685233,-0.18600590223563715
-120,-0.09712566177432352,0.01018545203484016,0.020977198387255244,0.1509024305790143,0.01934026119826768,-0.12434748810279635,-0.04256064327550932
-112,-0.037225427066946475,-0.05602002496850662,-0.24069211006789762,-0.1218010922372862,-0.024796721720872595,-0.36867727758688534,-0.20492176103268891
-104,-0.2988947275635245,-0.5935455546877183,-0.6789094087882683,-0.4701680851240569,-0.6080355997542504,-0.5373436599917759,-0.45082784817925264
-96,-0.21850236230432155,-0.5557138431895449,-0.5401931642261628,-0.0020006988523200357,-0.5371011357845646,-0.22838468202292087,-0.3404853752182497
-88,-0.10185460234386533,-0.15848089599578105,-0.12089171685226313,0.13198658702178656,-0.016915139768246757,-0.1338054102200727,-0.18127691459197262
-80,-0.23111295882430127,-0.12853080607377565,-0.03892300059120138,-0.21795670555943597,-0.0027282530363728326,-0.283555903686927,-0.2238376149191306
-72,-0.201162816070906,-0.12222550806778285,0.08560635182042643,-0.21165142702655163,-0.07839166671949468,-0.14326333030537294,-0.21753232707302053
-64,-0.279978901108766,-0.3429104792201642,-0.04838093388434895,-0.32987551580645624,-0.07051007189768385,-0.017157658218191284,-0.16078476609102077
-56,-0.7449936399014887,-0.6833958464668141,-0.22965786776707295,-0.6104606828893293,-0.4046901375823817,-0.29301384951059645,-0.394080293462514
-48,-0.5432245272074963,-0.4374897706654521,-0.09882321582547017,-0.4622864947048621,-0.4567087474962945,-0.0802105099249344,-0.18915853972409993
-40,0.8029537834617851,0.7242589379836631,0.7965271935075314,0.8949260557252728,0.33933343896577195,1.1918806852316939,0.6384100966363938
-32,0.8045300814629226,0.6801219791095784,0.7366270419418605,1.0730502923455583,0.4402179825282492,1.062622372269422,0.38462236640857644
-24,0.31744685823788177,0.2907706069258543,0.276341227970861,0.36843474121386577,-0.029525711227182325,0.43209389668817727,-0.02364480429022875
-16,-0.18382328524664568,-0.1679388269182894,0.0020613644819159516,0.035831007735243586,-0.36528210945661904,0.2823433365047604,-0.3199931986082891
-8,-0.19012860543504895,-0.22941533930703908,0.24639111671310215,0.21710793027276545,-0.1036128020174541,0.47623088333260755,-0.17024269616687204
0,0.07626971199952227,0.05432245442708883,0.6625399160999933,0.22656584121417128,0.26367005000503096,0.46519663019457486,0.3278748182957616
8,0.16139102290820817,0.142596436182519,0.9242092270951169,0.040559957110016934,0.48908394953509515,0.28076704764751703,0.835450208309543
16,-0.013580623297737243,-0.04498577945038576,0.676726824675615,-0.3078070090223963,0.2605173835609031,0.06954003501865823,0.523338652626201
24,-0.07190450971255763,-0.11907287074865155,0.1549645257475493,-0.25263579430097666,-0.15090242479569635,0.22244320034824475,-0.0945792643652929
32,0.6689664664307041,0.585542673948449,0.29052811554939173,0.6789700341169961,0.011458646564685785,0.9254824062353456,0.1544794726309244
40,2.2263717987034077,1.9979264580651188,1.4097161689134952,2.36090476096484,0.8847405863665309,1.8224091855353195,1.2500227135899182
48,3.309304412832106,3.339375805982448,2.513140986406511,4.131113432992536,1.7012749389400115,2.7098779841293608,2.1816285348959727
56,3.5031919183430986,3.8579854747032996,3.0270216969473576,4.553567490931209,2.027573421317432,3.029871181877967,2.6497959111771583
64,2.477006841828669,3.333070526433576,3.1657379394774865,2.807003644855133,2.2372241716740735,2.0998416941326394,2.6876276394391385
72,0.19764641117486922,1.473011539597716,2.6487046319183767,0.22971849546644024,2.0543709160838186,-0.20001088485278035,2.2620208984618624
80,-2.855687690351705,-1.3186533213755884,1.280457828858203,-2.530419890039398,0.8201113882298761,-3.0578812287560297,1.019879817610958
88,-5.964193086693439,-4.316816205640773,-0.6962489382578778,-5.642077950793287,-1.1203399633571922,-5.38137865079554,-0.7881605991038619
96,-8.096955585677724,-6.258843885539298,-2.1732618973128033,-7.8662671032264,-2.4870104423391974,-6.899375988470092,-2.2446813746062406
104,-8.249858829069074,-6.597752972395273,-2.504289359544645,-7.612479384513119,-2.5815897290432064,-7.16892688006319,-2.678169696858818
112,-7.351355693517967,-6.023972051361432,-1.8501160376920147,-6.38137256120286,-1.8454477310610513,-6.683419943663417,-2.262020892391985
120,-6.604179473724082,-5.458072763926292,-1.033581660565484,-6.144924375345813,-1.2590562509294676,-6.336629250640428,-1.7355296144561543
128,-5.710405370012132,-4.458685080410093,-0.13350228255393204,-5.930544709311342,-0.8823154564699404,-6.0607730810224405,-0.8717055967715864
136,-4.0331996311466165,-2.7940899089395574,1.0014489899174526,-4.480329197948683,-0.040559969106493676,-5.170151619709561,0.3105352867941755
144,-2.5971710136277477,-1.149986927456164,2.0497025522188497,-2.661254535207746,0.9556750359430498,-3.719936075157949,1.2862780959299813
152,-1.9098949821444449,-0.3019261229522785,2.5273278631478338,-1.94875738654494,1.4301477076902571,-2.372181492225899,1.8190746473187538
160,-1.8247736690344516,0.038559248188992416,2.601414982385777,-1.8825519132668844,1.4206897835410033,-1.6644133029284178,1.9877410185477735
168,-1.949303030251311,0.030677632031428412,2.251471677782027,-1.5546770827662386,1.1054255563335926,-1.9828301681322857,1.7575981130862564
176,-2.4694890223730073,-0.3366052050898961,1.6603512288025628,-1.8053121521378628,0.5568657609458257,-2.7757197201538544,1.1239170162723613
184,-2.9061299959992195,-0.5714770777059811,1.4191740696950184,-2.5146567058143807,0.37874148520999246,-3.2722608743014034,1.0214561369478492
192,-2.527812898797276,0.027524986923053527,2.0008366204329304,-1.851025471327032,1.0013883488669577,-3.2943294213863314,1.4596734112845018
200,-1.2557217002540206,1.2381396793428217,2.9229844881260716,-0.26367000544482794,1.776938390214699,-2.2050914266179285,2.249410324124293
208,-0.2768262981639041,2.3242249760021294,3.6008025732777127,0.335332027519239,2.4137721712525173,-0.7706392058203899,2.8815151369915557
216,0.16769630465838878,2.880666366381038,3.856166687527006,0.6836989811211303,2.8535657371557144,-0.07548150754944025,2.745951520266024
224,1.3231397207201143,3.897393501643741,3.9964592175597287,1.9416032915778623,3.071098079455534,0.6969158644755401,2.749104130492135
232,3.1059590341406063,5.440611918398236,4.275468078682889,3.440684716777314,3.231882830293706,2.11875757003216,3.199931997623477
240,4.321302643762187,6.58186849327823,4.718414329487334,4.644994122028297,3.462025735247228,3.088195062196858,3.374903635362854
248,4.895083588502417,7.114665015203342,4.883928045278766,5.0453797266916265,3.7095081347880976,3.5074965259959017,3.458448659276942
256,5.245026878712999,7.481947893302859,5.019491666914907,5.018582235142535,4.141420151758288,3.7628605838578477,3.62869137151727
264,5.806197206274823,7.883909777171542,5.40884298474326,5.724774188583495,4.6742167009457525,4.010342994743918,3.729575902718558
272,6.115156148514759,7.969031082661624,5.462437907898134,6.408897539060172,4.857069959583973,4.06551423317173,3.797357738851669
280,5.620191287796399,7.537119108532274,5.3647060009774625,5.560836734556286,4.723082684716405,3.6068047563174175,3.8588342636016093
288,5.238721560895237,7.042154261360424,5.5995778715615705,4.7490313496453656,4.923275410679618,3.1591295630807847,4.109469328401286
296,5.279705928169661,6.95703292115741,5.828144441769047,5.245572500236957,5.342576858222849,3.072431912854104,4.178827465244837
304,4.959712669800421,6.744229566331924,5.57908568631571,5.299167411707966,5.128197217249423,2.925834026226734,3.8146972779731665
312,4.275589338288859,6.156261757888888,5.238600358353941,4.400664355403944,4.503974017830422,2.4986509438994875,3.7752892180131044
320,3.955596138677606,5.7070102319381855,5.039983839291583,3.681861905009856,4.433039564359281,1.9453622358818565,3.5908596412233127
328,4.0785491949507415,5.301895672650811,4.595461268472921,3.8536809276125124,4.537076778429839,1.7420167635501047,3.015502419817697
336,3.8499826189859974,4.718656844400859,4.061088405875161,4.083823767034793,3.8844797872593038,1.5969952531549687,2.5031980455468794
344,3.1690118687448803,4.010888594313414,3.6197184437586274,3.3634449813866634,2.9875530186272057,1.3290206243420817,2.2604445848822383
352,2.677199646022978,3.4008523049940185,3.345438542508786,2.3656337157582175,2.6517966408868654,0.9885352606513909,2.150102093464115
360,2.7812368379111265,3.476515754406061,3.5929209886157825,2.5878949849117365,3.1451851746484207,0.8986849554951163,2.405466164025914
368,2.713455028024378,3.6640979935760254,4.062664724873391,3.054486053031902,3.6637948260974738,0.7126790563204695,3.0249603488775607
376,1.975736726961144,3.0997750095606267,3.993306596665741,2.0424878999942564,3.498281116909966,0.13101653809418212,3.1447607683395593
384,1.1844234698927478,2.319496024595378,3.769468945184057,0.5055746683017251,3.003316261440878,-0.3702535867638939,2.8736335328565192
392,0.883346140931744,2.1855086808099418,3.7868084880308457,0.2517869998798607,3.1231166704043316,-0.622464999009471,2.8231912461741193
400,0.4183313906244885,1.9600947462282825,3.6701607275623953,0.5213378801277572,3.1026245034462603,-1.01812159570937,2.8247675411272923
408,-0.16333114859889022,1.228681731995169,3.252435591228148,0.2533633161687872,2.5635226252651604,-1.61554731848044,2.528419186771437
416,-0.26736830577410603,0.7904644325974726,2.8709658998865755,-0.09027471769132205,2.156831793545686,-1.7195845054579784,2.258868244378924
424,-0.22953661205572692,0.9906572415330608,2.833134195838983,-0.04298505461221185,2.2640216173343615,-1.5745629618738919,2.118575711636901
432,-0.23741825124235855,1.1892737199558867,2.8630842984608416,0.25178699937186677,2.5225382860997434,-1.4736784252540012,2.0618281147566497
440,-0.19485756242973415,1.100999681474446,2.730673312111855,0.1981920667344353,2.7684443883167997,-1.5997841046224317,2.0287254052953076
448,-0.3414554321239669,0.8456356965943237,2.525751581910502,-0.355096668714879,2.5682515886944377,-1.6234289549577696,1.8269562726202127
456,-0.28943680713956177,0.874009471412722,2.554125329635881,-0.5663236992928642,2.3649061759673313,-1.084327106409661,2.1690179808781687
464,0.1267119495758226,1.641677893216272,3.183077525503776,0.2785844450321543,2.825191957257374,-0.6729072601228331,3.0139260987874934
472,0.7304429686595721,2.363633016658414,3.826216520389892,1.0714740456518284,3.581826108481761,-0.5909385756960701,3.6066228726917853
480,0.9984176042457142,2.4787044413648296,3.8924220473459954,0.8476363973874418,3.54241808425062,-0.18740033794689429,3.646030939763766
488,1.0866915746559422,2.3951594050895513,3.654397558746531,0.877586505089242,3.2775960886929094,0.46046765592808897,3.469482948482558
496,1.5075693329001632,2.628454963279355,3.7899611681908145,1.7351051925948549,3.7914768244641333,0.6685420507109247,3.3764799745115166
504,2.0845028895598188,3.1580988732850432,4.2707391174549185,2.3356836016218256,4.366834069068146,0.8955323056454634,3.620809766704909
512,2.4439041049356436,3.344104758743848,4.264433838752702,2.595776590062762,4.100435795151739,1.4519736828165248,3.707507426922139
520,2.3572064435330926,3.1644041474153117,3.8782351243772055,2.562673868240229,3.622810496414614,1.7278298937513694,3.493127752082437
528,2.3619354286367864,2.9500244605530823,3.7032634920564336,2.3025808474569995,3.6243868325153117,1.7167956043764214,3.27401910805619
536,2.6630127079836976,2.994161461590679,3.630752709765844,2.5579449022709806,3.711084480710014,1.833443416321611,3.135302848084928
544,2.707149741194257,2.8160371773882766,3.2540119606871283,2.77390092912853,3.436804609093163,2.2117605621216594,2.9161941759496717
552,2.207455936350397,2.235950946156587,2.759047106572694,2.296275535227171,2.8409551443610255,2.0257546656563146,2.61669316158428
560,2.1396741171504234,1.9317210074774664,2.566735909900048,2.586318634925867,2.6864756774743426,1.7483220937290598,2.4165004161479584
568,2.50695694478919,2.3289539082744333,3.0002242614469528,3.1049283124519507,3.2492223719551734,2.0683152779311564,2.720730360415015
576,2.593654586041307,2.721457953844872,3.4147967072920142,2.766019301964427,3.6354210484004414,2.522295807442674,3.1715582153544974
584,2.686657536644619,2.73564478334274,3.291843666936029,2.882667048886367,3.41000709519233,2.679927869146312,3.225153131736117
592,3.0066507760487444,2.729339475684859,3.0664297330316956,3.2956632500696745,3.135727249313848,2.6956911202572233,2.9745180649044625
600,2.727641921021513,2.4077700036415073,2.7858445352998435,2.6808979353457176,2.790512872410455,2.4671245554683505,2.6166931680188728
608,2.2594745135833545,2.168169182327974,2.4910724838557354,2.285241280226493,2.3491429544894107,2.2480159068701564,2.2982762960417493
616,2.341443237972322,2.1744744693274267,2.2309794962614564,2.7344928397048087,2.1442212159908207,2.2953055504761584,2.1043887747829397
624,2.0214500304024954,1.8576338885781858,1.6981829665470998,2.0078087916102754,1.751717226130406,2.0304835398479564,1.8458720838351477
632,1.3593951506422945,1.1861210370866153,1.3529685967556249,1.0998477955785146,1.4364529975683438,1.5654688078284886,1.5778975153042303
640,1.4807718869012136,1.4020770439630619,1.590993097208284,1.8659398514790448,1.8447201741937462,1.373157605059914,1.530607871359566
648,1.7140673997102085,1.4950800184420983,1.4065635464955248,2.3325308911515394,1.8179227170189252,1.1382857664794355,1.0340667031575126
656,0.914872536305468,0.558745221345575,0.5789949123363395,0.9343340581126666,0.6829714689312593,0.7646976403266819,0.3846223486287819
664,0.4293656483344682,-0.09858071073316604,0.3819547491864517,0.17139457535467562,0.18958293178307636,0.701644801489123,0.4114198445804886
672,0.8470907362399398,0.5256424781872888,1.2158286681437824,1.1723585096285578,0.9714382474304185,1.0169090667960943,1.1254933401811995
680,1.1844234294225489,1.1214919298809098,1.6918776660011368,1.8202265739453944,1.5972377704195937,1.1792701149580778,1.3430256619919219
688,0.9653148292531288,0.9449439345357508,1.3198658607092562,1.4576726607991375,1.3797054111866371,1.0310959523426484,0.9978113045616372
696,0.7367483103530595,0.538253055742154,0.7397796431934084,1.240140408752942,0.6120369717726236,0.834055779032878,0.513880708834508
704,0.4372472592427595,0.033830256650706575,0.04619835722227623,0.7971941433859975,-0.07523901212856277,0.45573872043848845,-0.3089589276904618
712,-0.14126263080829096,-0.5620191411955374,-0.4897508988795163,0.06578108766669778,-0.30222926316847964,-0.03449714687893835,-0.9473690407650245
720,-0.3146579756264708,-0.7953146658577286,-0.5559563494671683,0.01849143525546462,-0.38892695979195674,-0.04868409321545722,-1.0277614038229193
728,-0.19328124072220343,-0.5509848899201495,-0.38256101396221376,0.4236059925108627,-0.5528643262748432,-0.15114493054578781,-0.627375816600723
736,-0.34618438590135603,-0.3712842821475718,-0.22650524992105,0.1666656383410931,-0.6474436114548702,-0.4805960607408849,-0.36728284018231444
744,-0.8443018580311452,-0.7275328491977252,-0.24542108399572068,-0.4339127110812317,-0.7010385252965182,-0.8415736139107209,-0.4681673822208092
752,-0.785977996000043,-0.8757070587179459,-0.21547097510860097,-0.2904675088471153,-0.32114512518282734,-0.497935626786072,-0.5548650727483568
760,-0.45810321291218253,-0.648716783802305,-0.13192594950119915,0.46143767827066706,-0.13986818063222647,-0.028191882400558584,-0.7156498295131263
768,-0.6819407912427101,-0.795314681944209,-0.5181246638766954,0.1319865744912645,-0.5418300614529451,-0.17321344444176548,-1.141256542889389
776,-1.0255788344160455,-1.3533323642283266,-0.9594945770564615,-0.5174577664909558,-0.9043839547874313,-0.45537495643056797,-1.5700159054379794
784,-0.7954359198106334,-1.2823979222717194,-0.9279681613629727,-0.09657997912173694,-0.828720538564339,-0.2756743952241186,-1.5605579641862557
792,-0.5053928294251642,-1.011270705923125,-0.5622616506904573,0.08942589990247606,-0.6174935332167295,-0.1590265140223961,-1.2941597070336555
800,-0.9388811530323924,-1.2902794981284158,-0.7325043299111659,-0.5442551974194135,-0.745175536155336,-0.6461097822895833,-1.547947400347232
808,-1.3408430186132871,-1.5535251487801958,-1.0288527088200714,-0.6687846185795805,-1.1944270490675226,-1.054376987362658,-1.7323769867889114
816,-0.9782891244321437,-1.1358000281937677,-0.9263918196743394,-0.014611315353402347,-1.0730503161952314,-0.6618730491483128,-1.3603651708291549
824,-0.19958654092950434,-0.40911598128455506,-0.303744958726676,0.7372939257810894,-0.30065295602344766,0.023826713120186905,-0.887468806226979
832,-0.06875186934546189,-0.2514838359312161,-0.031041403568082663,0.6301040234226548,-0.16193668352166465,0.32175139951278703,-0.7976185014093673
840,-0.3083526618726601,-0.6629037184549583,-0.41408746910991356,-0.017763939972680255,-0.7388702584691088,0.14677974958155146,-1.2957360285718544
848,-0.4533742625214211,-0.7890093615864745,-0.7261990357997952,-0.008306038005837553,-0.9910816392190491,-0.27567429396395526,-1.4959287909413135
856,-0.30992900423861874,-0.5888165914277722,-0.44561390546183066,0.3195688007920459,-0.6237987895672035,-0.28197959383259297,-1.1570197670766111
864,-0.19801021481935796,-0.4768978201269688,-0.28010015749743755,0.403113799814421,-0.451979790840272,-0.10700796963972646,-0.9820481185000264
872,-0.09239669411176153,-0.6203430088145748,-0.4550717976074536,0.7120727544155464,-0.8318731829953883,0.02067403617751361,-1.1128827731509316
880,-0.12392310337065802,-0.8599438531571747,-0.6915199370677029,0.8996549727577533,-1.2038849662741893,-0.0029707579398071016,-1.3619414957539813
888,-0.5526824767564562,-1.1499869345680813,-0.97841041824305,-0.1848539991460583,-1.5443703519779584,-0.14011070213013563,-1.5621342775965494
896,-0.8017412086727319,-1.1625975239761432,-1.0288527125453617,-1.0234568717114472,-1.5695915206341995,-0.2914375320363501,-1.6945452827413183
904,-0.2468761391546969,-0.7432960447679445,-0.6442303307146044,0.01060982841112601,-1.028913344790625,-0.18740035081607875,-1.5589816592425316
912,0.5885740598546453,-0.20419423347273913,-0.2170473029120611,1.4482147720401424,-0.28961871050532684,0.2098326221160537,-1.4013495347169527
920,0.5050290335699184,-0.39492907660355525,-0.267489577571933,1.216495547919059,-0.2596686002635561,0.3580068167351133,-1.256328004848707
928,0.02582739822410197,-0.7543303161937662,-0.32896611163509887,0.4220296980656839,-0.6222224731089454,-0.037649811121758844,-1.2011567648969121
936,0.2701572097212703,-0.21207585030762885,0.3583099311934068,0.7010385434410266,-0.21710792296546533,-0.14956859139712536,-0.7440236036541996
944,0.7209850656767398,0.442097460199799,1.1874548662323638,1.3725513720728624,0.665631910505985,0.11682969945241943,-0.06935812720468836
